0.0787366 0.614435 0.110009 
0.0787362 0.614436 0.110009 
0.0787362 0.614436 0.110009 
0.0787869 0.614996 0.110156 
0.0782575 0.616214 0.110394 
0.0779754 0.616534 0.110459 
0.0780701 0.617402 0.110681 
0.0774099 0.618329 0.110808 
0.0770211 0.61888 0.110915 
0.0769904 0.619813 0.111159 
0.0762995 0.620585 0.111221 
0.0758877 0.621313 0.111333 
0.0758355 0.622137 0.111598 
0.075121 0.622896 0.111633 
0.0747404 0.623678 0.111773 
0.0746162 0.624463 0.112005 
0.0738974 0.625295 0.112087 
0.073583 0.625937 0.112162 
0.0732179 0.626854 0.112339 
0.0726884 0.627554 0.112431 
0.0723031 0.62835 0.112629 
0.0719329 0.629165 0.112721 
0.0714391 0.62989 0.112833 
0.0709928 0.630742 0.113041 
0.0706655 0.631399 0.11304 
0.0700694 0.632235 0.113141 
0.0697488 0.632943 0.113355 
0.0694079 0.633685 0.113436 
0.0688378 0.634545 0.113574 
0.0684881 0.63514 0.113657 
0.068084 0.636053 0.113853 
0.0676103 0.636721 0.113905 
0.0671723 0.637425 0.114004 
0.0667413 0.638276 0.114185 
0.0663538 0.638884 0.114221 
0.0658717 0.639697 0.114357 
0.0654802 0.640372 0.114451 
0.0650709 0.641075 0.11453 
0.0645927 0.64184 0.114674 
0.0642444 0.642418 0.114735 
0.0638122 0.643282 0.11487 
0.0633606 0.64392 0.114973 
0.0629627 0.644542 0.115019 
0.062506 0.64545 0.115149 
0.0620579 0.646023 0.115206 
0.061566 0.646816 0.115395 
0.0612419 0.647544 0.115466 
0.0607534 0.648186 0.11554 
0.0602598 0.649004 0.115737 
0.0599134 0.64961 0.115758 
0.0593875 0.650307 0.115844 
0.0589573 0.651054 0.115902 
0.0586325 0.651563 0.115988 
0.0581062 0.652374 0.116139 
0.0577826 0.653006 0.116154 
0.0573388 0.653554 0.116233 
0.0568452 0.654422 0.116449 
0.0565139 0.655005 0.116441 
0.0559335 0.655619 0.11648 
0.0556 0.656341 0.116612 
0.0552294 0.65693 0.116731 
0.0546346 0.657635 0.116783 
0.0543422 0.658277 0.116901 
0.0539354 0.658839 0.116952 
0.0534348 0.659593 0.11707 
0.0530516 0.660171 0.117121 
0.0526268 0.660788 0.117168 
0.0521436 0.661545 0.117286 
0.0517629 0.662042 0.117329 
0.0513499 0.662709 0.117389 
0.0508648 0.663399 0.117488 
0.0505362 0.663869 0.117497 
0.0501009 0.664585 0.117606 
0.0496468 0.665254 0.117673 
0.0492383 0.665689 0.117662 
0.0488246 0.666483 0.117819 
0.0484184 0.666804 0.117804 
0.0483186 0.667239 0.117883 
0.0478222 0.668087 0.117927 
0.0471216 0.668443 0.117888 
0.0470863 0.669125 0.118127 
0.046677 0.66969 0.11807 
0.0458935 0.670241 0.118099 
0.0457683 0.670953 0.118303 
0.045364 0.671384 0.118223 
0.0447465 0.671972 0.118283 
0.0446069 0.672576 0.118442 
0.0441996 0.672914 0.118237 
0.043698 0.673576 0.118455 
0.0434019 0.674196 0.118594 
0.0429719 0.674552 0.118423 
0.0425918 0.675203 0.118613 
0.0422402 0.675789 0.118707 
0.041817 0.676172 0.11858 
0.0414841 0.676756 0.118707 
0.0410899 0.677305 0.11865 
0.0406927 0.67778 0.118776 
0.0403499 0.678311 0.118832 
0.0399554 0.678823 0.1188 
0.0396117 0.679334 0.118887 
0.0391435 0.679842 0.118922 
0.038857 0.680367 0.118915 
0.0384487 0.680922 0.119018 
0.0380196 0.681369 0.118963 
0.0377254 0.681951 0.119071 
0.0372511 0.682441 0.119091 
0.0368913 0.682887 0.11906 
0.0365724 0.683485 0.119153 
0.0360849 0.683724 0.119134 
0.0360608 0.684099 0.119172 
0.0356197 0.68484 0.11922 
0.034932 0.685076 0.119141 
0.0348767 0.685686 0.119234 
0.0344946 0.686206 0.119263 
0.0338353 0.686532 0.119163 
0.0336779 0.687251 0.11933 
0.0332979 0.687578 0.119196 
0.0327072 0.688062 0.119268 
0.0324725 0.68873 0.119394 
0.0320416 0.68904 0.119249 
0.0316092 0.689596 0.119334 
0.0312484 0.690098 0.119404 
0.0309223 0.690523 0.119319 
0.0304973 0.690996 0.119376 
0.0301192 0.69142 0.119278 
0.029888 0.691745 0.119325 
0.0296857 0.692128 0.119396 
0.0292016 0.692861 0.11942 
0.0286371 0.693002 0.119348 
0.0285424 0.693655 0.119471 
0.0282643 0.694037 0.119453 
0.0278944 0.69434 0.119453 
0.0275873 0.69495 0.11946 
0.0270397 0.695317 0.119356 
0.0267474 0.695679 0.119459 
0.0265373 0.696209 0.119483 
0.0258959 0.696661 0.119406 
0.0256104 0.697049 0.119472 
0.0254463 0.697535 0.1195 
0.0247902 0.697926 0.11941 
0.0245123 0.698415 0.119488 
0.0242352 0.698867 0.119482 
0.0236761 0.699259 0.119414 
0.0234543 0.699673 0.119489 
0.0231163 0.700178 0.11949 
0.0226349 0.700452 0.119382 
0.0223767 0.700939 0.119478 
0.0220625 0.701381 0.119449 
0.0215466 0.701746 0.119411 
0.0212994 0.702189 0.119483 
0.0209379 0.702567 0.119408 
0.0205496 0.702961 0.119405 
0.0202249 0.703442 0.119479 
0.0198084 0.703734 0.119357 
0.0195397 0.704146 0.119342 
0.0190356 0.704673 0.119379 
0.0187476 0.704942 0.119354 
0.0184679 0.705434 0.119387 
0.0179754 0.705794 0.119348 
0.0176804 0.706226 0.119359 
0.0173917 0.70662 0.119381 
0.0169368 0.706975 0.119325 
0.0166473 0.707318 0.11931 
0.0163019 0.707791 0.11926 
0.0158703 0.708015 0.119162 
0.0156292 0.708489 0.119322 
0.0153104 0.708756 0.119188 
0.0149084 0.708939 0.119103 
0.0148459 0.709258 0.119145 
0.0145264 0.709799 0.119122 
0.0138276 0.710001 0.119043 
0.0138296 0.7104 0.119052 
0.0134413 0.710808 0.118975 
0.0128059 0.711061 0.118807 
0.0128072 0.711427 0.11895 
0.0123288 0.71186 0.118875 
0.0119011 0.71213 0.118795 
0.0116921 0.712469 0.118821 
0.0113432 0.712843 0.118765 
0.0109261 0.713177 0.118724 
0.0106927 0.71352 0.118711 
0.0103866 0.713729 0.11866 
0.0102235 0.714016 0.118676 
0.00983683 0.714575 0.118622 
0.00929362 0.714714 0.118564 
0.00927773 0.714795 0.118537 
0.00910719 0.715156 0.118538 
0.0085624 0.715622 0.11841 
0.00805169 0.715795 0.118376 
0.00804721 0.716253 0.11839 
0.00753456 0.716583 0.118284 
0.0070261 0.71681 0.11824 
0.00692923 0.717346 0.118264 
0.00644385 0.717556 0.118105 
0.0060127 0.717912 0.118104 
0.00583136 0.718268 0.118085 
0.00532607 0.718564 0.117941 
0.0050237 0.718967 0.117925 
0.00467875 0.71922 0.117817 
0.00430808 0.719594 0.11784 
0.00391363 0.720011 0.117813 
0.00360847 0.720219 0.117689 
0.00321679 0.72062 0.117694 
0.00286449 0.720988 0.117691 
0.00248171 0.7212 0.117545 
0.00218429 0.721609 0.11755 
0.0018391 0.721835 0.117451 
0.00146462 0.72212 0.117269 
0.00112687 0.722561 0.117431 
0.000839637 0.722744 0.117274 
0.000450532 0.723116 0.117188 
0.00012502 0.72344 0.117207 
-0.000260804 0.723703 0.117087 
-0.000545603 0.72409 0.117062 
-0.000980485 0.72433 0.116979 
-0.00132393 0.724644 0.116883 
-0.00163277 0.725036 0.116785 
-0.00210086 0.725212 0.116739 
-0.00235669 0.725584 0.11673 
-0.00274202 0.725926 0.11661 
-0.00316459 0.726159 0.116549 
-0.00335786 0.726521 0.116489 
-0.00379905 0.726798 0.116395 
-0.00416557 0.727146 0.116346 
-0.00434483 0.727491 0.116254 
-0.0044718 0.727738 0.1161 
-0.00441334 0.727999 0.115921 
-0.00438631 0.728349 0.115904 
-0.00412422 0.728537 0.115725 
-0.00378281 0.72853 0.115492 
-0.00353806 0.728601 0.115319 
-0.00327804 0.728547 0.115022 
-0.0030844 0.72829 0.114709 
-0.00298301 0.728229 0.114496 
-0.00293183 0.728047 0.114193 
-0.00261547 0.727726 0.113858 
-0.00181776 0.727471 0.113555 
-0.00116561 0.727009 0.113194 
-0.000682191 0.726448 0.112791 
0.000133395 0.725891 0.112379 
0.000956893 0.725203 0.111887 
0.0016772 0.724632 0.111495 
0.00231363 0.723891 0.111088 
0.0030241 0.723162 0.110634 
0.0039347 0.722598 0.110283 
0.0048097 0.721777 0.109865 
0.00563086 0.72109 0.109488 
0.0065594 0.720436 0.109181 
0.00746677 0.71952 0.108709 
0.00832768 0.718816 0.108363 
0.00927994 0.718099 0.108027 
0.0101898 0.71723 0.107534 
0.0109927 0.716566 0.107231 
0.0118375 0.715744 0.106857 
0.0126838 0.714985 0.10642 
0.0135697 0.714286 0.106114 
0.0143091 0.713515 0.105706 
0.0150621 0.712753 0.105302 
0.0158641 0.712045 0.105014 
0.0166346 0.711313 0.104614 
0.0173728 0.710599 0.104265 
0.0180265 0.709957 0.103973 
0.0186433 0.709288 0.103599 
0.0193371 0.70863 0.10332 
0.0200189 0.708031 0.103049 
0.0205629 0.707413 0.102705 
0.021062 0.706816 0.102442 
0.0215791 0.706199 0.102138 
0.0220775 0.70579 0.101924 
0.0219217 0.70525 0.101782 
0.0212998 0.704725 0.10154 
0.0212735 0.704699 0.101471 
0.021112 0.704644 0.101328 
0.0205497 0.704911 0.101384 
0.0198791 0.705437 0.101446 
0.0195303 0.705675 0.101339 
0.0192051 0.706064 0.101413 
0.0186969 0.706488 0.101384 
0.0183282 0.706725 0.101306 
0.0179878 0.707282 0.101405 
0.0174967 0.707524 0.101289 
0.017147 0.707883 0.101252 
0.0168469 0.708296 0.101281 
0.0162855 0.708607 0.101138 
0.0160037 0.70902 0.101241 
0.0155928 0.709376 0.101188 
0.0151485 0.709647 0.101093 
0.0148091 0.710162 0.10118 
0.0144192 0.710416 0.10106 
0.0140124 0.710738 0.101013 
0.0136538 0.711147 0.101054 
0.0132111 0.711454 0.100942 
0.0128422 0.7118 0.100953 
0.0124769 0.712147 0.100928 
0.0120881 0.712418 0.100805 
0.0117356 0.712797 0.100862 
0.0113707 0.713076 0.100787 
0.0111004 0.713142 0.10066 
0.0108834 0.713489 0.100694 
0.010506 0.713903 0.100627 
0.0098507 0.71406 0.10045 
0.00973245 0.714505 0.100586 
0.00936007 0.714787 0.100486 
0.0087683 0.715081 0.100397 
0.00858773 0.715341 0.10042 
0.00824568 0.715814 0.100365 
0.0076579 0.71599 0.100283 
0.00746804 0.7163 0.100309 
0.00714366 0.716663 0.10023 
0.00654763 0.716945 0.100173 
0.00635304 0.71725 0.100168 
0.00601174 0.717553 0.099984 
0.00553222 0.717829 0.100064 
0.00528158 0.718147 0.100064 
0.00489163 0.718518 0.0999716 
0.00446153 0.718679 0.0999426 
0.00417452 0.7191 0.0999373 
0.00374288 0.719347 0.0998349 
0.00336997 0.719652 0.0998534 
0.00302989 0.719986 0.0997996 
0.00267409 0.720199 0.0996833 
0.00232684 0.720545 0.0996682 
0.00190079 0.720734 0.0994723 
0.00152584 0.721148 0.0996084 
0.00119638 0.721422 0.0995698 
0.000842133 0.721627 0.0994342 
0.000439643 0.722008 0.0994876 
0.000125064 0.72226 0.0994282 
-0.000328945 0.722518 0.099326 
-0.000642769 0.722902 0.0993849 
-0.000984139 0.723087 0.0992609 
-0.00141911 0.72337 0.0991902 
-0.00166029 0.723751 0.0992264 
-0.00211423 0.723948 0.0990427 
-0.00248271 0.724288 0.0991016 
-0.00283769 0.724572 0.0990618 
-0.00318379 0.724772 0.0989121 
-0.00358866 0.725158 0.0989513 
-0.0039411 0.7254 0.0988649 
-0.00428825 0.725591 0.0987569 
-0.00467155 0.726002 0.0988094 
-0.00498642 0.726133 0.0986806 
-0.00541395 0.726517 0.0986609 
-0.00571514 0.726806 0.0986314 
-0.00609425 0.726906 0.0984831 
-0.00641654 0.727371 0.0985679 
-0.00673911 0.727453 0.0984295 
-0.00717368 0.727787 0.098362 
-0.00748536 0.728175 0.0983997 
-0.007857 0.72822 0.0981983 
-0.00827665 0.72869 0.0982452 
-0.00859063 0.728862 0.0982259 
-0.00895152 0.729102 0.098106 
-0.0093953 0.729488 0.0981381 
-0.00966266 0.729603 0.0980338 
-0.010004 0.729932 0.0979878 
-0.0104342 0.730228 0.0980055 
-0.0107294 0.730421 0.0978892 
-0.0111475 0.730808 0.0978705 
-0.0115175 0.731036 0.0978217 
-0.0118935 0.731205 0.0976066 
-0.0122784 0.731667 0.0977823 
-0.0126235 0.731776 0.097668 
-0.0129933 0.732152 0.0975851 
-0.0134029 0.732454 0.0976439 
-0.0137654 0.732573 0.0974837 
-0.0140856 0.732992 0.0975076 
-0.0144698 0.73312 0.0974335 
-0.0148365 0.733461 0.097355 
-0.0152013 0.733751 0.0973161 
-0.0155802 0.733837 0.0971003 
-0.0159243 0.734259 0.0972284 
-0.0162419 0.734403 0.097149 
-0.0165889 0.734569 0.09703 
-0.01699 0.735028 0.0971146 
-0.0173631 0.735112 0.0969833 
-0.0176497 0.735396 0.0969191 
-0.0181059 0.735776 0.0969298 
-0.0183993 0.735766 0.0967528 
-0.018727 0.736196 0.0967712 
-0.0191841 0.736453 0.0967019 
-0.0194724 0.736489 0.0965172 
-0.0198276 0.737006 0.0966469 
-0.0202504 0.737074 0.096483 
-0.0205017 0.737285 0.0963918 
-0.0209193 0.737713 0.0964467 
-0.021312 0.737746 0.0962539 
-0.0214982 0.73809 0.0962708 
-0.0220365 0.738365 0.0962257 
-0.0222852 0.738443 0.096111 
-0.0225337 0.738861 0.0961309 
-0.0230749 0.738983 0.096009 
-0.0232533 0.739209 0.0959595 
-0.0237058 0.739552 0.095955 
-0.0240903 0.739616 0.0958171 
-0.0242576 0.739902 0.0957901 
-0.0247557 0.740163 0.095722 
-0.0250693 0.740352 0.09559 
-0.025279 0.74057 0.0955809 
-0.0256876 0.74079 0.095547 
-0.0259556 0.740974 0.0954576 
-0.026234 0.741109 0.0953889 
-0.0265969 0.741411 0.0953461 
-0.0269376 0.741628 0.0952811 
-0.0272684 0.741746 0.0952155 
-0.027537 0.742028 0.0951884 
-0.0279353 0.742182 0.0950907 
-0.0282054 0.742325 0.0950061 
-0.0285053 0.742629 0.0949129 
-0.0289314 0.742756 0.0947542 
-0.029144 0.742981 0.0948802 
-0.0294917 0.74329 0.0948178 
-0.0298676 0.743356 0.0946856 
-0.0300556 0.743572 0.0947162 
-0.0304682 0.743892 0.0946374 
-0.0307891 0.74398 0.0945441 
-0.0310214 0.74421 0.0945569 
-0.0313952 0.744472 0.094457 
-0.0317384 0.744514 0.0943471 
-0.0319974 0.744778 0.0943289 
-0.0323158 0.744965 0.094104 
-0.0326989 0.745159 0.0941709 
-0.0329597 0.745382 0.0941715 
-0.0332341 0.745549 0.094018 
-0.0336119 0.745764 0.0940378 
-0.0339228 0.745914 0.0939611 
-0.0341693 0.746143 0.0938517 
-0.03456 0.746341 0.0938554 
-0.0348577 0.746475 0.0937545 
-0.0350328 0.746677 0.0936572 
-0.035474 0.746838 0.0936229 
-0.0357111 0.746975 0.093545 
-0.0359539 0.747161 0.0934304 
-0.0364044 0.747386 0.0934289 
-0.0366415 0.747564 0.0933712 
-0.0369373 0.747669 0.0932467 
-0.0372615 0.747951 0.0932289 
-0.0375512 0.74806 0.0931531 
-0.0378481 0.74816 0.0930129 
-0.0381406 0.748506 0.0930529 
-0.0385256 0.748686 0.0929598 
-0.0388455 0.748781 0.0928576 
-0.0390638 0.749113 0.0928842 
-0.0394511 0.749147 0.0927203 
-0.0397631 0.749304 0.0926525 
-0.0398997 0.749548 0.0926687 
-0.040378 0.749688 0.0925193 
-0.0406388 0.749864 0.0924836 
-0.0408276 0.750017 0.0924248 
-0.0412899 0.750205 0.0922885 
-0.0415172 0.750318 0.0922191 
-0.0418206 0.750496 0.0922008 
-0.0421172 0.750715 0.0921262 
-0.0424181 0.750887 0.0920874 
-0.0427521 0.750986 0.0919824 
-0.0429765 0.751261 0.0919375 
-0.0433284 0.751341 0.091885 
-0.0437421 0.751504 0.0918653 
-0.0439394 0.751736 0.0918516 
-0.0444946 0.751772 0.0917119 
-0.0450458 0.751871 0.0916686 
-0.0455655 0.751976 0.0916405 
-0.0465007 0.751976 0.0914322 
-0.0472596 0.751836 0.091288 
-0.048095 0.751749 0.0912789 
-0.0490995 0.751712 0.0912626 
-0.0501316 0.751624 0.0912361 
-0.0509051 0.751346 0.0910907 
-0.0520257 0.751043 0.0909716 
-0.0530405 0.750834 0.0909385 
-0.054014 0.750479 0.0908498 
-0.0550772 0.750198 0.0908444 
-0.0562194 0.749761 0.0909118 
-0.0571627 0.749402 0.0909469 
-0.0583491 0.748972 0.09091 
-0.0595385 0.748408 0.0908934 
-0.0606524 0.747988 0.0909406 
-0.0617737 0.747452 0.0908948 
-0.0628945 0.746891 0.0908991 
-0.064014 0.746338 0.0909261 
-0.0651746 0.745699 0.0909152 
-0.0662892 0.745231 0.0909874 
-0.0674911 0.744585 0.0910483 
-0.0685735 0.743946 0.0911294 
-0.0696504 0.743516 0.0911879 
-0.070903 0.742888 0.0911881 
-0.0720145 0.742262 0.0912176 
-0.0731213 0.741817 0.0912648 
-0.0743503 0.741105 0.0912242 
-0.0754257 0.740594 0.0912931 
-0.0765875 0.740096 0.0913329 
-0.0778753 0.73935 0.0912803 
-0.0788669 0.738909 0.0913815 
-0.0800848 0.738278 0.0913379 
-0.0813506 0.737646 0.0912662 
-0.0824405 0.737151 0.0914201 
-0.0837247 0.736479 0.0914157 
-0.0848842 0.735869 0.0913288 
-0.0859795 0.735344 0.0914306 
-0.0872232 0.734659 0.0914077 
-0.088261 0.734139 0.0914159 
-0.089387 0.733487 0.0915379 
-0.0904008 0.732905 0.0915772 
-0.0911285 0.73251 0.091571 
-0.0921011 0.731862 0.0915596 
-0.0930212 0.731448 0.0916775 
-0.093683 0.730998 0.0916783 
-0.0943692 0.730425 0.0915941 
-0.0950556 0.730216 0.091722 
-0.0957451 0.729863 0.091761 
-0.096348 0.729497 0.0917134 
-0.0969763 0.729302 0.0918184 
-0.097712 0.728929 0.0918286 
-0.0983749 0.728628 0.0918115 
-0.0989922 0.728315 0.0918489 
-0.0997245 0.727922 0.0918042 
-0.100359 0.727791 0.0918528 
-0.100964 0.727513 0.0918748 
-0.101444 0.727263 0.0918355 
-0.101934 0.727105 0.0918928 
-0.102259 0.726915 0.0918859 
-0.102023 0.726887 0.0917412 
-0.102206 0.726779 0.0917361 
-0.102396 0.726764 0.0918013 
-0.102332 0.727196 0.0920541 
-0.102315 0.727248 0.0920034 
-0.10253 0.727333 0.0919665 
-0.102626 0.727723 0.0920283 
-0.102706 0.727746 0.0918873 
-0.102908 0.727913 0.0919025 
-0.103035 0.728195 0.0918891 
-0.10319 0.728226 0.0917475 
-0.10327 0.728433 0.0917368 
-0.10347 0.728632 0.0916094 
-0.10363 0.728748 0.0915265 
-0.103735 0.729032 0.0916072 
-0.103926 0.729086 0.091449 
-0.103953 0.729252 0.0913982 
-0.104109 0.729464 0.0913888 
-0.104297 0.729503 0.0912553 
-0.104339 0.72974 0.0912425 
-0.104558 0.729912 0.0911758 
-0.104667 0.729996 0.0910782 
-0.104722 0.730205 0.0910346 
-0.105022 0.730281 0.090829 
-0.105054 0.730439 0.0908017 
-0.105159 0.730642 0.0908417 
-0.105388 0.730738 0.0906823 
-0.105439 0.731007 0.0906812 
-0.10569 0.731061 0.0906058 
-0.105776 0.731233 0.0905079 
-0.105816 0.731427 0.0905084 
-0.106069 0.731448 0.090373 
-0.106083 0.731625 0.0903054 
-0.10627 0.731792 0.0902617 
-0.106458 0.731844 0.0900662 
-0.106428 0.732049 0.0900287 
-0.106639 0.732151 0.0900623 
-0.106822 0.732311 0.0899348 
-0.106819 0.732447 0.0898879 
-0.107053 0.732563 0.0898389 
-0.107105 0.732702 0.0897397 
-0.107275 0.73288 0.0896968 
-0.107448 0.732961 0.0896396 
-0.107451 0.733113 0.0895494 
-0.107671 0.733253 0.0894607 
-0.107739 0.73336 0.0894455 
-0.107753 0.733384 0.0893239 
-0.107934 0.733495 0.0892515 
-0.108076 0.73382 0.089303 
-0.108218 0.733817 0.089147 
-0.108334 0.733964 0.0890836 
-0.10842 0.734177 0.0890853 
-0.108633 0.734183 0.0888878 
-0.108731 0.734361 0.0888874 
-0.108774 0.734466 0.0888399 
-0.108969 0.73458 0.0886913 
-0.10913 0.734838 0.0887101 
-0.109207 0.734875 0.088621 
-0.109342 0.734994 0.0885039 
-0.109453 0.735141 0.0884852 
-0.109576 0.735231 0.0884153 
-0.109601 0.735357 0.0883368 
-0.109817 0.735446 0.0882559 
-0.109934 0.735598 0.088179 
-0.110013 0.735775 0.0881061 
-0.110184 0.735772 0.0879512 
-0.110237 0.736002 0.0879967 
-0.110436 0.736083 0.0879156 
-0.110557 0.736127 0.0877932 
-0.110537 0.736319 0.0878014 
-0.110801 0.736405 0.0876803 
-0.110844 0.736521 0.0876125 
-0.110909 0.736685 0.0876304 
-0.111168 0.736691 0.0874771 
-0.111135 0.736898 0.0874523 
-0.11127 0.736996 0.0873942 
-0.111436 0.737001 0.0872483 
-0.11145 0.737171 0.0871575 
-0.111671 0.737295 0.0871905 
-0.111789 0.737444 0.0871255 
-0.111819 0.737576 0.087068 
-0.11201 0.73766 0.0870097 
-0.112102 0.737759 0.0869525 
-0.112227 0.737865 0.0868727 
-0.112298 0.737976 0.0868309 
-0.11242 0.738073 0.0867928 
-0.112582 0.738135 0.0866769 
-0.112592 0.738378 0.0866612 
-0.112794 0.738419 0.086571 
-0.112913 0.738454 0.0864506 
-0.112917 0.738686 0.0863806 
-0.113143 0.738706 0.086385 
-0.113186 0.738797 0.0863031 
-0.113219 0.738933 0.0862383 
-0.113484 0.739008 0.0861893 
-0.113537 0.739182 0.0861389 
-0.113615 0.73925 0.086034 
-0.113811 0.739301 0.0859777 
-0.11378 0.739516 0.0859976 
-0.113943 0.739534 0.0858395 
-0.114075 0.739566 0.0857845 
-0.114158 0.739774 0.0857869 
-0.114229 0.739809 0.0856395 
-0.114391 0.739958 0.0855875 
-0.114516 0.740066 0.0855782 
-0.114526 0.740124 0.0854579 
-0.114731 0.740276 0.0854162 
-0.114867 0.740262 0.0853313 
-0.114834 0.740464 0.085284 
-0.115036 0.740488 0.085181 
-0.115163 0.740582 0.0851267 
-0.115164 0.740788 0.08512 
-0.115386 0.74078 0.0850077 
-0.115463 0.740911 0.0849627 
-0.115515 0.741014 0.0849133 
-0.115625 0.741061 0.0848305 
-0.115703 0.741196 0.0847892 
-0.115847 0.741196 0.0847056 
-0.115845 0.741287 0.0846731 
-0.115972 0.741473 0.0846222 
-0.116143 0.74147 0.0845371 
-0.116113 0.741613 0.0844905 
-0.116305 0.741712 0.0844061 
-0.116456 0.741741 0.0843339 
-0.116475 0.741896 0.0842584 
-0.116651 0.74195 0.0842037 
-0.116696 0.741994 0.0841871 
-0.11681 0.742124 0.0841278 
-0.116915 0.742201 0.0840342 
-0.117001 0.742392 0.0840497 
-0.117207 0.742411 0.0839488 
-0.117227 0.742484 0.0838721 
-0.117265 0.742641 0.0839025 
-0.11749 0.742676 0.0837841 
-0.117449 0.742768 0.0837357 
-0.117579 0.742881 0.0837138 
-0.117752 0.742887 0.0835929 
-0.117822 0.743027 0.0835444 
-0.117977 0.743084 0.0833507 
-0.118003 0.743201 0.0834024 
-0.118144 0.743355 0.0834728 
-0.118287 0.743353 0.0833044 
-0.118257 0.743507 0.0833466 
-0.118435 0.743618 0.0833162 
-0.11857 0.743607 0.0831819 
-0.118528 0.743747 0.0831773 
-0.118677 0.743814 0.0831077 
-0.118811 0.743939 0.0830792 
-0.118914 0.744036 0.0830404 
-0.119017 0.744055 0.0829443 
-0.119046 0.74422 0.0829228 
-0.119199 0.744203 0.0828403 
-0.119238 0.744289 0.0827383 
-0.119306 0.744377 0.0825939 
-0.119474 0.74444 0.0826446 
-0.119482 0.744537 0.0826715 
-0.119672 0.744596 0.0825795 
-0.119756 0.744734 0.0825722 
-0.119786 0.7449 0.0825818 
-0.119977 0.744856 0.0824464 
-0.119994 0.745013 0.0824208 
-0.120043 0.745107 0.0823772 
-0.120293 0.745109 0.0822935 
-0.120265 0.74525 0.0823111 
-0.120343 0.745274 0.0821998 
-0.120539 0.745362 0.0821296 
-0.120554 0.745489 0.0821452 
-0.120685 0.745496 0.0820235 
-0.120768 0.745671 0.0819764 
-0.120905 0.745715 0.0819118 
-0.120993 0.745736 0.0818688 
-0.121 0.745938 0.0818509 
-0.121151 0.745898 0.0817517 
-0.121258 0.745988 0.0817018 
-0.121236 0.74612 0.0816983 
-0.121407 0.746065 0.0815717 
-0.12142 0.746198 0.0815303 
-0.121569 0.746274 0.0815056 
-0.121683 0.746285 0.0814243 
-0.121635 0.746481 0.081408 
-0.121794 0.746451 0.0813131 
-0.121882 0.746496 0.0812617 
-0.121947 0.746715 0.0812602 
-0.122073 0.746591 0.0811242 
-0.122123 0.746763 0.0810938 
-0.122265 0.746793 0.0810327 
-0.122303 0.746729 0.0809567 
-0.122331 0.747016 0.0809721 
-0.122528 0.746984 0.0808529 
-0.122613 0.747012 0.0808057 
-0.122669 0.747208 0.0807964 
-0.122775 0.747155 0.0806646 
-0.122824 0.747254 0.0806225 
-0.122982 0.747358 0.0805275 
-0.123032 0.747332 0.0805069 
-0.123034 0.747491 0.0805164 
-0.123256 0.74753 0.080406 
-0.123337 0.747602 0.080377 
-0.123396 0.747757 0.0803646 
-0.1235 0.747752 0.0802458 
-0.123567 0.747887 0.0802373 
-0.12371 0.747897 0.0801978 
-0.123734 0.747885 0.0801065 
-0.123739 0.747987 0.0800981 
-0.12384 0.748121 0.0800632 
-0.124054 0.748068 0.0799324 
-0.124039 0.748182 0.0799275 
-0.124053 0.748209 0.0798706 
-0.124254 0.74827 0.0797673 
-0.124316 0.748355 0.0796764 
-0.124334 0.748421 0.0795844 
-0.124497 0.748484 0.0796485 
-0.12459 0.748579 0.0795991 
-0.124604 0.74866 0.0795793 
-0.124768 0.748711 0.0795288 
-0.124765 0.7488 0.0794766 
-0.124834 0.748847 0.0794383 
-0.125018 0.748846 0.0793422 
-0.125019 0.749021 0.0793287 
-0.125105 0.749009 0.0792976 
-0.125276 0.749053 0.0792061 
-0.1253 0.749264 0.0791943 
-0.125425 0.749207 0.0791231 
-0.125443 0.749299 0.0790595 
-0.125505 0.749417 0.0790204 
-0.125691 0.749355 0.0789073 
-0.125712 0.749479 0.0787439 
-0.125757 0.749564 0.0788109 
-0.125891 0.749544 0.0787959 
-0.12595 0.749656 0.0787724 
-0.126031 0.749717 0.0787332 
-0.126087 0.749844 0.0787195 
-0.126228 0.749931 0.0786812 
-0.126353 0.7499 0.0785898 
-0.126363 0.750042 0.0785777 
-0.126453 0.750051 0.0784921 
-0.126521 0.750094 0.0784591 
-0.126604 0.750204 0.0784625 
-0.126735 0.750179 0.0783381 
-0.1267 0.750295 0.0783038 
-0.126819 0.75031 0.0782826 
-0.126986 0.750321 0.0781731 
-0.127037 0.750485 0.0781508 
-0.127166 0.750471 0.078047 
-0.127172 0.750503 0.0779318 
-0.127236 0.750655 0.078022 
-0.127391 0.750594 0.07791 
-0.127388 0.75067 0.0778506 
-0.12745 0.750794 0.0778892 
-0.127568 0.750801 0.0778225 
-0.127571 0.75082 0.0777609 
-0.127673 0.750889 0.0777215 
-0.127724 0.750968 0.0776635 
-0.127763 0.751047 0.0775983 
-0.127897 0.751081 0.0775476 
-0.127941 0.751228 0.0775593 
-0.128056 0.751197 0.0774629 
-0.128112 0.751255 0.077421 
-0.12816 0.751372 0.0774449 
-0.128312 0.751328 0.0773053 
-0.128296 0.751399 0.0772755 
-0.128411 0.751449 0.0772528 
-0.128473 0.751453 0.077154 
-0.128508 0.751521 0.0771361 
-0.128678 0.751512 0.0770916 
-0.128677 0.751678 0.0770509 
-0.128779 0.751751 0.0769951 
-0.128926 0.751673 0.0769259 
-0.128934 0.75186 0.0769101 
-0.129023 0.751859 0.076835 
-0.129091 0.751865 0.0767726 
-0.129208 0.751962 0.0766864 
-0.129337 0.751916 0.0765581 
-0.129301 0.752008 0.0766272 
-0.129417 0.7521 0.0765891 
-0.129503 0.752032 0.0764951 
-0.129511 0.752066 0.0764917 
-0.129641 0.752127 0.0764321 
-0.129687 0.752248 0.0764067 
-0.129733 0.752356 0.0763791 
-0.129882 0.752283 0.076275 
-0.129939 0.752439 0.0762752 
-0.13 0.752432 0.076223 
-0.130064 0.752416 0.0761546 
-0.130087 0.752568 0.0761665 
-0.130238 0.752511 0.0760631 
-0.130273 0.752592 0.0760346 
-0.130304 0.752638 0.076032 
-0.130398 0.752564 0.0759086 
-0.130477 0.75271 0.0758769 
-0.130627 0.752673 0.0758022 
-0.130629 0.752676 0.0755738 
-0.130655 0.752891 0.0757017 
-0.13078 0.752817 0.0756607 
-0.130818 0.752952 0.0756625 
-0.130889 0.753036 0.075686 
-0.130995 0.752967 0.0755826 
-0.131011 0.753115 0.0755734 
-0.131104 0.753103 0.0755169 
-0.131181 0.753136 0.0754634 
-0.131167 0.753195 0.0754376 
-0.131276 0.753147 0.0753388 
-0.131294 0.753288 0.0753656 
-0.131396 0.753358 0.07534 
-0.131531 0.753304 0.0752193 
-0.131566 0.753447 0.0752263 
-0.131689 0.753421 0.0751703 
-0.131702 0.753484 0.0751003 
-0.131717 0.753565 0.0750914 
-0.131899 0.753528 0.0749925 
-0.131902 0.753542 0.0748097 
-0.131981 0.753555 0.0747651 
-0.132073 0.753596 0.0747929 
-0.132086 0.753729 0.0749218 
-0.132231 0.753676 0.0748011 
-0.132244 0.753796 0.0747894 
-0.132323 0.753868 0.0748038 
-0.132402 0.753814 0.0746897 
-0.132436 0.753927 0.0746658 
-0.132539 0.7539 0.0746303 
-0.132541 0.753926 0.0745752 
-0.132547 0.754019 0.074561 
-0.132673 0.75397 0.0744733 
-0.132697 0.75401 0.0744549 
-0.132823 0.754069 0.074437 
-0.132886 0.754079 0.0743601 
-0.132829 0.754104 0.0743312 
-0.132926 0.754106 0.0742744 
-0.132997 0.754232 0.0742617 
-0.133055 0.754253 0.074223 
-0.133141 0.754227 0.0741387 
-0.133164 0.75436 0.0741484 
-0.133259 0.754319 0.0740929 
-0.133284 0.754356 0.074009 
-0.133287 0.75441 0.0739849 
-0.133435 0.754378 0.073951 
-0.133447 0.754426 0.0739407 
-0.133514 0.754457 0.0739311 
-0.133567 0.754482 0.0738578 
-0.133549 0.754537 0.073836 
-0.133678 0.754522 0.0737812 
-0.133726 0.75463 0.0737412 
-0.133731 0.754572 0.0737 
-0.133856 0.754588 0.0736357 
-0.133848 0.754761 0.0736262 
-0.133894 0.754683 0.0735605 
-0.133983 0.754741 0.0735197 
-0.134024 0.754868 0.0735243 
-0.134064 0.754775 0.0734428 
-0.13412 0.754881 0.0734116 
-0.134177 0.754911 0.0733816 
-0.134178 0.754843 0.0733301 
-0.134231 0.755025 0.0733451 
-0.134366 0.754952 0.0732632 
-0.134335 0.754968 0.0732248 
-0.134446 0.755108 0.0732229 
-0.134518 0.755027 0.0731359 
-0.13449 0.755024 0.0730868 
-0.134642 0.755042 0.0730415 
-0.13469 0.755034 0.0730063 
-0.134637 0.755155 0.0730182 
-0.134674 0.755238 0.0730231 
-0.134816 0.755189 0.0729628 
-0.134771 0.755266 0.0729304 
-0.134766 0.755369 0.0729043 
-0.134982 0.755332 0.0728563 
-0.13498 0.755356 0.0728293 
-0.134943 0.75544 0.072786 
-0.13511 0.755399 0.0727194 
-0.135107 0.755457 0.0727105 
-0.135054 0.755543 0.0726838 
-0.13526 0.75545 0.0725313 
-0.135248 0.755543 0.0724943 
-0.135222 0.755592 0.0725618 
-0.135377 0.75553 0.0724554 
-0.135445 0.755626 0.0724116 
-0.135466 0.755573 0.0724162 
-0.135533 0.755569 0.0723412 
-0.135549 0.755711 0.0723347 
-0.135633 0.755673 0.0722843 
-0.135658 0.75573 0.0722511 
-0.135674 0.755818 0.0722485 
-0.135761 0.755754 0.0721659 
-0.135802 0.755839 0.0721381 
-0.135851 0.755833 0.0721153 
-0.135894 0.755854 0.0720801 
-0.135925 0.755921 0.0720691 
-0.136012 0.755867 0.0720081 
-0.136 0.755929 0.0719748 
-0.136106 0.755933 0.0719434 
-0.136149 0.755917 0.0718979 
-0.136114 0.755971 0.0719001 
-0.136232 0.755934 0.0718253 
-0.136234 0.756046 0.0718132 
-0.136228 0.756066 0.0717805 
-0.136324 0.756029 0.0717068 
-0.136402 0.756158 0.0716952 
-0.136445 0.756055 0.0714883 
-0.136469 0.75613 0.0714513 
-0.136521 0.756248 0.071585 
-0.136615 0.756159 0.0715191 
-0.136656 0.756243 0.0715198 
-0.136734 0.75624 0.071506 
-0.136734 0.756269 0.0714348 
-0.136735 0.756316 0.0714352 
-0.136848 0.756282 0.0713752 
-0.136859 0.756302 0.0713152 
-0.13695 0.756329 0.0712886 
-0.137008 0.756321 0.0712626 
-0.136972 0.756341 0.0712378 
-0.13712 0.756343 0.0711715 
-0.137131 0.756489 0.0711746 
-0.137158 0.756528 0.071169 
-0.137249 0.756466 0.0710814 
-0.137309 0.756567 0.0710582 
-0.137352 0.75653 0.0710197 
-0.137361 0.756575 0.0709955 
-0.137399 0.756684 0.0709929 
-0.137451 0.756584 0.070926 
-0.137529 0.756596 0.0708488 
-0.137664 0.756651 0.0708329 
-0.137648 0.756623 0.070797 
-0.137672 0.756676 0.0707234 
-0.137826 0.7566 0.0705096 
-0.137788 0.756707 0.0705656 
-0.137744 0.756739 0.0706541 
-0.137902 0.756708 0.0705864 
-0.137983 0.756828 0.0706253 
-0.137981 0.756758 0.0705785 
-0.13803 0.756807 0.0705135 
-0.138073 0.756909 0.0705252 
-0.138135 0.756849 0.0704599 
-0.138171 0.756931 0.0704283 
-0.138292 0.756904 0.0703939 
-0.138271 0.756955 0.0703748 
-0.138323 0.757012 0.0703548 
-0.138408 0.756977 0.0702938 
-0.138406 0.756992 0.0702546 
-0.138481 0.75705 0.0702327 
-0.138557 0.75703 0.0701846 
-0.138598 0.757053 0.0701718 
-0.13869 0.757034 0.0701412 
-0.138691 0.757103 0.0701058 
-0.138646 0.757176 0.0700917 
-0.138734 0.75708 0.0700401 
-0.138758 0.757174 0.0700253 
-0.138823 0.757222 0.0700154 
-0.138888 0.757167 0.0699531 
-0.13892 0.757279 0.0699363 
-0.138998 0.757245 0.0698835 
-0.138991 0.757307 0.0698747 
-0.13902 0.757377 0.0698355 
-0.139084 0.75728 0.0696818 
-0.139131 0.757346 0.0697313 
-0.1392 0.757379 0.0697316 
-0.139191 0.75739 0.069683 
-0.139228 0.757407 0.0696957 
-0.139327 0.75741 0.0696353 
-0.139283 0.757527 0.069604 
-0.139359 0.757442 0.0695867 
-0.139466 0.757469 0.0695414 
-0.13941 0.757637 0.0695387 
-0.13948 0.757489 0.069487 
-0.139536 0.757568 0.0694566 
-0.139555 0.757656 0.0694246 
-0.139609 0.757576 0.0693692 
-0.139696 0.757696 0.0693708 
-0.139771 0.757674 0.0693177 
-0.139751 0.757699 0.0692883 
-0.139825 0.757798 0.0693123 
-0.139914 0.757708 0.0692368 
-0.139885 0.757744 0.0691803 
-0.139964 0.757769 0.069168 
-0.140014 0.757762 0.0691424 
-0.139982 0.757822 0.0691343 
-0.1401 0.757811 0.0690639 
-0.140112 0.757862 0.0690513 
-0.140148 0.757833 0.0690239 
-0.140194 0.757852 0.0689642 
-0.140254 0.757925 0.0689484 
-0.140336 0.75782 0.068905 
-0.140306 0.757941 0.0688848 
-0.140378 0.757959 0.0688623 
-0.140446 0.757884 0.0688265 
-0.140546 0.757957 0.0687916 
-0.140574 0.757936 0.0687518 
-0.140547 0.757964 0.068731 
-0.140635 0.758045 0.0687101 
-0.140692 0.75799 0.068648 
-0.140678 0.758043 0.0686419 
-0.140772 0.758044 0.0686028 
-0.140792 0.758062 0.0685495 
-0.140756 0.758085 0.0685406 
-0.140888 0.758065 0.0684815 
-0.140959 0.758161 0.0684456 
-0.140959 0.758059 0.0684092 
-0.141002 0.758068 0.0683395 
-0.141048 0.758214 0.0683009 
-0.141066 0.758122 0.0682866 
-0.141038 0.758197 0.0683334 
-0.141067 0.758258 0.0683395 
-0.141123 0.758156 0.0682589 
-0.141197 0.758233 0.0682448 
-0.141256 0.758242 0.0682217 
-0.141242 0.758277 0.0681871 
-0.141278 0.758362 0.0681859 
-0.141378 0.758303 0.0681248 
-0.141418 0.758317 0.0680721 
-0.141516 0.758319 0.0680533 
-0.141519 0.758326 0.0680311 
-0.141492 0.758382 0.0680279 
-0.141576 0.758334 0.0679723 
-0.141574 0.758418 0.0679606 
-0.141557 0.758388 0.0679351 
-0.14162 0.758381 0.0678847 
-0.141667 0.758453 0.0678943 
-0.14175 0.758358 0.067848 
-0.141717 0.758453 0.067811 
-0.141743 0.758507 0.0678085 
-0.141846 0.758418 0.067764 
-0.141856 0.75847 0.0677282 
-0.141893 0.75846 0.0677192 
-0.141947 0.758468 0.0676847 
-0.142005 0.758567 0.0676658 
-0.142068 0.758505 0.067613 
-0.142034 0.758557 0.0675966 
-0.142078 0.758599 0.0675644 
-0.14213 0.758526 0.0674493 
-0.142117 0.758529 0.0673223 
-0.142174 0.758534 0.0673251 
-0.142144 0.758668 0.0674327 
-0.142177 0.758664 0.0675153 
-0.142267 0.758615 0.0674063 
-0.142406 0.758672 0.0673213 
-0.142488 0.75864 0.0673362 
-0.142453 0.758683 0.0673171 
-0.142394 0.758808 0.0673143 
-0.142445 0.758662 0.0672554 
-0.142486 0.758715 0.0672141 
-0.142517 0.758765 0.0672234 
-0.142513 0.758681 0.0671825 
-0.142594 0.758699 0.0671266 
-0.142641 0.758694 0.0671037 
-0.142616 0.758732 0.0670848 
-0.142642 0.758812 0.0670749 
-0.142711 0.758773 0.0670326 
-0.142764 0.758805 0.0669941 
-0.142863 0.758819 0.0669919 
-0.142876 0.758821 0.0669576 
-0.142848 0.758836 0.0669195 
-0.142952 0.758812 0.0668726 
-0.14293 0.758899 0.06688 
-0.142863 0.758896 0.0668866 
-0.142946 0.758861 0.0668198 
-0.143029 0.758945 0.066773 
-0.14307 0.758905 0.0667665 
-0.143083 0.758908 0.0667424 
-0.143083 0.758994 0.066734 
-0.143139 0.758901 0.0666952 
-0.143148 0.75893 0.0666427 
-0.143139 0.758903 0.0664614 
-0.143185 0.758842 0.0664026 
-0.143258 0.758966 0.0665111 
-0.143337 0.758977 0.0665526 
-0.143346 0.75895 0.0664849 
-0.14338 0.759019 0.0664877 
-0.143409 0.758983 0.0664616 
-0.143372 0.759029 0.0664079 
-0.143394 0.759083 0.0663964 
-0.143435 0.759034 0.0663736 
-0.143452 0.759082 0.0663503 
-0.143506 0.759066 0.0663217 
-0.143526 0.759092 0.0663095 
-0.143537 0.759137 0.066302 
-0.143622 0.759102 0.0662334 
-0.143665 0.759126 0.0662067 
-0.143689 0.759111 0.0661889 
-0.143722 0.759115 0.0661558 
-0.143734 0.759222 0.0661549 
-0.143787 0.759079 0.066122 
-0.143802 0.759127 0.0660901 
-0.143782 0.759257 0.066112 
-0.143816 0.75918 0.0660711 
-0.14395 0.759107 0.0659838 
-0.143997 0.759153 0.0659593 
-0.14397 0.759208 0.0659523 
-0.143964 0.759269 0.0659546 
-0.144035 0.75921 0.0658984 
-0.144062 0.759289 0.0658657 
-0.144101 0.759297 0.0658587 
-0.144129 0.759233 0.0658262 
-0.144187 0.759251 0.0657831 
-0.144238 0.759239 0.0657743 
-0.144214 0.759263 0.0657576 
-0.144174 0.759317 0.0657291 
-0.144221 0.759251 0.065627 
-0.144299 0.759272 0.0655854 
-0.144334 0.759256 0.0656274 
-0.144322 0.759271 0.0655912 
-0.144325 0.759374 0.0656141 
-0.144375 0.759275 0.0655758 
-0.144332 0.759344 0.0655369 
-0.14433 0.759376 0.0655252 
-0.144371 0.759287 0.06549 
-0.144437 0.759364 0.06547 
-0.144496 0.759372 0.0654459 
-0.144499 0.759365 0.0654242 
-0.144499 0.759451 0.0654222 
-0.14458 0.759405 0.0653856 
-0.144612 0.759387 0.0653372 
-0.144667 0.759413 0.0653335 
-0.144697 0.759396 0.0653079 
-0.144658 0.75949 0.0652942 
-0.144717 0.759418 0.065262 
-0.144778 0.759465 0.0652443 
-0.144758 0.759531 0.0652699 
-0.144797 0.759443 0.0652033 
-0.144904 0.759511 0.065162 
-0.144923 0.759459 0.0651546 
-0.144915 0.759479 0.0651294 
-0.144916 0.759578 0.0651191 
-0.144933 0.759422 0.0650893 
-0.144967 0.759499 0.0650811 
-0.145012 0.759599 0.0650733 
-0.145042 0.759515 0.0650219 
-0.145095 0.759477 0.0649837 
-0.145159 0.759507 0.0649648 
-0.145124 0.759584 0.0649506 
-0.145116 0.759653 0.0649531 
-0.145195 0.759608 0.0649186 
-0.145248 0.759628 0.0648585 
-0.145308 0.759642 0.0648419 
-0.14531 0.759641 0.064829 
-0.14527 0.75968 0.064842 
-0.145312 0.759655 0.0647947 
-0.145325 0.759719 0.0647665 
-0.145298 0.759699 0.0647847 
-0.145347 0.759684 0.0647382 
-0.145474 0.759725 0.0646753 
-0.145507 0.759673 0.0646611 
-0.145469 0.759729 0.064659 
-0.145464 0.759843 0.0646748 
-0.145519 0.759739 0.0646253 
-0.145613 0.759733 0.0645583 
-0.145611 0.759772 0.0645472 
-0.145601 0.759718 0.0645328 
-0.145594 0.759785 0.0645363 
-0.145609 0.759724 0.064513 
-0.145591 0.759739 0.0644829 
-0.145612 0.75981 0.0644644 
-0.14566 0.759763 0.0644449 
-0.145708 0.759785 0.0644136 
-0.145755 0.759791 0.0643347 
-0.145765 0.759799 0.0642972 
-0.145756 0.759904 0.0643782 
-0.1458 0.759865 0.0643281 
-0.145845 0.75986 0.0642863 
-0.145875 0.759908 0.0643131 
-0.1459 0.759853 0.0642681 
-0.145937 0.759902 0.0642302 
-0.145962 0.759868 0.0642228 
-0.145958 0.759878 0.0642032 
-0.145949 0.759962 0.0642131 
-0.145979 0.759881 0.0641732 
-0.145997 0.759908 0.0641426 
-0.14599 0.759938 0.0641427 
-0.146022 0.759896 0.0641059 
-0.146073 0.75992 0.0640807 
-0.146122 0.759867 0.0640548 
-0.1461 0.759914 0.0640408 
-0.146077 0.759934 0.0640388 
-0.146142 0.75989 0.0639953 
-0.146258 0.759909 0.0639507 
-0.146292 0.759906 0.0639601 
-0.146257 0.759946 0.0639471 
-0.146224 0.760034 0.0639383 
-0.146273 0.75997 0.0639169 
-0.146332 0.759973 0.0638677 
-0.14636 0.760013 0.0638515 
-0.146345 0.759974 0.0638411 
-0.146313 0.760057 0.0638519 
-0.146383 0.760007 0.0638019 
-0.146366 0.760067 0.0637776 
-0.146344 0.760067 0.0637804 
-0.146394 0.760055 0.0637604 
-0.146496 0.760062 0.0636852 
-0.146515 0.759976 0.0636878 
-0.14651 0.760038 0.0636896 
-0.146501 0.760164 0.0636858 
-0.146554 0.760056 0.0636429 
-0.146586 0.76005 0.0636181 
-0.146593 0.760076 0.0634617 
-0.146601 0.759965 0.0633799 
-0.14664 0.760047 0.0634777 
-0.146693 0.760049 0.0634776 
-0.146661 0.760118 0.0635241 
-0.146703 0.760163 0.0635539 
-0.146754 0.760118 0.0634773 
-0.146808 0.760142 0.0634001 
-0.146848 0.76013 0.0634082 
-0.146836 0.760149 0.0634083 
-0.146788 0.760241 0.0634332 
-0.146809 0.760215 0.0633935 
-0.146854 0.760186 0.0633191 
-0.146865 0.760179 0.0633189 
-0.146893 0.760204 0.0633162 
-0.146901 0.76027 0.0633183 
-0.146954 0.760168 0.0632854 
-0.14695 0.760255 0.0632745 
-0.146943 0.760335 0.0632747 
-0.146961 0.760209 0.0632438 
-0.147096 0.760206 0.0631755 
-0.147129 0.760252 0.0631776 
-0.147047 0.760159 0.0631562 
-0.147073 0.760242 0.0631562 
-0.147142 0.760237 0.0631306 
-0.147124 0.760267 0.0631253 
-0.147139 0.760277 0.0631049 
-0.147179 0.760224 0.0630649 
-0.147203 0.760219 0.0630455 
-0.14722 0.76022 0.0630286 
-0.147181 0.760307 0.0630374 
-0.147197 0.760368 0.0630454 
-0.147226 0.760319 0.0630152 
-0.147342 0.76028 0.0629191 
-0.147423 0.760285 0.0629042 
-0.147407 0.76031 0.0629135 
-0.147313 0.760396 0.0629643 
-0.147352 0.760334 0.0629128 
-0.147397 0.760355 0.0628663 
-0.147407 0.760351 0.062808 
-0.147411 0.76025 0.0626033 
-0.147457 0.760318 0.0625637 
-0.147441 0.760276 0.0626271 
-0.14747 0.760297 0.0626359 
-0.147496 0.76042 0.0627081 
-0.147545 0.760303 0.0626595 
-0.14756 0.760353 0.0626469 
-0.147554 0.760466 0.0626775 
-0.147584 0.76035 0.0626183 
-0.147676 0.760323 0.0625652 
-0.147719 0.760355 0.0625719 
-0.147658 0.760382 0.0625731 
-0.147603 0.760433 0.0625867 
-0.147673 0.760391 0.0625548 
-0.147702 0.760378 0.0625124 
-0.147701 0.760368 0.062497 
-0.14775 0.760371 0.0624921 
-0.14777 0.760469 0.0625034 
-0.147779 0.760434 0.0624773 
-0.147785 0.760455 0.0624435 
-0.147785 0.760531 0.0624491 
-0.147835 0.760484 0.0624315 
-0.147898 0.760485 0.0623828 
-0.147925 0.760494 0.0623745 
-0.147924 0.76051 0.0623753 
-0.147882 0.760505 0.062383 
-0.147899 0.760498 0.0623547 
-0.147984 0.760525 0.0623139 
-0.148015 0.760505 0.0623163 
-0.148021 0.760489 0.0622986 
-0.147995 0.760551 0.0622917 
-0.148021 0.76051 0.0622828 
-0.14804 0.76054 0.0622629 
-0.148019 0.760582 0.0622381 
-0.148036 0.760536 0.0622153 
-0.148077 0.760595 0.0622129 
-0.1481 0.76059 0.0622239 
-0.14809 0.760532 0.062191 
-0.148148 0.760552 0.0621346 
-0.148155 0.760486 0.0621177 
-0.148127 0.76052 0.0621319 
-0.148126 0.760603 0.06215 
-0.148161 0.760552 0.0621046 
-0.148247 0.760519 0.0620443 
-0.148292 0.760535 0.0620378 
-0.148236 0.760578 0.062034 
-0.148219 0.760639 0.0619847 
-0.148301 0.760578 0.0619375 
-0.148375 0.760615 0.0619653 
-0.148385 0.76067 0.0620276 
-0.148401 0.760635 0.0619677 
-0.148447 0.7606 0.061892 
-0.148448 0.760606 0.0618846 
-0.148424 0.760672 0.0618937 
-0.148378 0.760684 0.0619073 
-0.148444 0.760651 0.0618721 
-0.148491 0.76068 0.0618254 
-0.148544 0.760697 0.061814 
-0.148584 0.760666 0.0618027 
-0.148554 0.760749 0.06182 
-0.14862 0.760737 0.0617875 
-0.148634 0.760702 0.061765 
-0.148627 0.760755 0.0617545 
-0.148682 0.760717 0.0617122 
-0.148687 0.760806 0.0617067 
-0.148755 0.760761 0.0616936 
-0.148799 0.760737 0.0616624 
-0.148841 0.760791 0.0616413 
-0.148874 0.760763 0.061633 
-0.148846 0.760818 0.061637 
-0.148822 0.760937 0.0616578 
-0.148889 0.760889 0.0616323 
-0.148954 0.760849 0.0615539 
-0.148996 0.760888 0.0615304 
-0.149009 0.760901 0.0615361 
-0.149013 0.760975 0.0615761 
-0.149074 0.760924 0.0615328 
-0.149087 0.760977 0.0614934 
-0.149066 0.76104 0.0615124 
-0.149093 0.761006 0.061499 
-0.149189 0.760979 0.0614309 
-0.149252 0.760921 0.0613933 
-0.149214 0.760966 0.0614168 
-0.149239 0.761048 0.0614151 
-0.149297 0.760917 0.0613592 
-0.149308 0.761 0.0613585 
-0.149323 0.761082 0.061353 
-0.149335 0.760949 0.0613087 
-0.149432 0.760934 0.0612689 
-0.149468 0.760987 0.0612784 
-0.149425 0.761003 0.0612594 
-0.149391 0.76106 0.061263 
-0.149477 0.761019 0.0612227 
-0.149537 0.761081 0.0611853 
-0.149557 0.761084 0.0611878 
-0.149577 0.761062 0.0611712 
-0.149619 0.761117 0.0611567 
-0.149637 0.761097 0.0611441 
-0.149606 0.761128 0.0611171 
-0.149598 0.761185 0.0610956 
-0.149661 0.761162 0.061076 
-0.149697 0.761188 0.0610692 
-0.14976 0.761191 0.0610534 
-0.14978 0.761226 0.0610459 
-0.149769 0.761246 0.0610379 
-0.149818 0.761236 0.0610246 
-0.149922 0.761238 0.0609574 
-0.149922 0.761214 0.0608864 
-0.149908 0.761223 0.0609021 
-0.149871 0.761344 0.0609914 
-0.149913 0.76128 0.0609536 
-0.149936 0.761257 0.060916 
-0.149993 0.761328 0.0609275 
-0.15002 0.761306 0.0609098 
-0.150013 0.761261 0.0608672 
-0.150024 0.761299 0.0608738 
-0.150042 0.761333 0.060861 
-0.150053 0.7614 0.0608646 
-0.150114 0.761305 0.060826 
-0.150094 0.761349 0.0608216 
-0.150086 0.761438 0.0608333 
-0.150121 0.761364 0.0607949 
-0.150244 0.761357 0.0607378 
-0.150293 0.761386 0.0607391 
-0.150277 0.761409 0.0607453 
-0.150209 0.761513 0.0607724 
-0.150232 0.761492 0.0607579 
-0.150309 0.761442 0.0606889 
-0.150431 0.761423 0.0606277 
-0.150412 0.761454 0.0606557 
-0.150352 0.761556 0.060696 
-0.150402 0.76153 0.0606838 
-0.150453 0.761495 0.0606425 
-0.150475 0.761582 0.0606182 
-0.150552 0.761529 0.0606024 
-0.150536 0.761546 0.0606078 
-0.150529 0.761623 0.0606216 
-0.150575 0.761594 0.060591 
-0.150669 0.761481 0.0605064 
-0.15072 0.761507 0.0605003 
-0.150684 0.761581 0.0605281 
-0.150651 0.761635 0.0605498 
-0.150709 0.761561 0.0605001 
-0.150777 0.761622 0.0604394 
-0.150794 0.76158 0.0604499 
-0.150811 0.761555 0.0604377 
-0.150824 0.761651 0.0604462 
-0.150846 0.761593 0.0604124 
-0.150824 0.761625 0.0603147 
-0.150821 0.761638 0.0602077 
-0.15084 0.761568 0.0601991 
-0.15097 0.761562 0.0602618 
-0.151039 0.761576 0.0602811 
-0.150963 0.761653 0.0603087 
-0.150868 0.761772 0.060405 
-0.150911 0.76172 0.0603267 
-0.151061 0.761654 0.0602102 
-0.151151 0.761656 0.06021 
-0.15109 0.7617 0.060234 
-0.151028 0.761782 0.0602683 
-0.151096 0.761721 0.0602162 
-0.151117 0.761762 0.060175 
-0.151125 0.761753 0.0601891 
-0.151159 0.761742 0.0601732 
-0.15124 0.761772 0.0601311 
-0.151244 0.761744 0.0601369 
-0.15121 0.76177 0.0601385 
-0.151156 0.761853 0.0601488 
-0.151176 0.761783 0.0601291 
-0.1513 0.761766 0.0600613 
-0.15136 0.761786 0.060034 
-0.15134 0.761742 0.0600325 
-0.15131 0.761829 0.0600785 
-0.151351 0.761812 0.0600678 
-0.151367 0.761789 0.0600226 
-0.151368 0.761829 0.0600286 
-0.151372 0.761821 0.0600268 
-0.151452 0.761797 0.0599817 
-0.151524 0.761798 0.0599658 
-0.151496 0.761786 0.0599806 
-0.151428 0.761808 0.0599817 
-0.151445 0.761814 0.0599526 
-0.151484 0.761842 0.0599404 
-0.1515 0.76192 0.0599391 
-0.151526 0.761889 0.059929 
-0.1516 0.761877 0.0598909 
-0.151646 0.761901 0.059879 
-0.151659 0.761887 0.0598726 
-0.151635 0.761949 0.0598846 
-0.151643 0.761929 0.0598623 
-0.151633 0.761979 0.0598464 
-0.151625 0.762017 0.0598448 
-0.151651 0.761996 0.059833 
-0.151775 0.761953 0.0597702 
-0.151818 0.761906 0.059658 
-0.151771 0.761895 0.0595518 
-0.151725 0.762001 0.0596227 
-0.151786 0.761932 0.0596016 
-0.151804 0.761962 0.0596432 
-0.151812 0.762026 0.0597192 
-0.15186 0.761993 0.0596477 
-0.151911 0.761956 0.0596026 
-0.151915 0.761942 0.0596108 
-0.151898 0.761993 0.0596161 
-0.151868 0.762103 0.0596295 
-0.151911 0.762018 0.0596055 
-0.151942 0.761998 0.0595637 
-0.15199 0.762047 0.0595611 
-0.152005 0.76201 0.0595558 
-0.151982 0.762048 0.0595586 
-0.152028 0.762029 0.0595283 
-0.152009 0.762054 0.059516 
-0.152017 0.762068 0.0595107 
-0.152052 0.762055 0.0595009 
-0.152138 0.762055 0.0594533 
-0.152173 0.76205 0.0594557 
-0.15216 0.762074 0.0594616 
-0.152106 0.762185 0.0594793 
-0.152161 0.762143 0.0594458 
-0.15218 0.762141 0.0594114 
-0.152205 0.762189 0.0593965 
-0.152229 0.762159 0.0593923 
-0.152239 0.762211 0.0593964 
-0.152236 0.762252 0.0594138 
-0.152254 0.762216 0.0594016 
-0.152345 0.762169 0.059319 
-0.152374 0.762191 0.0593019 
-0.15235 0.762213 0.0593131 
-0.152298 0.762293 0.059365 
-0.152376 0.76225 0.0593359 
-0.152421 0.762237 0.0592954 
-0.152487 0.762251 0.0592434 
-0.152491 0.762209 0.0592399 
-0.152499 0.762238 0.0592433 
-0.152427 0.762362 0.059295 
-0.152426 0.762304 0.0592761 
-0.152473 0.762282 0.0592166 
-0.152544 0.762331 0.0591836 
-0.152589 0.762252 0.0591792 
-0.152594 0.762264 0.059173 
-0.152562 0.762395 0.05919 
-0.152555 0.762327 0.0591223 
-0.152579 0.762276 0.0590589 
-0.152682 0.762332 0.0590837 
-0.152732 0.762325 0.0591035 
-0.152726 0.762307 0.0590832 
-0.152702 0.762337 0.0590359 
-0.152641 0.762357 0.059047 
-0.152658 0.762338 0.0590404 
-0.152717 0.762386 0.0590144 
-0.152778 0.762426 0.0590141 
-0.152782 0.762414 0.0590115 
-0.152858 0.762383 0.0589543 
-0.152855 0.762422 0.0589354 
-0.152843 0.762422 0.0589397 
-0.152817 0.76251 0.0589563 
-0.15282 0.762543 0.0589558 
-0.152838 0.762518 0.058945 
-0.152906 0.762498 0.058899 
-0.152927 0.762473 0.0588679 
-0.152928 0.76248 0.0588736 
-0.152943 0.762534 0.0588656 
-0.152966 0.762652 0.0588684 
-0.152952 0.762569 0.058864 
-0.153026 0.762546 0.0588096 
-0.153138 0.762581 0.0587383 
-0.153126 0.762587 0.0587472 
-0.153037 0.762627 0.0587873 
-0.153037 0.762721 0.0588145 
-0.153073 0.762703 0.0587783 
-0.153195 0.762663 0.0586775 
-0.153276 0.762625 0.0586524 
-0.153281 0.762637 0.0586548 
-0.153257 0.762764 0.058687 
-0.153265 0.762826 0.0586984 
-0.153265 0.762742 0.0586765 
-0.153384 0.762686 0.0585924 
-0.153458 0.762723 0.0585626 
-0.15344 0.762758 0.0585785 
-0.153293 0.762823 0.0586377 
-0.153301 0.762838 0.0586151 
-0.153374 0.762817 0.0585829 
-0.153571 0.762839 0.0584906 
-0.153621 0.762784 0.0584775 
-0.153566 0.762821 0.0584998 
-0.153422 0.762989 0.0585745 
-0.153453 0.762935 0.0585475 
-0.153524 0.762903 0.0584858 
-0.153687 0.762924 0.058422 
-0.153708 0.762909 0.0584227 
-0.153695 0.762946 0.0584446 
-0.153553 0.763103 0.0585268 
-0.153579 0.763071 0.0584873 
-0.1537 0.763006 0.0583844 
-0.153887 0.762976 0.0583195 
-0.153883 0.762987 0.058338 
-0.153825 0.763073 0.0583602 
-0.153744 0.763128 0.0583824 
-0.153782 0.763107 0.0583695 
-0.153955 0.763062 0.0582686 
-0.154006 0.76303 0.0582298 
-0.153942 0.763075 0.0582681 
-0.15389 0.763183 0.0583069 
-0.153971 0.76311 0.058261 
-0.154 0.76311 0.0582191 
-0.154057 0.763166 0.0581812 
-0.154086 0.763111 0.0581688 
-0.154088 0.763148 0.0581517 
-0.154108 0.763219 0.0581369 
-0.154127 0.763168 0.0581227 
-0.154209 0.763155 0.0581074 
-0.154241 0.763197 0.0581551 
-0.154255 0.763205 0.0581227 
-0.154221 0.763291 0.058135 
-0.154253 0.763221 0.0581369 
-0.154299 0.763199 0.0581045 
-0.154368 0.763277 0.0581132 
-0.154401 0.76325 0.0581218 
-0.154354 0.76329 0.0581148 
-0.154279 0.76345 0.0582056 
-0.154308 0.763415 0.0581926 
-0.154484 0.763336 0.0581781 
-0.15469 0.763316 0.0582473 
-0.154678 0.763362 0.0582999 
-0.154694 0.763506 0.0584506 
-0.154841 0.763477 0.0584971 
-0.154868 0.76346 0.0584948 
-0.154993 0.76344 0.0585204 
-0.155041 0.76343 0.0585967 
-0.155058 0.763437 0.0586504 
-0.155096 0.763447 0.0587672 
-0.155123 0.763486 0.0590118 
-0.155175 0.763499 0.0591338 
-0.155241 0.763436 0.0591488 
-0.155409 0.763389 0.0593314 
-0.155475 0.763421 0.0594957 
-0.155452 0.763386 0.0597345 
-0.155548 0.763433 0.0600146 
-0.155619 0.76347 0.0602463 
-0.155881 0.763347 0.0603627 
-0.156009 0.763243 0.0603391 
-0.155971 0.763209 0.0603777 
-0.156245 0.76303 0.0602831 
-0.156202 0.763066 0.0603146 
-0.156146 0.762999 0.0603237 
-0.156215 0.762926 0.0602713 
-0.156178 0.762914 0.0601536 
-0.156164 0.762786 0.0599143 
-0.156209 0.762687 0.0596985 
-0.156178 0.762641 0.0593692 
-0.156205 0.762619 0.0593231 
-0.156288 0.762652 0.0594336 
-0.156415 0.7627 0.0595421 
-0.156434 0.762679 0.0595087 
-0.156501 0.762681 0.0594583 
-0.156565 0.762664 0.05938 
-0.156532 0.762608 0.0592778 
-0.156434 0.762735 0.0594021 
-0.156506 0.762701 0.0594054 
-0.156564 0.762677 0.0593962 
-0.156624 0.762705 0.059461 
-0.156657 0.762697 0.0594619 
-0.156684 0.762766 0.0595312 
-0.156648 0.762921 0.0597142 
-0.15667 0.762854 0.0597112 
-0.156738 0.762853 0.0598772 
-0.156761 0.762978 0.0603545 
-0.156807 0.762962 0.0610287 
-0.156766 0.762951 0.0615021 
-0.156759 0.76302 0.0621463 
-0.156777 0.76302 0.0629511 
-0.156835 0.763072 0.0635785 
-0.156858 0.76304 0.0643438 
-0.156793 0.763123 0.0652326 
-0.156778 0.763296 0.0660276 
-0.156825 0.763161 0.0668332 
-0.156779 0.76334 0.0678331 
-0.156844 0.763459 0.068684 
-0.156879 0.763309 0.0695277 
-0.15684 0.763444 0.0704375 
-0.15692 0.76357 0.071335 
-0.156898 0.763464 0.072253 
-0.156796 0.763583 0.0731397 
-0.156879 0.763728 0.0740729 
-0.156835 0.763615 0.0749835 
-0.15673 0.763736 0.0759074 
-0.156842 0.763917 0.0768835 
-0.156566 0.763879 0.0778001 
-0.156542 0.764057 0.0787574 
-0.156703 0.764134 0.0792933 
-0.156569 0.764076 0.0799329 
-0.156412 0.764157 0.0813488 
-0.156487 0.764343 0.0820476 
-0.156261 0.76434 0.0829388 
-0.156224 0.764456 0.084125 
-0.15628 0.764546 0.0849976 
-0.155982 0.764513 0.0859879 
-0.156079 0.764583 0.0869701 
-0.155883 0.764702 0.0879338 
-0.155624 0.764745 0.0889118 
-0.155981 0.764732 0.0895448 
-0.15587 0.764494 0.0900486 
-0.155918 0.764498 0.0903893 
-0.156272 0.764328 0.0905864 
-0.156323 0.76426 0.0907526 
-0.156273 0.764411 0.0909526 
-0.156433 0.764383 0.0909246 
-0.156492 0.764373 0.0908917 
-0.156374 0.764467 0.0909182 
-0.156393 0.76448 0.0908442 
-0.156433 0.764497 0.0907627 
-0.156443 0.764478 0.0905906 
-0.156423 0.764491 0.0905076 
-0.156464 0.764536 0.0904968 
-0.15649 0.764518 0.0903503 
-0.156469 0.764535 0.0902863 
-0.15651 0.76459 0.0902593 
-0.156564 0.764564 0.0900656 
-0.156532 0.764581 0.0900016 
-0.156585 0.764597 0.0899738 
-0.15664 0.764614 0.0898152 
-0.15663 0.764639 0.0897649 
-0.156659 0.764637 0.0897026 
-0.156652 0.76469 0.0895399 
-0.156669 0.764686 0.0894498 
-0.156721 0.764698 0.0894224 
-0.156806 0.764677 0.0893517 
-0.156822 0.764678 0.0893071 
-0.156863 0.764722 0.0892403 
-0.156783 0.764766 0.0890845 
-0.156772 0.764754 0.0890434 
-0.156866 0.764783 0.0890102 
-0.156929 0.764762 0.0888704 
-0.156939 0.764752 0.0888008 
-0.156915 0.764787 0.088768 
-0.156825 0.764894 0.0886642 
-0.156871 0.764874 0.0885874 
-0.156953 0.764918 0.0885323 
-0.157092 0.764879 0.0883288 
-0.15714 0.764862 0.0882769 
-0.157105 0.7649 0.0882458 
-0.15705 0.764956 0.0881483 
-0.157092 0.764946 0.0881044 
-0.157181 0.764989 0.0880233 
-0.157242 0.764931 0.0878272 
-0.15724 0.764929 0.0878039 
-0.157265 0.76498 0.0877514 
-0.157183 0.765067 0.0876713 
-0.157205 0.765048 0.0876408 
-0.157265 0.765004 0.087509 
-0.157403 0.765006 0.0873161 
-0.157438 0.765038 0.0873018 
-0.157428 0.765056 0.0872564 
-0.157331 0.765154 0.0871701 
-0.157387 0.765199 0.0871423 
-0.157443 0.765181 0.0870386 
-0.157515 0.765135 0.0868641 
-0.157499 0.765146 0.0868629 
-0.1575 0.765202 0.0868013 
-0.157457 0.765265 0.0867014 
-0.157485 0.765267 0.0866895 
-0.157601 0.765253 0.0865334 
-0.157686 0.76522 0.0863935 
-0.157705 0.765244 0.0864036 
-0.157689 0.765276 0.086317 
-0.157658 0.765297 0.0862466 
-0.157701 0.765347 0.0861967 
-0.157699 0.765344 0.086022 
-0.157723 0.765318 0.0859674 
-0.157769 0.76531 0.0859068 
-0.157787 0.765304 0.085753 
-0.157773 0.765323 0.0857519 
-0.157764 0.76535 0.0856959 
-0.157726 0.765436 0.0856592 
-0.157764 0.765433 0.0856219 
-0.157866 0.765378 0.0854369 
-0.158006 0.765333 0.0852977 
-0.157943 0.765395 0.0853188 
-0.157839 0.765494 0.0852639 
-0.157875 0.765485 0.0851849 
-0.15791 0.765484 0.0851511 
-0.158029 0.765418 0.0849408 
-0.158101 0.765405 0.0848433 
-0.158055 0.765459 0.0848598 
-0.157997 0.76552 0.0847979 
-0.15807 0.765485 0.0847185 
-0.158121 0.765497 0.0846313 
-0.158135 0.765549 0.084563 
-0.158157 0.765541 0.0845142 
-0.158235 0.765533 0.0843548 
-0.158271 0.765563 0.0842504 
-0.158303 0.765567 0.0842444 
-0.158311 0.765601 0.0841411 
-0.158341 0.765603 0.084077 
-0.158385 0.765622 0.0840235 
-0.15846 0.765594 0.0838442 
-0.158469 0.765593 0.0838126 
-0.158494 0.765662 0.0837535 
-0.158419 0.765672 0.0835437 
-0.158437 0.765655 0.0835194 
-0.158515 0.765675 0.0834928 
-0.158616 0.765704 0.083487 
-0.158615 0.765698 0.0834247 
-0.158563 0.765736 0.0832804 
-0.158537 0.765771 0.0832429 
-0.158604 0.765849 0.0832193 
-0.15863 0.765808 0.0831181 
-0.158627 0.765798 0.0830865 
-0.158664 0.7658 0.0830365 
-0.158686 0.765794 0.082863 
-0.158724 0.765822 0.082865 
-0.158774 0.765853 0.0828283 
-0.158769 0.765829 0.0827484 
-0.158813 0.765885 0.0827444 
-0.158863 0.765898 0.0826316 
-0.158855 0.765862 0.0825071 
-0.158864 0.765863 0.0825097 
-0.158856 0.765868 0.0824169 
-0.158887 0.765881 0.0823593 
-0.158923 0.765923 0.0823261 
-0.158918 0.765896 0.0822001 
-0.158942 0.765896 0.0821725 
-0.158896 0.765928 0.082099 
-0.158743 0.766007 0.0820345 
-0.15878 0.766023 0.082016 
-0.158863 0.765986 0.0818934 
-0.158882 0.76599 0.0817909 
-0.158906 0.766027 0.081791 
-0.15892 0.766016 0.0816862 
-0.158926 0.766018 0.0816529 
-0.158963 0.766039 0.0816166 
-0.158972 0.766 0.0814547 
-0.158981 0.766011 0.0814413 
-0.158956 0.766077 0.0814106 
-0.158885 0.766129 0.0813361 
-0.158911 0.766131 0.0813133 
-0.159019 0.766068 0.0811398 
-0.159128 0.765987 0.0808768 
-0.159122 0.766022 0.0808338 
-0.159017 0.766135 0.0808813 
-0.15902 0.766126 0.080861 
-0.159078 0.76616 0.0808101 
-0.159167 0.766108 0.0806863 
-0.159169 0.766112 0.0806726 
-0.159126 0.766158 0.0806028 
-0.159079 0.766228 0.0805299 
-0.159103 0.766207 0.0805176 
-0.159122 0.766183 0.0804564 
-0.159134 0.766158 0.0803574 
-0.159107 0.766189 0.0803481 
-0.159037 0.766238 0.0802725 
-0.159074 0.766225 0.0802434 
-0.159162 0.766247 0.0801868 
-0.159137 0.766217 0.0800929 
-0.159133 0.766216 0.080079 
-0.159096 0.766233 0.0799918 
-0.15899 0.766284 0.0799073 
-0.159076 0.766326 0.0798777 
-0.159075 0.766309 0.0798247 
-0.159062 0.7663 0.0797752 
-0.159067 0.766291 0.0797167 
-0.159043 0.766329 0.0796049 
-0.159045 0.766328 0.079599 
-0.159101 0.766294 0.0795094 
-0.159145 0.76628 0.0794109 
-0.159173 0.76634 0.0794098 
-0.159176 0.766312 0.0793137 
-0.159159 0.766303 0.0792525 
-0.15916 0.766303 0.0792226 
-0.159094 0.766348 0.0791272 
-0.15911 0.766353 0.0790949 
-0.159173 0.766356 0.0790228 
-0.159288 0.766316 0.0788729 
-0.159291 0.766312 0.0788624 
-0.159226 0.766347 0.0788159 
-0.159133 0.766414 0.0787772 
-0.159163 0.766405 0.0787414 
-0.159248 0.766365 0.0785912 
-0.159258 0.76637 0.0784923 
-0.159272 0.766389 0.0784236 
-0.15924 0.766418 0.0783731 
-0.159235 0.766415 0.0783646 
-0.159267 0.766405 0.0783003 
-0.159262 0.766442 0.0782521 
-0.159319 0.766498 0.0782299 
-0.159316 0.766475 0.0781576 
-0.159305 0.766457 0.0780781 
-0.159242 0.766497 0.0780458 
-0.15913 0.766563 0.0779787 
-0.159151 0.766545 0.0779617 
-0.159253 0.766495 0.0778503 
-0.159376 0.766445 0.0777149 
-0.159335 0.766473 0.0777369 
-0.159182 0.766571 0.0777318 
-0.159135 0.766572 0.0776756 
-0.15918 0.766542 0.0776132 
-0.159356 0.766465 0.0774267 
-0.15934 0.766476 0.0774237 
-0.159271 0.766507 0.0773968 
-0.159151 0.766591 0.0773919 
-0.159187 0.766558 0.0773341 
-0.159208 0.766525 0.0771638 
-0.159235 0.766519 0.0771098 
-0.159222 0.766531 0.0770962 
-0.15912 0.76664 0.0770977 
-0.159111 0.766626 0.0770533 
-0.15924 0.766553 0.0768831 
-0.159354 0.766534 0.0767772 
-0.159341 0.766534 0.0767685 
-0.159277 0.766558 0.0767353 
-0.159164 0.766618 0.0767322 
-0.159179 0.766596 0.07668 
-0.159255 0.766538 0.0764966 
-0.15927 0.766536 0.0764423 
-0.159273 0.766532 0.0764356 
-0.159242 0.766572 0.0763942 
-0.159146 0.766627 0.0763788 
-0.159171 0.766586 0.076332 
-0.159207 0.766546 0.0761841 
-0.159193 0.766567 0.0761038 
-0.159185 0.766559 0.0760944 
-0.159244 0.766534 0.076054 
-0.15925 0.766545 0.0760058 
-0.159226 0.766539 0.0759704 
-0.159175 0.766589 0.0758853 
-0.159107 0.766611 0.075826 
-0.159115 0.766597 0.0758096 
-0.159246 0.766532 0.0756831 
-0.159304 0.766513 0.0756265 
-0.159303 0.766508 0.0756192 
-0.159259 0.766555 0.0755354 
-0.159098 0.766645 0.0754935 
-0.159125 0.766614 0.0754808 
-0.159246 0.766541 0.0753642 
-0.159309 0.766495 0.075261 
-0.15928 0.766504 0.0752643 
-0.1592 0.766571 0.0752126 
-0.159109 0.766645 0.0751527 
-0.159141 0.766622 0.0751317 
-0.159174 0.766646 0.0751134 
-0.159215 0.766645 0.0750566 
-0.159211 0.766646 0.0750436 
-0.159221 0.766679 0.0749219 
-0.159172 0.766706 0.0748492 
-0.159197 0.766694 0.0748364 
-0.159229 0.766753 0.0748187 
-0.159238 0.766743 0.0747691 
-0.15926 0.766757 0.0747641 
-0.159279 0.76679 0.0746642 
-0.159273 0.76676 0.0745523 
-0.159278 0.766762 0.0745618 
-0.1593 0.766785 0.0745082 
-0.159302 0.766801 0.0744567 
-0.159311 0.766799 0.0744394 
-0.159339 0.766789 0.0743131 
-0.159335 0.766807 0.0742701 
-0.15938 0.766893 0.0742536 
-0.159415 0.766863 0.0741563 
-0.159417 0.76686 0.074139 
-0.159439 0.766855 0.0740922 
-0.15941 0.766893 0.0739983 
-0.159441 0.766903 0.073983 
-0.159465 0.766909 0.0739566 
-0.159481 0.766904 0.0738852 
-0.159524 0.766921 0.0738832 
-0.159537 0.766928 0.0738189 
-0.159511 0.766926 0.0736967 
-0.159526 0.766945 0.073697 
-0.159552 0.766965 0.0736575 
-0.159535 0.767004 0.0735924 
-0.15955 0.767002 0.0735897 
-0.159594 0.766998 0.0735354 
-0.159619 0.766963 0.0734041 
-0.159607 0.766988 0.0734133 
-0.159623 0.767001 0.0733755 
-0.159567 0.767071 0.0733321 
-0.15957 0.767063 0.0733235 
-0.159612 0.767056 0.0732779 
-0.159657 0.76703 0.0731583 
-0.159641 0.76705 0.0731562 
-0.159627 0.767105 0.0731225 
-0.159635 0.767155 0.0730607 
-0.15967 0.767135 0.0730473 
-0.159692 0.767145 0.0730179 
-0.159694 0.767137 0.0729289 
-0.159701 0.767154 0.0729255 
-0.159699 0.767157 0.0728712 
-0.159643 0.767158 0.0726607 
-0.15967 0.767128 0.0726093 
-0.159694 0.767162 0.0725975 
-0.159704 0.767178 0.0725977 
-0.159717 0.767178 0.0725845 
-0.159719 0.767184 0.0725506 
-0.159715 0.767193 0.0725271 
-0.15974 0.767226 0.0724913 
-0.159737 0.767237 0.0723744 
-0.15973 0.767264 0.0723373 
-0.159766 0.767245 0.0723186 
-0.159865 0.767236 0.0722414 
-0.159887 0.767256 0.072226 
-0.159898 0.767242 0.0721985 
-0.159894 0.767233 0.072072 
-0.159876 0.767237 0.0720457 
-0.159894 0.767227 0.0720193 
-0.159914 0.767224 0.0719493 
-0.159907 0.767229 0.0719449 
-0.159883 0.767256 0.0718732 
-0.1598 0.767323 0.0718292 
-0.159849 0.767344 0.0718139 
-0.159942 0.767314 0.0717477 
-0.160009 0.767287 0.0716771 
-0.160012 0.767286 0.0716687 
-0.159924 0.767347 0.0716311 
-0.159861 0.767384 0.0716134 
-0.159935 0.76736 0.0715579 
-0.159957 0.767356 0.0714916 
-0.159966 0.767354 0.0714884 
-0.159985 0.76739 0.0714481 
-0.159907 0.767441 0.0713834 
-0.159944 0.76742 0.0713731 
-0.159968 0.767399 0.0713105 
-0.159993 0.76738 0.0712163 
-0.159988 0.767396 0.0712221 
-0.159898 0.767515 0.0712055 
-0.159906 0.767519 0.0711699 
-0.160001 0.767527 0.071148 
-0.160021 0.767538 0.0710879 
-0.160024 0.76751 0.0710051 
-0.160038 0.767509 0.0710064 
-0.160048 0.767503 0.0709751 
-0.160033 0.767503 0.0709265 
-0.160085 0.767588 0.0708934 
-0.160068 0.767596 0.0707989 
-0.160081 0.767584 0.0707851 
-0.160105 0.767572 0.0707667 
-0.160113 0.767559 0.07071 
-0.160132 0.767552 0.0706742 
-0.160116 0.767555 0.0705064 
-0.160051 0.767591 0.0704193 
-0.160111 0.767578 0.070391 
-0.160147 0.767634 0.0703888 
-0.160133 0.767644 0.0703967 
-0.160153 0.767636 0.0703909 
-0.160167 0.76764 0.0703618 
-0.160157 0.767649 0.0703367 
-0.160186 0.767698 0.0703286 
-0.160218 0.767695 0.0702418 
-0.1602 0.767689 0.0701414 
-0.160201 0.76769 0.0701451 
-0.16022 0.76769 0.0701209 
-0.160208 0.76772 0.0700853 
-0.160228 0.767718 0.0700787 
-0.160271 0.767695 0.0699853 
-0.160296 0.767687 0.0699136 
-0.160305 0.767721 0.069917 
-0.160306 0.767763 0.0698878 
-0.160271 0.767789 0.0698575 
-0.160347 0.767772 0.0698313 
-0.160397 0.76777 0.0697513 
-0.160397 0.767795 0.0697194 
-0.160425 0.767822 0.0696956 
-0.160356 0.767885 0.0696504 
-0.160383 0.767872 0.0696406 
-0.160422 0.767851 0.0695918 
-0.160495 0.767813 0.0694703 
-0.160528 0.767836 0.0694665 
-0.160559 0.76785 0.0694556 
-0.160554 0.767848 0.0694212 
-0.160588 0.767873 0.0694136 
-0.160591 0.767866 0.0693549 
-0.160587 0.767844 0.0692531 
-0.160599 0.767866 0.0692512 
-0.160575 0.76792 0.0692304 
-0.1605 0.767968 0.0692139 
-0.16056 0.767944 0.0691801 
-0.160611 0.76794 0.0691062 
-0.160619 0.767941 0.0690603 
-0.160628 0.767958 0.0690451 
-0.160531 0.768066 0.0690338 
-0.160552 0.768051 0.0690135 
-0.160589 0.768047 0.068984 
-0.160633 0.768055 0.0688937 
-0.160653 0.768071 0.0688907 
-0.160663 0.768082 0.0688885 
-0.160725 0.768138 0.0688709 
-0.160788 0.768125 0.0688429 
-0.160799 0.76811 0.0688022 
-0.16077 0.768097 0.0687098 
-0.160803 0.768196 0.0687105 
-0.16078 0.768197 0.0686721 
-0.160749 0.768203 0.0686384 
-0.160777 0.768194 0.0686327 
-0.160778 0.768172 0.0685453 
-0.160761 0.768166 0.0684799 
-0.160802 0.768238 0.0684701 
-0.160806 0.768239 0.0684207 
-0.160831 0.76823 0.0684108 
-0.160872 0.768216 0.0683884 
-0.160862 0.768257 0.0683386 
-0.160862 0.76826 0.0683178 
-0.160903 0.768288 0.0683039 
-0.160907 0.768297 0.0682403 
-0.160902 0.768293 0.0682171 
-0.160914 0.768299 0.0681933 
-0.160931 0.768326 0.068107 
-0.160933 0.768342 0.0680957 
-0.16096 0.768364 0.0680823 
-0.160976 0.76837 0.0680563 
-0.161046 0.768379 0.0680279 
-0.161056 0.768394 0.0680063 
-0.161047 0.768394 0.067952 
-0.161127 0.768432 0.0679289 
-0.161168 0.768457 0.0679144 
-0.161159 0.76846 0.0679052 
-0.161158 0.768455 0.0678785 
-0.161181 0.76849 0.0678346 
-0.161143 0.76847 0.0677039 
-0.161151 0.768482 0.0676992 
-0.161152 0.768492 0.0676892 
-0.161117 0.768516 0.0676902 
-0.16116 0.768546 0.0676714 
-0.16117 0.768548 0.0676183 
-0.161164 0.768532 0.0675527 
-0.161197 0.768574 0.0675455 
-0.161196 0.768596 0.0675293 
-0.161206 0.768584 0.0675069 
-0.161296 0.768638 0.0674719 
-0.161257 0.768636 0.0674125 
-0.161247 0.768634 0.0673933 
-0.161251 0.76863 0.0673789 
-0.161212 0.768624 0.0672811 
-0.161222 0.768657 0.0672689 
-0.161274 0.768717 0.0672538 
-0.161265 0.768711 0.0672361 
-0.161277 0.768705 0.0672301 
-0.161294 0.768698 0.0671946 
-0.161301 0.768733 0.0670952 
-0.161325 0.768752 0.0670964 
-0.16134 0.768757 0.0670776 
-0.161305 0.768759 0.0670108 
-0.161293 0.76877 0.0670153 
-0.161277 0.768795 0.0669668 
-0.16125 0.768839 0.0669231 
-0.161279 0.768854 0.0669218 
-0.161347 0.768857 0.0668833 
-0.161395 0.768831 0.0668231 
-0.161404 0.768842 0.0668147 
-0.161367 0.768904 0.0667645 
-0.161381 0.768909 0.0667246 
-0.161401 0.768918 0.0667175 
-0.161491 0.768903 0.0666431 
-0.161552 0.768894 0.0665919 
-0.161577 0.768901 0.0665693 
-0.16165 0.768907 0.0665493 
-0.161656 0.768904 0.0665157 
-0.161617 0.76892 0.0664783 
-0.161562 0.768998 0.0664433 
-0.161597 0.76901 0.0664201 
-0.161628 0.768992 0.0663877 
-0.161778 0.768942 0.0662773 
-0.161822 0.768942 0.0662674 
-0.161758 0.768973 0.066258 
-0.161691 0.76904 0.0662121 
-0.161717 0.769041 0.0661838 
-0.161746 0.769025 0.0661664 
-0.161851 0.768987 0.0660946 
-0.161863 0.768988 0.0660807 
-0.161826 0.769032 0.0660635 
-0.161702 0.769151 0.0660497 
-0.161732 0.769133 0.0660347 
-0.161817 0.769093 0.0659733 
-0.161922 0.769051 0.0658879 
-0.161892 0.769072 0.0659 
-0.161837 0.769133 0.0658943 
-0.161832 0.769156 0.0658588 
-0.161849 0.769144 0.0658509 
-0.161905 0.769121 0.0658001 
-0.161996 0.769082 0.0656976 
-0.161991 0.769094 0.0657 
-0.161919 0.769175 0.0657128 
-0.161806 0.769269 0.065727 
-0.161853 0.769236 0.065684 
-0.161958 0.769186 0.0655728 
-0.162003 0.769174 0.0655401 
-0.161951 0.76922 0.0655586 
-0.161815 0.769373 0.0656079 
-0.161849 0.769361 0.0655883 
-0.161906 0.769327 0.0655493 
-0.161988 0.769325 0.0655376 
-0.161969 0.769341 0.0655629 
-0.161971 0.769349 0.0655785 
-0.161864 0.769455 0.0656865 
-0.161928 0.769461 0.0657916 
-0.161831 0.769491 0.0660871 
-0.161874 0.769602 0.0665774 
-0.161997 0.76965 0.0671071 
-0.161911 0.769752 0.0676437 
-0.161776 0.769839 0.0681538 
-0.161804 0.76984 0.0687794 
-0.161699 0.769913 0.0695062 
-0.161785 0.770058 0.0701699 
-0.161731 0.77002 0.0708799 
-0.161622 0.770162 0.0716964 
-0.16171 0.770197 0.0724863 
-0.161607 0.770195 0.0732173 
-0.161408 0.770312 0.0741122 
-0.161431 0.770335 0.0750514 
-0.161289 0.77047 0.0758582 
-0.16118 0.77045 0.0767308 
-0.161226 0.770503 0.0777597 
-0.160996 0.77067 0.0786209 
-0.16091 0.770661 0.0795437 
-0.161021 0.770766 0.0806001 
-0.160767 0.770772 0.0814988 
-0.160802 0.770916 0.0825821 
-0.160777 0.770933 0.0836571 
-0.160453 0.770999 0.0845402 
-0.160687 0.771002 0.0854494 
-0.160507 0.770944 0.0864402 
-0.16031 0.771169 0.0873794 
-0.160706 0.770852 0.0878852 
-0.160869 0.770553 0.0877142 
-0.160773 0.770451 0.0874381 
-0.160767 0.770439 0.088086 
-0.161174 0.770307 0.0881265 
-0.161552 0.770288 0.0879965 
-0.161412 0.770419 0.0881306 
-0.161429 0.770342 0.0879291 
-0.161266 0.770363 0.0877385 
-0.161397 0.770316 0.0877255 
-0.16145 0.770304 0.0876931 
-0.161373 0.77038 0.0876795 
-0.161535 0.770304 0.0876133 
-0.16151 0.770286 0.0874282 
-0.161443 0.770326 0.0873573 
-0.161657 0.770231 0.0873072 
-0.161429 0.770367 0.087215 
-0.161399 0.770375 0.0871583 
-0.161737 0.770213 0.0870571 
-0.161474 0.770376 0.0869919 
-0.161516 0.770352 0.0869394 
-0.161754 0.770253 0.0868516 
-0.161563 0.770343 0.0867543 
-0.161632 0.770316 0.0867004 
-0.16188 0.770273 0.0865742 
-0.16165 0.77034 0.0864139 
-0.161774 0.770259 0.0863322 
-0.16196 0.770175 0.0862349 
-0.161665 0.770388 0.0863863 
-0.161913 0.770236 0.0862197 
-0.161849 0.770301 0.0861103 
-0.161679 0.77038 0.0860463 
-0.161997 0.770193 0.0859102 
-0.161851 0.770292 0.0859437 
-0.161711 0.770344 0.0858673 
-0.161901 0.770241 0.0857856 
-0.161883 0.770247 0.0856535 
-0.161852 0.770259 0.0855596 
-0.162181 0.770202 0.0854684 
-0.161993 0.770294 0.0854707 
-0.161885 0.770334 0.0854297 
-0.162131 0.770199 0.0853055 
-0.161928 0.770279 0.0852064 
-0.161952 0.770262 0.0851694 
-0.162059 0.770224 0.0850938 
-0.162004 0.770283 0.0849809 
-0.162244 0.770148 0.0849 
-0.162208 0.770193 0.0848607 
-0.162011 0.770288 0.0848171 
-0.162343 0.770137 0.08471 
-0.162301 0.770228 0.0846837 
-0.162104 0.770304 0.0846015 
-0.162333 0.770159 0.0844919 
-0.162277 0.770195 0.0844636 
-0.162239 0.770197 0.0844022 
-0.162572 0.770066 0.0842003 
-0.162152 0.77031 0.0842268 
-0.162289 0.770191 0.0840549 
-0.162497 0.770053 0.0838743 
-0.162275 0.770188 0.0839 
-0.162338 0.770149 0.0838535 
-0.162375 0.770163 0.0838207 
-0.162288 0.770252 0.0838244 
-0.162514 0.770092 0.0836769 
-0.162467 0.770128 0.0836114 
-0.162357 0.770174 0.0835452 
-0.162563 0.770078 0.0834665 
-0.162395 0.770175 0.0834051 
-0.162403 0.770173 0.0833385 
-0.162683 0.770086 0.0832193 
-0.162488 0.770229 0.0832255 
-0.162652 0.770103 0.083129 
-0.162841 0.770021 0.0829887 
-0.162581 0.770204 0.0830192 
-0.163025 0.769947 0.0827923 
-0.16269 0.770155 0.0828712 
-0.162568 0.770216 0.0828586 
-0.163038 0.769924 0.082586 
-0.162613 0.770184 0.0826725 
-0.162728 0.770119 0.0825948 
-0.16311 0.769931 0.0823821 
-0.162764 0.770166 0.0824846 
-0.163021 0.770014 0.0823628 
-0.16308 0.769993 0.0822968 
-0.162886 0.770074 0.082235 
-0.163007 0.770018 0.082159 
-0.162895 0.770071 0.0820706 
-0.162853 0.770076 0.0819998 
-0.162924 0.770043 0.0819609 
-0.162966 0.770033 0.081852 
-0.162973 0.770023 0.0818069 
-0.163051 0.770045 0.0817437 
-0.163027 0.770065 0.0816338 
-0.163074 0.770046 0.0816208 
-0.163142 0.770002 0.081492 
-0.163182 0.769964 0.0813219 
-0.163461 0.769861 0.0812361 
-0.163255 0.770036 0.0813422 
-0.163368 0.769964 0.0812761 
-0.163556 0.769889 0.0811222 
-0.16329 0.770015 0.0810445 
-0.163464 0.76991 0.0809708 
-0.163467 0.769918 0.080941 
-0.163331 0.77 0.0809038 
-0.163497 0.769931 0.0808338 
-0.163416 0.76997 0.0807187 
-0.163355 0.769986 0.0806547 
-0.163456 0.769951 0.0806201 
-0.16345 0.76999 0.0805235 
-0.163492 0.769966 0.0804705 
-0.163531 0.769983 0.0804114 
-0.163531 0.770058 0.0803021 
-0.163677 0.769969 0.0802284 
-0.163589 0.770074 0.0802128 
-0.163553 0.770128 0.080182 
-0.163721 0.770025 0.0800789 
-0.163598 0.770109 0.0799882 
-0.163598 0.770111 0.0799357 
-0.16376 0.770027 0.0798424 
-0.163655 0.77013 0.0798185 
-0.163703 0.7701 0.0797861 
-0.163773 0.770065 0.0796707 
-0.163751 0.770138 0.0795668 
-0.163806 0.770108 0.0795455 
-0.163876 0.770095 0.0794606 
-0.16387 0.770146 0.0794064 
-0.164018 0.770071 0.0793308 
-0.163908 0.77017 0.0792878 
-0.163887 0.770165 0.0792351 
-0.163949 0.77014 0.0791615 
-0.163957 0.77019 0.0790668 
-0.164022 0.770151 0.0790474 
-0.164092 0.770141 0.0789561 
-0.164084 0.770181 0.0788714 
-0.164201 0.770106 0.0788269 
-0.164179 0.770133 0.0787863 
-0.16402 0.770221 0.07871 
-0.164201 0.770109 0.0785888 
-0.164053 0.770218 0.0785323 
-0.164082 0.770237 0.0785404 
-0.164236 0.770153 0.0784324 
-0.164119 0.770263 0.078397 
-0.164179 0.770221 0.0783687 
-0.164291 0.770168 0.0782676 
-0.164191 0.770299 0.0782062 
-0.16428 0.770254 0.0781719 
-0.164384 0.770221 0.0780788 
-0.164239 0.770306 0.0780371 
-0.164605 0.770087 0.0778685 
-0.164423 0.770215 0.0779371 
-0.164188 0.770355 0.0779825 
-0.164604 0.770121 0.0777579 
-0.164188 0.770356 0.0777687 
-0.164133 0.770391 0.0777365 
-0.164387 0.770261 0.0776189 
-0.164297 0.770359 0.0775948 
-0.164339 0.77033 0.0775503 
-0.16441 0.770317 0.0774512 
-0.164382 0.77043 0.0773732 
-0.164649 0.770268 0.0772746 
-0.164478 0.770401 0.0772891 
-0.164343 0.770467 0.0772555 
-0.164692 0.770269 0.0770809 
-0.164442 0.770418 0.077036 
-0.164446 0.77037 0.0768601 
-0.164661 0.770307 0.0768239 
-0.164569 0.77048 0.0769657 
-0.164783 0.770336 0.0768158 
-0.164613 0.77047 0.0768133 
-0.16448 0.77051 0.0768046 
-0.164972 0.770244 0.0765407 
-0.164608 0.770585 0.0766928 
-0.164777 0.770482 0.0766106 
-0.165128 0.770297 0.076433 
-0.164702 0.770574 0.0765281 
-0.164961 0.770412 0.0764 
-0.165067 0.770384 0.076288 
-0.164732 0.770538 0.0763031 
-0.165369 0.770135 0.0759437 
-0.164896 0.770559 0.0762696 
-0.164883 0.770582 0.0762534 
-0.16534 0.770301 0.0759449 
-0.164878 0.770603 0.0760285 
-0.16502 0.770455 0.0759355 
-0.165244 0.770383 0.0758143 
-0.165014 0.770623 0.0758595 
-0.165266 0.770468 0.0757394 
-0.165096 0.770543 0.0756913 
-0.165004 0.770484 0.0754857 
-0.165387 0.7703 0.0753346 
-0.165076 0.77061 0.0755694 
-0.165245 0.770486 0.075457 
-0.165564 0.770328 0.0752608 
-0.165145 0.770678 0.0754058 
-0.165425 0.770499 0.0752679 
-0.165527 0.770468 0.0751493 
-0.165191 0.770648 0.075182 
-0.165653 0.770367 0.0749504 
-0.165307 0.770626 0.0750774 
-0.165299 0.770624 0.075047 
-0.16557 0.770494 0.0748415 
-0.165314 0.770618 0.0748659 
-0.165738 0.770368 0.0746647 
-0.165635 0.770483 0.0747331 
-0.16527 0.770738 0.0748888 
-0.165856 0.770356 0.0745333 
-0.165341 0.770673 0.074702 
-0.165277 0.770696 0.0746569 
-0.165728 0.770471 0.0744326 
-0.165468 0.770692 0.0744989 
-0.165763 0.770521 0.0743706 
-0.165583 0.770629 0.0743714 
-0.165323 0.770771 0.0743757 
-0.165749 0.770527 0.0741221 
-0.165313 0.770771 0.0742367 
-0.16562 0.770573 0.0740738 
-0.165899 0.770467 0.0739242 
-0.16539 0.770865 0.0741826 
-0.166009 0.770456 0.0738353 
-0.165681 0.77066 0.0739573 
-0.165344 0.770843 0.0740286 
-0.165908 0.77052 0.0737193 
-0.16547 0.770816 0.0738491 
-0.165886 0.770567 0.0736412 
-0.166189 0.770503 0.073504 
-0.165732 0.770787 0.0737262 
-0.166538 0.770413 0.0732542 
-0.166057 0.77076 0.0735285 
-0.165948 0.770757 0.0735076 
-0.166631 0.770373 0.0730415 
-0.165899 0.770915 0.0734794 
-0.166524 0.770502 0.0730094 
-0.166751 0.770439 0.0729172 
-0.16618 0.770816 0.0732621 
-0.166856 0.770431 0.0728228 
-0.166421 0.770751 0.0730914 
-0.166555 0.770692 0.0729404 
-0.16708 0.770493 0.0725651 
-0.166526 0.770888 0.0729278 
-0.166966 0.770497 0.0725651 
-0.166851 0.770646 0.07266 
-0.166484 0.770879 0.0728093 
-0.166985 0.770641 0.0724417 
-0.166604 0.77094 0.0726951 
-0.166895 0.770643 0.0724089 
-0.167126 0.770614 0.0723256 
-0.166671 0.770907 0.0725651 
-0.167169 0.770674 0.0722362 
-0.16689 0.770879 0.0723966 
-0.16688 0.770865 0.0723653 
-0.167476 0.770637 0.0720398 
-0.166992 0.770927 0.0722217 
-0.167421 0.770641 0.0718892 
-0.167329 0.770836 0.072068 
-0.167114 0.770937 0.0721335 
-0.16768 0.770612 0.0717342 
-0.167261 0.770993 0.0720656 
-0.167541 0.770816 0.0718748 
-0.167873 0.770723 0.0716248 
-0.167459 0.77097 0.071815 
-0.167909 0.770648 0.0714585 
-0.167809 0.770885 0.0715742 
-0.167648 0.770963 0.0716347 
-0.168012 0.770661 0.0713482 
-0.167739 0.770991 0.0715123 
-0.167992 0.770865 0.0713301 
-0.16789 0.770945 0.0713922 
-0.167675 0.77105 0.0714457 
-0.167994 0.770813 0.0710826 
-0.16763 0.771105 0.0712357 
-0.168049 0.770932 0.0709979 
-0.167989 0.771021 0.071042 
-0.167772 0.771152 0.0711354 
-0.168151 0.770923 0.0708913 
-0.167929 0.771128 0.0710008 
-0.16817 0.771047 0.0708414 
-0.168261 0.770947 0.0706544 
-0.167807 0.771242 0.0708626 
-0.168242 0.770915 0.07048 
-0.168173 0.771039 0.0705389 
-0.167974 0.771141 0.0705888 
-0.168454 0.770943 0.0703004 
-0.168019 0.771303 0.0706382 
-0.168565 0.770875 0.0702873 
-0.169153 0.770619 0.0699951 
-0.169256 0.770763 0.0702765 
-0.170355 0.770057 0.0699819 
-0.170925 0.769845 0.0700399 
-0.171642 0.769306 0.0702817 
-0.172067 0.768859 0.0702703 
-0.172586 0.768416 0.0704889 
-0.17332 0.767601 0.0706897 
-0.173258 0.767348 0.0708793 
-0.173684 0.76676 0.0710419 
-0.174167 0.766153 0.0711294 
-0.174146 0.765982 0.0712747 
-0.174821 0.765305 0.0713541 
-0.175094 0.76474 0.071495 
-0.175141 0.76453 0.0716786 
-0.175836 0.763638 0.0716999 
-0.175996 0.763374 0.0718644 
-0.176287 0.762788 0.0720004 
-0.1769 0.76212 0.0720183 
-0.1771 0.761794 0.0721981 
-0.177581 0.761033 0.0723088 
-0.177984 0.760599 0.0723449 
-0.178345 0.760058 0.0725401 
-0.178835 0.759285 0.0726002 
-0.179141 0.758913 0.0727202 
-0.179716 0.758085 0.0729033 
-0.180058 0.757483 0.0729069 
-0.180325 0.756988 0.0731143 
-0.180935 0.756088 0.0731934 
-0.18118 0.755586 0.0732352 
-0.181583 0.754828 0.0734704 
-0.182104 0.75412 0.0735303 
-0.182248 0.753585 0.0736837 
-0.182757 0.752685 0.0738031 
-0.183249 0.752067 0.0740113 
-0.183496 0.751282 0.0741873 
-0.184024 0.750419 0.0744371 
-0.184337 0.749527 0.0746467 
-0.184669 0.748477 0.0749078 
-0.184823 0.747444 0.0751554 
-0.185191 0.74665 0.0753888 
-0.185686 0.745519 0.0756283 
-0.185957 0.744629 0.0758467 
-0.186241 0.743808 0.0760213 
-0.186553 0.742758 0.0761876 
-0.18673 0.742102 0.0763908 
-0.187027 0.741107 0.0765408 
-0.187333 0.740332 0.0767005 
-0.18758 0.739794 0.0768906 
-0.187877 0.738888 0.076863 
-0.188136 0.73828 0.0769643 
-0.188558 0.737614 0.0770881 
-0.188792 0.736906 0.077022 
-0.189125 0.736113 0.0771156 
-0.189568 0.735436 0.077251 
-0.189847 0.734618 0.0772574 
-0.190351 0.733669 0.0773316 
-0.190716 0.733003 0.0774684 
-0.19106 0.732067 0.0774582 
-0.191597 0.731015 0.0775423 
-0.19193 0.730258 0.0777584 
-0.192193 0.729223 0.0777976 
-0.19269 0.728246 0.0778851 
-0.192972 0.727385 0.0779563 
-0.193266 0.726284 0.0779672 
-0.193605 0.725459 0.0780719 
-0.193852 0.72451 0.0781773 
-0.194117 0.723511 0.0781656 
-0.194346 0.722825 0.0781877 
-0.194457 0.721859 0.078197 
-0.194628 0.721071 0.0782278 
-0.194939 0.720264 0.0782655 
-0.19505 0.719413 0.0781093 
-0.195363 0.71874 0.0781167 
-0.195694 0.717948 0.0781131 
-0.195849 0.717142 0.0780052 
-0.196119 0.716517 0.0780004 
-0.196348 0.715732 0.0779803 
-0.196234 0.715267 0.0779721 
-0.195778 0.71492 0.0778976 
-0.195308 0.714718 0.0779805 
-0.195371 0.714777 0.0779361 
-0.195244 0.714924 0.07798 
-0.195085 0.715111 0.0780154 
-0.195064 0.715124 0.0779252 
-0.194953 0.715277 0.0779179 
-0.194854 0.715438 0.0778663 
-0.194819 0.715453 0.0777767 
-0.194676 0.715615 0.0777302 
-0.194602 0.715711 0.0776543 
-0.19459 0.715779 0.0775868 
-0.194436 0.715989 0.0775407 
-0.194427 0.716014 0.0774759 
-0.194347 0.716181 0.0774262 
-0.194269 0.716313 0.0773788 
-0.194249 0.716353 0.0772951 
-0.194167 0.716481 0.0772024 
-0.194123 0.716545 0.0771391 
-0.194072 0.716662 0.0770874 
-0.194027 0.716775 0.0770158 
-0.193963 0.716829 0.0769457 
-0.19383 0.716994 0.0768859 
-0.193815 0.717042 0.0768166 
-0.193754 0.717161 0.0766267 
-0.193673 0.7173 0.0765778 
-0.193637 0.71739 0.0765873 
-0.193575 0.717599 0.0766326 
-0.193538 0.717664 0.0765365 
-0.193462 0.717797 0.0764966 
-0.193353 0.717973 0.0764915 
-0.193339 0.717961 0.0763778 
-0.193307 0.718154 0.0763193 
-0.193248 0.718267 0.0762861 
-0.1932 0.718307 0.0762075 
-0.193093 0.718461 0.0761057 
-0.193054 0.718532 0.0760496 
-0.192989 0.718694 0.0760195 
-0.192957 0.718785 0.0759674 
-0.192876 0.718862 0.0758837 
-0.192798 0.719064 0.0758317 
-0.192803 0.719118 0.075756 
-0.192719 0.719271 0.0757118 
-0.192682 0.719362 0.0756465 
-0.192653 0.719382 0.0755569 
-0.192522 0.719589 0.0755068 
-0.192501 0.719644 0.0754345 
-0.192476 0.719734 0.0753197 
-0.192409 0.719826 0.0751293 
-0.192395 0.719875 0.0751275 
-0.192266 0.720104 0.0751887 
-0.192239 0.720198 0.075151 
-0.192191 0.72034 0.0751416 
-0.192162 0.720462 0.0751263 
-0.192157 0.720464 0.0750207 
-0.192025 0.720661 0.0749595 
-0.191947 0.720749 0.0749172 
-0.191945 0.720799 0.0748427 
-0.191849 0.720982 0.0747874 
-0.191828 0.720995 0.0747229 
-0.191738 0.721116 0.0746513 
-0.191671 0.721219 0.0745893 
-0.191632 0.721284 0.0745352 
-0.191533 0.721443 0.0744881 
-0.19149 0.7215 0.0744276 
-0.19145 0.721637 0.0743792 
-0.191382 0.721737 0.0743222 
-0.191312 0.721833 0.0742491 
-0.191235 0.721987 0.0742077 
-0.19123 0.722034 0.0741448 
-0.191149 0.722188 0.0740806 
-0.191136 0.722267 0.0740093 
-0.191103 0.722317 0.073963 
-0.190971 0.722512 0.0739246 
-0.190933 0.722561 0.0738499 
-0.190904 0.722671 0.073759 
-0.190847 0.722799 0.0737006 
-0.190818 0.722819 0.0736635 
-0.190737 0.722942 0.0736409 
-0.19066 0.723053 0.073609 
-0.190659 0.723196 0.0735452 
-0.190629 0.723263 0.0734938 
-0.19055 0.723333 0.0734391 
-0.190466 0.723553 0.0733816 
-0.190459 0.723554 0.0733107 
-0.190386 0.723679 0.0732724 
-0.19034 0.723814 0.0732288 
-0.19037 0.723864 0.0731593 
-0.190258 0.723978 0.0730661 
-0.190159 0.724047 0.073019 
-0.190135 0.724086 0.0729836 
-0.190056 0.724301 0.0729271 
-0.190024 0.724332 0.0728575 
-0.18998 0.724458 0.0728258 
-0.18994 0.724555 0.0727823 
-0.189922 0.724637 0.0727035 
-0.189803 0.724805 0.0726561 
-0.18977 0.724828 0.0725938 
-0.189738 0.724947 0.0725543 
-0.189704 0.725096 0.07252 
-0.189684 0.725129 0.0724542 
-0.189597 0.725224 0.0723738 
-0.18953 0.725276 0.0723169 
-0.189489 0.725425 0.0722845 
-0.189445 0.725554 0.0722384 
-0.189424 0.725559 0.0721606 
-0.189337 0.725744 0.0721095 
-0.189302 0.725809 0.0720589 
-0.189271 0.725859 0.0719994 
-0.189158 0.726059 0.0719818 
-0.189127 0.72608 0.0719085 
-0.189088 0.726161 0.071844 
-0.189053 0.726288 0.0718023 
-0.189 0.726318 0.0717462 
-0.188925 0.72648 0.071702 
-0.188884 0.726542 0.0716403 
-0.188818 0.726617 0.0715827 
-0.18876 0.726773 0.0715597 
-0.188757 0.726806 0.0714798 
-0.188694 0.726962 0.0714262 
-0.188659 0.727067 0.0713791 
-0.188646 0.727108 0.0712364 
-0.188591 0.727214 0.0711915 
-0.188556 0.727264 0.0711798 
-0.188519 0.727402 0.0711282 
-0.18849 0.72752 0.0710988 
-0.188449 0.727572 0.0710353 
-0.188372 0.727712 0.0709885 
-0.188382 0.727795 0.0709327 
-0.1883 0.727923 0.0708928 
-0.18824 0.728012 0.0708503 
-0.188202 0.728035 0.0707848 
-0.188214 0.728206 0.0707317 
-0.188144 0.728264 0.0706937 
-0.188084 0.728339 0.0706111 
-0.188091 0.72846 0.0705603 
-0.188084 0.728563 0.070538 
-0.187967 0.728737 0.070492 
-0.187937 0.728787 0.0704487 
-0.187911 0.728804 0.0703881 
-0.187891 0.728974 0.0703342 
-0.18786 0.729016 0.0702777 
-0.187745 0.729151 0.0702567 
-0.187718 0.729224 0.0702113 
-0.187706 0.729324 0.0701458 
-0.187677 0.729441 0.0700992 
-0.187632 0.729473 0.0700433 
-0.187562 0.729643 0.0700096 
-0.187552 0.729783 0.0699663 
-0.187547 0.729777 0.0698965 
-0.187439 0.729937 0.0698559 
-0.187426 0.729992 0.06978 
-0.187385 0.730054 0.0696312 
-0.187315 0.730152 0.0695435 
-0.187318 0.730182 0.0695406 
-0.187254 0.730361 0.0696174 
-0.187184 0.730404 0.0695537 
-0.187144 0.730516 0.0695206 
-0.187096 0.730666 0.069518 
-0.187071 0.730669 0.0694327 
-0.187016 0.7308 0.0693651 
-0.186999 0.730854 0.0693481 
-0.18694 0.730962 0.0693004 
-0.186863 0.731109 0.0692521 
-0.186869 0.731112 0.0692132 
-0.186849 0.731177 0.0691354 
-0.186803 0.731277 0.0690885 
-0.186782 0.731337 0.0690679 
-0.186641 0.731517 0.0690273 
-0.186615 0.731522 0.0689543 
-0.186621 0.731591 0.0689216 
-0.18656 0.731744 0.0689103 
-0.186564 0.731767 0.0688346 
-0.186513 0.731905 0.068788 
-0.186399 0.732001 0.068744 
-0.186393 0.732046 0.0686889 
-0.186375 0.732182 0.0686694 
-0.186299 0.732258 0.0686047 
-0.186278 0.73238 0.0685723 
-0.186262 0.732439 0.068526 
-0.186183 0.732525 0.0684643 
-0.186158 0.73267 0.0684234 
-0.186146 0.732676 0.0683821 
-0.186035 0.732792 0.06835 
-0.18601 0.732981 0.0683265 
-0.186018 0.732962 0.0682786 
-0.185963 0.73303 0.0681489 
-0.185961 0.733061 0.0679667 
-0.185923 0.733202 0.0679847 
-0.185784 0.733382 0.0680422 
-0.185779 0.733366 0.0679863 
-0.185816 0.733456 0.0679753 
-0.185776 0.733597 0.0679665 
-0.185776 0.733605 0.067881 
-0.185683 0.733716 0.0678303 
-0.185602 0.733808 0.0678 
-0.185562 0.733942 0.0677701 
-0.185555 0.734004 0.067729 
-0.185493 0.734099 0.067676 
-0.185451 0.734228 0.0676369 
-0.185412 0.734244 0.0675994 
-0.185388 0.734338 0.0675345 
-0.185382 0.734451 0.0675 
-0.185337 0.734481 0.0674616 
-0.185242 0.734608 0.0674134 
-0.185229 0.734659 0.0673725 
-0.185195 0.734745 0.067333 
-0.185134 0.734877 0.0673139 
-0.18511 0.73488 0.0672503 
-0.185062 0.734982 0.0671967 
-0.185021 0.735076 0.0671702 
-0.184987 0.735177 0.0671382 
-0.184998 0.735255 0.0670968 
-0.184948 0.735305 0.0670523 
-0.184864 0.735439 0.0669977 
-0.184869 0.735478 0.0669572 
-0.184827 0.735583 0.066934 
-0.184801 0.735701 0.066893 
-0.184809 0.735699 0.0668434 
-0.184747 0.735821 0.06679 
-0.184697 0.735882 0.066746 
-0.184692 0.735972 0.0667201 
-0.184609 0.736147 0.0667172 
-0.184576 0.736137 0.0666494 
-0.184594 0.73621 0.0665727 
-0.184575 0.73636 0.0665595 
-0.184522 0.736398 0.0665087 
-0.184493 0.736478 0.0664285 
-0.18451 0.736613 0.0664278 
-0.184467 0.736754 0.0664341 
-0.184479 0.736786 0.0663863 
-0.184418 0.736819 0.0663288 
-0.184325 0.736979 0.0662836 
-0.184351 0.737023 0.0662526 
-0.184306 0.73714 0.0662278 
-0.184248 0.737212 0.0661992 
-0.184268 0.737257 0.0661615 
-0.184232 0.737336 0.0660653 
-0.184173 0.737372 0.0660293 
-0.184172 0.737455 0.0660118 
-0.184162 0.737532 0.0659612 
-0.184119 0.737607 0.0659221 
-0.184068 0.737755 0.0658956 
-0.184057 0.737812 0.0658368 
-0.184032 0.737909 0.06581 
-0.183998 0.738041 0.0657968 
-0.183979 0.738051 0.0657358 
-0.183962 0.738142 0.0656901 
-0.183936 0.73822 0.0656632 
-0.183885 0.738279 0.0656331 
-0.18385 0.738392 0.0656011 
-0.183828 0.738416 0.0655623 
-0.183778 0.738536 0.0655197 
-0.18373 0.738621 0.0654714 
-0.183737 0.738644 0.0654592 
-0.183692 0.738768 0.0654236 
-0.183632 0.738805 0.0653687 
-0.183627 0.738892 0.0653558 
-0.183591 0.738996 0.0653337 
-0.183585 0.73903 0.0652721 
-0.183582 0.739097 0.0652191 
-0.183514 0.739164 0.0651882 
-0.183477 0.739259 0.0651558 
-0.18347 0.73934 0.0651128 
-0.183443 0.739375 0.0650774 
-0.183362 0.739515 0.0650554 
-0.183371 0.739549 0.0649952 
-0.183349 0.73963 0.0649678 
-0.183291 0.739767 0.0649489 
-0.18331 0.739769 0.0648829 
-0.183306 0.739881 0.0648573 
-0.183245 0.739965 0.0648406 
-0.183212 0.739974 0.0647824 
-0.183135 0.740121 0.0647489 
-0.183132 0.740157 0.0647129 
-0.183143 0.740254 0.0646925 
-0.183112 0.740329 0.064656 
-0.183074 0.74038 0.0646204 
-0.183004 0.740516 0.0645971 
-0.182986 0.740572 0.0645494 
-0.182985 0.740676 0.0645344 
-0.182948 0.740745 0.0644919 
-0.182915 0.740781 0.0644432 
-0.182911 0.740897 0.0644099 
-0.182855 0.740943 0.0643701 
-0.182819 0.741033 0.0643207 
-0.182836 0.74109 0.0642959 
-0.182791 0.741173 0.0642678 
-0.182765 0.741285 0.0642213 
-0.182767 0.741273 0.0641087 
-0.182682 0.741362 0.0640553 
-0.182656 0.741477 0.0641029 
-0.182671 0.741549 0.0640703 
-0.182638 0.741663 0.0640671 
-0.18263 0.7417 0.0640378 
-0.182568 0.741783 0.063984 
-0.182522 0.741879 0.0639626 
-0.182515 0.74189 0.0639282 
-0.182535 0.74196 0.0638799 
-0.182503 0.742014 0.0638433 
-0.182467 0.742137 0.0638138 
-0.182454 0.742209 0.0637747 
-0.182425 0.742226 0.0637401 
-0.182414 0.742351 0.0637337 
-0.182428 0.742363 0.0636916 
-0.182337 0.742458 0.0636527 
-0.182283 0.742593 0.0636345 
-0.182308 0.742594 0.0635894 
-0.182305 0.742697 0.0635435 
-0.182304 0.74276 0.063519 
-0.182249 0.742824 0.0634869 
-0.182192 0.742949 0.0634687 
-0.182208 0.742958 0.0634259 
-0.182169 0.743078 0.0633847 
-0.182158 0.743176 0.0633663 
-0.182174 0.743202 0.063336 
-0.182111 0.743313 0.0632838 
-0.182084 0.743356 0.0632668 
-0.182077 0.743444 0.0632385 
-0.18204 0.743524 0.0631858 
-0.182033 0.743575 0.0631727 
-0.182034 0.743684 0.0631607 
-0.182005 0.743717 0.0631043 
-0.181966 0.743834 0.0630821 
-0.181964 0.743899 0.0630537 
-0.181909 0.74393 0.0630078 
-0.181938 0.744015 0.0629811 
-0.181925 0.74405 0.0629548 
-0.181835 0.744161 0.0629069 
-0.181844 0.744235 0.062879 
-0.18183 0.744262 0.0628582 
-0.1818 0.74436 0.0628221 
-0.181808 0.744382 0.0627278 
-0.181751 0.744434 0.0625258 
-0.181701 0.74457 0.0625546 
-0.181699 0.744588 0.0625458 
-0.181756 0.744642 0.0625758 
-0.181737 0.744718 0.0625779 
-0.181698 0.744805 0.0625476 
-0.181713 0.744875 0.0625373 
-0.181671 0.744921 0.0624785 
-0.181627 0.745053 0.062443 
-0.181642 0.745074 0.0624274 
-0.181614 0.745147 0.0623969 
-0.181579 0.745274 0.0623897 
-0.181564 0.745289 0.0623686 
-0.181579 0.7453 0.0622756 
-0.18154 0.745364 0.0622464 
-0.181512 0.74544 0.0622508 
-0.181488 0.74551 0.0622098 
-0.181476 0.745574 0.0621726 
-0.181467 0.745691 0.0621507 
-0.181434 0.74572 0.0621101 
-0.18141 0.745774 0.0620856 
-0.1814 0.745913 0.062065 
-0.181399 0.745953 0.0620262 
-0.181412 0.746023 0.0619934 
-0.181388 0.746067 0.0619626 
-0.181315 0.746113 0.0619246 
-0.181273 0.746282 0.0619436 
-0.181269 0.746317 0.0619058 
-0.18131 0.746331 0.0618282 
-0.181329 0.746357 0.0618158 
-0.18126 0.746459 0.0618067 
-0.181164 0.746597 0.0617863 
-0.181168 0.746587 0.061754 
-0.181177 0.746632 0.0616815 
-0.181171 0.746698 0.0616631 
-0.181177 0.74678 0.0616609 
-0.181057 0.746906 0.0616353 
-0.181065 0.7469 0.0615952 
-0.181049 0.746986 0.0615773 
-0.181029 0.747115 0.0615514 
-0.181035 0.747147 0.0615294 
-0.181033 0.747155 0.0614641 
-0.180997 0.747176 0.0614217 
-0.180964 0.747275 0.0614107 
-0.180973 0.747375 0.0614024 
-0.180925 0.747406 0.061356 
-0.180909 0.747491 0.061313 
-0.180904 0.747527 0.061283 
-0.180843 0.747586 0.0612384 
-0.180803 0.747645 0.0611089 
-0.180793 0.747631 0.0609788 
-0.180829 0.747694 0.0609857 
-0.180841 0.747775 0.0610003 
-0.180772 0.74787 0.0610121 
-0.180683 0.74797 0.0610242 
-0.1807 0.747971 0.0609891 
-0.180722 0.748002 0.0609626 
-0.180673 0.748046 0.0609437 
-0.180644 0.748103 0.06092 
-0.180568 0.748195 0.0609042 
-0.180545 0.748224 0.0608687 
-0.180627 0.748245 0.0608159 
-0.180585 0.748306 0.0607853 
-0.180524 0.748379 0.0607803 
-0.180496 0.748469 0.0607735 
-0.180449 0.748494 0.0607379 
-0.180513 0.748489 0.060669 
-0.180512 0.748521 0.060651 
-0.180409 0.748607 0.0606409 
-0.180367 0.748696 0.0606234 
-0.180378 0.748707 0.0605858 
-0.180378 0.748799 0.060549 
-0.180365 0.74885 0.0605332 
-0.18033 0.748887 0.0605073 
-0.180274 0.749012 0.060491 
-0.180284 0.749014 0.0604574 
-0.180289 0.749103 0.0604194 
-0.180252 0.749158 0.0603861 
-0.180244 0.749196 0.0603815 
-0.180196 0.749305 0.0603583 
-0.180158 0.749309 0.0602995 
