0.588039 ,-0.62135 ,-0.517817, -0.696359 
-0.727276 ,-0.686342 ,-0.00233329, 0.0117364 
-0.35395 ,0.377968 ,-0.855488, 0.0867495 
0 ,0 ,0, 1 
0.58804 ,-0.621349 ,-0.517817, -0.696359 
-0.727274 ,-0.686343 ,-0.00233239, 0.0117369 
-0.353951 ,0.377967 ,-0.855488, 0.0867495 
0 ,0 ,0, 1 
0.588197 ,-0.621608 ,-0.517328, -0.695723 
-0.727314 ,-0.686301 ,-0.00230891, 0.0117594 
-0.353607 ,0.377618 ,-0.855784, 0.0864154 
0 ,0 ,0, 1 
0.588184 ,-0.621857 ,-0.517043, -0.694718 
-0.72741 ,-0.6862 ,-0.00219077, 0.0118699 
-0.353432 ,0.37739 ,-0.855957, 0.086057 
0 ,0 ,0, 1 
0.588373 ,-0.621736 ,-0.516974, -0.694489 
-0.727263 ,-0.686355 ,-0.00226412, 0.0118103 
-0.35342 ,0.377308 ,-0.855998, 0.0860201 
0 ,0 ,0, 1 
0.588508 ,-0.621822 ,-0.516716, -0.693698 
-0.72724 ,-0.686379 ,-0.00228469, 0.0117804 
-0.353243 ,0.377121 ,-0.856154, 0.0858268 
0 ,0 ,0, 1 
0.588417 ,-0.62187 ,-0.516762, -0.693029 
-0.727311 ,-0.686305 ,-0.00226386, 0.011794 
-0.353249 ,0.377179 ,-0.856126, 0.0857166 
0 ,0 ,0, 1 
0.58851 ,-0.621874 ,-0.516651, -0.692586 
-0.727261 ,-0.686357 ,-0.00226895, 0.0118019 
-0.353197 ,0.377076 ,-0.856193, 0.0856883 
0 ,0 ,0, 1 
0.588534 ,-0.621895 ,-0.516599, -0.691845 
-0.727256 ,-0.686363 ,-0.00226166, 0.0117916 
-0.353168 ,0.37703 ,-0.856225, 0.0855636 
0 ,0 ,0, 1 
0.588481 ,-0.621941 ,-0.516603, -0.691281 
-0.727321 ,-0.686294 ,-0.0022855, 0.0117789 
-0.35312 ,0.377081 ,-0.856222, 0.0855661 
0 ,0 ,0, 1 
0.588488 ,-0.621993 ,-0.516533, -0.690713 
-0.727338 ,-0.686275 ,-0.00226846, 0.0117975 
-0.353073 ,0.377029 ,-0.856264, 0.0854755 
0 ,0 ,0, 1 
0.588457 ,-0.621958 ,-0.516611, -0.690084 
-0.727334 ,-0.68628 ,-0.0022599, 0.0117875 
-0.353134 ,0.377079 ,-0.856217, 0.0854352 
0 ,0 ,0, 1 
0.588424 ,-0.622032 ,-0.51656, -0.689505 
-0.727403 ,-0.686207 ,-0.00228215, 0.0117781 
-0.353047 ,0.37709 ,-0.856248, 0.0854176 
0 ,0 ,0, 1 
0.588354 ,-0.621986 ,-0.516694, -0.688985 
-0.727415 ,-0.686194 ,-0.0022729, 0.0117858 
-0.353139 ,0.377188 ,-0.856167, 0.0854074 
0 ,0 ,0, 1 
0.588482 ,-0.622131 ,-0.516374, -0.688212 
-0.727418 ,-0.686191 ,-0.0022685, 0.0117807 
-0.35292 ,0.376954 ,-0.85636, 0.0852243 
0 ,0 ,0, 1 
0.588338 ,-0.62206 ,-0.516623, -0.687781 
-0.727466 ,-0.68614 ,-0.00227513, 0.0117755 
-0.35306 ,0.377164 ,-0.85621, 0.0853389 
0 ,0 ,0, 1 
0.588338 ,-0.622084 ,-0.516594, -0.687147 
-0.727485 ,-0.686119 ,-0.00229031, 0.0117631 
-0.35302 ,0.377162 ,-0.856228, 0.0852161 
0 ,0 ,0, 1 
0.588378 ,-0.622171 ,-0.516445, -0.686507 
-0.727499 ,-0.686105 ,-0.00226352, 0.0117832 
-0.352927 ,0.377045 ,-0.856318, 0.0851673 
0 ,0 ,0, 1 
0.588214 ,-0.622089 ,-0.516729, -0.686037 
-0.727548 ,-0.686053 ,-0.00226153, 0.0117773 
-0.353097 ,0.377276 ,-0.856146, 0.0852294 
0 ,0 ,0, 1 
0.588259 ,-0.622123 ,-0.516637, -0.685419 
-0.727554 ,-0.686047 ,-0.00229296, 0.0117542 
-0.353011 ,0.37723 ,-0.856201, 0.0851786 
0 ,0 ,0, 1 
0.588331 ,-0.622239 ,-0.516416, -0.684736 
-0.727566 ,-0.686034 ,-0.00227009, 0.0117711 
-0.352867 ,0.377063 ,-0.856335, 0.0850675 
0 ,0 ,0, 1 
0.588121 ,-0.622155 ,-0.516756, -0.684326 
-0.727632 ,-0.685964 ,-0.00224375, 0.0117902 
-0.35308 ,0.377328 ,-0.85613, 0.0851293 
0 ,0 ,0, 1 
0.588218 ,-0.622189 ,-0.516605, -0.683653 
-0.727616 ,-0.685981 ,-0.00229696, 0.0117442 
-0.352952 ,0.377241 ,-0.856221, 0.0850961 
0 ,0 ,0, 1 
0.58819 ,-0.622197 ,-0.516627, -0.68312 
-0.727623 ,-0.685974 ,-0.00226296, 0.0117684 
-0.352985 ,0.377241 ,-0.856208, 0.0850516 
0 ,0 ,0, 1 
0.588073 ,-0.622227 ,-0.516723, -0.682563 
-0.727696 ,-0.685896 ,-0.00223565, 0.0117935 
-0.353027 ,0.377332 ,-0.85615, 0.0850458 
0 ,0 ,0, 1 
0.588194 ,-0.62228 ,-0.516522, -0.681892 
-0.72768 ,-0.685913 ,-0.0022966, 0.0117435 
-0.35286 ,0.377214 ,-0.856271, 0.0849978 
0 ,0 ,0, 1 
0.588103 ,-0.622223 ,-0.516695, -0.681387 
-0.727688 ,-0.685905 ,-0.0022625, 0.0117652 
-0.352996 ,0.377323 ,-0.856167, 0.0850062 
0 ,0 ,0, 1 
0.588054 ,-0.622345 ,-0.516603, -0.680761 
-0.727768 ,-0.68582 ,-0.00222679, 0.0118022 
-0.352911 ,0.377277 ,-0.856222, 0.0848975 
0 ,0 ,0, 1 
0.588106 ,-0.622318 ,-0.516577, -0.680164 
-0.727744 ,-0.685846 ,-0.00227659, 0.0117625 
-0.352875 ,0.377275 ,-0.856238, 0.0849189 
0 ,0 ,0, 1 
0.588078 ,-0.622286 ,-0.516647, -0.67962 
-0.727738 ,-0.685852 ,-0.0022666, 0.0117587 
-0.352932 ,0.377316 ,-0.856196, 0.0848733 
0 ,0 ,0, 1 
0.588008 ,-0.622322 ,-0.516684, -0.67907 
-0.727781 ,-0.685806 ,-0.00222376, 0.0117903 
-0.352961 ,0.377341 ,-0.856173, 0.0848622 
0 ,0 ,0, 1 
0.588114 ,-0.622405 ,-0.516463, -0.678379 
-0.727785 ,-0.685801 ,-0.00227428, 0.0117688 
-0.352776 ,0.377212 ,-0.856306, 0.0847933 
0 ,0 ,0, 1 
0.588084 ,-0.622277 ,-0.516651, -0.677898 
-0.727734 ,-0.685855 ,-0.0022783, 0.0117486 
-0.35293 ,0.377324 ,-0.856193, 0.084824 
0 ,0 ,0, 1 
0.588037 ,-0.622297 ,-0.516681, -0.677307 
-0.72775 ,-0.685839 ,-0.00222164, 0.0117893 
-0.352978 ,0.377321 ,-0.856175, 0.084774 
0 ,0 ,0, 1 
0.588121 ,-0.622427 ,-0.516429, -0.676648 
-0.72779 ,-0.685796 ,-0.00226638, 0.0117798 
-0.352755 ,0.377185 ,-0.856327, 0.0847069 
0 ,0 ,0, 1 
0.588097 ,-0.62217 ,-0.516764, -0.676179 
-0.727673 ,-0.68592 ,-0.00228952, 0.0117388 
-0.353035 ,0.377382 ,-0.856125, 0.0847937 
0 ,0 ,0, 1 
0.58812 ,-0.622318 ,-0.51656, -0.675539 
-0.727724 ,-0.685866 ,-0.00224943, 0.0117728 
-0.352892 ,0.377236 ,-0.856248, 0.084716 
0 ,0 ,0, 1 
0.588095 ,-0.622461 ,-0.516417, -0.674894 
-0.727809 ,-0.685776 ,-0.0022321, 0.0117973 
-0.352757 ,0.377166 ,-0.856335, 0.0846295 
0 ,0 ,0, 1 
0.588106 ,-0.62213 ,-0.516803, -0.674496 
-0.72764 ,-0.685956 ,-0.00227538, 0.0117567 
-0.353089 ,0.377385 ,-0.856101, 0.0847327 
0 ,0 ,0, 1 
0.588203 ,-0.622315 ,-0.51647, -0.673754 
-0.72768 ,-0.685913 ,-0.00226488, 0.0117616 
-0.352844 ,0.377157 ,-0.856302, 0.0846216 
0 ,0 ,0, 1 
0.588066 ,-0.622348 ,-0.516586, -0.673249 
-0.727761 ,-0.685827 ,-0.00222156, 0.011799 
-0.352906 ,0.377258 ,-0.856232, 0.0845984 
0 ,0 ,0, 1 
0.588139 ,-0.622175 ,-0.516711, -0.672706 
-0.727639 ,-0.685957 ,-0.00225991, 0.0117716 
-0.353036 ,0.377309 ,-0.856157, 0.084621 
0 ,0 ,0, 1 
0.588258 ,-0.622275 ,-0.516455, -0.672023 
-0.72763 ,-0.685966 ,-0.00227489, 0.0117565 
-0.352855 ,0.377127 ,-0.856311, 0.0845696 
0 ,0 ,0, 1 
0.588113 ,-0.622303 ,-0.516587, -0.671522 
-0.727707 ,-0.685885 ,-0.00221932, 0.0118012 
-0.352938 ,0.377229 ,-0.856232, 0.0845547 
0 ,0 ,0, 1 
0.588117 ,-0.622342 ,-0.516535, -0.670921 
-0.727739 ,-0.68585 ,-0.00224999, 0.0117838 
-0.352866 ,0.377226 ,-0.856263, 0.0845073 
0 ,0 ,0, 1 
0.588198 ,-0.622268 ,-0.516532, -0.670358 
-0.727659 ,-0.685935 ,-0.00226852, 0.0117593 
-0.352896 ,0.377194 ,-0.856265, 0.0845286 
0 ,0 ,0, 1 
0.588076 ,-0.622252 ,-0.516691, -0.669836 
-0.727697 ,-0.685895 ,-0.00220939, 0.0118022 
-0.353021 ,0.377294 ,-0.856169, 0.0845234 
0 ,0 ,0, 1 
0.588153 ,-0.62241 ,-0.516413, -0.669165 
-0.727759 ,-0.685829 ,-0.00225919, 0.0117834 
-0.352765 ,0.377153 ,-0.856336, 0.0844177 
0 ,0 ,0, 1 
0.588138 ,-0.622267 ,-0.516601, -0.668645 
-0.72769 ,-0.685902 ,-0.00226136, 0.011762 
-0.35293 ,0.377255 ,-0.856223, 0.0844537 
0 ,0 ,0, 1 
0.588147 ,-0.622339 ,-0.516505, -0.668054 
-0.727708 ,-0.685883 ,-0.00222192, 0.0117941 
-0.35288 ,0.377172 ,-0.856281, 0.0844107 
0 ,0 ,0, 1 
0.588109 ,-0.622443 ,-0.516422, -0.667431 
-0.727797 ,-0.685789 ,-0.00224616, 0.0117927 
-0.352758 ,0.377172 ,-0.856331, 0.08435 
0 ,0 ,0, 1 
0.588076 ,-0.622269 ,-0.51667, -0.666986 
-0.72773 ,-0.68586 ,-0.00226648, 0.0117567 
-0.352953 ,0.377329 ,-0.856182, 0.0844339 
0 ,0 ,0, 1 
0.58815 ,-0.622389 ,-0.516441, -0.666291 
-0.727742 ,-0.685847 ,-0.00224148, 0.0117783 
-0.352804 ,0.377154 ,-0.85632, 0.0843848 
0 ,0 ,0, 1 
0.587975 ,-0.622373 ,-0.516659, -0.665844 
-0.727822 ,-0.685763 ,-0.00220722, 0.0118137 
-0.352932 ,0.377334 ,-0.856188, 0.0843916 
0 ,0 ,0, 1 
0.588081 ,-0.622394 ,-0.516513, -0.665211 
-0.727802 ,-0.685784 ,-0.00228117, 0.0117498 
-0.352797 ,0.377261 ,-0.856276, 0.0843412 
0 ,0 ,0, 1 
0.588115 ,-0.622429 ,-0.516433, -0.664598 
-0.727791 ,-0.685795 ,-0.0022568, 0.0117619 
-0.352763 ,0.377183 ,-0.856325, 0.0843264 
0 ,0 ,0, 1 
0.588004 ,-0.622408 ,-0.516583, -0.664106 
-0.727819 ,-0.685765 ,-0.00219684, 0.0118126 
-0.352888 ,0.377271 ,-0.856234, 0.084344 
0 ,0 ,0, 1 
0.588 ,-0.622429 ,-0.516564, -0.663513 
-0.727865 ,-0.685717 ,-0.00227475, 0.0117551 
-0.352801 ,0.377326 ,-0.856246, 0.0842925 
0 ,0 ,0, 1 
0.588096 ,-0.622446 ,-0.516435, -0.66289 
-0.727817 ,-0.685767 ,-0.00227267, 0.0117486 
-0.352739 ,0.377207 ,-0.856324, 0.0842764 
0 ,0 ,0, 1 
0.587975 ,-0.622388 ,-0.516642, -0.662399 
-0.727826 ,-0.685758 ,-0.00219883, 0.0118057 
-0.352923 ,0.377318 ,-0.856199, 0.0843102 
0 ,0 ,0, 1 
0.58798 ,-0.622421 ,-0.516596, -0.661834 
-0.727864 ,-0.685718 ,-0.00225343, 0.0117675 
-0.352837 ,0.377336 ,-0.856226, 0.0842676 
0 ,0 ,0, 1 
0.588048 ,-0.622446 ,-0.516488, -0.661206 
-0.727848 ,-0.685734 ,-0.0022787, 0.0117431 
-0.352755 ,0.377265 ,-0.856291, 0.0842371 
0 ,0 ,0, 1 
0.587942 ,-0.622379 ,-0.516689, -0.660752 
-0.727844 ,-0.685739 ,-0.00220658, 0.0118023 
-0.352941 ,0.377367 ,-0.85617, 0.0843192 
0 ,0 ,0, 1 
0.588067 ,-0.622388 ,-0.516538, -0.660115 
-0.727786 ,-0.685801 ,-0.00223153, 0.0117816 
-0.352853 ,0.377241 ,-0.856262, 0.0842613 
0 ,0 ,0, 1 
0.588006 ,-0.622286 ,-0.516729, -0.65967 
-0.727783 ,-0.685804 ,-0.00227184, 0.0117479 
-0.352961 ,0.377402 ,-0.856146, 0.0843024 
0 ,0 ,0, 1 
0.587987 ,-0.622278 ,-0.516761, -0.659131 
-0.727766 ,-0.685822 ,-0.00221609, 0.0117985 
-0.353027 ,0.377384 ,-0.856127, 0.0843745 
0 ,0 ,0, 1 
0.587988 ,-0.622257 ,-0.516784, -0.658626 
-0.727747 ,-0.685842 ,-0.00219938, 0.01181 
-0.353064 ,0.377382 ,-0.856113, 0.0843792 
0 ,0 ,0, 1 
0.587983 ,-0.622164 ,-0.516901, -0.658185 
-0.727719 ,-0.685871 ,-0.00224816, 0.0117612 
-0.353129 ,0.377481 ,-0.856042, 0.0844832 
0 ,0 ,0, 1 
0.587981 ,-0.622218 ,-0.51684, -0.657655 
-0.727745 ,-0.685844 ,-0.00223572, 0.0117788 
-0.353081 ,0.377442 ,-0.856079, 0.0845242 
0 ,0 ,0, 1 
0.587874 ,-0.622184 ,-0.517001, -0.657268 
-0.727768 ,-0.68582 ,-0.00218567, 0.0118253 
-0.35321 ,0.377542 ,-0.855982, 0.0847139 
0 ,0 ,0, 1 
0.587965 ,-0.622201 ,-0.516878, -0.656769 
-0.727739 ,-0.685851 ,-0.00222037, 0.0117915 
-0.35312 ,0.377458 ,-0.856056, 0.0847506 
0 ,0 ,0, 1 
0.587966 ,-0.622199 ,-0.516879, -0.656347 
-0.727742 ,-0.685847 ,-0.00223388, 0.0117785 
-0.35311 ,0.377468 ,-0.856055, 0.0848779 
0 ,0 ,0, 1 
0.587891 ,-0.622192 ,-0.516974, -0.655989 
-0.727779 ,-0.685808 ,-0.0022251, 0.0117927 
-0.35316 ,0.377551 ,-0.855998, 0.085088 
0 ,0 ,0, 1 
0.587842 ,-0.62217 ,-0.517055, -0.655651 
-0.727789 ,-0.685798 ,-0.00220899, 0.0118063 
-0.353221 ,0.377606 ,-0.855949, 0.0852927 
0 ,0 ,0, 1 
0.587812 ,-0.622154 ,-0.517109, -0.655329 
-0.727796 ,-0.68579 ,-0.00220476, 0.0118078 
-0.353257 ,0.377646 ,-0.855917, 0.0854719 
0 ,0 ,0, 1 
0.587722 ,-0.622069 ,-0.517314, -0.655097 
-0.7278 ,-0.685786 ,-0.00220005, 0.0118084 
-0.353398 ,0.377794 ,-0.855793, 0.0857631 
0 ,0 ,0, 1 
0.587674 ,-0.622014 ,-0.517433, -0.654855 
-0.727801 ,-0.685785 ,-0.00220604, 0.0118029 
-0.353476 ,0.377885 ,-0.855721, 0.0860445 
0 ,0 ,0, 1 
0.587637 ,-0.621965 ,-0.517536, -0.654608 
-0.7278 ,-0.685786 ,-0.00221734, 0.011793 
-0.35354 ,0.377965 ,-0.855659, 0.0863343 
0 ,0 ,0, 1 
0.587657 ,-0.621968 ,-0.517509, -0.654329 
-0.727797 ,-0.685789 ,-0.0022342, 0.0117818 
-0.353512 ,0.377954 ,-0.855675, 0.0865775 
0 ,0 ,0, 1 
0.587659 ,-0.62195 ,-0.517528, -0.654042 
-0.727793 ,-0.685794 ,-0.00224935, 0.0117708 
-0.353518 ,0.377975 ,-0.855663, 0.0868536 
0 ,0 ,0, 1 
0.587697 ,-0.621976 ,-0.517453, -0.653703 
-0.727792 ,-0.685794 ,-0.00226727, 0.0117581 
-0.353456 ,0.37793 ,-0.855709, 0.0870695 
0 ,0 ,0, 1 
0.587733 ,-0.621997 ,-0.517387, -0.653362 
-0.727789 ,-0.685797 ,-0.00228446, 0.0117463 
-0.353402 ,0.377891 ,-0.855748, 0.0873024 
0 ,0 ,0, 1 
0.587699 ,-0.621953 ,-0.517478, -0.65308 
-0.727785 ,-0.685801 ,-0.00228502, 0.0117417 
-0.353466 ,0.377956 ,-0.855693, 0.0875401 
0 ,0 ,0, 1 
0.587746 ,-0.62199 ,-0.517381, -0.652719 
-0.727786 ,-0.685801 ,-0.00230379, 0.011729 
-0.353387 ,0.377896 ,-0.855752, 0.0877445 
0 ,0 ,0, 1 
0.587798 ,-0.622032 ,-0.517272, -0.652336 
-0.727785 ,-0.685801 ,-0.00232088, 0.0117185 
-0.353302 ,0.377827 ,-0.855818, 0.0879796 
0 ,0 ,0, 1 
0.587731 ,-0.621995 ,-0.517392, -0.652055 
-0.727795 ,-0.685791 ,-0.00229845, 0.0117325 
-0.353393 ,0.377906 ,-0.855745, 0.0882059 
0 ,0 ,0, 1 
0.587713 ,-0.621988 ,-0.517421, -0.651744 
-0.727801 ,-0.685785 ,-0.00229596, 0.0117339 
-0.353411 ,0.377929 ,-0.855728, 0.0884266 
0 ,0 ,0, 1 
0.587708 ,-0.621975 ,-0.517443, -0.651431 
-0.7278 ,-0.685786 ,-0.00230338, 0.0117276 
-0.353422 ,0.377948 ,-0.855715, 0.0886722 
0 ,0 ,0, 1 
0.587645 ,-0.621903 ,-0.5176, -0.651168 
-0.727798 ,-0.685788 ,-0.00230512, 0.0117236 
-0.35353 ,0.378062 ,-0.85562, 0.0889878 
0 ,0 ,0, 1 
0.587678 ,-0.621939 ,-0.51752, -0.650827 
-0.727801 ,-0.685785 ,-0.00231063, 0.0117197 
-0.35347 ,0.378009 ,-0.855668, 0.0891381 
0 ,0 ,0, 1 
0.587629 ,-0.621902 ,-0.517619, -0.650548 
-0.727803 ,-0.685782 ,-0.00229716, 0.0117293 
-0.353545 ,0.378075 ,-0.855608, 0.0894172 
0 ,0 ,0, 1 
0.587634 ,-0.621919 ,-0.517594, -0.650208 
-0.727808 ,-0.685777 ,-0.00229382, 0.0117331 
-0.353527 ,0.378057 ,-0.855623, 0.0896345 
0 ,0 ,0, 1 
0.587597 ,-0.621881 ,-0.517681, -0.649918 
-0.727809 ,-0.685776 ,-0.00229318, 0.011732 
-0.353587 ,0.378121 ,-0.85557, 0.0898975 
0 ,0 ,0, 1 
0.587616 ,-0.621891 ,-0.517648, -0.649601 
-0.727805 ,-0.68578 ,-0.00229936, 0.0117279 
-0.353562 ,0.378098 ,-0.855591, 0.0901094 
0 ,0 ,0, 1 
0.587631 ,-0.621947 ,-0.517564, -0.649246 
-0.727823 ,-0.685762 ,-0.00228746, 0.0117434 
-0.353503 ,0.378039 ,-0.855641, 0.090338 
0 ,0 ,0, 1 
0.587565 ,-0.621894 ,-0.517702, -0.648982 
-0.727828 ,-0.685756 ,-0.00227619, 0.0117497 
-0.353602 ,0.378136 ,-0.855558, 0.0905947 
0 ,0 ,0, 1 
0.587605 ,-0.62192 ,-0.517626, -0.648644 
-0.727827 ,-0.685757 ,-0.00229511, 0.0117403 
-0.353538 ,0.37809 ,-0.855604, 0.0908586 
0 ,0 ,0, 1 
0.58768 ,-0.621986 ,-0.517461, -0.648267 
-0.727825 ,-0.685759 ,-0.00231257, 0.0117306 
-0.353415 ,0.37798 ,-0.855704, 0.0910379 
0 ,0 ,0, 1 
0.58759 ,-0.621902 ,-0.517663, -0.648045 
-0.727825 ,-0.68576 ,-0.00229321, 0.0117408 
-0.353566 ,0.378116 ,-0.855581, 0.0913246 
0 ,0 ,0, 1 
0.587577 ,-0.621908 ,-0.517671, -0.64774 
-0.727831 ,-0.685753 ,-0.00228259, 0.0117525 
-0.353575 ,0.378118 ,-0.855577, 0.091603 
0 ,0 ,0, 1 
0.587664 ,-0.621975 ,-0.517492, -0.647364 
-0.727826 ,-0.685758 ,-0.00230348, 0.0117411 
-0.353442 ,0.377998 ,-0.855685, 0.0918073 
0 ,0 ,0, 1 
0.587607 ,-0.621899 ,-0.517648, -0.647118 
-0.727813 ,-0.685772 ,-0.00229501, 0.0117413 
-0.353561 ,0.3781 ,-0.855591, 0.0920757 
0 ,0 ,0, 1 
0.587572 ,-0.62187 ,-0.517722, -0.646863 
-0.727813 ,-0.685772 ,-0.00228247, 0.01175 
-0.35362 ,0.378146 ,-0.855546, 0.0923247 
0 ,0 ,0, 1 
0.587545 ,-0.621869 ,-0.517754, -0.646573 
-0.727821 ,-0.685763 ,-0.00226475, 0.0117676 
-0.353649 ,0.378163 ,-0.855526, 0.0926255 
0 ,0 ,0, 1 
0.587571 ,-0.621872 ,-0.517722, -0.64627 
-0.727808 ,-0.685777 ,-0.00226738, 0.0117637 
-0.353632 ,0.378135 ,-0.855546, 0.0928289 
0 ,0 ,0, 1 
0.587529 ,-0.621808 ,-0.517847, -0.646014 
-0.7278 ,-0.685785 ,-0.00227213, 0.0117578 
-0.353719 ,0.378224 ,-0.85547, 0.0931403 
0 ,0 ,0, 1 
0.587637 ,-0.621902 ,-0.517611, -0.645603 
-0.727793 ,-0.685793 ,-0.00228507, 0.0117519 
-0.353553 ,0.378057 ,-0.855613, 0.0932933 
0 ,0 ,0, 1 
0.587503 ,-0.621791 ,-0.517896, -0.645377 
-0.727798 ,-0.685788 ,-0.00225264, 0.0117711 
-0.353766 ,0.378247 ,-0.855441, 0.0936314 
0 ,0 ,0, 1 
0.58756 ,-0.621843 ,-0.517769, -0.644989 
-0.727797 ,-0.685789 ,-0.00226139, 0.0117648 
-0.353674 ,0.378159 ,-0.855518, 0.0937786 
0 ,0 ,0, 1 
0.587586 ,-0.621848 ,-0.517733, -0.644637 
-0.727789 ,-0.685798 ,-0.00227245, 0.0117557 
-0.353647 ,0.378135 ,-0.85554, 0.0940094 
0 ,0 ,0, 1 
0.58755 ,-0.621808 ,-0.517822, -0.644322 
-0.727787 ,-0.685799 ,-0.00227035, 0.0117515 
-0.35371 ,0.378198 ,-0.855485, 0.0942017 
0 ,0 ,0, 1 
0.58753 ,-0.621782 ,-0.517875, -0.643981 
-0.727787 ,-0.685799 ,-0.00227642, 0.0117447 
-0.353743 ,0.37824 ,-0.855453, 0.094445 
0 ,0 ,0, 1 
0.587652 ,-0.621889 ,-0.517609, -0.643534 
-0.727784 ,-0.685803 ,-0.00229995, 0.0117326 
-0.353547 ,0.378059 ,-0.855614, 0.0945878 
0 ,0 ,0, 1 
0.587613 ,-0.621852 ,-0.517698, -0.643214 
-0.727784 ,-0.685802 ,-0.00229444, 0.0117327 
-0.353611 ,0.37812 ,-0.855561, 0.0948034 
0 ,0 ,0, 1 
0.58756 ,-0.621798 ,-0.517823, -0.642941 
-0.727784 ,-0.685803 ,-0.00228917, 0.0117335 
-0.353701 ,0.378208 ,-0.855485, 0.0950427 
0 ,0 ,0, 1 
0.587583 ,-0.621801 ,-0.517793, -0.642596 
-0.727775 ,-0.685812 ,-0.00229699, 0.0117285 
-0.353681 ,0.378187 ,-0.855503, 0.0952901 
0 ,0 ,0, 1 
0.587606 ,-0.621833 ,-0.517729, -0.642229 
-0.727779 ,-0.685808 ,-0.00229716, 0.0117293 
-0.353634 ,0.378142 ,-0.855542, 0.0954729 
0 ,0 ,0, 1 
0.587561 ,-0.621808 ,-0.517809, -0.641927 
-0.727785 ,-0.685802 ,-0.00228068, 0.0117389 
-0.353697 ,0.378194 ,-0.855493, 0.0956746 
0 ,0 ,0, 1 
0.587543 ,-0.62178 ,-0.517863, -0.641598 
-0.727782 ,-0.685805 ,-0.00228561, 0.0117334 
-0.353732 ,0.378234 ,-0.855461, 0.0959258 
0 ,0 ,0, 1 
0.587541 ,-0.621776 ,-0.51787, -0.641259 
-0.727782 ,-0.685804 ,-0.00228964, 0.0117278 
-0.353734 ,0.378242 ,-0.855456, 0.0961091 
0 ,0 ,0, 1 
0.587525 ,-0.62175 ,-0.51792, -0.640928 
-0.727778 ,-0.685808 ,-0.00229046, 0.0117246 
-0.35377 ,0.378277 ,-0.855426, 0.0963328 
0 ,0 ,0, 1 
0.587551 ,-0.621773 ,-0.517863, -0.64054 
-0.727777 ,-0.68581 ,-0.00229443, 0.0117202 
-0.353729 ,0.378237 ,-0.855461, 0.0964932 
0 ,0 ,0, 1 
0.587514 ,-0.621735 ,-0.51795, -0.64021 
-0.727779 ,-0.685808 ,-0.00229626, 0.011716 
-0.353787 ,0.378302 ,-0.855408, 0.0967384 
0 ,0 ,0, 1 
0.587508 ,-0.621727 ,-0.517968, -0.639868 
-0.727778 ,-0.685808 ,-0.00229718, 0.0117131 
-0.353798 ,0.378315 ,-0.855397, 0.0969254 
0 ,0 ,0, 1 
0.587506 ,-0.621718 ,-0.51798, -0.639534 
-0.727777 ,-0.68581 ,-0.00230242, 0.0117093 
-0.353805 ,0.378327 ,-0.855389, 0.0971584 
0 ,0 ,0, 1 
0.587544 ,-0.621751 ,-0.517897, -0.639156 
-0.727776 ,-0.685811 ,-0.00231227, 0.0117022 
-0.353742 ,0.378272 ,-0.85544, 0.0973292 
0 ,0 ,0, 1 
0.587472 ,-0.621672 ,-0.518074, -0.63886 
-0.727775 ,-0.685812 ,-0.00231013, 0.0116991 
-0.353865 ,0.378399 ,-0.855333, 0.0976176 
0 ,0 ,0, 1 
0.587572 ,-0.621765 ,-0.517848, -0.638438 
-0.727775 ,-0.685812 ,-0.00233021, 0.0116877 
-0.353698 ,0.378246 ,-0.855469, 0.0977421 
0 ,0 ,0, 1 
0.587516 ,-0.621728 ,-0.517957, -0.63816 
-0.727781 ,-0.685805 ,-0.00231493, 0.0116989 
-0.353779 ,0.37832 ,-0.855403, 0.0980059 
0 ,0 ,0, 1 
0.587533 ,-0.621756 ,-0.517904, -0.637817 
-0.727788 ,-0.685799 ,-0.00231658, 0.0117001 
-0.353738 ,0.378285 ,-0.855435, 0.0982132 
0 ,0 ,0, 1 
0.587571 ,-0.621777 ,-0.517836, -0.637466 
-0.727784 ,-0.685802 ,-0.00233361, 0.0116902 
-0.353682 ,0.378244 ,-0.855477, 0.098464 
0 ,0 ,0, 1 
0.587667 ,-0.621856 ,-0.517632, -0.637087 
-0.727778 ,-0.685808 ,-0.00235143, 0.0116816 
-0.353534 ,0.378103 ,-0.8556, 0.0986368 
0 ,0 ,0, 1 
0.587577 ,-0.621775 ,-0.517831, -0.636854 
-0.727779 ,-0.685808 ,-0.00233326, 0.0116908 
-0.353682 ,0.378238 ,-0.85548, 0.0989145 
0 ,0 ,0, 1 
0.587573 ,-0.621796 ,-0.517811, -0.636531 
-0.727788 ,-0.685799 ,-0.00232073, 0.0117037 
-0.353671 ,0.37822 ,-0.855492, 0.0991506 
0 ,0 ,0, 1 
0.58753 ,-0.621737 ,-0.517929, -0.636265 
-0.72778 ,-0.685807 ,-0.00231827, 0.0117024 
-0.353758 ,0.3783 ,-0.85542, 0.0994361 
0 ,0 ,0, 1 
0.587549 ,-0.621739 ,-0.517906, -0.635941 
-0.727772 ,-0.685815 ,-0.00232488, 0.0116964 
-0.353742 ,0.378284 ,-0.855434, 0.099649 
0 ,0 ,0, 1 
0.587554 ,-0.621732 ,-0.517909, -0.63561 
-0.727766 ,-0.685822 ,-0.00232561, 0.0116934 
-0.353747 ,0.378283 ,-0.855433, 0.0998569 
0 ,0 ,0, 1 
0.587543 ,-0.621715 ,-0.517942, -0.635264 
-0.727762 ,-0.685826 ,-0.00232383, 0.0116913 
-0.353773 ,0.378304 ,-0.855413, 0.100072 
0 ,0 ,0, 1 
0.587574 ,-0.621748 ,-0.517866, -0.63487 
-0.727765 ,-0.685823 ,-0.00233038, 0.0116859 
-0.353716 ,0.378254 ,-0.855458, 0.100234 
0 ,0 ,0, 1 
0.587553 ,-0.621734 ,-0.517908, -0.634518 
-0.727769 ,-0.685818 ,-0.0023289, 0.0116856 
-0.353743 ,0.378286 ,-0.855433, 0.10044 
0 ,0 ,0, 1 
0.587504 ,-0.62171 ,-0.517993, -0.634182 
-0.727779 ,-0.685808 ,-0.00231686, 0.0116934 
-0.353803 ,0.378345 ,-0.855382, 0.100627 
0 ,0 ,0, 1 
0.58751 ,-0.621727 ,-0.517965, -0.633795 
-0.727787 ,-0.685799 ,-0.00232251, 0.011691 
-0.353776 ,0.378333 ,-0.855398, 0.100828 
0 ,0 ,0, 1 
0.587539 ,-0.621753 ,-0.517901, -0.633412 
-0.727789 ,-0.685797 ,-0.00233392, 0.0116825 
-0.353724 ,0.378294 ,-0.855437, 0.101004 
0 ,0 ,0, 1 
0.587581 ,-0.621798 ,-0.517799, -0.633026 
-0.727794 ,-0.685792 ,-0.00234261, 0.011678 
-0.353646 ,0.378227 ,-0.855499, 0.101181 
0 ,0 ,0, 1 
0.587553 ,-0.621783 ,-0.517849, -0.632713 
-0.7278 ,-0.685785 ,-0.00233951, 0.0116803 
-0.353678 ,0.378265 ,-0.855469, 0.101413 
0 ,0 ,0, 1 
0.587554 ,-0.62178 ,-0.517851, -0.632358 
-0.727799 ,-0.685786 ,-0.00234356, 0.0116776 
-0.353678 ,0.378268 ,-0.855468, 0.10167 
0 ,0 ,0, 1 
0.587574 ,-0.621795 ,-0.517811, -0.632003 
-0.727799 ,-0.685787 ,-0.00234999, 0.0116703 
-0.353646 ,0.378243 ,-0.855492, 0.101823 
0 ,0 ,0, 1 
0.587629 ,-0.621848 ,-0.517684, -0.631611 
-0.727802 ,-0.685783 ,-0.00236652, 0.0116613 
-0.353547 ,0.378162 ,-0.855569, 0.102013 
0 ,0 ,0, 1 
0.587612 ,-0.62183 ,-0.517726, -0.63127 
-0.727801 ,-0.685784 ,-0.00236216, 0.0116622 
-0.35358 ,0.378189 ,-0.855543, 0.102227 
0 ,0 ,0, 1 
0.587531 ,-0.621757 ,-0.517904, -0.631005 
-0.727805 ,-0.68578 ,-0.00235558, 0.0116641 
-0.353704 ,0.378317 ,-0.855435, 0.102507 
0 ,0 ,0, 1 
0.587524 ,-0.621756 ,-0.517913, -0.630685 
-0.72781 ,-0.685775 ,-0.00235707, 0.0116616 
-0.353706 ,0.378327 ,-0.85543, 0.102684 
0 ,0 ,0, 1 
0.587513 ,-0.621733 ,-0.517954, -0.630362 
-0.727804 ,-0.685781 ,-0.00235715, 0.0116596 
-0.353738 ,0.378354 ,-0.855405, 0.102928 
0 ,0 ,0, 1 
0.587511 ,-0.621724 ,-0.517967, -0.630023 
-0.727802 ,-0.685783 ,-0.00236258, 0.0116541 
-0.353744 ,0.378366 ,-0.855397, 0.10315 
0 ,0 ,0, 1 
0.587503 ,-0.621713 ,-0.517989, -0.6297 
-0.727801 ,-0.685784 ,-0.00236391, 0.0116524 
-0.353759 ,0.378382 ,-0.855384, 0.10339 
0 ,0 ,0, 1 
0.587512 ,-0.621721 ,-0.51797, -0.629388 
-0.727801 ,-0.685785 ,-0.00236536, 0.0116518 
-0.353746 ,0.378369 ,-0.855395, 0.10359 
0 ,0 ,0, 1 
0.587545 ,-0.62175 ,-0.517898, -0.62902 
-0.7278 ,-0.685785 ,-0.00237395, 0.0116469 
-0.35369 ,0.378321 ,-0.855439, 0.103807 
0 ,0 ,0, 1 
0.587584 ,-0.621785 ,-0.517811, -0.628645 
-0.727799 ,-0.685786 ,-0.00237939, 0.0116444 
-0.353628 ,0.378261 ,-0.855492, 0.104005 
0 ,0 ,0, 1 
0.587519 ,-0.621727 ,-0.517954, -0.628373 
-0.727801 ,-0.685784 ,-0.00236819, 0.0116481 
-0.353733 ,0.378359 ,-0.855405, 0.10424 
0 ,0 ,0, 1 
0.587633 ,-0.621837 ,-0.517693, -0.62793 
-0.727804 ,-0.685781 ,-0.00239072, 0.0116375 
-0.353538 ,0.378184 ,-0.855563, 0.104389 
0 ,0 ,0, 1 
0.587635 ,-0.621847 ,-0.517678, -0.627571 
-0.727809 ,-0.685775 ,-0.00239312, 0.0116387 
-0.353523 ,0.378177 ,-0.855572, 0.10463 
0 ,0 ,0, 1 
0.587549 ,-0.62178 ,-0.517856, -0.627313 
-0.727817 ,-0.685767 ,-0.00237839, 0.0116456 
-0.35365 ,0.378302 ,-0.855464, 0.104854 
0 ,0 ,0, 1 
0.587535 ,-0.621775 ,-0.517878, -0.626991 
-0.727823 ,-0.685761 ,-0.00237925, 0.0116457 
-0.353662 ,0.378322 ,-0.855451, 0.105075 
0 ,0 ,0, 1 
0.587532 ,-0.621767 ,-0.517892, -0.62666 
-0.727822 ,-0.685762 ,-0.00238184, 0.011643 
-0.35367 ,0.378332 ,-0.855443, 0.105293 
0 ,0 ,0, 1 
0.587513 ,-0.621748 ,-0.517936, -0.626346 
-0.72782 ,-0.685764 ,-0.00237668, 0.011645 
-0.353704 ,0.37836 ,-0.855416, 0.105518 
0 ,0 ,0, 1 
0.587465 ,-0.621724 ,-0.51802, -0.626045 
-0.72783 ,-0.685754 ,-0.00236399, 0.0116554 
-0.353765 ,0.378419 ,-0.855365, 0.105779 
0 ,0 ,0, 1 
0.587482 ,-0.621735 ,-0.517987, -0.625693 
-0.727828 ,-0.685756 ,-0.00237018, 0.0116498 
-0.353739 ,0.378398 ,-0.855385, 0.105962 
0 ,0 ,0, 1 
0.587503 ,-0.621747 ,-0.517949, -0.625318 
-0.727825 ,-0.685759 ,-0.0023766, 0.0116427 
-0.353711 ,0.378373 ,-0.855408, 0.106129 
0 ,0 ,0, 1 
0.587478 ,-0.621739 ,-0.517987, -0.624943 
-0.727833 ,-0.685751 ,-0.00236997, 0.011647 
-0.353737 ,0.3784 ,-0.855385, 0.10633 
0 ,0 ,0, 1 
0.587448 ,-0.62175 ,-0.518008, -0.624552 
-0.72785 ,-0.685733 ,-0.00235512, 0.0116591 
-0.353751 ,0.378415 ,-0.855373, 0.106495 
0 ,0 ,0, 1 
0.587456 ,-0.621758 ,-0.517989, -0.624176 
-0.727852 ,-0.68573 ,-0.00236191, 0.0116517 
-0.353732 ,0.378407 ,-0.855384, 0.106657 
0 ,0 ,0, 1 
0.587461 ,-0.621759 ,-0.517983, -0.623794 
-0.727854 ,-0.685728 ,-0.00237019, 0.0116438 
-0.353722 ,0.378408 ,-0.855388, 0.106841 
0 ,0 ,0, 1 
0.587379 ,-0.62171 ,-0.518134, -0.623462 
-0.727869 ,-0.685712 ,-0.00235637, 0.0116535 
-0.353826 ,0.378518 ,-0.855296, 0.107068 
0 ,0 ,0, 1 
0.58741 ,-0.621743 ,-0.51806, -0.623094 
-0.727874 ,-0.685707 ,-0.00236845, 0.0116469 
-0.353764 ,0.378473 ,-0.855341, 0.10725 
0 ,0 ,0, 1 
0.587464 ,-0.621805 ,-0.517923, -0.622727 
-0.72788 ,-0.685701 ,-0.00237667, 0.0116454 
-0.353662 ,0.378382 ,-0.855424, 0.107436 
0 ,0 ,0, 1 
0.587405 ,-0.62175 ,-0.518056, -0.622444 
-0.727881 ,-0.685699 ,-0.00236972, 0.0116485 
-0.353757 ,0.378476 ,-0.855343, 0.107721 
0 ,0 ,0, 1 
0.587493 ,-0.621804 ,-0.517892, -0.622075 
-0.727869 ,-0.685712 ,-0.00239306, 0.0116335 
-0.353637 ,0.378363 ,-0.855443, 0.107905 
0 ,0 ,0, 1 
0.587491 ,-0.621784 ,-0.517919, -0.621785 
-0.727862 ,-0.68572 ,-0.00239955, 0.0116299 
-0.353655 ,0.378383 ,-0.855426, 0.108198 
0 ,0 ,0, 1 
0.587429 ,-0.621761 ,-0.518015, -0.621522 
-0.72787 ,-0.685711 ,-0.0023629, 0.0116562 
-0.353739 ,0.378436 ,-0.855368, 0.108406 
0 ,0 ,0, 1 
0.58742 ,-0.62172 ,-0.518075, -0.621232 
-0.727857 ,-0.685725 ,-0.00237201, 0.0116477 
-0.353782 ,0.378478 ,-0.855332, 0.108692 
0 ,0 ,0, 1 
0.587462 ,-0.621722 ,-0.518026, -0.620918 
-0.72784 ,-0.685743 ,-0.0023861, 0.0116364 
-0.353749 ,0.378441 ,-0.855362, 0.108916 
0 ,0 ,0, 1 
0.587423 ,-0.62169 ,-0.518108, -0.620641 
-0.727837 ,-0.685746 ,-0.00236897, 0.0116483 
-0.353818 ,0.37849 ,-0.855312, 0.109177 
0 ,0 ,0, 1 
0.587489 ,-0.621762 ,-0.517947, -0.620261 
-0.727834 ,-0.685749 ,-0.00235868, 0.0116607 
-0.353715 ,0.378365 ,-0.85541, 0.109367 
0 ,0 ,0, 1 
0.587403 ,-0.621646 ,-0.518183, -0.62002 
-0.727821 ,-0.685764 ,-0.00235781, 0.0116543 
-0.353885 ,0.378529 ,-0.855267, 0.10969 
0 ,0 ,0, 1 
0.587443 ,-0.621664 ,-0.518117, -0.619672 
-0.727813 ,-0.685771 ,-0.00237319, 0.0116418 
-0.353834 ,0.378486 ,-0.855307, 0.109863 
0 ,0 ,0, 1 
0.587506 ,-0.621707 ,-0.517994, -0.61928 
-0.727808 ,-0.685777 ,-0.00239304, 0.0116284 
-0.353741 ,0.378406 ,-0.855381, 0.110057 
0 ,0 ,0, 1 
0.587528 ,-0.621762 ,-0.517902, -0.6189 
-0.727822 ,-0.685762 ,-0.0023832, 0.0116403 
-0.353676 ,0.378341 ,-0.855436, 0.110239 
0 ,0 ,0, 1 
0.587414 ,-0.62166 ,-0.518154, -0.618651 
-0.727825 ,-0.685758 ,-0.0023673, 0.0116477 
-0.353857 ,0.378516 ,-0.855284, 0.110529 
0 ,0 ,0, 1 
0.587507 ,-0.621744 ,-0.517948, -0.618221 
-0.727826 ,-0.685758 ,-0.00238706, 0.0116374 
-0.353703 ,0.378378 ,-0.855409, 0.11067 
0 ,0 ,0, 1 
0.587453 ,-0.621691 ,-0.518073, -0.617917 
-0.727826 ,-0.685757 ,-0.00238224, 0.0116375 
-0.353791 ,0.378466 ,-0.855333, 0.110904 
0 ,0 ,0, 1 
0.587419 ,-0.621658 ,-0.518151, -0.617596 
-0.727826 ,-0.685758 ,-0.00237765, 0.0116378 
-0.353848 ,0.378521 ,-0.855286, 0.111112 
0 ,0 ,0, 1 
0.587378 ,-0.621639 ,-0.51822, -0.617264 
-0.727833 ,-0.68575 ,-0.0023611, 0.0116509 
-0.353902 ,0.378565 ,-0.855244, 0.111357 
0 ,0 ,0, 1 
0.587383 ,-0.621654 ,-0.518196, -0.616926 
-0.727838 ,-0.685745 ,-0.00236012, 0.0116529 
-0.353883 ,0.378549 ,-0.855258, 0.111541 
0 ,0 ,0, 1 
0.58738 ,-0.621642 ,-0.518214, -0.616575 
-0.727833 ,-0.68575 ,-0.00236192, 0.0116481 
-0.353897 ,0.378561 ,-0.855248, 0.111725 
0 ,0 ,0, 1 
0.587381 ,-0.621637 ,-0.518219, -0.616208 
-0.727832 ,-0.685752 ,-0.00236725, 0.0116424 
-0.353898 ,0.378567 ,-0.855245, 0.111932 
0 ,0 ,0, 1 
0.587424 ,-0.621679 ,-0.518121, -0.615816 
-0.727835 ,-0.685748 ,-0.00237984, 0.011635 
-0.353821 ,0.378505 ,-0.855304, 0.1121 
0 ,0 ,0, 1 
0.587384 ,-0.621644 ,-0.518208, -0.615483 
-0.727836 ,-0.685748 ,-0.00237024, 0.0116378 
-0.353886 ,0.378562 ,-0.855251, 0.112297 
0 ,0 ,0, 1 
0.587378 ,-0.621648 ,-0.518209, -0.61512 
-0.727841 ,-0.685741 ,-0.00236881, 0.0116387 
-0.353885 ,0.378565 ,-0.855251, 0.11248 
0 ,0 ,0, 1 
0.587413 ,-0.621693 ,-0.518115, -0.614696 
-0.727848 ,-0.685734 ,-0.00237612, 0.0116355 
-0.353812 ,0.378505 ,-0.855308, 0.112651 
0 ,0 ,0, 1 
0.587377 ,-0.621666 ,-0.518189, -0.614348 
-0.72785 ,-0.685733 ,-0.00236534, 0.0116386 
-0.353868 ,0.378553 ,-0.855263, 0.112814 
0 ,0 ,0, 1 
0.587382 ,-0.621684 ,-0.518162, -0.613975 
-0.727857 ,-0.685725 ,-0.00236578, 0.0116388 
-0.353846 ,0.378537 ,-0.855279, 0.112985 
0 ,0 ,0, 1 
0.587374 ,-0.621683 ,-0.518172, -0.613593 
-0.727863 ,-0.685719 ,-0.0023691, 0.0116367 
-0.353847 ,0.378549 ,-0.855273, 0.113201 
0 ,0 ,0, 1 
0.587326 ,-0.621642 ,-0.518276, -0.613278 
-0.727865 ,-0.685716 ,-0.00236093, 0.0116406 
-0.353922 ,0.378621 ,-0.85521, 0.113433 
0 ,0 ,0, 1 
0.587445 ,-0.621762 ,-0.517997, -0.612806 
-0.72787 ,-0.685711 ,-0.00238282, 0.0116301 
-0.353714 ,0.378434 ,-0.855379, 0.113538 
0 ,0 ,0, 1 
0.587394 ,-0.621721 ,-0.518104, -0.61249 
-0.727874 ,-0.685706 ,-0.00237624, 0.0116311 
-0.35379 ,0.378511 ,-0.855314, 0.113743 
0 ,0 ,0, 1 
0.587331 ,-0.621663 ,-0.518244, -0.612196 
-0.727877 ,-0.685703 ,-0.00237024, 0.0116331 
-0.353888 ,0.37861 ,-0.855229, 0.113998 
0 ,0 ,0, 1 
0.587318 ,-0.621671 ,-0.51825, -0.611852 
-0.727887 ,-0.685693 ,-0.00236449, 0.0116391 
-0.353891 ,0.378616 ,-0.855226, 0.114207 
0 ,0 ,0, 1 
0.587291 ,-0.621677 ,-0.518273, -0.611528 
-0.727899 ,-0.68568 ,-0.00234751, 0.0116533 
-0.35391 ,0.378629 ,-0.855212, 0.114399 
0 ,0 ,0, 1 
0.58727 ,-0.621667 ,-0.518309, -0.611195 
-0.727905 ,-0.685674 ,-0.00234499, 0.0116559 
-0.353934 ,0.378657 ,-0.85519, 0.114626 
0 ,0 ,0, 1 
0.587262 ,-0.621654 ,-0.518333, -0.610849 
-0.727904 ,-0.685675 ,-0.00235061, 0.0116508 
-0.353947 ,0.378677 ,-0.855176, 0.114846 
0 ,0 ,0, 1 
0.587288 ,-0.621671 ,-0.518283, -0.610472 
-0.727902 ,-0.685677 ,-0.00235879, 0.0116448 
-0.353909 ,0.378645 ,-0.855206, 0.11503 
0 ,0 ,0, 1 
0.587284 ,-0.621669 ,-0.518291, -0.610132 
-0.727904 ,-0.685675 ,-0.00236199, 0.0116408 
-0.35391 ,0.378653 ,-0.855201, 0.115202 
0 ,0 ,0, 1 
0.587242 ,-0.621627 ,-0.518389, -0.609789 
-0.727905 ,-0.685674 ,-0.00235943, 0.0116394 
-0.353979 ,0.378724 ,-0.855142, 0.11543 
0 ,0 ,0, 1 
0.587304 ,-0.621682 ,-0.518252, -0.609358 
-0.727904 ,-0.685675 ,-0.00237054, 0.0116316 
-0.353879 ,0.37863 ,-0.855225, 0.115566 
0 ,0 ,0, 1 
0.5873 ,-0.621677 ,-0.518262, -0.60899 
-0.727905 ,-0.685674 ,-0.00237467, 0.0116267 
-0.353883 ,0.37864 ,-0.855218, 0.115758 
0 ,0 ,0, 1 
0.587321 ,-0.621705 ,-0.518206, -0.608589 
-0.727908 ,-0.685671 ,-0.00237447, 0.0116255 
-0.353842 ,0.3786 ,-0.855253, 0.115885 
0 ,0 ,0, 1 
0.587318 ,-0.621702 ,-0.518212, -0.60822 
-0.72791 ,-0.685668 ,-0.00238094, 0.0116217 
-0.353841 ,0.37861 ,-0.855249, 0.116111 
0 ,0 ,0, 1 
0.58733 ,-0.621725 ,-0.518171, -0.607827 
-0.727917 ,-0.685661 ,-0.00238303, 0.0116187 
-0.353808 ,0.378585 ,-0.855274, 0.116243 
0 ,0 ,0, 1 
0.587397 ,-0.621795 ,-0.518012, -0.607376 
-0.727922 ,-0.685656 ,-0.00239626, 0.0116122 
-0.353688 ,0.37848 ,-0.85537, 0.11639 
0 ,0 ,0, 1 
0.587384 ,-0.621793 ,-0.518028, -0.607008 
-0.727928 ,-0.68565 ,-0.00239599, 0.0116113 
-0.353696 ,0.378494 ,-0.85536, 0.116574 
0 ,0 ,0, 1 
0.58729 ,-0.621721 ,-0.518222, -0.606696 
-0.727938 ,-0.685638 ,-0.0023838, 0.0116165 
-0.353831 ,0.378634 ,-0.855243, 0.116822 
0 ,0 ,0, 1 
0.58725 ,-0.621747 ,-0.518235, -0.606343 
-0.727963 ,-0.685612 ,-0.0023524, 0.0116429 
-0.353845 ,0.378637 ,-0.855235, 0.116981 
0 ,0 ,0, 1 
0.587235 ,-0.62177 ,-0.518224, -0.605962 
-0.72798 ,-0.685595 ,-0.00234026, 0.0116528 
-0.353837 ,0.378631 ,-0.855241, 0.117139 
0 ,0 ,0, 1 
0.587218 ,-0.621752 ,-0.518265, -0.60559 
-0.727982 ,-0.685592 ,-0.00234606, 0.0116457 
-0.35386 ,0.378666 ,-0.855217, 0.117337 
0 ,0 ,0, 1 
0.587191 ,-0.621729 ,-0.518324, -0.605219 
-0.727986 ,-0.685588 ,-0.00234714, 0.0116415 
-0.353898 ,0.378711 ,-0.855181, 0.117518 
0 ,0 ,0, 1 
0.587215 ,-0.621763 ,-0.518256, -0.604815 
-0.727994 ,-0.685579 ,-0.00235524, 0.0116351 
-0.353841 ,0.37867 ,-0.855222, 0.117639 
0 ,0 ,0, 1 
0.587203 ,-0.62176 ,-0.518273, -0.604439 
-0.728001 ,-0.685572 ,-0.00235935, 0.0116318 
-0.353847 ,0.378689 ,-0.855212, 0.117834 
0 ,0 ,0, 1 
0.58719 ,-0.621754 ,-0.518295, -0.604046 
-0.728006 ,-0.685567 ,-0.00236124, 0.0116284 
-0.353857 ,0.378708 ,-0.855199, 0.11801 
0 ,0 ,0, 1 
0.587214 ,-0.621787 ,-0.518228, -0.603642 
-0.728015 ,-0.685558 ,-0.00237156, 0.0116221 
-0.353801 ,0.37867 ,-0.855239, 0.118166 
0 ,0 ,0, 1 
0.587249 ,-0.621826 ,-0.518143, -0.603242 
-0.728019 ,-0.685553 ,-0.00238125, 0.0116153 
-0.353733 ,0.378616 ,-0.855291, 0.118303 
0 ,0 ,0, 1 
0.587216 ,-0.621796 ,-0.518215, -0.60289 
-0.728023 ,-0.685548 ,-0.00238442, 0.0116108 
-0.353779 ,0.378672 ,-0.855247, 0.118521 
0 ,0 ,0, 1 
0.58721 ,-0.621795 ,-0.518223, -0.602506 
-0.728028 ,-0.685544 ,-0.00238825, 0.0116053 
-0.353779 ,0.378683 ,-0.855242, 0.118674 
0 ,0 ,0, 1 
0.587301 ,-0.621889 ,-0.518007, -0.602024 
-0.728035 ,-0.685536 ,-0.00241001, 0.0115928 
-0.353614 ,0.378542 ,-0.855373, 0.118788 
0 ,0 ,0, 1 
0.587299 ,-0.621897 ,-0.518, -0.601636 
-0.728042 ,-0.685528 ,-0.00241436, 0.0115882 
-0.353602 ,0.378543 ,-0.855377, 0.118943 
0 ,0 ,0, 1 
0.587217 ,-0.621828 ,-0.518177, -0.601313 
-0.72805 ,-0.68552 ,-0.00240792, 0.0115881 
-0.353723 ,0.378673 ,-0.85527, 0.119163 
0 ,0 ,0, 1 
0.587237 ,-0.621863 ,-0.518111, -0.600884 
-0.728059 ,-0.68551 ,-0.00241179, 0.0115855 
-0.353671 ,0.378632 ,-0.85531, 0.119307 
0 ,0 ,0, 1 
0.587215 ,-0.621866 ,-0.518132, -0.600527 
-0.728072 ,-0.685497 ,-0.002408, 0.0115872 
-0.353681 ,0.378651 ,-0.855297, 0.11945 
0 ,0 ,0, 1 
0.587166 ,-0.621861 ,-0.518194, -0.600135 
-0.728092 ,-0.685475 ,-0.00239284, 0.0115979 
-0.353721 ,0.378698 ,-0.85526, 0.119636 
0 ,0 ,0, 1 
0.5871 ,-0.621874 ,-0.518252, -0.599771 
-0.728125 ,-0.68544 ,-0.00236339, 0.0116251 
-0.353761 ,0.37874 ,-0.855224, 0.119832 
0 ,0 ,0, 1 
0.587081 ,-0.62188 ,-0.518268, -0.599398 
-0.728139 ,-0.685426 ,-0.00236118, 0.011626 
-0.353766 ,0.378757 ,-0.855215, 0.119972 
0 ,0 ,0, 1 
0.587089 ,-0.621894 ,-0.518242, -0.59898 
-0.728145 ,-0.685419 ,-0.00237114, 0.011616 
-0.353738 ,0.378748 ,-0.855231, 0.120106 
0 ,0 ,0, 1 
