-0.00057153 0.00312384 0.0332505 0.0117364 6.5403 
-6.33909e-08 -1.96779e-07 0.0332505 1.20936e-06 -6.46999 
1.50779e-06 6.77083e-06 0.0335846 -2.15029e-05 -11.4636 
1.50977e-06 -1.82828e-05 0.033943 -1.22528e-05 40.3296 
-9.92252e-06 2.92521e-06 0.0339799 9.77257e-05 -2.10717 
3.03228e-07 2.61679e-06 0.0341732 -2.78825e-06 -30.6457 
4.34339e-06 -3.51872e-05 0.0342834 -5.79225e-05 15.5324 
-5.37535e-06 1.13291e-05 0.0343117 5.54206e-05 3.13097 
3.70791e-07 -1.72635e-05 0.0344364 -7.62698e-06 64.3175 
7.54097e-06 -6.20535e-07 0.0344339 -6.67792e-05 -3.00958 
1.81243e-07 -6.85364e-06 0.0345245 -2.47219e-06 78.1758 
1.03847e-06 -1.83867e-05 0.0345648 -8.31639e-06 60.3513 
7.51037e-06 4.40682e-06 0.0345824 -6.73196e-05 -5.11892 
5.7781e-07 -2.57041e-05 0.0345926 -5.66485e-06 128.22 
9.15128e-07 1.47779e-05 0.0347757 -9.43995e-06 -47.8035 
3.47716e-06 -1.84678e-05 0.0346611 -4.75384e-05 9.09772 
2.83296e-06 -1.92945e-05 0.0347839 -2.63422e-05 17.9656 
-1.13202e-08 1.52114e-05 0.0348327 1.60431e-07 2720.01 
5.92064e-06 -3.59799e-05 0.0347706 -5.24188e-05 16.4922 
1.26083e-06 4.75066e-06 0.0348214 -1.93798e-05 -8.90812 
7.25308e-08 1.52237e-05 0.0349325 -7.66127e-07 -571.551 
2.29202e-06 -5.23963e-05 0.0348707 -4.93802e-05 29.0978 
1.0612e-06 2.04462e-05 0.0349039 -1.6054e-05 -38.3824 
-5.47179e-07 -1.55866e-05 0.0349484 8.07385e-06 -57.178 
4.04294e-06 -1.96484e-05 0.0349542 -4.96725e-05 8.98796 
1.85005e-06 2.28023e-05 0.0350022 -1.83337e-05 -38.4161 
-4.30205e-07 -2.87602e-05 0.0349938 4.94016e-06 -168.853 
5.23398e-06 -7.51741e-06 0.0351025 -4.65804e-05 1.39652 
1.94001e-07 8.32484e-06 0.0350811 -3.74446e-06 -64.8514 
1.4036e-07 -2.05505e-05 0.0351267 -1.54954e-06 374.98 
9.79992e-07 -8.76013e-06 0.0351378 -1.97713e-05 11.1989 
8.51961e-07 2.2512e-05 0.0352067 -1.12581e-05 -58.9464 
-1.47964e-06 -2.52884e-05 0.035176 2.69649e-05 -28.221 
-8.87123e-07 -1.81576e-05 0.035226 1.11986e-05 -48.2777 
2.36464e-06 3.01972e-05 0.0352931 -3.41192e-05 -27.0408 
-3.88437e-06 -4.66242e-05 0.0352063 7.15622e-05 -20.0475 
1.63959e-06 1.81238e-05 0.035284 -2.33138e-05 -24.0254 
2.04849e-06 6.04199e-06 0.0353705 -5.78885e-05 -3.95131 
-7.03817e-06 -3.91508e-05 0.0352673 0.00012489 -10.4867 
6.13806e-07 3.13375e-05 0.0353784 -3.43615e-05 -26.2832 
2.80454e-06 -2.52706e-05 0.0354016 -4.80444e-05 13.2087 
-2.73456e-06 -1.89585e-05 0.035379 9.32803e-05 -6.57334 
2.03023e-07 3.57761e-05 0.0354304 -3.15054e-06 -322.322 
2.62576e-06 -3.03933e-05 0.0354453 -3.99352e-05 19.6166 
2.54595e-06 -2.50807e-06 0.0354927 -3.83242e-05 -0.0278489 
-3.92611e-06 5.00359e-06 0.0354713 5.26028e-05 0.577457 
4.40553e-07 -3.48126e-05 0.0354766 -7.58257e-06 127.775 
4.47796e-06 2.6062e-05 0.0355823 -6.0855e-05 -14.1038 
-1.18893e-06 -2.81803e-05 0.0355463 4.06782e-05 -20.3113 
-3.80417e-07 6.57297e-06 0.0355893 5.33597e-06 32.609 
1.68642e-06 5.75328e-07 0.03565 -7.5023e-05 -0.845649 
-1.55573e-06 -2.63432e-05 0.0355661 2.96174e-05 -26.4852 
-1.0725e-07 2.93061e-05 0.0356152 3.73135e-06 219.717 
2.40388e-06 -4.19162e-05 0.0356084 -4.48473e-05 24.7426 
1.02847e-06 1.4234e-05 0.0356588 -2.61746e-05 -16.3523 
-7.91457e-07 1.10058e-05 0.0356736 1.49853e-05 19.1073 
-6.87047e-07 -2.48402e-05 0.035656 9.06225e-06 -79.0013 
3.44269e-06 -1.0741e-05 0.0357075 -7.72129e-05 2.64713 
-2.65667e-06 2.06228e-05 0.0357236 3.49956e-05 14.371 
-1.18728e-06 -3.6992e-05 0.0356898 2.91827e-05 -36.657 
3.31027e-06 -2.4888e-06 0.0357324 -5.66291e-05 -0.405964 
6.40463e-08 1.46048e-05 0.0357629 -4.27758e-06 -95.8883 
-2.19805e-06 -2.17474e-05 0.0356808 4.37001e-05 -15.357 
-9.63693e-07 1.7088e-05 0.0357387 3.73737e-05 12.072 
4.79362e-07 -3.49054e-05 0.0356976 -2.01973e-05 47.748 
-1.86338e-06 1.29104e-05 0.0356255 5.07369e-05 6.1117 
-3.18078e-07 -5.05034e-06 0.0356208 2.34091e-05 -6.43812 
3.15398e-07 3.06342e-06 0.0355168 -1.11256e-05 -8.55081 
-2.14762e-07 2.21629e-05 0.0354758 -8.48379e-06 -72.925 
9.66735e-09 1.33679e-05 0.0352861 1.22815e-05 30.8691 
5.69449e-08 2.70882e-05 0.0352494 1.19587e-06 643.956 
-3.55822e-07 2.16578e-05 0.0351221 -1.22725e-05 -49.4205 
-1.31275e-06 2.02201e-05 0.034912 -2.08977e-05 -25.9153 
4.47931e-08 1.85761e-05 0.0347073 9.60933e-07 558.324 
-2.97755e-07 1.22113e-05 0.0345281 -6.24382e-06 -55.2611 
-3.15813e-07 1.1342e-05 0.0342369 -4.53362e-06 -71.0373 
-1.73556e-07 3.47717e-06 0.0339555 -4.44467e-06 -21.8897 
-4.2604e-07 2.9721e-06 0.0336657 -6.44945e-06 -11.7262 
-8.25692e-08 -5.41929e-06 0.0334225 -4.16075e-06 39.5639 
-1.73071e-07 -8.96371e-07 0.0331464 -3.3783e-06 9.55041 
-9.54673e-08 -8.553e-06 0.0329305 -7.30318e-06 35.9608 
-2.91094e-07 -4.45182e-06 0.0326976 -4.96269e-06 29.2288 
-4.2206e-08 -3.70692e-06 0.0324599 -1.40833e-06 82.0121 
-3.46354e-07 -6.54993e-06 0.0322555 -8.09992e-06 26.3956 
2.52015e-08 -1.88179e-05 0.0320204 -5.57951e-06 105.188 
1.43066e-08 -1.30546e-05 0.0317941 -5.84968e-07 701.149 
6.48675e-08 -1.5472e-05 0.0315734 -4.72803e-06 103.21 
1.41199e-07 -1.98561e-05 0.0313278 -3.31929e-06 189.592 
1.23417e-08 -1.60299e-05 0.0310122 -1.87103e-06 276.046 
1.1325e-08 -9.90911e-06 0.0308619 -5.17743e-06 61.9443 
1.18094e-07 -4.67634e-06 0.0305828 3.61765e-06 -41.1997 
-1.20431e-08 -5.3841e-06 0.0303655 -1.40522e-06 126.462 
-6.8044e-08 -5.89507e-06 0.0301025 -2.45671e-06 80.6337 
1.49663e-09 -7.12811e-06 0.0298906 6.82621e-07 -349.277 
-6.90439e-09 -1.49145e-05 0.029662 -2.62816e-06 191.407 
-1.99209e-08 -2.01405e-06 0.0294053 -1.37847e-06 50.1789 
5.43186e-08 -1.80297e-05 0.0291414 -3.5791e-06 172.344 
-6.98555e-08 -1.08125e-05 0.0289621 -4.26816e-06 88.0344 
-8.96045e-08 -6.01778e-06 0.0286754 5.93816e-06 -35.8669 
9.5236e-08 -5.46542e-06 0.028397 3.11767e-06 -60.6578 
3.02695e-08 -1.18145e-05 0.0281927 -1.42846e-06 292.616 
1.86355e-07 1.85129e-06 0.0279243 8.83677e-06 8.2576 
-3.31717e-08 4.75654e-06 0.0276753 5.58951e-06 30.5341 
1.73702e-07 1.28119e-05 0.0273745 5.86429e-06 80.891 
7.98585e-08 1.40715e-05 0.0271711 7.93312e-06 65.652 
5.18512e-08 9.88636e-06 0.0268597 2.21498e-06 167.046 
8.28235e-08 2.43463e-05 0.0267067 3.21076e-06 284.892 
1.27824e-08 5.10048e-06 0.0263686 6.75844e-06 28.6923 
-6.86486e-08 1.27234e-05 0.0262214 -3.0447e-06 -158.508 
-1.2996e-08 1.27568e-05 0.0259906 8.80467e-07 556.889 
-4.6949e-08 1.07644e-05 0.0257983 -3.64164e-06 -114.078 
1.15701e-07 1.29928e-05 0.025555 -5.33764e-06 -96.101 
-3.78603e-08 2.70226e-05 0.0254122 -3.51192e-06 -302.364 
2.64769e-08 1.15279e-05 0.0251966 -1.82077e-06 -251.855 
-9.43354e-09 1.05266e-05 0.0249573 -3.50037e-07 -1203.89 
5.75845e-08 2.17858e-05 0.0247099 4.4855e-06 197.078 
-1.61947e-08 1.89788e-05 0.0245271 -2.75198e-06 -280.935 
1.18903e-08 1.71697e-05 0.0243254 5.39851e-07 1308.37 
-3.57059e-09 2.24205e-05 0.0240742 -1.9743e-06 -471.642 
-1.42634e-07 2.19929e-05 0.0238909 -5.05725e-06 -180.846 
2.71855e-09 2.05303e-05 0.0236672 2.84072e-07 3054.06 
-1.39317e-07 2.61167e-05 0.0235068 -2.624e-06 -421.149 
-9.59772e-08 2.06605e-05 0.0232616 -4.9393e-06 -178.983 
-1.319e-07 2.27436e-05 0.0230746 -2.59219e-06 -378.034 
-2.2799e-08 2.77143e-05 0.0228416 -9.20739e-07 -1316.69 
-1.31533e-07 2.1073e-05 0.0226708 -4.55148e-06 -202.949 
-9.25937e-08 1.34074e-05 0.0223824 -2.58392e-06 -230.224 
-1.9362e-07 1.86423e-05 0.0222579 -6.66735e-06 -124.316 
1.25976e-07 1.83221e-05 0.0219941 1.78403e-06 470.157 
-1.74901e-07 2.16052e-05 0.0217868 -3.96398e-06 -248.145 
-2.8077e-07 3.56385e-05 0.021536 -2.85578e-06 -574.903 
4.35826e-08 3.26126e-05 0.0213632 7.6334e-07 2002.54 
4.34084e-07 1.34243e-05 0.0210855 4.05697e-06 162.004 
1.10053e-07 1.45104e-05 0.0208494 2.19849e-06 318.964 
4.1943e-07 1.45633e-05 0.0205639 5.036e-06 144.677 
9.72694e-08 2.06625e-05 0.020351 1.79563e-06 568.094 
1.80461e-07 1.78131e-05 0.0201431 2.59458e-06 344.289 
4.84905e-08 2.02038e-05 0.0199285 6.46413e-07 1572.13 
-4.67057e-07 2.40263e-05 0.0197662 -6.15451e-06 -193.662 
-4.36353e-07 1.9971e-05 0.0195597 -4.36308e-06 -228.902 
-2.6744e-07 9.68931e-06 0.0193728 -4.21973e-06 -115.255 
-7.50247e-07 2.35646e-05 0.0191719 -8.10038e-06 -146.906 
-3.58003e-07 2.24942e-05 0.0189959 -7.57236e-06 -153.89 
-5.15626e-07 3.06276e-05 0.0188186 -6.2661e-06 -255.361 
-1.94966e-07 2.58106e-05 0.0185867 -4.17004e-06 -330.492 
-1.05948e-07 4.10885e-05 0.0183298 -1.25137e-06 -1786.71 
-4.26073e-07 3.23113e-05 0.018177 -5.29088e-06 -331.543 
-7.05897e-07 4.29904e-05 0.0179871 -8.21174e-06 -286.277 
8.68438e-08 2.83646e-05 0.0177725 9.36198e-07 1709.96 
-2.98117e-07 1.64474e-05 0.0174928 -3.41182e-06 -270.587 
-6.83822e-07 2.06536e-05 0.0173162 -6.14615e-06 -187.637 
2.50579e-07 1.68213e-05 0.0170723 2.84113e-06 351.964 
-3.65384e-07 2.29929e-05 0.0168504 -2.91728e-06 -460.306 
-3.57341e-08 1.69474e-05 0.0166102 -3.66939e-07 -2774.71 
-1.34862e-08 1.66387e-05 0.0164096 -1.09931e-07 -9216.14 
-3.03663e-07 1.9178e-05 0.016193 -2.77441e-06 -420.12 
-5.92998e-08 1.78482e-05 0.0159949 -4.68807e-07 -2372.32 
-3.88284e-08 7.55129e-06 0.0157596 -3.02867e-07 -1573.92 
-9.99315e-07 1.82417e-05 0.015611 -7.91426e-06 -139.559 
-5.22598e-07 2.29433e-05 0.0153705 -3.27344e-06 -445.611 
-4.34271e-07 4.65565e-06 0.015146 -3.14416e-06 -88.6446 
-7.80677e-07 1.0287e-05 0.0149253 -4.67712e-06 -136.18 
-1.77841e-07 7.66863e-06 0.0147071 -1.30779e-06 -389.459 
3.75207e-07 1.21205e-05 0.0144817 2.35619e-06 366.21 
-1.39019e-07 6.9562e-06 0.0142206 -1.1853e-06 -404.443 
-3.34888e-07 1.60676e-05 0.0140378 -2.53603e-06 -441.93 
-4.12036e-07 2.01499e-05 0.0138706 -3.61977e-06 -393.118 
-4.56832e-07 1.88925e-05 0.0136705 -3.82227e-06 -352.82 
-8.60381e-07 1.65163e-05 0.0135045 -6.10378e-06 -189.933 
-1.08461e-06 1.77542e-05 0.0133432 -8.05557e-06 -155.084 
-1.29069e-06 1.73521e-05 0.0131592 -7.24891e-06 -168.376 
-9.90736e-07 5.65188e-06 0.012932 -6.8117e-06 -52.914 
-1.496e-06 1.32555e-05 0.0127497 -8.24182e-06 -111.909 
-6.3106e-07 9.45198e-06 0.0125643 -4.67925e-06 -150.037 
-1.11568e-08 5.12726e-06 0.0122793 -6.35316e-08 -6558.07 
1.3839e-07 9.30881e-06 0.012095 9.96718e-07 783.656 
6.80447e-07 1.34775e-05 0.0118024 3.79822e-06 315.827 
1.7521e-06 5.76921e-06 0.0115939 1.04855e-05 61.8688 
9.3874e-07 2.00181e-06 0.0113076 5.03644e-06 51.6337 
1.31818e-06 9.4167e-06 0.0110842 6.64065e-06 145.842 
1.77358e-06 -1.79586e-06 0.0108233 1.00677e-05 -0.204533 
2.4973e-06 2.42484e-06 0.0106332 1.27826e-05 36.2136 
7.76557e-07 -2.97641e-06 0.0103103 4.5764e-06 -46.6226 
-5.65829e-07 3.34017e-06 0.0101366 -2.77984e-06 -98.4571 
-6.97713e-07 -1.28483e-06 0.0099433 -4.72237e-06 42.2214 
-3.83206e-07 5.76718e-06 0.00976123 -2.03629e-06 -270.868 
9.16298e-08 1.23664e-06 0.00947102 6.0169e-07 233.086 
-1.06066e-06 6.03199e-06 0.00932962 -6.40576e-06 -83.1837 
-2.17325e-07 7.27038e-06 0.00909586 -1.4335e-06 -540.921 
-1.12788e-07 7.47546e-06 0.00888794 -6.83678e-07 -1211.67 
6.6453e-07 1.5481e-05 0.00864255 3.49154e-06 535.049 
-4.83103e-07 1.08554e-05 0.00845863 -2.75589e-06 -444.951 
-7.72723e-08 1.55707e-05 0.00827456 -3.80348e-07 -4922.92 
-5.59494e-07 1.61327e-05 0.00806845 -3.40736e-06 -566.46 
-1.38567e-06 2.3601e-05 0.00790025 -7.82045e-06 -359.567 
5.88847e-08 1.21757e-05 0.00770257 4.20522e-07 3777.15 
-6.91327e-07 1.87038e-05 0.00751992 -4.34399e-06 -551.405 
-1.00565e-06 2.22992e-05 0.0073489 -7.53519e-06 -384.531 
-8.76998e-08 8.39078e-06 0.00718644 -5.919e-07 -1951.99 
-1.01916e-06 1.39578e-05 0.00701547 -5.96358e-06 -309.262 
-1.08683e-06 1.38062e-05 0.0067993 -6.40941e-06 -291.866 
-3.18125e-08 1.28073e-05 0.00656743 -1.54569e-07 -12585.2 
-2.04093e-06 2.16759e-05 0.0064621 -1.015e-05 -299.359 
-1.00741e-06 1.20308e-05 0.00625732 -4.1e-06 -429.677 
-3.95467e-07 1.42284e-05 0.00600238 -1.81529e-06 -1269.54 
-8.97622e-07 1.72657e-05 0.00579297 -3.66767e-06 -770.382 
1.51744e-08 1.4625e-05 0.00560053 7.08131e-08 36915 
-6.56141e-07 1.54469e-05 0.00537422 -2.73116e-06 -1007.69 
-7.87856e-07 1.17104e-05 0.00515437 -3.8426e-06 -551.469 
-5.22693e-07 1.26737e-05 0.00497011 -2.47803e-06 -986.591 
-1.07324e-06 1.28417e-05 0.00479797 -5.17268e-06 -474.182 
-5.59443e-07 7.33393e-06 0.00457007 -2.80866e-06 -527.781 
-9.09467e-07 2.12934e-05 0.00443385 -4.38517e-06 -1048.38 
-9.79593e-07 1.59334e-05 0.00424171 -4.84948e-06 -726.968 
-9.08834e-07 1.67535e-05 0.00411478 -3.80798e-06 -1011.21 
-1.00222e-06 1.42464e-05 0.00388907 -4.84894e-06 -702.319 
-2.07257e-06 1.34116e-05 0.00375713 -8.35538e-06 -361.204 
-1.6878e-06 1.31835e-05 0.00360959 -7.6991e-06 -413.656 
-1.44068e-06 9.80998e-06 0.00342621 -6.01953e-06 -405.801 
-1.38182e-06 5.88959e-06 0.00317758 -6.65038e-06 -213.314 
-3.43831e-07 9.93095e-06 0.00301891 -1.52639e-06 -2080.52 
-1.41244e-06 1.62223e-05 0.00286128 -6.51085e-06 -794.978 
-1.69949e-06 1.4384e-05 0.0026634 -8.01584e-06 -594.139 
-1.69266e-06 1.5449e-05 0.00248209 -7.23519e-06 -766.013 
-2.42771e-06 1.75237e-05 0.00236082 -1.17529e-05 -544.07 
-2.00219e-06 2.47239e-05 0.00216599 -8.1171e-06 -1292.36 
-1.59846e-06 1.88249e-05 0.00198995 -7.64016e-06 -1133.05 
-2.91467e-06 2.95696e-05 0.00183368 -1.14603e-05 -1268.41 
-1.91952e-06 2.87118e-05 0.00169721 -8.79671e-06 -1794.55 
-1.87427e-06 2.58753e-05 0.00147882 -7.21383e-06 -2249.82 
-2.05837e-06 2.52443e-05 0.00132595 -8.62976e-06 -2026.27 
-3.5418e-06 4.26583e-05 0.00121171 -1.40698e-05 -2294.42 
-2.55589e-06 2.98302e-05 0.00105692 -9.84519e-06 -2621.12 
-2.08934e-06 1.44906e-05 0.000837147 -8.11332e-06 -1825.85 
-2.70187e-06 3.33208e-05 0.000692986 -9.61438e-06 -4595.63 
-2.45247e-06 1.71567e-05 0.000549659 -9.69068e-06 -2760.54 
-2.89914e-06 2.47627e-05 0.000363708 -9.66336e-06 -6220.73 
-1.71474e-06 2.14359e-05 0.000167847 -6.83385e-06 -17193.1 
-2.97779e-06 2.09463e-05 2.82452e-05 -1.08869e-05 -58433.8 
-2.97779e-06 2.09463e-05 2.82452e-05 -1.08869e-05 -58433.8 
