1.76087e+07 -1.36994e+07 6.60965e+06 -1.18555e+06 -2.11273e+06 22367 
1.7576e+07 -1.39921e+07 6.53155e+06 -1.17406e+06 -2.11119e+06 25658 
1.75078e+07 -1.38182e+07 6.55208e+06 -1.18932e+06 -2.11242e+06 16463 
1.74881e+07 -1.35398e+07 6.75773e+06 -1.16744e+06 -2.08781e+06 34576 
1.74475e+07 -1.404e+07 6.39978e+06 -1.1853e+06 -2.11099e+06 19453 
1.7573e+07 -1.36085e+07 6.64726e+06 -1.17986e+06 -2.096e+06 21912 
1.7245e+07 -1.38871e+07 6.52375e+06 -1.17748e+06 -2.11954e+06 21545 
1.7719e+07 -1.38814e+07 6.6663e+06 -1.19363e+06 -2.10115e+06 17692 
1.74287e+07 -1.38284e+07 6.6109e+06 -1.17529e+06 -2.11116e+06 29001 
1.75235e+07 -1.36534e+07 6.62458e+06 -1.18085e+06 -2.10196e+06 22343 
1.75472e+07 -1.38701e+07 6.5569e+06 -1.17666e+06 -2.10787e+06 31532 
1.7441e+07 -1.37195e+07 6.59074e+06 -1.18526e+06 -2.10738e+06 20078 
1.75462e+07 -1.37961e+07 6.60921e+06 -1.17296e+06 -2.1e+06 29022 
1.73898e+07 -1.38578e+07 6.55632e+06 -1.17884e+06 -2.11649e+06 18274 
1.74915e+07 -1.3657e+07 6.66879e+06 -1.17775e+06 -2.09226e+06 24657 
1.74527e+07 -1.39442e+07 6.5371e+06 -1.18531e+06 -2.11914e+06 19675 
1.75412e+07 -1.35769e+07 6.73742e+06 -1.18382e+06 -2.09416e+06 22958 
1.72685e+07 -1.37715e+07 6.52502e+06 -1.17284e+06 -2.11338e+06 27191 
1.74824e+07 -1.36484e+07 6.67424e+06 -1.18575e+06 -2.10084e+06 22495 
1.72983e+07 -1.38019e+07 6.56852e+06 -1.16523e+06 -2.10671e+06 31415 
1.73923e+07 -1.36653e+07 6.62572e+06 -1.18692e+06 -2.10292e+06 22342 
1.74833e+07 -1.38674e+07 6.61516e+06 -1.17381e+06 -2.10379e+06 34709 
1.73478e+07 -1.37132e+07 6.54921e+06 -1.18108e+06 -2.10998e+06 23792 
1.76137e+07 -1.37756e+07 6.57254e+06 -1.17653e+06 -2.09765e+06 30809 
1.738e+07 -1.37899e+07 6.58802e+06 -1.17731e+06 -2.11063e+06 21373 
1.7484e+07 -1.36216e+07 6.74212e+06 -1.17268e+06 -2.09146e+06 23856 
1.74176e+07 -1.38989e+07 6.57566e+06 -1.17438e+06 -2.11276e+06 20257 
1.74022e+07 -1.35876e+07 6.70462e+06 -1.18222e+06 -2.09081e+06 20858 
1.72637e+07 -1.38468e+07 6.60286e+06 -1.16846e+06 -2.10329e+06 27867 
1.75683e+07 -1.37077e+07 6.62368e+06 -1.18456e+06 -2.10321e+06 20884 
1.74806e+07 -1.39167e+07 6.60579e+06 -1.17429e+06 -2.10754e+06 32295 
1.73238e+07 -1.361e+07 6.63959e+06 -1.18069e+06 -2.10059e+06 22414 
1.74132e+07 -1.3751e+07 6.67292e+06 -1.17118e+06 -2.09863e+06 33440 
1.72916e+07 -1.36982e+07 6.50583e+06 -1.17801e+06 -2.10856e+06 25548 
1.74791e+07 -1.36858e+07 6.68251e+06 -1.17269e+06 -2.09082e+06 29282 
1.73258e+07 -1.38615e+07 6.55611e+06 -1.17566e+06 -2.11192e+06 21117 
1.75152e+07 -1.36957e+07 6.70882e+06 -1.17899e+06 -2.08789e+06 21222 
1.72747e+07 -1.38586e+07 6.5664e+06 -1.1712e+06 -2.10771e+06 22336 
1.75043e+07 -1.37713e+07 6.703e+06 -1.18109e+06 -2.09813e+06 23133 
1.72729e+07 -1.37467e+07 6.62176e+06 -1.16863e+06 -2.10059e+06 27468 
1.73344e+07 -1.35758e+07 6.64669e+06 -1.17869e+06 -2.09396e+06 21733 
1.73507e+07 -1.37323e+07 6.63153e+06 -1.16699e+06 -2.09743e+06 34882 
1.73424e+07 -1.36735e+07 6.58829e+06 -1.17846e+06 -2.10404e+06 22055 
1.755e+07 -1.38101e+07 6.6163e+06 -1.16814e+06 -2.1009e+06 31627 
1.72724e+07 -1.37412e+07 6.54571e+06 -1.17496e+06 -2.1021e+06 22120 
1.74444e+07 -1.36325e+07 6.70032e+06 -1.16937e+06 -2.08724e+06 30992 
1.72741e+07 -1.37713e+07 6.54089e+06 -1.17202e+06 -2.1016e+06 20213 
1.73934e+07 -1.36161e+07 6.73605e+06 -1.17433e+06 -2.08533e+06 25301 
1.73102e+07 -1.38792e+07 6.63009e+06 -1.16951e+06 -2.10515e+06 20712 
1.73899e+07 -1.35593e+07 6.67149e+06 -1.18127e+06 -2.09746e+06 22388 
1.72422e+07 -1.37743e+07 6.63432e+06 -1.16247e+06 -2.0966e+06 28519 
1.73252e+07 -1.36075e+07 6.66014e+06 -1.18458e+06 -2.10053e+06 22528 
1.73629e+07 -1.37566e+07 6.6975e+06 -1.16354e+06 -2.09857e+06 33803 
1.73391e+07 -1.37289e+07 6.55948e+06 -1.17847e+06 -2.10383e+06 22750 
1.74815e+07 -1.37617e+07 6.65481e+06 -1.16616e+06 -2.08619e+06 30666 
1.72933e+07 -1.37297e+07 6.55439e+06 -1.17715e+06 -2.10764e+06 25639 
1.74277e+07 -1.35487e+07 6.67512e+06 -1.17034e+06 -2.08149e+06 28479 
1.71698e+07 -1.37799e+07 6.52595e+06 -1.16652e+06 -2.10445e+06 25011 
1.74006e+07 -1.35669e+07 6.77025e+06 -1.18248e+06 -2.08711e+06 19040 
1.72759e+07 -1.37997e+07 6.55809e+06 -1.16789e+06 -2.09698e+06 26307 
1.72937e+07 -1.36013e+07 6.65289e+06 -1.1908e+06 -2.09446e+06 18564 
1.72244e+07 -1.36505e+07 6.62539e+06 -1.17708e+06 -2.10228e+06 32573 
1.71087e+07 -1.34576e+07 6.74553e+06 -1.20153e+06 -2.12591e+06 20232 
1.71002e+07 -1.34265e+07 6.82578e+06 -1.19769e+06 -2.12569e+06 36682 
1.68984e+07 -1.34151e+07 6.79724e+06 -1.2254e+06 -2.1602e+06 24370 
1.7046e+07 -1.32443e+07 7.07882e+06 -1.23482e+06 -2.15241e+06 30573 
1.67466e+07 -1.3312e+07 6.92845e+06 -1.24591e+06 -2.17838e+06 27029 
1.68526e+07 -1.30793e+07 7.19576e+06 -1.26671e+06 -2.17984e+06 24333 
1.65446e+07 -1.32291e+07 7.19227e+06 -1.26498e+06 -2.20475e+06 25408 
1.65377e+07 -1.28549e+07 7.46901e+06 -1.3008e+06 -2.22049e+06 17751 
1.64208e+07 -1.29235e+07 7.48824e+06 -1.29663e+06 -2.22321e+06 27046 
1.62604e+07 -1.26629e+07 7.62612e+06 -1.33611e+06 -2.26528e+06 16309 
1.61788e+07 -1.2613e+07 7.82773e+06 -1.34155e+06 -2.27625e+06 31569 
1.60056e+07 -1.2541e+07 7.81264e+06 -1.35635e+06 -2.29575e+06 22820 
1.61576e+07 -1.24615e+07 8.05162e+06 -1.35358e+06 -2.28483e+06 32740 
1.60647e+07 -1.27067e+07 7.75607e+06 -1.34956e+06 -2.29002e+06 26486 
1.63546e+07 -1.25409e+07 8.03754e+06 -1.34647e+06 -2.26074e+06 28457 
1.62009e+07 -1.28331e+07 7.74808e+06 -1.3318e+06 -2.26766e+06 27877 
1.64708e+07 -1.26978e+07 7.75689e+06 -1.32801e+06 -2.24258e+06 23140 
1.62919e+07 -1.28322e+07 7.73263e+06 -1.31198e+06 -2.24846e+06 30350 
1.6369e+07 -1.27521e+07 7.77504e+06 -1.32576e+06 -2.25034e+06 17063 
1.63433e+07 -1.28612e+07 7.80883e+06 -1.32656e+06 -2.25132e+06 27174 
1.63245e+07 -1.27558e+07 7.76924e+06 -1.32924e+06 -2.25492e+06 17807 
1.6457e+07 -1.27769e+07 7.73495e+06 -1.31578e+06 -2.23792e+06 32917 
1.65008e+07 -1.27104e+07 7.90948e+06 -1.3316e+06 -2.24046e+06 26814 
1.64082e+07 -1.26495e+07 8.03577e+06 -1.33089e+06 -2.24981e+06 30198 
1.62581e+07 -1.28489e+07 7.73052e+06 -1.3241e+06 -2.26212e+06 27771 
1.64468e+07 -1.26757e+07 7.80507e+06 -1.33354e+06 -2.25053e+06 30035 
1.62844e+07 -1.2856e+07 7.74435e+06 -1.32656e+06 -2.25673e+06 28727 
1.64518e+07 -1.26899e+07 7.73275e+06 -1.32156e+06 -2.23058e+06 21285 
1.6284e+07 -1.27712e+07 7.8914e+06 -1.33383e+06 -2.2612e+06 26662 
1.62705e+07 -1.26868e+07 7.79621e+06 -1.34103e+06 -2.25522e+06 17490 
1.63279e+07 -1.26892e+07 7.89207e+06 -1.33546e+06 -2.24984e+06 29749 
1.6284e+07 -1.26698e+07 7.82643e+06 -1.34816e+06 -2.2685e+06 20257 
1.63893e+07 -1.26272e+07 7.90991e+06 -1.34004e+06 -2.24864e+06 29895 
1.6181e+07 -1.27474e+07 7.72277e+06 -1.33901e+06 -2.26826e+06 28573 
1.6485e+07 -1.26991e+07 7.95295e+06 -1.33568e+06 -2.23982e+06 30210 
1.62002e+07 -1.27836e+07 7.782e+06 -1.33892e+06 -2.27254e+06 27582 
1.62523e+07 -1.24075e+07 8.01684e+06 -1.36171e+06 -2.26566e+06 26276 
1.61838e+07 -1.27415e+07 7.79244e+06 -1.33876e+06 -2.26617e+06 29508 
1.62427e+07 -1.24366e+07 7.92038e+06 -1.3531e+06 -2.25389e+06 22975 
1.62192e+07 -1.27245e+07 7.77342e+06 -1.33437e+06 -2.25458e+06 25200 
1.63087e+07 -1.27011e+07 7.70112e+06 -1.34363e+06 -2.24741e+06 16078 
1.62903e+07 -1.27059e+07 7.7425e+06 -1.32319e+06 -2.23226e+06 29625 
1.6361e+07 -1.27861e+07 7.60739e+06 -1.31756e+06 -2.22944e+06 22441 
1.65199e+07 -1.2827e+07 7.73016e+06 -1.32023e+06 -2.22086e+06 31128 
1.64084e+07 -1.29414e+07 7.4355e+06 -1.30057e+06 -2.20914e+06 24605 
1.65617e+07 -1.27952e+07 7.74081e+06 -1.32816e+06 -2.23002e+06 31757 
1.6424e+07 -1.29974e+07 7.49694e+06 -1.30074e+06 -2.21981e+06 29126 
1.64444e+07 -1.26028e+07 7.67139e+06 -1.33097e+06 -2.22517e+06 27862 
1.63106e+07 -1.2806e+07 7.602e+06 -1.31249e+06 -2.23184e+06 35052 
1.63862e+07 -1.26667e+07 7.7044e+06 -1.33313e+06 -2.22913e+06 21035 
1.6415e+07 -1.28763e+07 7.67967e+06 -1.31868e+06 -2.23205e+06 29798 
1.6318e+07 -1.27011e+07 7.67321e+06 -1.3488e+06 -2.24696e+06 13037 
1.63635e+07 -1.28195e+07 7.63901e+06 -1.32316e+06 -2.22802e+06 31251 
1.64133e+07 -1.28121e+07 7.5113e+06 -1.31392e+06 -2.21905e+06 17822 
1.65629e+07 -1.28032e+07 7.56277e+06 -1.30658e+06 -2.20398e+06 30444 
1.63682e+07 -1.29433e+07 7.42996e+06 -1.31164e+06 -2.23051e+06 23458 
1.65366e+07 -1.27856e+07 7.6422e+06 -1.31005e+06 -2.20907e+06 30238 
1.63344e+07 -1.29805e+07 7.4736e+06 -1.30147e+06 -2.21816e+06 28894 
1.6468e+07 -1.27345e+07 7.60397e+06 -1.31942e+06 -2.21454e+06 25660 
1.63491e+07 -1.28934e+07 7.50556e+06 -1.29827e+06 -2.22015e+06 36985 
1.63636e+07 -1.26937e+07 7.62051e+06 -1.33746e+06 -2.24185e+06 21268 
1.64715e+07 -1.29453e+07 7.50583e+06 -1.30865e+06 -2.21905e+06 32273 
1.63078e+07 -1.27624e+07 7.62305e+06 -1.3313e+06 -2.23784e+06 14412 
1.6442e+07 -1.27379e+07 7.81194e+06 -1.33715e+06 -2.23464e+06 24812 
1.60748e+07 -1.26538e+07 7.74962e+06 -1.3555e+06 -2.26842e+06 18636 
1.63639e+07 -1.26453e+07 7.77726e+06 -1.3397e+06 -2.23835e+06 30907 
1.59854e+07 -1.2733e+07 7.58015e+06 -1.3498e+06 -2.26823e+06 29656 
1.62889e+07 -1.255e+07 7.80307e+06 -1.34108e+06 -2.22937e+06 28701 
1.61561e+07 -1.28295e+07 7.71078e+06 -1.33427e+06 -2.26239e+06 31708 
1.63365e+07 -1.26314e+07 7.75448e+06 -1.33748e+06 -2.23563e+06 24480 
1.61905e+07 -1.2825e+07 7.74026e+06 -1.33026e+06 -2.2546e+06 34751 
1.64448e+07 -1.28056e+07 7.63694e+06 -1.32272e+06 -2.21976e+06 19681 
1.64438e+07 -1.29554e+07 7.46465e+06 -1.2921e+06 -2.20177e+06 33969 
1.65106e+07 -1.29922e+07 7.3977e+06 -1.30097e+06 -2.19371e+06 17479 
1.66093e+07 -1.30318e+07 7.48366e+06 -1.29392e+06 -2.19475e+06 27032 
1.63568e+07 -1.30403e+07 7.45985e+06 -1.30792e+06 -2.21568e+06 15997 
1.64677e+07 -1.28362e+07 7.59237e+06 -1.30724e+06 -2.19425e+06 29421 
1.62244e+07 -1.28989e+07 7.55551e+06 -1.32119e+06 -2.23904e+06 28120 
1.64751e+07 -1.26886e+07 7.75792e+06 -1.3344e+06 -2.2223e+06 28779 
1.6258e+07 -1.28724e+07 7.53421e+06 -1.31068e+06 -2.23305e+06 32056 
1.64178e+07 -1.2775e+07 7.5872e+06 -1.33054e+06 -2.2247e+06 24318 
1.62608e+07 -1.28719e+07 7.54215e+06 -1.31584e+06 -2.22437e+06 30383 
1.63366e+07 -1.27589e+07 7.50239e+06 -1.33393e+06 -2.22403e+06 15710 
1.63804e+07 -1.28642e+07 7.5518e+06 -1.30492e+06 -2.20954e+06 31414 
1.62872e+07 -1.28732e+07 7.42232e+06 -1.32214e+06 -2.21809e+06 17162 
1.64373e+07 -1.28361e+07 7.70645e+06 -1.32345e+06 -2.22086e+06 30237 
1.60611e+07 -1.27102e+07 7.67468e+06 -1.33778e+06 -2.24658e+06 22751 
1.63582e+07 -1.27435e+07 7.75525e+06 -1.33576e+06 -2.22653e+06 27546 
1.63069e+07 -1.29602e+07 7.4813e+06 -1.31056e+06 -2.22838e+06 24759 
1.6285e+07 -1.2704e+07 7.75182e+06 -1.33385e+06 -2.23511e+06 30316 
1.61743e+07 -1.28269e+07 7.64608e+06 -1.32035e+06 -2.24707e+06 31252 
1.63365e+07 -1.27995e+07 7.7146e+06 -1.33496e+06 -2.23087e+06 25308 
1.6377e+07 -1.29477e+07 7.64622e+06 -1.31059e+06 -2.21867e+06 29140 
1.63316e+07 -1.28903e+07 7.54203e+06 -1.33017e+06 -2.2347e+06 20187 
1.63592e+07 -1.29067e+07 7.64757e+06 -1.31544e+06 -2.21628e+06 26410 
1.6168e+07 -1.28329e+07 7.7012e+06 -1.33634e+06 -2.24722e+06 18897 
1.63928e+07 -1.28454e+07 7.70236e+06 -1.32095e+06 -2.2162e+06 26008 
1.6064e+07 -1.28589e+07 7.59071e+06 -1.33236e+06 -2.24358e+06 25043 
1.63084e+07 -1.271e+07 7.87134e+06 -1.33731e+06 -2.2291e+06 25803 
1.62187e+07 -1.29678e+07 7.67977e+06 -1.31624e+06 -2.23752e+06 27483 
1.6473e+07 -1.29309e+07 7.61152e+06 -1.31026e+06 -2.20321e+06 23744 
1.64935e+07 -1.31207e+07 7.38553e+06 -1.28109e+06 -2.18837e+06 27675 
1.65056e+07 -1.30212e+07 7.50236e+06 -1.29543e+06 -2.194e+06 23242 
1.66601e+07 -1.31888e+07 7.26157e+06 -1.26929e+06 -2.16728e+06 28815 
1.64234e+07 -1.30512e+07 7.40398e+06 -1.29678e+06 -2.19193e+06 17909 
1.64971e+07 -1.29978e+07 7.53556e+06 -1.2995e+06 -2.19502e+06 22500 
1.62687e+07 -1.30388e+07 7.51371e+06 -1.32006e+06 -2.22428e+06 16057 
1.63484e+07 -1.28091e+07 7.70992e+06 -1.32942e+06 -2.20906e+06 24472 
1.60715e+07 -1.28822e+07 7.69866e+06 -1.34201e+06 -2.24822e+06 22206 
1.61695e+07 -1.25459e+07 7.98851e+06 -1.3618e+06 -2.25066e+06 26909 
1.62155e+07 -1.29622e+07 7.62592e+06 -1.32171e+06 -2.23059e+06 27124 
1.6184e+07 -1.26103e+07 7.87351e+06 -1.35721e+06 -2.23864e+06 19005 
1.60127e+07 -1.27507e+07 7.90887e+06 -1.35494e+06 -2.26894e+06 29721 
1.62268e+07 -1.27791e+07 7.66111e+06 -1.34664e+06 -2.24229e+06 22746 
1.60823e+07 -1.2747e+07 7.8238e+06 -1.34058e+06 -2.25035e+06 32745 
1.61797e+07 -1.28368e+07 7.73881e+06 -1.34089e+06 -2.2366e+06 13140 
1.6285e+07 -1.28582e+07 7.92272e+06 -1.32999e+06 -2.22078e+06 24374 
1.61502e+07 -1.29839e+07 7.58264e+06 -1.3166e+06 -2.21469e+06 16306 
1.64122e+07 -1.28133e+07 7.83765e+06 -1.3346e+06 -2.21225e+06 22133 
1.62426e+07 -1.30556e+07 7.52149e+06 -1.31076e+06 -2.21692e+06 23728 
1.63517e+07 -1.28321e+07 7.83361e+06 -1.34094e+06 -2.21781e+06 24039 
1.63111e+07 -1.31314e+07 7.58506e+06 -1.30566e+06 -2.21276e+06 26867 
1.64372e+07 -1.28817e+07 7.62517e+06 -1.32399e+06 -2.20981e+06 16548 
1.63025e+07 -1.29911e+07 7.63986e+06 -1.31769e+06 -2.2147e+06 33157 
1.63338e+07 -1.28911e+07 7.62558e+06 -1.3368e+06 -2.22395e+06 19163 
1.64069e+07 -1.29874e+07 7.68764e+06 -1.31075e+06 -2.19618e+06 29790 
1.62241e+07 -1.29372e+07 7.52779e+06 -1.32934e+06 -2.22975e+06 19582 
1.64047e+07 -1.29446e+07 7.61765e+06 -1.31947e+06 -2.19618e+06 23505 
1.62145e+07 -1.30819e+07 7.46234e+06 -1.31627e+06 -2.21512e+06 16068 
1.65142e+07 -1.29732e+07 7.6645e+06 -1.31696e+06 -2.1854e+06 17893 
1.62966e+07 -1.30726e+07 7.47573e+06 -1.3045e+06 -2.19866e+06 21565 
1.64981e+07 -1.29436e+07 7.4792e+06 -1.30757e+06 -2.18228e+06 19822 
1.64957e+07 -1.31351e+07 7.38461e+06 -1.28212e+06 -2.18386e+06 29289 
1.6428e+07 -1.30375e+07 7.43882e+06 -1.3056e+06 -2.18676e+06 20051 
1.64807e+07 -1.30767e+07 7.56048e+06 -1.29155e+06 -2.18437e+06 30491 
1.63498e+07 -1.29423e+07 7.56966e+06 -1.31503e+06 -2.20805e+06 17950 
1.64287e+07 -1.29775e+07 7.5851e+06 -1.30756e+06 -2.19095e+06 24491 
1.62499e+07 -1.30405e+07 7.55257e+06 -1.328e+06 -2.22203e+06 19060 
1.6416e+07 -1.30154e+07 7.49838e+06 -1.31539e+06 -2.1943e+06 26095 
1.61668e+07 -1.30081e+07 7.627e+06 -1.33053e+06 -2.22539e+06 18302 
1.63163e+07 -1.28727e+07 7.68001e+06 -1.32665e+06 -2.20216e+06 21403 
1.61155e+07 -1.29707e+07 7.57406e+06 -1.33991e+06 -2.23812e+06 20912 
1.62686e+07 -1.28577e+07 7.64042e+06 -1.33748e+06 -2.21091e+06 17814 
1.63334e+07 -1.3124e+07 7.53308e+06 -1.31e+06 -2.20289e+06 29209 
1.62931e+07 -1.29201e+07 7.61904e+06 -1.3317e+06 -2.21153e+06 22622 
1.64189e+07 -1.31702e+07 7.54371e+06 -1.29838e+06 -2.19845e+06 34675 
1.64032e+07 -1.30192e+07 7.54874e+06 -1.31037e+06 -2.18911e+06 13730 
1.64812e+07 -1.31256e+07 7.43425e+06 -1.29476e+06 -2.17623e+06 27030 
1.63029e+07 -1.30662e+07 7.45612e+06 -1.30932e+06 -2.19775e+06 13451 
1.64249e+07 -1.3e+07 7.70898e+06 -1.31715e+06 -2.19065e+06 21068 
1.63916e+07 -1.32005e+07 7.28032e+06 -1.29202e+06 -2.17979e+06 15587 
1.6431e+07 -1.30096e+07 7.56807e+06 -1.31457e+06 -2.17787e+06 19091 
1.63157e+07 -1.32173e+07 7.37868e+06 -1.29772e+06 -2.18892e+06 21356 
1.64605e+07 -1.30011e+07 7.633e+06 -1.31861e+06 -2.18643e+06 16204 
1.63381e+07 -1.32091e+07 7.53904e+06 -1.29879e+06 -2.19337e+06 26052 
1.64297e+07 -1.30318e+07 7.53417e+06 -1.31426e+06 -2.19094e+06 18242 
1.64485e+07 -1.31747e+07 7.44697e+06 -1.29869e+06 -2.18819e+06 29313 
1.63412e+07 -1.30148e+07 7.4797e+06 -1.31812e+06 -2.2027e+06 16676 
1.6548e+07 -1.32208e+07 7.42139e+06 -1.29355e+06 -2.18018e+06 27471 
1.64235e+07 -1.32382e+07 7.30185e+06 -1.29428e+06 -2.18134e+06 13769 
1.64767e+07 -1.30458e+07 7.58758e+06 -1.30956e+06 -2.17311e+06 19873 
1.62489e+07 -1.31224e+07 7.3996e+06 -1.30733e+06 -2.20055e+06 13707 
1.64685e+07 -1.29503e+07 7.50141e+06 -1.3059e+06 -2.17182e+06 19670 
1.6277e+07 -1.32254e+07 7.34366e+06 -1.30294e+06 -2.19433e+06 25396 
1.64846e+07 -1.30308e+07 7.47474e+06 -1.29884e+06 -2.17148e+06 23730 
1.63104e+07 -1.3198e+07 7.4217e+06 -1.29522e+06 -2.18938e+06 27704 
1.64656e+07 -1.30893e+07 7.32396e+06 -1.30068e+06 -2.17525e+06 15416 
1.64138e+07 -1.31956e+07 7.36108e+06 -1.2944e+06 -2.18008e+06 30818 
1.63565e+07 -1.31545e+07 7.23914e+06 -1.29021e+06 -2.17932e+06 16701 
1.65168e+07 -1.3162e+07 7.47732e+06 -1.28738e+06 -2.16316e+06 23637 
1.62194e+07 -1.31589e+07 7.3134e+06 -1.30528e+06 -2.19526e+06 16351 
1.64561e+07 -1.3065e+07 7.53084e+06 -1.30162e+06 -2.17169e+06 17948 
1.63719e+07 -1.33224e+07 7.201e+06 -1.27612e+06 -2.1619e+06 16003 
1.65389e+07 -1.31453e+07 7.40791e+06 -1.28961e+06 -2.15924e+06 18053 
1.63282e+07 -1.33034e+07 7.2576e+06 -1.27473e+06 -2.17657e+06 28605 
1.65221e+07 -1.31226e+07 7.4128e+06 -1.29397e+06 -2.16901e+06 17076 
1.64172e+07 -1.3188e+07 7.34729e+06 -1.29275e+06 -2.17156e+06 16751 
1.64172e+07 -1.3188e+07 7.34729e+06 -1.29275e+06 -2.17156e+06 16751 
