0.0536738 -0.0486971 0.0360099 0.0610095 -0.00635167 0.0709564 
0.147962 -0.0524171 0.0655719 0.134263 -0.0256742 0.135279 
0.211162 -0.0701202 0.109636 0.203241 -0.0329656 0.203869 
0.216548 -0.123218 0.140919 0.260836 -0.0336563 0.273917 
0.316466 -0.101534 0.198606 0.339787 -0.0494358 0.337142 
0.298594 -0.108752 0.201618 0.336495 -0.0476218 0.338996 
0.248864 -0.0749862 0.234376 0.346075 -0.0294174 0.335389 
0.270728 -0.0969919 0.195174 0.338368 -0.0405304 0.338973 
0.315427 -0.0486157 0.202755 0.353187 -0.046612 0.332979 
0.253577 -0.112924 0.188083 0.335908 -0.0345098 0.340538 
0.292668 -0.0733127 0.185662 0.346824 -0.0435743 0.333059 
0.288173 -0.124871 0.172994 0.331422 -0.0444684 0.34091 
0.263235 -0.111563 0.201425 0.335937 -0.0379234 0.336033 
0.267837 -0.101999 0.211287 0.33974 -0.0366781 0.336575 
0.260252 -0.096942 0.205723 0.339926 -0.037189 0.336106 
0.26027 -0.0731441 0.210191 0.3476 -0.0338592 0.335067 
0.239181 -0.107545 0.188762 0.337076 -0.0330684 0.339563 
0.212306 -0.070561 0.224641 0.348357 -0.020161 0.33449 
0.184908 -0.112949 0.213713 0.334388 -0.0156449 0.340479 
0.190196 -0.065059 0.233588 0.349171 -0.0144859 0.331648 
0.139522 -0.094672 0.243716 0.339152 -0.00239078 0.336077 
0.18126 -0.0464158 0.246814 0.3526 -0.0127913 0.326875 
0.180602 -0.0661019 0.241475 0.346566 -0.01253 0.330622 
0.222529 -0.0677717 0.240024 0.345964 -0.0251444 0.328973 
0.228527 -0.0813919 0.23181 0.342611 -0.0253587 0.332859 
0.221693 -0.10091 0.208707 0.337742 -0.0300143 0.334774 
0.222037 -0.0870833 0.217747 0.343803 -0.0277066 0.334973 
0.196762 -0.112364 0.196761 0.335153 -0.0262467 0.340014 
0.161372 -0.0518101 0.210916 0.352511 -0.0159702 0.332354 
0.169705 -0.0905816 0.197729 0.34092 -0.0196131 0.338113 
0.219893 -0.0495663 0.199038 0.352302 -0.0297984 0.330667 
0.16662 -0.0756757 0.216516 0.343177 -0.0149259 0.334798 
0.191445 -0.0548728 0.208848 0.349439 -0.0226828 0.328791 
0.186133 -0.079217 0.234695 0.34304 -0.016159 0.332351 
0.167131 -0.0693053 0.232583 0.344529 -0.0150035 0.329852 
0.147081 -0.0542796 0.256177 0.349904 -0.00629244 0.329752 
0.172982 -0.0703271 0.22434 0.344558 -0.0186497 0.332682 
0.181428 -0.0353868 0.244238 0.355709 -0.0171812 0.329764 
0.194992 -0.0563548 0.18994 0.348951 -0.0280534 0.333659 
0.184537 -0.0178632 0.210298 0.360627 -0.0222256 0.328381 
0.140879 -0.0583741 0.215744 0.347661 -0.0125069 0.334685 
0.133861 -0.0293156 0.237825 0.356255 -0.00854695 0.327326 
0.116465 -0.0644407 0.243262 0.346042 -0.00291588 0.332336 
0.135931 -0.0657505 0.251965 0.346687 -0.00833893 0.329916 
0.142952 -0.066432 0.265439 0.346522 -0.00740079 0.331237 
0.157486 -0.074637 0.244213 0.343724 -0.0158861 0.330471 
0.162731 -0.0581007 0.262197 0.34938 -0.0137805 0.331058 
0.146378 -0.073584 0.237626 0.343254 -0.0157124 0.333468 
0.125324 -0.0292278 0.246979 0.356032 -0.0084575 0.329858 
0.103553 -0.071293 0.230869 0.343977 -0.00455236 0.335612 
0.104381 -0.0224787 0.24575 0.358623 -0.00272043 0.329056 
0.0777159 -0.0525274 0.234081 0.349129 0.00435795 0.333208 
0.0955615 -0.0287429 0.232236 0.357216 -0.00015788 0.327161 
0.0874606 -0.0536015 0.253632 0.349485 0.00555106 0.330494 
0.125146 -0.0392925 0.234752 0.35264 -0.0100182 0.327145 
0.133845 -0.0528155 0.248199 0.349153 -0.00698089 0.329441 
0.137144 -0.0758142 0.24284 0.341989 -0.0131485 0.331586 
0.134881 -0.0445869 0.284085 0.351251 -0.00644246 0.329145 
0.100497 -0.0759143 0.255871 0.341088 -0.00274214 0.33507 
0.0908618 -0.0406843 0.284073 0.351656 0.00477537 0.330939 
0.0645287 -0.0584553 0.276862 0.344633 0.0107886 0.336221 
0.0585594 -0.0149725 0.292046 0.357062 0.0179497 0.329275 
-0.0116041 -0.0502985 0.283085 0.347131 0.042756 0.335162 
-0.0702931 -0.0257853 0.305366 0.35457 0.0678114 0.327417 
-0.187391 -0.023734 0.320091 0.356411 0.116377 0.326839 
-0.305199 -0.0367263 0.291595 0.353899 0.157286 0.325105 
-0.435243 -0.0135878 0.298993 0.361751 0.211669 0.322466 
-0.559262 -0.0283488 0.268567 0.35662 0.256461 0.324093 
-0.687459 0.0253144 0.259975 0.373369 0.308659 0.318475 
-0.869405 0.000787149 0.21278 0.366452 0.368527 0.323367 
-1.02533 0.047618 0.211066 0.38027 0.426662 0.317495 
-1.23552 0.0289936 0.174966 0.376841 0.500854 0.32144 
-1.43821 0.0628179 0.149583 0.387886 0.573463 0.314277 
-1.65164 0.0466142 0.133472 0.384626 0.651563 0.316311 
-1.80569 0.0476879 0.0903428 0.38514 0.702082 0.312549 
-1.90284 0.0696603 0.0861915 0.392906 0.743105 0.308741 
-1.9503 0.0390482 0.0185636 0.382103 0.747947 0.311365 
-1.91289 0.0660583 0.014245 0.389466 0.735269 0.30869 
-1.83358 0.0198448 -0.0207407 0.374423 0.69949 0.316075 
-1.73927 0.0512302 -0.00346812 0.38305 0.666491 0.312484 
-1.70002 0.013072 -0.0315951 0.372187 0.644261 0.319915 
-1.63775 0.0586565 -0.015887 0.385076 0.626129 0.313982 
-1.63495 0.0299687 -0.022425 0.377537 0.622537 0.319895 
-1.62428 0.0427601 -0.0237196 0.380624 0.617268 0.316182 
-1.63282 -0.0045168 -0.0596404 0.365642 0.616959 0.324411 
-1.66787 -0.0244571 -0.0993015 0.358525 0.621827 0.324952 
-1.67136 -0.0137198 -0.0789331 0.362838 0.626257 0.32258 
-1.6706 -0.0425389 -0.0876734 0.353193 0.625047 0.324549 
-1.68233 -0.0065962 -0.0829802 0.363853 0.632716 0.32032 
-1.67271 -0.00218737 -0.0476301 0.365532 0.631632 0.320763 
-1.65755 0.0326438 -0.0232518 0.375848 0.632647 0.316551 
-1.6833 0.00857028 -0.0230487 0.36796 0.640719 0.322892 
-1.70495 0.0276972 -0.0304549 0.372554 0.645499 0.32085 
-1.73672 0.00219247 -0.0303779 0.365879 0.658336 0.325984 
-1.77026 0.00262708 -0.0515239 0.365167 0.669497 0.324414 
-1.76798 0.0144514 -0.0135498 0.368267 0.675148 0.322508 
-1.75752 -0.0151766 -0.0564532 0.35812 0.664482 0.324636 
-1.74908 0.0163667 -0.0358119 0.368772 0.668437 0.319789 
-1.80518 -0.0150896 -0.0463028 0.35821 0.68302 0.323698 
-1.80312 0.0305472 -0.020262 0.372198 0.687801 0.316909 
-1.85467 -0.0211903 -0.0350411 0.356168 0.69925 0.326137 
-1.8642 0.0210886 0.0125664 0.36944 0.709173 0.320758 
-1.8537 -0.00593464 0.0250737 0.360109 0.705207 0.328158 
-1.78384 0.0296203 0.0467935 0.369183 0.679839 0.323124 
-1.73837 0.0100665 0.0625709 0.362878 0.662039 0.327918 
-1.63806 0.0234093 0.0461443 0.365196 0.625237 0.325051 
-1.55381 0.0257956 0.0741781 0.364193 0.596017 0.325882 
-1.51675 0.00189133 0.0424392 0.356149 0.578158 0.326245 
-1.43939 0.0225469 0.0529671 0.362543 0.554781 0.32319 
-1.45902 -0.0147604 0.0499781 0.350394 0.560777 0.327983 
-1.47292 0.0128922 0.088295 0.359302 0.569252 0.32265 
-1.53791 -0.0216765 0.0647256 0.349556 0.590418 0.328181 
-1.53831 0.0107805 0.0793245 0.359356 0.59119 0.323841 
-1.60576 -0.0145416 0.0790376 0.35231 0.619029 0.330986 
-1.58509 0.0269501 0.0739443 0.363778 0.612418 0.324682 
-1.56283 0.0128379 0.0817236 0.360217 0.606154 0.330369 
-1.5102 0.00588473 0.0830704 0.357459 0.585641 0.329593 
-1.48179 0.0220252 0.124105 0.362884 0.582053 0.328352 
-1.44262 0.00180853 0.107621 0.355814 0.559277 0.327914 
-1.40895 0.028204 0.125817 0.364099 0.548377 0.324368 
-1.42194 0.0095699 0.112001 0.357351 0.5502 0.325974 
-1.43012 0.0530935 0.130139 0.370736 0.55543 0.31786 
-1.48164 0.0194313 0.116801 0.36079 0.572236 0.323225 
-1.45546 0.0508834 0.132688 0.369989 0.568631 0.318258 
-1.50136 0.0247616 0.125553 0.363799 0.586483 0.32448 
-1.5255 0.0288989 0.0915499 0.365337 0.59391 0.323876 
-1.61312 0.0358346 0.0874217 0.368291 0.630616 0.326608 
-1.63519 0.02904 0.0642025 0.364851 0.633313 0.326201 
-1.72638 0.0706132 0.101939 0.376981 0.673715 0.320926 
-1.77355 0.0441227 0.0885157 0.366557 0.684362 0.322992 
-1.7852 0.0983165 0.119098 0.383411 0.694355 0.313061 
-1.75711 0.0570946 0.101264 0.370332 0.678021 0.318186 
-1.75128 0.106997 0.106256 0.385743 0.677989 0.309688 
-1.69395 0.0500583 0.0584936 0.369434 0.647164 0.31991 
-1.59031 0.0832862 0.0747688 0.379662 0.611853 0.313628 
-1.49608 0.0541701 0.0909654 0.369121 0.575573 0.322327 
-1.38657 0.0695532 0.0878123 0.37282 0.535398 0.320011 
-1.31138 0.0750148 0.107779 0.373952 0.51008 0.323893 
-1.30035 0.0758885 0.111493 0.371817 0.50196 0.322949 
-1.34254 0.10001 0.115738 0.379767 0.522537 0.320334 
-1.42191 0.0633784 0.0796231 0.368908 0.547172 0.322996 
-1.48832 0.0926187 0.107909 0.378626 0.575099 0.316967 
-1.52728 0.0472776 0.101867 0.364706 0.588807 0.321878 
-1.54185 0.0822882 0.122366 0.376242 0.600339 0.315883 
-1.5405 0.046754 0.134087 0.365138 0.601195 0.324276 
-1.50824 0.0846656 0.162718 0.376379 0.590384 0.318179 
-1.49289 0.0805298 0.179673 0.373662 0.588142 0.323163 
-1.49505 0.0859619 0.153192 0.374758 0.583997 0.321301 
-1.55225 0.0927622 0.156844 0.377456 0.605218 0.321696 
-1.57789 0.0873776 0.113238 0.374945 0.607141 0.320258 
-1.56738 0.11126 0.123259 0.383391 0.609066 0.317516 
-1.62302 0.0881971 0.0798999 0.376903 0.622059 0.317565 
-1.6492 0.125248 0.109624 0.389867 0.635366 0.310771 
-1.61024 0.0973844 0.0766627 0.380907 0.618952 0.314607 
-1.57145 0.122679 0.0785613 0.389154 0.604573 0.310114 
-1.58351 0.109451 0.0717092 0.384744 0.610547 0.313385 
-1.53857 0.126491 0.0688999 0.389286 0.593552 0.312135 
-1.54426 0.128203 0.0594537 0.389136 0.596226 0.315167 
-1.53024 0.126268 0.0539847 0.388371 0.587994 0.315405 
-1.5719 0.159648 0.0922226 0.397813 0.609748 0.311821 
-1.63109 0.13812 0.0511483 0.39021 0.620169 0.314377 
-1.64345 0.166914 0.0509857 0.399969 0.626311 0.309214 
-1.58605 0.135986 0.0373199 0.389192 0.600274 0.313531 
-1.50751 0.159243 0.0636522 0.396181 0.57381 0.309717 
-1.42677 0.117285 0.0353784 0.383894 0.53772 0.316106 
-1.26292 0.132052 0.0786276 0.387667 0.482849 0.313623 
-1.20001 0.113829 0.105037 0.380662 0.460926 0.319473 
-1.18113 0.119519 0.111293 0.382493 0.454175 0.318855 
-1.2311 0.140959 0.111482 0.389036 0.477485 0.318345 
-1.2974 0.134641 0.103134 0.385179 0.500349 0.320181 
-1.44995 0.178053 0.0932009 0.398409 0.559612 0.315223 
-1.60344 0.145446 0.0494888 0.388856 0.61089 0.317776 
-1.65042 0.181513 0.0566724 0.399365 0.631778 0.31158 
-1.75082 0.134863 0.0335098 0.384617 0.661913 0.318216 
-1.81823 0.17561 0.0276753 0.398879 0.690261 0.309758 
-1.80878 0.138845 0.0308736 0.388199 0.688111 0.314818 
-1.77665 0.179149 0.0499034 0.40028 0.679109 0.307535 
-1.80809 0.167097 0.0426003 0.397155 0.689853 0.312282 
-1.7707 0.186389 0.00833296 0.402473 0.669842 0.308469 
-1.69171 0.198501 0.0367519 0.404703 0.640153 0.310685 
-1.68429 0.176166 -0.00906287 0.396766 0.626915 0.31486 
-1.5958 0.195368 0.00797631 0.40193 0.597539 0.314505 
-1.58623 0.169687 -0.0199932 0.391933 0.589185 0.317113 
-1.51428 0.203547 0.0152607 0.40215 0.57046 0.311508 
-1.49763 0.147746 -0.00459791 0.386462 0.564275 0.319001 
-1.46762 0.188188 0.0234667 0.39788 0.557885 0.310916 
-1.48844 0.152287 0.0117326 0.387056 0.566515 0.317278 
-1.44718 0.165579 0.0209551 0.390681 0.549795 0.314206 
-1.47555 0.151604 0.0515946 0.387227 0.566439 0.31752 
-1.47098 0.164973 0.0504683 0.38875 0.562597 0.315439 
-1.45208 0.190326 0.080296 0.397216 0.561177 0.31518 
-1.42477 0.175298 0.0546691 0.391062 0.543006 0.318688 
-1.40557 0.203162 0.0923729 0.400072 0.542029 0.316121 
-1.36775 0.164201 0.0808568 0.386812 0.521356 0.322752 
-1.30919 0.177186 0.0998491 0.392374 0.501615 0.318482 
-1.28716 0.140028 0.0921132 0.380245 0.489655 0.323612 
-1.26747 0.159146 0.104443 0.386659 0.482274 0.317449 
-1.287 0.133461 0.0944319 0.380429 0.488873 0.321176 
-1.30187 0.148167 0.0786529 0.384752 0.491956 0.317975 
-1.35998 0.170897 0.0744959 0.390945 0.518134 0.317394 
-1.37026 0.169567 0.0668196 0.389764 0.52229 0.316647 
-1.42266 0.205815 0.0828802 0.40077 0.548812 0.314081 
-1.44652 0.201078 0.071603 0.397099 0.554423 0.315339 
-1.4829 0.245708 0.0961444 0.410878 0.577779 0.30937 
-1.51265 0.217854 0.0936606 0.401442 0.584888 0.31442 
-1.51256 0.244739 0.0853773 0.409654 0.584265 0.309646 
-1.50782 0.214288 0.0844492 0.399612 0.581213 0.313668 
-1.4451 0.240243 0.0780865 0.407712 0.559859 0.306541 
-1.40297 0.205032 0.0584602 0.396899 0.535775 0.313553 
-1.32337 0.210931 0.058402 0.398153 0.504563 0.310841 
-1.32621 0.207482 0.0781109 0.398365 0.506832 0.314285 
-1.31029 0.199185 0.0473895 0.395529 0.494136 0.316076 
-1.28235 0.207396 0.0920608 0.398035 0.488892 0.319315 
-1.28216 0.201999 0.0874839 0.39421 0.487378 0.320192 
-1.28433 0.238666 0.101735 0.405342 0.491809 0.316047 
-1.29214 0.206688 0.0652326 0.394415 0.489249 0.320909 
-1.25841 0.248052 0.0845359 0.406892 0.480702 0.313619 
-1.30087 0.21922 0.0511132 0.398037 0.492295 0.317361 
-1.26541 0.239334 0.0580213 0.405224 0.48323 0.311308 
-1.29809 0.207781 0.0542799 0.397013 0.495947 0.31628 
-1.23859 0.225257 0.0676505 0.402462 0.47791 0.310945 
-1.20043 0.216936 0.0999929 0.400677 0.469761 0.31461 
-1.19907 0.212016 0.0865554 0.397611 0.464654 0.315921 
-1.22453 0.233949 0.11283 0.405356 0.477179 0.315644 
-1.21988 0.206563 0.104997 0.395689 0.469044 0.319866 
-1.24312 0.246663 0.137127 0.406764 0.482082 0.315039 
-1.27975 0.209219 0.118957 0.394459 0.488523 0.318875 
-1.26311 0.254328 0.147558 0.408825 0.487848 0.309905 
-1.23368 0.218209 0.147613 0.397099 0.475958 0.315358 
-1.195 0.259817 0.156896 0.408894 0.466695 0.307036 
-1.18359 0.23852 0.174506 0.40402 0.461994 0.311294 
-1.16335 0.251731 0.161771 0.407672 0.452556 0.30956 
-1.16736 0.259608 0.18962 0.410397 0.459189 0.310844 
-1.19299 0.257519 0.156755 0.409043 0.46143 0.311001 
-1.16541 0.281024 0.177471 0.416439 0.451755 0.310811 
-1.16248 0.253075 0.136363 0.406753 0.44328 0.315391 
-1.14454 0.300014 0.17663 0.421348 0.443494 0.307017 
-1.12415 0.250919 0.141032 0.406873 0.428799 0.313907 
-1.09451 0.273521 0.165885 0.413784 0.422909 0.310785 
-1.12124 0.248422 0.147868 0.406586 0.43128 0.314094 
