0.268369 -0.243485 0.180049 0.305048 -0.0317583 0.354782 
0.471442 -0.0186003 0.14781 0.366266 -0.0966125 0.321615 
0.315999 -0.0885153 0.220322 0.344894 -0.0364572 0.342949 
0.0269308 -0.26549 0.156411 0.287972 -0.0034535 0.350239 
0.499591 0.108419 0.288435 0.394755 -0.0788972 0.316122 
0.179007 -0.279574 0.19511 0.288588 -0.0226885 0.364055 
0.222794 0.15023 0.311604 0.414165 -0.00559045 0.30358 
0.425318 -0.198544 0.0243109 0.306361 -0.0920222 0.360869 
0.250423 -0.0236095 0.194314 0.362064 -0.0338617 0.320266 
0.190345 -0.213122 0.215075 0.308359 -0.0183862 0.35392 
0.374462 -0.0815185 0.183007 0.34317 -0.0680112 0.326657 
0.200317 -0.10756 0.248262 0.337157 -0.0100607 0.342837 
0.300629 -0.132005 0.166465 0.328935 -0.0592975 0.336484 
0.273432 0.0242095 0.243624 0.381081 -0.0276352 0.322977 
0.152419 -0.187836 0.187255 0.309289 -0.0209404 0.351574 
0.374554 0.0374709 0.205348 0.381538 -0.0513624 0.321463 
0.0948696 -0.279562 0.141117 0.284538 -0.00610678 0.365319 
0.166255 0.0529127 0.345863 0.385338 0.00524001 0.311118 
0.136442 -0.187729 0.188982 0.311235 -0.005055 0.352921 
0.17886 0.0516125 0.286627 0.383208 -0.0151451 0.307418 
0.121184 -0.110594 0.255992 0.33144 0.00911303 0.34361 
0.303559 -0.038281 0.156605 0.351777 -0.0581092 0.319307 
0.162964 -0.045518 0.319169 0.355172 0.00654619 0.329856 
0.346079 -0.196078 0.181729 0.308221 -0.068127 0.344673 
0.208848 -0.0164882 0.245554 0.366444 -0.0162164 0.326845 
0.087015 -0.208186 0.140479 0.307096 -0.0141652 0.353186 
0.305277 0.0308535 0.201805 0.382083 -0.0465707 0.320304 
0.0365914 -0.171923 0.214238 0.311924 0.0138458 0.355061 
0.169127 0.106693 0.252505 0.39501 -0.0167444 0.306372 
0.250516 -0.210345 0.179617 0.308485 -0.0344308 0.355641 
0.337955 -0.00310972 0.147024 0.364008 -0.0650919 0.315958 
0.0389083 -0.0996933 0.289197 0.336459 0.0277921 0.340961 
0.160718 -0.0679085 0.175898 0.343233 -0.0249388 0.325025 
0.142566 -0.0150279 0.38174 0.363013 0.0158746 0.324168 
0.15551 -0.160787 0.169054 0.315933 -0.0286534 0.34315 
0.237704 0.0720192 0.264994 0.390883 -0.0215367 0.315458 
0.168411 -0.179931 0.130014 0.309726 -0.0339942 0.355609 
0.202951 0.106793 0.275389 0.398987 -0.0175965 0.310435 
0.210383 -0.119868 0.11025 0.329224 -0.0384863 0.343642 
0.103236 0.0316709 0.270843 0.374314 0.000485903 0.316762 
0.0194134 -0.130535 0.292227 0.326055 0.0270566 0.346978 
0.133319 -0.0346383 0.240418 0.352692 -0.0141945 0.318811 
0.115975 -0.0688332 0.30257 0.347925 0.0105589 0.335487 
0.307714 -0.126417 0.153769 0.332446 -0.0656016 0.33154 
0.138337 0.0282634 0.338212 0.373493 0.0051766 0.323371 
0.0920851 -0.17156 0.186093 0.312063 -0.0153702 0.343146 
0.159547 0.0480429 0.330339 0.380971 -0.00366612 0.321744 
0.0342086 -0.14625 0.179716 0.317299 0.000899241 0.347539 
0.202441 0.0953648 0.200537 0.396334 -0.0293271 0.313492 
0.0294818 -0.182063 0.25766 0.31322 0.0247023 0.352138 
0.0962266 0.0725112 0.2605 0.385293 -0.00621051 0.310364 
0.0262216 -0.102201 0.271994 0.333499 0.0317258 0.342508 
0.123437 -0.0273271 0.170491 0.357731 -0.0216799 0.317302 
0.161936 -0.0289282 0.307515 0.357679 -0.000782348 0.330158 
0.217911 -0.110518 0.16326 0.328995 -0.0531439 0.335393 
0.139721 0.00489631 0.327734 0.367862 0.0089759 0.321844 
0.0427132 -0.217194 0.245201 0.297676 0.000887757 0.353232 
0.112124 0.128809 0.376716 0.404041 0.0118503 0.3051 
-0.00998123 -0.185565 0.166444 0.306867 0.0177192 0.359782 
0.169733 0.0656324 0.304267 0.381831 -0.0155563 0.314739 
0.00805555 -0.0839586 0.291683 0.332748 0.0390419 0.34825 
0.0128665 0.000219609 0.321119 0.359822 0.0366934 0.318501 
-0.238694 -0.0478207 0.331909 0.354387 0.135882 0.334539 
-0.303426 -0.0629994 0.277851 0.344063 0.142996 0.321054 
-0.415756 0.0758892 0.377892 0.391033 0.227274 0.311853 
-0.580985 -0.14892 0.149206 0.32019 0.243585 0.339579 
-0.637352 0.115912 0.358107 0.399083 0.308607 0.305305 
-0.858789 -0.121626 0.17978 0.32873 0.359843 0.342673 
-0.944413 0.205317 0.234889 0.427808 0.403988 0.292965 
-1.32549 -0.0467469 0.141918 0.356449 0.52661 0.336312 
-1.36059 0.0852342 0.140633 0.38928 0.534261 0.310219 
-1.68832 0.0227896 0.177608 0.381938 0.67957 0.32503 
-1.87221 0.0474962 0.0528668 0.383956 0.722888 0.306859 
-2.0116 0.124298 0.154331 0.411506 0.794485 0.303137 
-2.09573 -0.041378 -0.0737252 0.359019 0.779206 0.317502 
-1.84635 0.195096 0.119877 0.428112 0.739378 0.291178 
-1.92563 -0.130271 -0.160532 0.327924 0.703779 0.338151 
-1.68514 0.182547 0.031274 0.420767 0.659496 0.293483 
-1.61504 -0.10677 -0.0205975 0.336295 0.615591 0.340063 
-1.62416 0.115549 0.0126377 0.402153 0.614213 0.299546 
-1.65011 0.00430527 -0.0207581 0.373796 0.628228 0.328332 
-1.6143 0.0976512 -0.0819913 0.392369 0.613117 0.308488 
-1.67115 0.0391077 -0.00141581 0.383073 0.641537 0.323047 
-1.56169 -0.0428126 -0.0270703 0.351728 0.589244 0.321499 
-1.66684 -0.120836 -0.166967 0.327243 0.612671 0.340691 
-1.82537 -0.0953963 -0.219063 0.338213 0.652566 0.331037 
-1.63177 0.151338 0.0198504 0.413934 0.635268 0.296624 
-1.66733 -0.104988 -0.0451171 0.334847 0.635488 0.332896 
-1.62036 0.136901 -0.00360435 0.405028 0.627587 0.300354 
-1.6187 -0.0987915 0.00978392 0.335636 0.607251 0.342906 
-1.7496 0.0787596 -0.0971719 0.389794 0.657639 0.309976 
-1.76052 0.0309704 0.020866 0.374497 0.675632 0.328328 
-1.77558 -0.00935347 -0.0821483 0.357817 0.659384 0.322686 
-1.77918 0.00937733 -0.00321937 0.371649 0.691772 0.326022 
-1.7864 -0.0966185 -0.0959459 0.332079 0.663058 0.33506 
-1.73823 0.137881 0.0926987 0.405293 0.685895 0.300444 
-1.70819 -0.11717 -0.193651 0.323763 0.6223 0.338968 
-1.7334 0.148363 0.0210582 0.411076 0.67916 0.29845 
-2.05968 -0.147904 -0.0556737 0.31884 0.764686 0.345569 
-1.7761 0.131566 0.0342581 0.402022 0.686966 0.301116 
-1.996 -0.120806 0.0188032 0.325138 0.743139 0.346583 
-1.75585 0.0942248 0.0443862 0.390127 0.671914 0.31207 
-1.6809 0.0132469 0.0835945 0.364418 0.659332 0.33545 
-1.71035 0.0298707 0.0529257 0.36421 0.637844 0.320399 
-1.54878 0.0337963 0.113145 0.370497 0.597963 0.325089 
-1.49444 -0.054092 -0.0633298 0.336731 0.559132 0.332247 
-1.3346 0.106156 0.184555 0.385108 0.525814 0.316226 
-1.49556 -0.106274 -0.0751 0.324197 0.570038 0.337262 
-1.32356 0.133149 0.105565 0.396182 0.520959 0.305126 
-1.64693 -0.15274 0.0982001 0.309749 0.627944 0.349054 
-1.56395 0.0841711 0.128254 0.381274 0.601507 0.305579 
-1.65956 -0.0666876 0.0667084 0.336379 0.631641 0.343886 
-1.49756 0.0560106 -0.00210551 0.373195 0.573898 0.31556 
-1.66081 0.00653824 0.104131 0.360952 0.660154 0.340849 
-1.54358 0.0547182 0.0727337 0.367088 0.594887 0.317538 
-1.45263 0.0136103 0.167151 0.363473 0.570189 0.334013 
-1.39642 -0.101454 0.0734425 0.322585 0.529077 0.340005 
-1.3555 0.136713 0.20307 0.400324 0.55596 0.309353 
-1.46495 -0.0945449 0.0217081 0.325602 0.546272 0.338663 
-1.37525 0.186695 0.163712 0.408511 0.540387 0.299806 
-1.5176 -0.07956 0.0980749 0.329734 0.579304 0.342045 
-1.43731 0.116164 0.16413 0.389507 0.555228 0.299431 
-1.61312 -0.0315979 0.136381 0.350594 0.63999 0.336177 
-1.33401 0.0627156 0.101145 0.3716 0.528249 0.313833 
-1.60475 0.0560864 0.128033 0.377561 0.629646 0.330915 
-1.63833 -0.0588738 -0.0719393 0.337422 0.616438 0.339024 
-1.87536 0.150843 0.143488 0.404279 0.73876 0.31309 
-1.72347 -0.0655711 0.0202851 0.333394 0.653474 0.334145 
-1.78999 0.270582 0.289827 0.432246 0.730257 0.287456 
-1.8406 -0.0763661 0.0609171 0.325445 0.682883 0.341244 
-1.69656 0.212095 0.0809723 0.42169 0.666403 0.289373 
-1.73493 -0.0552664 0.0543203 0.338883 0.657089 0.338711 
-1.69432 0.183942 0.0452445 0.410449 0.653314 0.291656 
-1.50335 -0.0141127 0.0510139 0.350703 0.576133 0.338567 
-1.32241 0.0897733 0.142293 0.376584 0.506325 0.309836 
-1.22541 0.0665145 0.161956 0.368988 0.485004 0.332864 
-1.18738 0.0216492 0.0385546 0.357376 0.456212 0.327131 
-1.31835 0.21125 0.145077 0.41611 0.526726 0.311069 
-1.44821 -0.00974455 0.0695825 0.340028 0.535534 0.333846 
-1.53336 0.210383 0.163519 0.416333 0.609211 0.296762 
-1.62223 -0.116645 -0.0186182 0.314693 0.60818 0.346174 
-1.51947 0.16785 0.179983 0.405969 0.595846 0.296985 
-1.51315 -0.0154554 0.114868 0.346506 0.595264 0.335625 
-1.52106 0.165309 0.172077 0.397709 0.593193 0.30387 
-1.52657 0.0327118 0.222127 0.360816 0.613494 0.338725 
-1.46095 0.0729129 0.124535 0.370893 0.554122 0.315693 
-1.44273 0.147171 0.264759 0.392384 0.584635 0.321901 
-1.52391 0.0117054 -0.0175361 0.351987 0.574542 0.326318 
-1.80709 0.19931 0.190338 0.411201 0.699297 0.305843 
-1.65478 0.00578866 0.00409734 0.348256 0.623107 0.331535 
-1.40839 0.192326 0.174638 0.413125 0.56375 0.301983 
-1.72092 0.0318553 0.0479629 0.359944 0.649597 0.322148 
-1.65485 0.19696 0.131082 0.416808 0.641076 0.292349 
-1.61228 0.0599923 0.0255332 0.366398 0.617229 0.325019 
-1.4608 0.13226 0.0135905 0.389494 0.551211 0.309071 
-1.4687 0.126188 0.140377 0.391073 0.593624 0.318339 
-1.49623 0.117053 0.033916 0.382657 0.564618 0.315898 
-1.68326 0.20552 0.0838517 0.416059 0.654449 0.307509 
-1.54221 0.0503168 -0.00181212 0.362572 0.576065 0.32621 
-1.66907 0.299161 0.20478 0.436704 0.65998 0.291151 
-1.76469 0.0185485 -0.0649945 0.353059 0.645731 0.331118 
-1.55802 0.261023 0.033103 0.431451 0.595329 0.290082 
-1.39627 0.0508816 0.0155228 0.362177 0.524264 0.329097 
-1.1495 0.166601 0.129849 0.397515 0.443746 0.307137 
-1.26537 0.0893714 0.0634113 0.375271 0.479531 0.323095 
-0.945427 0.0923837 0.151252 0.371921 0.371374 0.318706 
-1.24351 0.169909 0.165151 0.39643 0.485716 0.319333 
-1.30186 0.0793276 0.0468045 0.371327 0.49051 0.326003 
-1.39933 0.273802 0.130791 0.430232 0.560297 0.304588 
-1.59685 0.0577815 0.0216703 0.355984 0.59385 0.332275 
-1.70822 0.309445 0.101588 0.438074 0.667688 0.293916 
-2.01096 0.0068747 -0.0534095 0.348664 0.742103 0.332096 
-1.53673 0.259663 0.0827223 0.42387 0.594954 0.295027 
-1.90133 0.0405517 0.0149783 0.356493 0.710967 0.337766 
-1.93394 0.261513 -0.00750245 0.427292 0.735591 0.289984 
-1.66096 0.125624 0.117579 0.384674 0.656938 0.319219 
-1.85031 0.208392 0.0417395 0.409072 0.697094 0.295681 
-1.6939 0.199403 0.0462067 0.408244 0.648672 0.318762 
-1.7144 0.137016 -0.156358 0.383081 0.610915 0.318699 
-1.53898 0.322072 0.134592 0.438444 0.587147 0.301064 
-1.62384 0.0139452 -0.111494 0.34499 0.590747 0.340096 
-1.40787 0.304402 0.126935 0.434894 0.550213 0.293904 
-1.64608 0.0710007 -0.0936411 0.358255 0.606903 0.331805 
-1.35463 0.306314 0.0199115 0.434169 0.517291 0.29067 
-1.45572 0.0430697 0.0352989 0.360003 0.556219 0.33853 
-1.47378 0.216152 0.0288289 0.402078 0.558798 0.299672 
-1.51198 0.1249 0.0682647 0.380777 0.593363 0.325712 
-1.43977 0.137457 -0.0475285 0.376379 0.523304 0.316445 
-1.4965 0.236442 0.173109 0.416897 0.600511 0.307242 
-1.43288 0.109913 0.0296678 0.367619 0.537006 0.328126 
-1.37928 0.342918 0.177967 0.444408 0.5517 0.298376 
-1.37543 0.0497617 -0.0598697 0.350009 0.50251 0.343253 
-1.34378 0.276778 0.140991 0.421425 0.518416 0.303608 
-1.3074 0.0416369 0.115528 0.350599 0.497147 0.340394 
-1.14004 0.174835 0.12463 0.395426 0.438301 0.306778 
-1.26917 0.157127 0.139288 0.383768 0.491901 0.324026 
-1.27695 0.145351 0.00177837 0.382076 0.465602 0.312437 
-1.44143 0.148353 0.090936 0.390274 0.551413 0.322243 
-1.38176 0.115166 0.0366327 0.372216 0.512563 0.32439 
-1.43058 0.288486 0.103845 0.426393 0.569189 0.303876 
-1.32058 0.150479 0.100906 0.377862 0.512681 0.320289 
-1.53894 0.326591 0.0820812 0.437104 0.598216 0.299608 
-1.56074 0.124667 0.0345501 0.37192 0.579467 0.328531 
-1.56367 0.338319 0.15934 0.441111 0.629339 0.294545 
-1.57933 0.149213 0.0914257 0.379215 0.604737 0.329129 
-1.32015 0.284905 0.0594897 0.418921 0.509564 0.296416 
-1.51521 0.174335 0.0774407 0.386894 0.582959 0.319717 
-1.24714 0.254441 0.00273639 0.412416 0.472695 0.292896 
-1.353 0.162266 0.0612084 0.387049 0.508917 0.329607 
-1.18133 0.178705 0.0911346 0.385485 0.448678 0.315568 
-1.33436 0.267661 0.158034 0.419979 0.520909 0.313639 
-1.43562 0.132852 -0.0761662 0.372713 0.519478 0.328669 
-1.10741 0.295497 0.226093 0.424946 0.446479 0.309093 
-1.3521 0.135282 0.038324 0.367926 0.501344 0.333993 
-1.19217 0.362037 0.162388 0.441144 0.470834 0.29484 
-1.3734 0.107771 -0.0244753 0.365342 0.508111 0.337948 
-1.26695 0.339672 0.0203504 0.435102 0.476744 0.292222 
-1.31972 0.151341 0.0589792 0.380672 0.504442 0.327802 
-1.17478 0.235852 0.0728645 0.403861 0.456018 0.30373 
-1.35559 0.204268 0.143681 0.400089 0.534421 0.319698 
-1.0759 0.195155 0.0423778 0.392585 0.417926 0.311271 
-1.07616 0.298065 0.182062 0.426176 0.435998 0.310551 
-1.31294 0.12674 -0.00820836 0.365346 0.478909 0.334353 
-1.30204 0.345514 0.20424 0.442583 0.518643 0.302346 
-1.33236 0.0673382 0.104511 0.351754 0.493744 0.340806 
-1.19212 0.395657 0.203031 0.447962 0.483115 0.28714 
-1.25932 0.110842 0.0912096 0.364653 0.468203 0.329731 
-1.22973 0.35229 0.134799 0.437175 0.475537 0.289499 
-1.1549 0.164916 0.204513 0.383953 0.459194 0.329615 
-1.13894 0.275377 0.150925 0.410726 0.447428 0.299197 
-1.13506 0.289175 0.291083 0.423592 0.459609 0.308427 
-1.15815 0.176899 0.0275341 0.382915 0.421013 0.32106 
-1.24974 0.391672 0.274044 0.4508 0.5087 0.295923 
-1.28305 0.154473 0.0401883 0.377183 0.470399 0.330397 
-1.00104 0.3929 0.254506 0.447705 0.399054 0.298249 
-1.12043 0.14943 0.0855424 0.375164 0.417235 0.331323 
-1.06844 0.411596 0.228871 0.455889 0.422082 0.279194 
-1.14777 0.146196 0.0960522 0.378424 0.435223 0.330372 
-1.13487 0.267484 0.164455 0.41174 0.440948 0.314785 
-1.13469 0.267406 0.164417 0.411713 0.440911 0.314798 
