0.101342 0 -0.00134184 0 0 0 
0.103699 0 -0.00369905 0 0 0 
0.105279 0 -0.00527905 0 0 0 
0.105414 0 -0.0054137 0 0 0 
0.107912 0 -0.00791166 0 0 0 
0.107465 0 -0.00746485 0 0 0 
0.106222 0 -0.00622161 0 0 0 
0.106768 0 -0.00676821 0 0 0 
0.107886 0 -0.00788567 0 0 0 
0.106339 0 -0.00633944 0 0 0 
0.107317 0 -0.00731671 0 0 0 
0.107204 0 -0.00720432 0 0 0 
0.106581 0 -0.00658088 0 0 0 
0.106696 0 -0.00669592 0 0 0 
0.106506 0 -0.00650629 0 0 0 
0.106507 0 -0.00650675 0 0 0 
0.10598 0 -0.00597952 0 0 0 
0.105308 0 -0.00530765 0 0 0 
0.104623 0 -0.0046227 0 0 0 
0.104755 0 -0.0047549 0 0 0 
0.103488 0 -0.00348805 0 0 0 
0.104531 0 -0.0045315 0 0 0 
0.104515 0 -0.00451504 0 0 0 
0.105563 0 -0.00556323 0 0 0 
0.105713 0 -0.00571317 0 0 0 
0.105542 0 -0.00554232 0 0 0 
0.105551 0 -0.00555091 0 0 0 
0.104919 0 -0.00491905 0 0 0 
0.104034 0 -0.00403429 0 0 0 
0.104243 0 -0.00424263 0 0 0 
0.105497 0 -0.00549734 0 0 0 
0.104165 0 -0.00416549 0 0 0 
0.104786 0 -0.00478612 0 0 0 
0.104653 0 -0.00465332 0 0 0 
0.104178 0 -0.00417828 0 0 0 
0.103677 0 -0.00367703 0 0 0 
0.104325 0 -0.00432454 0 0 0 
0.104536 0 -0.00453571 0 0 0 
0.104875 0 -0.00487479 0 0 0 
0.104613 0 -0.00461343 0 0 0 
0.103522 0 -0.00352198 0 0 0 
0.103347 0 -0.00334651 0 0 0 
0.102912 0 -0.00291163 0 0 0 
0.103398 0 -0.00339829 0 0 0 
0.103574 0 -0.00357379 0 0 0 
0.103937 0 -0.00393715 0 0 0 
0.104068 0 -0.00406829 0 0 0 
0.103659 0 -0.00365946 0 0 0 
0.103133 0 -0.00313309 0 0 0 
0.102589 0 -0.00258881 0 0 0 
0.10261 0 -0.00260952 0 0 0 
0.101943 0 -0.0019429 0 0 0 
0.102389 0 -0.00238904 0 0 0 
0.102187 0 -0.00218652 0 0 0 
0.103129 0 -0.00312866 0 0 0 
0.103346 0 -0.00334613 0 0 0 
0.103429 0 -0.00342859 0 0 0 
0.103372 0 -0.00337202 0 0 0 
0.102512 0 -0.00251244 0 0 0 
0.102272 0 -0.00227155 0 0 0 
0.101613 0 -0.00161322 0 0 0 
0.101464 0 -0.00146399 0 0 0 
0.0997099 0 0.000290103 0 0 0 
0.0982427 0 0.00175733 0 0 0 
0.0953152 0 0.00468477 0 0 0 
0.09237 0 0.00762997 0 0 0 
0.0891189 0 0.0108811 0 0 0 
0.0860185 0 0.0139815 0 0 0 
0.0828135 0 0.0171865 0 0 0 
0.0782649 0 0.0217351 0 0 0 
0.0743668 0 0.0256332 0 0 0 
0.069112 0 0.030888 0 0 0 
0.0640449 0 0.0359551 0 0 0 
0.0587089 0 0.0412911 0 0 0 
0.0548577 0 0.0451423 0 0 0 
0.0524289 0 0.0475711 0 0 0 
0.0512424 0 0.0487576 0 0 0 
0.0521778 0 0.0478222 0 0 0 
0.0541606 0 0.0458394 0 0 0 
0.0565184 0 0.0434816 0 0 0 
0.0574996 0 0.0425004 0 0 0 
0.0590562 0 0.0409438 0 0 0 
0.0591262 0 0.0408738 0 0 0 
0.059393 0 0.040607 0 0 0 
0.0591796 0 0.0408204 0 0 0 
0.0583033 0 0.0416967 0 0 0 
0.0582159 0 0.0417841 0 0 0 
0.058235 0 0.041765 0 0 0 
0.0579416 0 0.0420584 0 0 0 
0.0581823 0 0.0418177 0 0 0 
0.0585612 0 0.0414388 0 0 0 
0.0579174 0 0.0420826 0 0 0 
0.0573762 0 0.0426238 0 0 0 
0.0565821 0 0.0434179 0 0 0 
0.0557436 0 0.0442564 0 0 0 
0.0558004 0 0.0441996 0 0 0 
0.0560621 0 0.0439379 0 0 0 
0.056273 0 0.043727 0 0 0 
0.0548705 0 0.0451295 0 0 0 
0.054922 0 0.045078 0 0 0 
0.0536332 0 0.0463668 0 0 0 
0.0533949 0 0.0466051 0 0 0 
0.0536575 0 0.0463425 0 0 0 
0.0554041 0 0.0445959 0 0 0 
0.0565407 0 0.0434593 0 0 0 
0.0590485 0 0.0409515 0 0 0 
0.0611547 0 0.0388453 0 0 0 
0.0620814 0 0.0379186 0 0 0 
0.0640153 0 0.0359847 0 0 0 
0.0635246 0 0.0364754 0 0 0 
0.063177 0 0.036823 0 0 0 
0.0615522 0 0.0384478 0 0 0 
0.0615422 0 0.0384578 0 0 0 
0.0598559 0 0.0401441 0 0 0 
0.0603727 0 0.0396273 0 0 0 
0.0609293 0 0.0390707 0 0 0 
0.062245 0 0.037755 0 0 0 
0.0629553 0 0.0370447 0 0 0 
0.0639346 0 0.0360654 0 0 0 
0.0647763 0 0.0352237 0 0 0 
0.0644514 0 0.0355486 0 0 0 
0.064247 0 0.035753 0 0 0 
0.0629589 0 0.0370411 0 0 0 
0.0636136 0 0.0363864 0 0 0 
0.0624661 0 0.0375339 0 0 0 
0.0618624 0 0.0381376 0 0 0 
0.0596721 0 0.0403279 0 0 0 
0.0591204 0 0.0408796 0 0 0 
0.0568404 0 0.0431596 0 0 0 
0.0556612 0 0.0443388 0 0 0 
0.0553701 0 0.0446299 0 0 0 
0.0560723 0 0.0439277 0 0 0 
0.056218 0 0.043782 0 0 0 
0.0576512 0 0.0423488 0 0 0 
0.0602421 0 0.0397579 0 0 0 
0.0625979 0 0.0374021 0 0 0 
0.0653356 0 0.0346644 0 0 0 
0.0672155 0 0.0327845 0 0 0 
0.0674912 0 0.0325088 0 0 0 
0.0664365 0 0.0335635 0 0 0 
0.0644524 0 0.0355476 0 0 0 
0.062792 0 0.037208 0 0 0 
0.0618179 0 0.0381821 0 0 0 
0.0614537 0 0.0385463 0 0 0 
0.0614876 0 0.0385124 0 0 0 
0.062294 0 0.037706 0 0 0 
0.0626777 0 0.0373223 0 0 0 
0.0626239 0 0.0373761 0 0 0 
0.0611937 0 0.0388063 0 0 0 
0.0605527 0 0.0394473 0 0 0 
0.0608155 0 0.0391845 0 0 0 
0.0594246 0 0.0405754 0 0 0 
0.0587699 0 0.0412301 0 0 0 
0.0597439 0 0.0402561 0 0 0 
0.0607138 0 0.0392862 0 0 0 
0.0604123 0 0.0395877 0 0 0 
0.0615357 0 0.0384643 0 0 0 
0.0613936 0 0.0386064 0 0 0 
0.061744 0 0.038256 0 0 0 
0.0607026 0 0.0392974 0 0 0 
0.0592227 0 0.0407773 0 0 0 
0.0589137 0 0.0410863 0 0 0 
0.0603487 0 0.0396513 0 0 0 
0.0623123 0 0.0376877 0 0 0 
0.0643308 0 0.0356692 0 0 0 
0.0684271 0 0.0315729 0 0 0 
0.0699997 0 0.0300003 0 0 0 
0.0704717 0 0.0295283 0 0 0 
0.0692225 0 0.0307775 0 0 0 
0.0675651 0 0.0324349 0 0 0 
0.0637512 0 0.0362488 0 0 0 
0.0599139 0 0.0400861 0 0 0 
0.0587396 0 0.0412604 0 0 0 
0.0562296 0 0.0437704 0 0 0 
0.0545442 0 0.0454558 0 0 0 
0.0547804 0 0.0452196 0 0 0 
0.0555837 0 0.0444163 0 0 0 
0.0547978 0 0.0452022 0 0 0 
0.0557325 0 0.0442675 0 0 0 
0.0577072 0 0.0422928 0 0 0 
0.0578929 0 0.0421071 0 0 0 
0.060105 0 0.039895 0 0 0 
0.0603441 0 0.0396559 0 0 0 
0.062143 0 0.037857 0 0 0 
0.0625593 0 0.0374407 0 0 0 
0.0633096 0 0.0366904 0 0 0 
0.062789 0 0.037211 0 0 0 
0.0638206 0 0.0361794 0 0 0 
0.0631112 0 0.0368888 0 0 0 
0.0632254 0 0.0367746 0 0 0 
0.0636979 0 0.0363021 0 0 0 
0.0643807 0 0.0356193 0 0 0 
0.0648606 0 0.0351394 0 0 0 
0.0658061 0 0.0341939 0 0 0 
0.0672703 0 0.0327297 0 0 0 
0.0678209 0 0.0321791 0 0 0 
0.0683133 0 0.0316867 0 0 0 
0.0678251 0 0.0321749 0 0 0 
0.0674533 0 0.0325467 0 0 0 
0.0660006 0 0.0339994 0 0 0 
0.0657436 0 0.0342564 0 0 0 
0.0644336 0 0.0355664 0 0 0 
0.063837 0 0.036163 0 0 0 
0.0629275 0 0.0370725 0 0 0 
0.0621837 0 0.0378163 0 0 0 
0.0621859 0 0.0378141 0 0 0 
0.0623046 0 0.0376954 0 0 0 
0.0638726 0 0.0361274 0 0 0 
0.0649259 0 0.0350741 0 0 0 
0.0669159 0 0.0330841 0 0 0 
0.0668448 0 0.0331552 0 0 0 
0.0672427 0 0.0327573 0 0 0 
0.0679414 0 0.0320586 0 0 0 
0.0679459 0 0.0320541 0 0 0 
0.0678917 0 0.0321083 0 0 0 
0.0676965 0 0.0323035 0 0 0 
0.0685398 0 0.0314602 0 0 0 
0.0674782 0 0.0325218 0 0 0 
0.0683649 0 0.0316351 0 0 0 
0.0675477 0 0.0324523 0 0 0 
0.0690352 0 0.0309648 0 0 0 
0.0699892 0 0.0300108 0 0 0 
0.0700232 0 0.0299768 0 0 0 
0.0693869 0 0.0306131 0 0 0 
0.069503 0 0.030497 0 0 0 
0.068922 0 0.031078 0 0 0 
0.0680061 0 0.0319939 0 0 0 
0.0684222 0 0.0315778 0 0 0 
0.0691579 0 0.0308421 0 0 0 
0.070125 0 0.029875 0 0 0 
0.0704103 0 0.0295897 0 0 0 
0.0709162 0 0.0290838 0 0 0 
0.0708161 0 0.0291839 0 0 0 
0.0701753 0 0.0298247 0 0 0 
0.0708648 0 0.0291352 0 0 0 
0.0709379 0 0.0290621 0 0 0 
0.0713865 0 0.0286135 0 0 0 
0.0718963 0 0.0281037 0 0 0 
0.0726372 0 0.0273628 0 0 0 
0.0726372 0 0.0273628 0 0 0 
