X=-0.90345:0.020:-0.56795
Y=[-49.50,-45.05,-35.26,-23.72,-12.39,0.0,10.40,26.59,26.59,18.84,11.44,-3.03,-17.72,-35.04-55.4,-66.0,-76.0,-86.0]*1e-03
octave:10> polyfit(X,Y,2)
ans =

  -3.7439  -5.6970  -2.1544


#2X=-0.72845:0.020:-0.56795
 Y=[0.0 5.0 10.0 15.0 20.0 20.0 15.0 10.0 5.0]
-2.5703  -3.2918  -1.0358

X=-0.7:0.02:-0.45

Y=[-0.027 -0.02 -0.01 0.0 0.005 0.0 -0.01 -0.02 -0.027 -0.037 -0.05 -0.06 -0.07]
polyfit(X,Y,2)
-2.9083  -3.5970  -1.1167

X =

   -0.7426
   -0.7280
   -0.7100
   -0.6970
   -0.6770
   -0.6600
   -0.6440
   -0.6240
   -0.5980
   -0.5760
   -0.5590
   -0.5470

Y =

   -0.0650
   -0.0560
   -0.0470
   -0.0400
   -0.0290
   -0.0250
   -0.0200
   -0.0160
   -0.0200
   -0.0290
   -0.0410
   -0.0480

>> polyfit(X,Y,2)

ans =

   -3.8730   -4.8799   -1.5566
