0.0787271 0.614435 0.110005 
0.0787267 0.614434 0.110005 
0.0788078 0.614676 0.11005 
0.0786383 0.6153 0.110098 
0.0784656 0.615434 0.110038 
0.0786037 0.615819 0.11006 
0.0783344 0.616274 0.110064 
0.0781676 0.616552 0.110062 
0.0782293 0.61691 0.110064 
0.0779432 0.617334 0.11005 
0.0777771 0.61764 0.110013 
0.0778133 0.617952 0.109992 
0.0774951 0.618485 0.11004 
0.0773636 0.618693 0.109942 
0.0773682 0.619091 0.109942 
0.077067 0.619533 0.10993 
0.0769406 0.619789 0.109845 
0.0769193 0.620197 0.109824 
0.0766225 0.620552 0.10978 
0.076522 0.620886 0.109779 
0.076463 0.621328 0.109781 
0.076185 0.621621 0.109711 
0.0761179 0.62198 0.109725 
0.0759855 0.622449 0.109706 
0.0757243 0.622682 0.109636 
0.075655 0.623109 0.10966 
0.0755121 0.623473 0.109579 
0.075246 0.623832 0.109576 
0.0751932 0.624171 0.109557 
0.0749944 0.624493 0.109395 
0.0747716 0.624928 0.109452 
0.0746843 0.625253 0.109446 
0.0745438 0.625618 0.109418 
0.0743377 0.626002 0.109452 
0.0742227 0.626337 0.109405 
0.0740663 0.626739 0.109395 
0.0738562 0.627057 0.10935 
0.0737666 0.627407 0.109291 
0.0735421 0.627824 0.109291 
0.0733622 0.628104 0.109206 
0.07325 0.628536 0.109203 
0.0730038 0.628833 0.109171 
0.07283 0.629244 0.109122 
0.0727137 0.629619 0.109108 
0.0724624 0.629914 0.109036 
0.0723174 0.630331 0.109004 
0.0720912 0.630728 0.108975 
0.0719586 0.631008 0.108889 
0.0717833 0.631428 0.108861 
0.0715535 0.631753 0.108794 
0.071353 0.632142 0.108679 
0.0711999 0.632449 0.108614 
0.0710214 0.632801 0.108635 
0.0708692 0.633271 0.108706 
0.0706632 0.633547 0.108631 
0.0705489 0.633909 0.1086 
0.070352 0.634294 0.108596 
0.0702017 0.634558 0.108483 
0.0700272 0.635005 0.108492 
0.0698312 0.635274 0.108418 
0.0696661 0.635634 0.10836 
0.0694866 0.636006 0.108333 
0.0693111 0.636292 0.108241 
0.0692138 0.636673 0.108244 
0.0689907 0.637001 0.108206 
0.068831 0.637299 0.1081 
0.0687017 0.637737 0.108119 
0.068458 0.637955 0.108015 
0.0683402 0.638295 0.107937 
0.0681917 0.638717 0.107946 
0.0678893 0.638912 0.107721 
0.0678515 0.639291 0.107732 
0.0677084 0.63965 0.107772 
0.0675392 0.63997 0.107757 
0.0675419 0.640382 0.107775 
0.0673416 0.640651 0.107753 
0.0672327 0.640968 0.107684 
0.067201 0.641348 0.107655 
0.0668754 0.64165 0.107605 
0.0668459 0.641965 0.107534 
0.0666891 0.642346 0.107522 
0.0663605 0.642586 0.107428 
0.0663201 0.64304 0.107454 
0.0661638 0.643256 0.107344 
0.0658543 0.643578 0.107297 
0.0658203 0.643974 0.107293 
0.0655609 0.644257 0.107203 
0.0653445 0.644619 0.107157 
0.0652517 0.644914 0.107012 
0.0650063 0.645225 0.107004 
0.0648759 0.645659 0.107019 
0.0647398 0.645873 0.106869 
0.0644775 0.64621 0.106858 
0.0644045 0.646574 0.106834 
0.06418 0.646852 0.106711 
0.0639096 0.64723 0.106703 
0.0638409 0.647511 0.106611 
0.0635653 0.64779 0.106503 
0.0633768 0.648175 0.10654 
0.0632333 0.64849 0.106435 
0.0630318 0.648727 0.106312 
0.0628467 0.649167 0.106371 
0.0627204 0.649346 0.10618 
0.06246 0.649775 0.106168 
0.0623133 0.650026 0.106072 
0.0621842 0.650284 0.105974 
0.0619772 0.650691 0.105993 
0.0617262 0.650978 0.105878 
0.0615709 0.651271 0.105799 
0.0614101 0.651645 0.105807 
0.0611865 0.65188 0.105652 
0.0610163 0.652225 0.105571 
0.0608315 0.652537 0.105474 
0.060656 0.652782 0.105423 
0.0604914 0.653174 0.105391 
0.0602838 0.653476 0.105316 
0.0600661 0.65375 0.105228 
0.0599629 0.654098 0.105208 
0.0597379 0.654378 0.1051 
0.0595608 0.654632 0.104995 
0.0594088 0.65504 0.105032 
0.0591995 0.655245 0.1049 
0.0590804 0.655559 0.104832 
0.0588809 0.655908 0.104832 
0.0586773 0.656118 0.104663 
0.0585572 0.656491 0.104645 
0.0583 0.65675 0.104567 
0.0581605 0.656922 0.104317 
0.0581093 0.657317 0.104445 
0.0578427 0.657614 0.104402 
0.0577767 0.657825 0.104255 
0.0576681 0.658173 0.104302 
0.057492 0.658374 0.104164 
0.0574093 0.658661 0.104101 
0.0573067 0.658964 0.104065 
0.0570682 0.659135 0.103894 
0.0570519 0.659443 0.103878 
0.056949 0.659737 0.103791 
0.0566494 0.659935 0.103651 
0.0566743 0.660219 0.103625 
0.0565308 0.660496 0.103521 
0.0562764 0.660679 0.10339 
0.0562036 0.661011 0.103262 
0.0561084 0.661252 0.103233 
0.055913 0.661466 0.103181 
0.0558434 0.66183 0.103132 
0.0557856 0.662008 0.103032 
0.0555434 0.662291 0.102993 
0.055476 0.662579 0.102893 
0.0553902 0.662755 0.10279 
0.0552518 0.663013 0.102724 
0.0550862 0.663333 0.102645 
0.0549885 0.663535 0.102568 
0.0549313 0.663729 0.10245 
0.0547306 0.664082 0.102389 
0.0546484 0.664218 0.102271 
0.054585 0.664503 0.102203 
0.0544272 0.664778 0.102108 
0.0542333 0.66493 0.101956 
0.0542405 0.665212 0.101938 
0.0540816 0.665518 0.101851 
0.0538634 0.665693 0.101724 
0.0538257 0.665929 0.101633 
0.0537088 0.666245 0.101578 
0.0535 0.666393 0.10144 
0.053393 0.666701 0.101334 
0.0533545 0.666935 0.101279 
0.0531159 0.667158 0.101187 
0.0529752 0.667429 0.101083 
0.0529331 0.667661 0.101039 
0.0527462 0.667942 0.100956 
0.0525491 0.668116 0.100814 
0.0525253 0.668388 0.100766 
0.052351 0.668638 0.100645 
0.0521813 0.668828 0.100565 
0.0521019 0.669135 0.100511 
0.0519971 0.669325 0.100375 
0.0518426 0.669509 0.100274 
0.0517555 0.669798 0.100197 
0.0516649 0.670013 0.100079 
0.0515088 0.670175 0.0999002 
0.0514174 0.670467 0.0999074 
0.051332 0.670684 0.0998307 
0.051232 0.670854 0.0996776 
0.0510262 0.671211 0.0996732 
0.0509433 0.671381 0.099567 
0.0508278 0.671572 0.0994134 
0.0507061 0.671857 0.099361 
0.0505443 0.672025 0.0992689 
0.0504356 0.672326 0.099168 
0.0503372 0.672521 0.0990799 
0.0501367 0.672769 0.0990095 
0.050002 0.672996 0.098904 
0.0499584 0.673206 0.0987779 
0.049713 0.673452 0.0986378 
0.0496133 0.673601 0.0985657 
0.0495395 0.673907 0.0985937 
0.0493947 0.674164 0.0985058 
0.0492631 0.674308 0.0984071 
0.0491579 0.674618 0.0983693 
0.0491006 0.674808 0.0982574 
0.0489166 0.674993 0.0981547 
0.0487647 0.675231 0.0980809 
0.0487275 0.675494 0.0980354 
0.0485489 0.675689 0.0979329 
0.0484245 0.675865 0.0978298 
0.0483106 0.676132 0.0977759 
0.0481908 0.676324 0.0976685 
0.048045 0.676484 0.097498 
0.0479349 0.676733 0.0973931 
0.0478417 0.676939 0.0974209 
0.0478054 0.677126 0.0973454 
0.0476693 0.677351 0.0972467 
0.047573 0.67755 0.0972128 
0.0474542 0.677759 0.0971138 
0.0474498 0.677911 0.0970001 
0.0472728 0.678149 0.0969456 
0.0471751 0.678325 0.0968117 
0.0471437 0.678481 0.0967337 
0.0470219 0.678792 0.0967242 
0.046918 0.67891 0.0965506 
0.046777 0.679108 0.0964913 
0.0467126 0.679362 0.0964499 
0.0466468 0.679485 0.096304 
0.0464284 0.679755 0.0961901 
0.0463106 0.679938 0.0961424 
0.0463113 0.680124 0.0960443 
0.0460779 0.680374 0.0959398 
0.0459574 0.680536 0.0958617 
0.0458314 0.680807 0.0958153 
0.0457606 0.680975 0.0956757 
0.045594 0.681121 0.0955449 
0.0454736 0.681385 0.0955035 
0.0453767 0.681566 0.095418 
0.0452608 0.681764 0.0952948 
0.0451242 0.682008 0.095253 
0.0450409 0.682134 0.0951243 
0.0448875 0.682395 0.09504 
0.0448241 0.682537 0.0949195 
0.0446583 0.682738 0.09482 
0.0444622 0.683031 0.0948053 
0.0444514 0.683122 0.0946521 
0.0443061 0.683403 0.094604 
0.0441057 0.68361 0.0945281 
0.0440089 0.683719 0.094387 
0.0438805 0.684022 0.094269 
0.0437632 0.684194 0.0942201 
0.0436483 0.684345 0.0941525 
0.0434417 0.684644 0.0940799 
0.0434332 0.684787 0.093992 
0.0432258 0.684959 0.093913 
0.0430406 0.685265 0.0938523 
0.0429799 0.685406 0.0937429 
0.0428758 0.685602 0.0936916 
0.0426649 0.685871 0.09363 
0.0426028 0.685997 0.0935123 
0.0424519 0.686247 0.093472 
0.0423181 0.686453 0.093352 
0.0421766 0.686581 0.0932281 
0.0419548 0.686836 0.0930604 
0.0419356 0.68698 0.0930416 
0.0418004 0.687225 0.0930282 
0.0416506 0.687466 0.0929214 
0.0415365 0.687577 0.0928507 
0.0414629 0.687789 0.0927901 
0.0413522 0.687999 0.0927097 
0.0412314 0.688126 0.0926084 
0.0410585 0.688328 0.0925523 
0.0409477 0.688573 0.0925025 
0.0409124 0.688691 0.0923891 
0.0407158 0.6889 0.0923368 
0.0405973 0.689081 0.0922231 
0.0405008 0.6892 0.0921141 
0.0403758 0.689415 0.0919332 
0.0402665 0.68964 0.0919537 
0.0401247 0.689789 0.0919223 
0.0400501 0.690051 0.0918317 
0.0399501 0.690171 0.0917659 
0.0398163 0.690358 0.0917123 
0.0397323 0.690553 0.0916056 
0.0395752 0.690759 0.0915455 
0.0394699 0.690906 0.0914578 
0.0394191 0.691084 0.0913743 
0.0392465 0.691316 0.0913117 
0.039115 0.691405 0.0911979 
0.0390241 0.691599 0.0910899 
0.038948 0.691803 0.091055 
0.0388949 0.69189 0.0909392 
0.038748 0.692105 0.0907819 
0.0386187 0.692239 0.0908087 
0.0386062 0.692395 0.0906963 
0.0384964 0.692581 0.0905858 
0.0383233 0.692742 0.0905399 
0.0382681 0.69292 0.0904405 
0.0381555 0.693085 0.0903531 
0.0380786 0.693212 0.0902313 
0.0380004 0.693351 0.0901349 
0.0378689 0.693538 0.0900979 
0.0378073 0.693716 0.0899897 
0.0377061 0.693857 0.0898817 
0.0376628 0.693985 0.0898199 
0.0375765 0.694166 0.0897352 
0.0374025 0.694341 0.0896247 
0.0373996 0.694412 0.089514 
0.0372631 0.694643 0.0895118 
0.0372038 0.694809 0.0894299 
0.0371711 0.694917 0.0893427 
0.0369969 0.695099 0.0892839 
0.0368929 0.695256 0.0891946 
0.0368622 0.695345 0.0890635 
0.036679 0.695536 0.0889364 
0.0366257 0.695665 0.0889471 
0.0365383 0.695868 0.088889 
0.0363611 0.696021 0.0888025 
0.0363353 0.696175 0.0887557 
0.0362538 0.696323 0.088671 
0.0360936 0.696483 0.0885949 
0.0360585 0.696606 0.0885113 
0.0359492 0.696782 0.08848 
0.0357969 0.696958 0.08841 
0.0357837 0.69707 0.0883068 
0.0356991 0.697231 0.0882614 
0.0355337 0.697401 0.0881823 
0.035506 0.697489 0.0880741 
0.0353323 0.697624 0.0878855 
0.0352811 0.697789 0.0878563 
0.0352722 0.697973 0.087897 
0.0351331 0.698117 0.087829 
0.0350124 0.698262 0.0877905 
0.0350424 0.698383 0.0877605 
0.0349439 0.698562 0.0876918 
0.0348212 0.698641 0.0876026 
0.0348202 0.698759 0.0875419 
0.0347239 0.698941 0.0874567 
0.0345586 0.699097 0.0874346 
0.0345589 0.699174 0.0873485 
0.0345033 0.699376 0.0872718 
0.0343679 0.699436 0.087192 
0.0343181 0.699622 0.0871366 
0.0343196 0.699731 0.0869844 
0.034104 0.699771 0.0867742 
0.0340242 0.70002 0.0868895 
0.034075 0.700182 0.0868844 
0.0339447 0.70027 0.0867863 
0.0338567 0.700453 0.0867846 
0.0338289 0.70057 0.0867176 
0.0337284 0.700686 0.0866363 
0.0336232 0.700876 0.086599 
0.0336187 0.700922 0.0864923 
0.0335215 0.701122 0.0864306 
0.0333831 0.701253 0.0863921 
0.033328 0.701369 0.0862923 
0.0332762 0.70154 0.0862332 
0.0331522 0.701624 0.0861507 
0.0330635 0.701757 0.0860732 
0.0330405 0.701908 0.0860017 
0.0329417 0.701992 0.085864 
0.0327884 0.702184 0.0858906 
0.0327362 0.702313 0.0858106 
0.0327184 0.702366 0.0856932 
0.0325716 0.702598 0.0856742 
0.0325125 0.702661 0.0855823 
0.0324965 0.702771 0.0854996 
0.0323553 0.702952 0.0854339 
0.0322653 0.702973 0.0853135 
0.0321999 0.703179 0.0853106 
0.0321617 0.703322 0.0852376 
0.032083 0.703362 0.0851238 
0.0319636 0.703546 0.08511 
0.0319599 0.703669 0.0850284 
0.0319317 0.703716 0.0849252 
0.0317504 0.703901 0.0848492 
0.0317255 0.703927 0.0848011 
0.0316635 0.70409 0.0847583 
0.0316766 0.704181 0.0846831 
0.0315813 0.7043 0.0846378 
0.0314995 0.704428 0.0845716 
0.0314908 0.704473 0.0844802 
0.0314089 0.704633 0.084422 
0.0313414 0.704677 0.0842601 
0.0312619 0.704825 0.0842455 
0.0312124 0.704951 0.0842421 
0.0312471 0.704998 0.0841358 
0.0311667 0.705177 0.0840957 
0.0310607 0.705285 0.0840605 
0.031061 0.705396 0.0840042 
0.0310145 0.705525 0.083927 
0.0309288 0.705592 0.0838559 
0.0309026 0.705709 0.0838275 
0.0308735 0.705878 0.083758 
0.0308279 0.7059 0.0836904 
0.0307753 0.706079 0.0836447 
0.0307252 0.706139 0.0835441 
0.0306612 0.706198 0.083473 
0.0306091 0.706402 0.0834349 
0.0305653 0.706446 0.0832332 
0.0305068 0.706518 0.0831628 
0.0304588 0.706715 0.0832353 
0.0304543 0.706757 0.0831967 
0.0304536 0.706905 0.0831595 
0.0303579 0.707054 0.0831563 
0.0302961 0.707067 0.0830729 
0.0302711 0.707228 0.0830225 
0.0301732 0.707319 0.0829719 
0.0301651 0.707406 0.0828964 
0.0301357 0.707561 0.0828349 
0.030043 0.707633 0.0827979 
0.0300029 0.707723 0.0827094 
0.0300014 0.70782 0.0826288 
0.0299423 0.707906 0.0825778 
0.0298292 0.70801 0.0825057 
0.0298145 0.70812 0.0824321 
0.0297864 0.708164 0.0823488 
0.0297317 0.708247 0.0821338 
0.029664 0.708373 0.0821766 
0.029652 0.708505 0.0822218 
0.0296493 0.708604 0.08216 
0.0295897 0.708702 0.0821292 
0.0294978 0.708804 0.0821064 
0.029472 0.7089 0.0820327 
0.0294692 0.708978 0.0819724 
0.0294403 0.709063 0.0819206 
0.0294303 0.709167 0.0818525 
0.0293856 0.709229 0.0817768 
0.0292833 0.709358 0.0817169 
0.0292815 0.709441 0.0816714 
0.0293146 0.70951 0.0816013 
0.0292333 0.709638 0.0815349 
0.0291989 0.709667 0.0814688 
0.0291934 0.709797 0.0814046 
0.0291437 0.709876 0.0813343 
0.0291366 0.709925 0.0812879 
0.0290884 0.710017 0.0811569 
0.0290018 0.710104 0.0810667 
0.0289888 0.710241 0.0811061 
0.0289529 0.710318 0.0810164 
0.0289245 0.710404 0.080939 
0.0289103 0.710492 0.0809195 
0.0288642 0.710584 0.0808461 
0.0288054 0.710681 0.0807852 
0.028835 0.710729 0.080731 
0.0287831 0.710848 0.0806454 
0.0286734 0.710924 0.0805664 
0.0287058 0.710941 0.0804941 
0.0286272 0.711117 0.0804725 
0.0285689 0.711218 0.0803976 
0.028621 0.71125 0.0803133 
0.0285367 0.711373 0.0802813 
0.0284984 0.711468 0.0802199 
0.0285239 0.711479 0.0801265 
0.0284684 0.711636 0.0800838 
0.0284431 0.711703 0.0800148 
0.0283706 0.711694 0.0798946 
0.028317 0.71186 0.0799058 
0.0282855 0.711925 0.0798512 
0.0282858 0.711999 0.0797632 
0.0282889 0.712121 0.0797364 
0.0282391 0.712176 0.0796721 
0.0282029 0.71224 0.0795704 
0.0282038 0.712316 0.0795309 
0.0282049 0.712365 0.0794633 
0.0281642 0.712419 0.0793243 
0.0281622 0.712462 0.0792536 
0.0281317 0.712585 0.0792865 
0.0281222 0.712646 0.0792353 
0.0281195 0.712699 0.0791987 
0.0281048 0.712808 0.0791695 
0.0280777 0.712913 0.0791106 
0.0280761 0.712982 0.079071 
0.028035 0.71307 0.0790129 
0.0280009 0.713136 0.0789496 
0.0279664 0.713214 0.0788812 
0.0279715 0.713272 0.078836 
0.0279496 0.713389 0.0788083 
0.0279384 0.713431 0.078743 
0.0279058 0.713508 0.0787062 
0.0278899 0.713612 0.0786602 
0.0278992 0.713612 0.0785716 
0.0278721 0.713685 0.0785346 
0.0278746 0.7138 0.0784721 
0.0278274 0.713887 0.0784147 
0.0277564 0.71395 0.0783681 
0.0277543 0.714014 0.0782245 
0.0277313 0.714046 0.0780686 
0.0276957 0.714127 0.0781485 
0.0277411 0.714241 0.0781837 
0.0277516 0.714287 0.0781236 
0.027702 0.714399 0.0781241 
0.027716 0.714462 0.0780905 
0.0277395 0.714494 0.0780269 
0.0276986 0.714608 0.0780007 
0.027709 0.714633 0.0779389 
0.0277149 0.714698 0.0778743 
0.0276374 0.714797 0.0778355 
0.027628 0.714841 0.0777599 
0.027651 0.71493 0.0777103 
0.0275921 0.714995 0.0776658 
0.0276004 0.715029 0.0776138 
0.0276578 0.715102 0.0775577 
0.0275932 0.715178 0.077517 
0.0275643 0.715217 0.0774444 
0.0276241 0.715306 0.0774088 
0.0275759 0.715376 0.0773772 
0.0275721 0.715409 0.0772991 
0.0275988 0.715478 0.0772377 
0.0275318 0.715505 0.0771369 
0.0274273 0.715542 0.076928 
0.027472 0.71565 0.0769632 
0.0274402 0.715741 0.0770068 
0.0274108 0.715836 0.0769953 
0.0274992 0.715908 0.0769782 
0.0274832 0.71597 0.0769567 
0.0274275 0.71603 0.0769006 
0.0274485 0.716098 0.0768457 
0.0274489 0.716158 0.0768179 
0.0274126 0.716244 0.0767576 
0.0274247 0.716264 0.0766839 
0.0274251 0.716343 0.0766536 
0.0273995 0.716424 0.0766057 
0.0273441 0.716472 0.0765217 
0.0273395 0.716537 0.0764687 
0.0273272 0.716612 0.0764227 
0.0273305 0.716688 0.0763911 
0.0273402 0.716758 0.0763263 
0.027319 0.716809 0.0762601 
0.0272797 0.716862 0.0762245 
0.0272907 0.716911 0.0761728 
0.0272551 0.716986 0.0761047 
0.027236 0.716996 0.0760411 
0.0272522 0.717103 0.0760193 
0.0272729 0.717156 0.0759654 
0.0272098 0.717165 0.0758613 
0.0271986 0.717245 0.0757557 
0.0272302 0.717345 0.0758001 
0.0271962 0.71738 0.0757704 
0.0271967 0.717483 0.0757079 
0.0272183 0.717529 0.0756833 
0.0271757 0.717599 0.0756455 
0.0271332 0.717687 0.075595 
0.0271617 0.717689 0.0755279 
0.027102 0.71781 0.0754959 
0.0271022 0.71783 0.0754355 
0.0271094 0.717868 0.0753757 
0.0271023 0.717982 0.0753276 
0.0271198 0.717961 0.0752716 
0.0270567 0.718048 0.0752018 
0.0270973 0.718107 0.0751497 
0.0271049 0.718134 0.0751212 
0.0270457 0.718243 0.0750936 
0.0270859 0.71828 0.07503 
0.0270856 0.718318 0.0749647 
0.0270283 0.718407 0.0749331 
0.0270149 0.718439 0.0748842 
0.0270413 0.718494 0.0748351 
0.0270135 0.718541 0.0747964 
0.0269697 0.718607 0.0747514 
0.0269962 0.718636 0.0747013 
0.0269978 0.718663 0.0746293 
0.0269828 0.718719 0.0745376 
0.0269772 0.718722 0.0745044 
0.0269733 0.718805 0.074485 
0.0269886 0.718913 0.0744395 
0.0269424 0.718947 0.0743858 
0.026927 0.71901 0.0743458 
0.0269551 0.719091 0.0743068 
0.0269311 0.719135 0.0742514 
0.0268531 0.719192 0.0741975 
0.0268467 0.719254 0.074172 
0.0268615 0.719304 0.0741173 
0.0268001 0.719323 0.0740568 
0.0267411 0.719412 0.0739969 
0.0268145 0.719384 0.0738178 
0.026833 0.719466 0.0738616 
0.0267954 0.719582 0.0738845 
0.0268257 0.719571 0.0738343 
0.0268098 0.719639 0.0738296 
0.0268197 0.719703 0.0737925 
0.0268571 0.719718 0.073741 
0.0268192 0.719789 0.0737129 
0.0268007 0.719882 0.0736805 
0.0268332 0.7199 0.0736308 
0.0267939 0.719965 0.0735872 
0.0267659 0.720035 0.073545 
0.0267326 0.720042 0.0734915 
0.026743 0.720099 0.0734383 
0.0267782 0.720138 0.0733969 
0.0267169 0.720179 0.0733738 
0.0267418 0.720235 0.0733202 
0.0267906 0.720296 0.0732824 
0.0267639 0.720333 0.0732437 
0.0267615 0.720363 0.0731759 
0.0267379 0.720404 0.073132 
0.0267166 0.720464 0.073108 
0.0267285 0.72052 0.073041 
0.0267102 0.72056 0.0729962 
0.0266727 0.720637 0.0729826 
0.0266838 0.720684 0.0729149 
0.0266799 0.720733 0.0728651 
0.0266205 0.720743 0.0726652 
0.0266194 0.720804 0.0726532 
0.0266108 0.720843 0.0726836 
0.0266102 0.720945 0.0727325 
0.0266273 0.720998 0.0727028 
0.0266204 0.721007 0.0726546 
0.0266045 0.721138 0.0726638 
0.0266159 0.721118 0.0726061 
0.0266154 0.72118 0.0725588 
0.0265622 0.721284 0.0725404 
0.026557 0.721223 0.0724791 
0.0265422 0.721311 0.0724426 
0.0264976 0.721411 0.072413 
0.0264606 0.721437 0.0723478 
0.0264649 0.721491 0.072318 
0.0264582 0.721575 0.0722842 
0.0264679 0.721601 0.0722339 
0.0264478 0.721671 0.072203 
0.0263821 0.721715 0.0721654 
0.0263888 0.721771 0.0721106 
0.0264015 0.721801 0.0720668 
0.026368 0.721855 0.0720406 
0.0263449 0.721919 0.0719758 
0.0263881 0.721917 0.0719356 
0.0263536 0.721998 0.0719078 
0.0263438 0.72207 0.071865 
0.026332 0.722016 0.0717844 
0.0262513 0.722059 0.0716076 
0.0262662 0.722126 0.0715285 
0.026233 0.722157 0.0715854 
0.026171 0.72222 0.0716108 
0.0262264 0.72233 0.0716051 
0.0262573 0.722381 0.0715978 
0.0262454 0.72242 0.0715716 
0.0262391 0.722482 0.0715201 
0.0262022 0.722522 0.0714819 
0.0262166 0.722552 0.0714477 
0.0262095 0.722601 0.0714021 
0.0261502 0.72264 0.0713558 
0.0261899 0.72266 0.0713175 
0.0261896 0.72276 0.0712828 
0.0261682 0.72275 0.0712283 
0.0261398 0.7228 0.0711833 
0.0260897 0.722883 0.0711518 
0.0261303 0.722843 0.0710783 
0.0261199 0.722901 0.0710368 
0.0260078 0.722995 0.0710364 
0.0260379 0.723025 0.070983 
0.0260718 0.723076 0.0709477 
0.0260454 0.723152 0.070914 
0.0260571 0.723176 0.070857 
0.0260303 0.723242 0.0708191 
0.0260013 0.723294 0.0707903 
0.0260379 0.723316 0.0707277 
0.0260056 0.723368 0.0706715 
0.0259741 0.723404 0.0706586 
0.0259994 0.723428 0.0706168 
0.0259624 0.723521 0.0705716 
0.0259517 0.723468 0.0704372 
0.0259614 0.723528 0.0704044 
0.0258927 0.723655 0.0704644 
0.0259218 0.723608 0.0704333 
0.025935 0.7237 0.0704012 
0.0258712 0.723776 0.0703945 
0.0258986 0.723705 0.0703345 
0.0259044 0.723783 0.070291 
0.0258629 0.723886 0.070281 
0.0258534 0.723922 0.070223 
0.0258532 0.72397 0.070174 
0.0257828 0.724014 0.0701527 
0.0258008 0.724078 0.0701132 
0.0258035 0.724115 0.0700601 
0.0257328 0.72416 0.0700186 
0.0257245 0.724217 0.0699816 
0.0257404 0.724223 0.0699161 
0.0257282 0.724242 0.0698468 
0.0257297 0.72432 0.0698452 
0.025715 0.724326 0.0698081 
0.0256694 0.724387 0.0697895 
0.025669 0.724474 0.069768 
0.0257 0.724414 0.0696944 
0.025647 0.724508 0.0696645 
0.0256296 0.724566 0.0696325 
0.0256361 0.724583 0.069585 
0.025581 0.724655 0.0695506 
0.025589 0.724682 0.0695 
0.0255792 0.724734 0.0694742 
0.0254951 0.724806 0.0694432 
0.0254841 0.724809 0.0693827 
0.0254757 0.724866 0.0693032 
0.0254127 0.724911 0.0692619 
0.0254209 0.724943 0.0692724 
0.0254394 0.724973 0.0692476 
0.0254139 0.725032 0.0692233 
0.0254116 0.725065 0.0691828 
0.0254189 0.7251 0.0691517 
0.025367 0.725123 0.0691169 
0.0253629 0.725174 0.0690779 
0.0253864 0.725234 0.0690518 
0.0253502 0.725221 0.0689896 
0.0253297 0.725274 0.068961 
0.0253187 0.725351 0.0689471 
0.0253454 0.725317 0.0688914 
0.0253224 0.725383 0.0688385 
0.0252729 0.725443 0.0688052 
0.0252225 0.725422 0.0686448 
0.0251872 0.725482 0.0686228 
0.0251722 0.725566 0.0686709 
0.0251565 0.725623 0.0686753 
0.0251254 0.725672 0.0686399 
0.0250724 0.725708 0.0686276 
0.0250471 0.725751 0.0686035 
0.0250857 0.725797 0.0685614 
0.0250959 0.725814 0.0685243 
0.0250537 0.725841 0.0684951 
0.0250351 0.725926 0.0684531 
0.0250294 0.725917 0.0684114 
0.0250278 0.725942 0.0683826 
0.0250017 0.726026 0.0683307 
0.0249551 0.726065 0.0682938 
0.0249461 0.726047 0.0682582 
0.0249347 0.72613 0.0682172 
0.0248934 0.726202 0.0681989 
0.0248621 0.726192 0.0681605 
0.0248577 0.72625 0.0681332 
0.0248455 0.726279 0.0680929 
0.0248042 0.726287 0.0680523 
0.0247626 0.726342 0.0680304 
0.0247639 0.726411 0.0679972 
0.024726 0.726441 0.0679367 
0.0246662 0.726478 0.0678972 
0.0246045 0.726547 0.067878 
0.0245529 0.726568 0.0678288 
0.0245659 0.726622 0.0677926 
0.0245869 0.726627 0.0676461 
0.0245359 0.726596 0.067481 
0.0245615 0.726656 0.0675415 
0.0245849 0.726748 0.0675934 
0.0245296 0.726806 0.0676196 
0.024522 0.726803 0.0676003 
0.0245177 0.726882 0.0675812 
0.0244973 0.726937 0.0675444 
0.0245149 0.726885 0.0675001 
0.0244871 0.72697 0.0674814 
0.02444 0.72702 0.0674455 
0.024441 0.727044 0.0673977 
0.0244392 0.727071 0.0673669 
0.0244093 0.727088 0.0673309 
0.0244014 0.727146 0.0672884 
0.024396 0.727162 0.0672491 
0.0243732 0.727147 0.0672062 
0.0243807 0.727195 0.0671546 
0.0243154 0.727253 0.0671382 
0.0242442 0.727301 0.0671407 
0.024258 0.727338 0.067108 
0.0242593 0.727389 0.0670732 
0.0242263 0.727425 0.0670439 
0.0241898 0.727474 0.0670134 
0.0241303 0.727514 0.0669704 
0.0241394 0.727552 0.0669388 
0.0241484 0.72758 0.0668946 
0.0241366 0.727632 0.0668586 
0.0241295 0.727667 0.066841 
0.0241248 0.727714 0.0668006 
0.0241113 0.727731 0.0667217 
0.0240711 0.727674 0.0665299 
0.0240303 0.727742 0.0665014 
0.0240099 0.72781 0.0665471 
0.0240335 0.727796 0.0665658 
0.0240242 0.727882 0.0665825 
0.0239927 0.727949 0.0665628 
0.0239802 0.727943 0.066527 
0.0239474 0.727968 0.0664979 
0.0239375 0.728028 0.0664674 
0.0239179 0.728061 0.06643 
0.0238887 0.728065 0.0663879 
0.0239008 0.728106 0.0663666 
0.0238838 0.728162 0.0663278 
0.023879 0.728174 0.0662878 
0.023867 0.728191 0.066264 
0.0238334 0.728248 0.0662343 
0.0237978 0.728283 0.0661952 
0.0237669 0.728295 0.0661615 
0.0237597 0.728307 0.0660942 
0.0237593 0.728333 0.0660451 
0.0237452 0.728351 0.0660502 
0.0237185 0.728396 0.0660148 
0.0237096 0.728448 0.0659854 
0.0236785 0.728484 0.0659576 
0.0236678 0.728518 0.0659084 
0.0236757 0.728556 0.0658924 
0.0236402 0.728594 0.0658741 
0.0236219 0.728643 0.065836 
0.0236328 0.72866 0.0657816 
0.0235831 0.728681 0.0657443 
0.0235639 0.728741 0.0657236 
0.0235559 0.728759 0.0656875 
0.0234832 0.728768 0.0656405 
0.0234758 0.728797 0.0655346 
0.0234629 0.728822 0.0654686 
0.0234399 0.728878 0.0655121 
0.0234309 0.728946 0.065533 
0.0234068 0.728973 0.0655084 
0.023393 0.728986 0.0654954 
0.0233941 0.729015 0.0654623 
0.0233683 0.72905 0.0654169 
0.0233322 0.729064 0.0653913 
0.0233433 0.729096 0.0653705 
0.0233348 0.729129 0.0653238 
0.0232985 0.729119 0.0652794 
0.0232744 0.729173 0.0652609 
0.0232586 0.729203 0.065228 
0.0232197 0.729185 0.0651849 
0.0232109 0.729245 0.0651526 
0.0231957 0.729302 0.0651312 
0.0231445 0.729314 0.0650977 
0.0231127 0.729352 0.0650451 
0.0231012 0.729389 0.0650005 
0.0230849 0.729421 0.0649974 
0.023043 0.729469 0.0649737 
0.023035 0.72952 0.064951 
0.0230217 0.729544 0.0649237 
0.0229826 0.729582 0.0648939 
0.0229562 0.729627 0.0648496 
0.0229333 0.729647 0.0648062 
0.0228747 0.729693 0.0647981 
0.0228438 0.729752 0.0647693 
0.022849 0.729767 0.0647352 
0.0228102 0.729801 0.0647215 
0.0227913 0.72984 0.0646892 
0.0227604 0.729851 0.0646386 
0.02265 0.729864 0.0646141 
0.0225686 0.729915 0.0645743 
0.0225546 0.729939 0.0644827 
0.0225689 0.729962 0.0644598 
0.0225762 0.729994 0.0644815 
0.0225862 0.730027 0.0644649 
0.0225904 0.73006 0.064443 
0.0225392 0.730081 0.0644144 
0.0225315 0.730119 0.0643863 
0.022511 0.730121 0.0643523 
0.0224797 0.730175 0.0643394 
0.0224865 0.730224 0.0643164 
0.0224872 0.730184 0.0642673 
0.0224467 0.730242 0.0642424 
0.0224 0.730296 0.0642194 
0.0224059 0.730307 0.0641851 
0.0224093 0.73031 0.0641573 
0.0223523 0.730346 0.0641238 
0.022338 0.730398 0.0640895 
0.0223331 0.730417 0.0640534 
0.0222745 0.730415 0.0639096 
0.0222484 0.730468 0.0638928 
0.0222586 0.730493 0.0639264 
0.0222274 0.730543 0.0639494 
0.0221999 0.730593 0.0639553 
0.0221922 0.730618 0.0639317 
0.0221927 0.73065 0.0639053 
0.022146 0.730686 0.0638832 
0.0221308 0.730697 0.0638511 
0.0220901 0.730715 0.0638289 
0.0219814 0.730753 0.0638007 
0.0219647 0.730789 0.0637657 
0.021997 0.730787 0.0637402 
0.0220038 0.730805 0.0637212 
0.0220121 0.730866 0.0636992 
0.0220274 0.730855 0.0636674 
0.0220149 0.730867 0.0636489 
0.0219936 0.730921 0.0636014 
0.0219589 0.730964 0.0635737 
0.0219573 0.730922 0.0635456 
0.02193 0.730974 0.0635062 
0.0219021 0.731024 0.0634882 
0.0218993 0.731043 0.0634701 
0.0219138 0.731036 0.0634369 
0.0218804 0.731083 0.0634119 
0.021839 0.731131 0.06339 
0.0218567 0.731094 0.0633645 
0.0218426 0.731121 0.0633267 
0.0218181 0.731168 0.0633048 
0.0218038 0.731215 0.0632951 
0.0217923 0.73122 0.0632662 
0.0217747 0.731229 0.0632338 
0.0217708 0.731251 0.0632113 
0.0217806 0.731274 0.0632014 
0.0217475 0.731292 0.0631696 
0.0217153 0.731316 0.0631288 
0.0217064 0.731361 0.0631302 
0.0216777 0.7314 0.0631117 
0.0216226 0.731425 0.0630815 
0.0215782 0.731457 0.0630368 
0.021576 0.731435 0.0628564 
0.0215538 0.731444 0.0627998 
0.0215477 0.731505 0.0628375 
0.0215387 0.731558 0.062882 
0.0214716 0.731591 0.0628986 
0.0214809 0.731636 0.0628904 
0.0215129 0.731666 0.0628635 
0.0215157 0.731668 0.0628311 
0.0214954 0.731684 0.0627994 
0.0214914 0.731741 0.0627831 
0.0214962 0.731722 0.062762 
0.0214951 0.731758 0.0627326 
0.0214743 0.731798 0.0627119 
0.0214719 0.731772 0.062683 
0.0214675 0.731789 0.0626419 
0.0214382 0.731828 0.0626234 
0.0214241 0.73187 0.0626046 
0.0214436 0.731841 0.0625628 
0.0214398 0.731866 0.0625319 
0.0214292 0.731911 0.0625234 
0.0214223 0.731928 0.0624947 
0.0214228 0.731925 0.0624518 
0.0214027 0.731938 0.0624111 
0.0213862 0.731966 0.062377 
0.0213888 0.731983 0.0623666 
0.0213953 0.731991 0.0623584 
0.0213786 0.732026 0.0623301 
0.021379 0.732072 0.0623172 
0.0214047 0.732025 0.0623056 
0.0213867 0.732063 0.0622734 
0.0213703 0.732111 0.0622484 
0.0213554 0.732128 0.0622331 
0.0213659 0.732142 0.0622174 
0.0213435 0.73217 0.0621913 
0.0213125 0.732212 0.062167 
0.0212963 0.732228 0.0621558 
0.0212732 0.732247 0.0621157 
0.0212763 0.732274 0.0620758 
0.0212553 0.732306 0.0620771 
0.0212316 0.732335 0.0620587 
0.0212453 0.73236 0.0620394 
0.0212421 0.732389 0.0620093 
0.0212282 0.732415 0.0619701 
0.0211934 0.732408 0.0618405 
0.0211399 0.732404 0.0616991 
0.0211385 0.732439 0.0617244 
0.0211605 0.7325 0.0617638 
0.0211465 0.732537 0.061776 
0.0211396 0.732552 0.0617783 
0.0211589 0.732582 0.0617794 
0.0211336 0.732602 0.0617614 
0.0211166 0.732611 0.0617299 
0.02114 0.732628 0.0617025 
0.0211275 0.73263 0.0616868 
0.0210977 0.732656 0.0616641 
0.0211108 0.732696 0.0616283 
0.0211112 0.732683 0.0616029 
0.0210687 0.732689 0.0615792 
0.0210682 0.732736 0.0615551 
0.0210758 0.732753 0.061519 
0.0210812 0.732712 0.0614864 
0.021083 0.732763 0.061474 
0.0210775 0.732807 0.0614412 
0.0210517 0.732791 0.0614072 
0.0210689 0.732792 0.061394 
0.0210647 0.73284 0.0613768 
0.0210105 0.73286 0.0613407 
0.02103 0.732864 0.0613209 
0.0210574 0.732873 0.061296 
0.0210195 0.732886 0.0612473 
0.0210094 0.732904 0.0612189 
0.0210065 0.732931 0.0612123 
0.0209784 0.732935 0.0611871 
0.0209767 0.732939 0.0611578 
0.0209958 0.732959 0.0611364 
0.0209785 0.732952 0.0610908 
0.0209702 0.732971 0.0610721 
0.0209976 0.732999 0.0610554 
0.0209778 0.733009 0.0610208 
0.0209555 0.733034 0.0610199 
0.0209519 0.733074 0.0610055 
0.0209214 0.733099 0.0609811 
0.0208614 0.733114 0.060963 
0.020819 0.733157 0.060963 
0.0208184 0.733178 0.0609275 
0.0208041 0.733184 0.060902 
0.0208078 0.733216 0.0608914 
0.0207982 0.733244 0.0608646 
0.0207665 0.733263 0.0608349 
0.0207427 0.733283 0.0608048 
0.0207357 0.733272 0.0607466 
0.0207185 0.733259 0.0606294 
0.0207016 0.733296 0.0606407 
0.0206991 0.733335 0.0606637 
0.0206976 0.733381 0.0606796 
0.0206722 0.733417 0.0606789 
0.0206664 0.733438 0.0606496 
0.0206697 0.733452 0.0606234 
0.0206301 0.733454 0.060603 
0.0206346 0.733482 0.0605806 
0.020627 0.733519 0.0605429 
0.0205901 0.733504 0.0605213 
0.020565 0.733514 0.0605014 
0.0205499 0.733561 0.0604822 
0.020532 0.733585 0.0604582 
0.0205351 0.73354 0.0604304 
0.0205209 0.733586 0.0604066 
0.0205053 0.733633 0.0603848 
0.02047 0.733608 0.0603602 
0.0204832 0.733612 0.0603416 
0.020451 0.733658 0.0603142 
0.0203711 0.733683 0.0602842 
0.0203363 0.733679 0.0602564 
0.0203446 0.733708 0.0602398 
0.0203535 0.733721 0.0602128 
0.0203481 0.73372 0.0601722 
0.0203662 0.733749 0.0601366 
0.0203638 0.733772 0.0601149 
0.0203508 0.733799 0.0601182 
0.0203387 0.733823 0.0601072 
0.0203373 0.733841 0.0600786 
0.0203268 0.73387 0.0600619 
0.0202882 0.733893 0.0600288 
0.0202572 0.73392 0.0600006 
0.0202519 0.733946 0.0599955 
0.0201879 0.733951 0.0599687 
0.0201712 0.733972 0.0599392 
0.0201866 0.73401 0.0599317 
0.0201746 0.73403 0.0599166 
0.0201393 0.734044 0.0599004 
0.0201368 0.734077 0.059878 
0.0201449 0.7341 0.0598655 
0.0201192 0.734124 0.0598554 
0.0201169 0.734151 0.0598313 
0.0201006 0.734173 0.059825 
0.0200803 0.734209 0.0598147 
0.0200505 0.734227 0.0597832 
0.0200592 0.734253 0.05975 
0.0200603 0.734281 0.0597387 
0.0200302 0.734287 0.0597143 
0.0200318 0.734298 0.0596634 
0.0200349 0.734317 0.0596196 
0.0200174 0.734335 0.0596142 
0.0200051 0.734368 0.0596222 
0.0200069 0.734397 0.0596217 
0.0199612 0.734407 0.0596205 
0.0199429 0.734426 0.0595925 
0.0199397 0.734446 0.0595765 
0.0199159 0.734456 0.0595589 
0.0199122 0.734468 0.0595193 
0.0199147 0.734485 0.0595005 
0.0198977 0.734494 0.0594902 
0.0198993 0.734505 0.0594709 
0.0199193 0.73451 0.0594416 
0.0199127 0.734506 0.0594199 
0.0198779 0.734537 0.0594095 
0.0198697 0.734554 0.0593755 
0.0198418 0.734564 0.0593723 
0.0198018 0.734569 0.0593695 
0.0197344 0.734584 0.0593435 
0.0197023 0.734622 0.0593324 
0.0196879 0.734628 0.0593127 
0.0197271 0.734615 0.0592738 
0.0197468 0.734633 0.0592393 
0.0197337 0.734664 0.0592374 
0.0197139 0.734665 0.0592174 
0.0197457 0.734643 0.0591886 
0.0197202 0.734648 0.059117 
0.0196913 0.73465 0.0590155 
0.0197043 0.734691 0.0590461 
0.0196952 0.734688 0.0590774 
0.019678 0.734714 0.0590912 
0.0196902 0.734745 0.0590843 
0.0196826 0.73476 0.0590624 
0.0196569 0.734786 0.0590355 
0.0196305 0.734806 0.0590325 
0.0195977 0.734818 0.0590117 
0.0195895 0.734842 0.058974 
0.0195968 0.734866 0.0589647 
0.0195583 0.734876 0.0589643 
0.0195407 0.734899 0.058941 
0.0195646 0.734933 0.0589285 
0.0195455 0.734918 0.0589163 
0.0195197 0.734934 0.0588908 
0.0195191 0.734964 0.0588777 
0.0195067 0.734975 0.0588743 
0.0194958 0.734982 0.0588391 
0.0194883 0.735005 0.0588222 
0.0194633 0.735022 0.0588033 
0.0194417 0.735037 0.0587856 
0.0194463 0.735062 0.0587565 
0.0194297 0.735082 0.0587398 
0.0194082 0.735101 0.0587378 
0.0194082 0.735116 0.0587201 
0.0194075 0.735104 0.0586961 
0.01938 0.735118 0.0586939 
0.0193834 0.735156 0.0586864 
0.0193791 0.735162 0.0586587 
0.0193823 0.73513 0.0586342 
0.0193532 0.735174 0.0586418 
0.019347 0.735202 0.0586226 
0.019335 0.73521 0.0585943 
0.0193213 0.735194 0.0585796 
0.0193143 0.735222 0.0585572 
0.0192979 0.735252 0.0585346 
0.0193018 0.735222 0.0585119 
0.0192967 0.735232 0.0585049 
0.0192797 0.735265 0.0584904 
0.0192554 0.735291 0.0584608 
0.0192332 0.735266 0.0584496 
0.0191796 0.735276 0.0584377 
0.0191892 0.735305 0.0584098 
0.0192079 0.735332 0.0583877 
0.01922 0.735283 0.0583794 
0.0192177 0.735305 0.0583627 
0.0192168 0.735336 0.0583367 
0.0191996 0.73536 0.0583154 
0.0191671 0.735358 0.0583068 
0.0191511 0.735372 0.0582863 
0.0190947 0.735393 0.0582666 
0.0190462 0.735393 0.0582508 
0.0190847 0.73539 0.0582043 
0.0190997 0.73535 0.0580892 
0.0190768 0.735314 0.0579477 
0.0190991 0.735339 0.0579753 
0.0191192 0.735372 0.0580004 
0.0191006 0.735395 0.0580235 
0.0190974 0.735428 0.0580403 
0.0191165 0.735456 0.0580423 
0.0191067 0.735468 0.0580337 
0.0190887 0.735493 0.0580195 
0.0190804 0.73552 0.0580077 
0.0190863 0.735528 0.0579875 
0.0190662 0.735549 0.0579694 
0.0190641 0.735579 0.0579531 
0.0190722 0.735575 0.057935 
0.019046 0.7356 0.0579387 
0.0190254 0.735619 0.0579087 
0.0190212 0.735631 0.0578817 
0.0190195 0.735642 0.05787 
0.0189962 0.735659 0.0578587 
0.0189826 0.735679 0.05783 
0.0189822 0.735702 0.0578188 
0.0189725 0.735726 0.0578132 
0.018962 0.735732 0.0577828 
0.0189511 0.735759 0.0577748 
0.018959 0.73579 0.0577761 
0.0189434 0.735779 0.0577586 
0.0189412 0.735776 0.0577312 
0.0189313 0.735799 0.057711 
0.0189215 0.735831 0.057704 
0.0189126 0.735819 0.0576806 
0.0189018 0.735818 0.057657 
0.0189077 0.735858 0.0576501 
0.0188732 0.735867 0.0576081 
0.0188803 0.735858 0.0575826 
0.0188925 0.735862 0.0575838 
0.0188735 0.73589 0.0575779 
0.0188464 0.735912 0.0575672 
0.0188607 0.735883 0.0575505 
0.0188651 0.735902 0.0575371 
0.0188456 0.735934 0.0575218 
0.0188225 0.735955 0.0575105 
0.0188494 0.735922 0.0574864 
0.0188386 0.735942 0.0574588 
0.0188161 0.735967 0.0574493 
0.0188185 0.736 0.057446 
0.01882 0.735997 0.0574249 
0.018807 0.736006 0.0573948 
0.0187968 0.736021 0.057386 
0.0187822 0.736035 0.0573766 
0.0187645 0.736045 0.0573512 
0.0187508 0.73605 0.0573383 
0.0187518 0.736046 0.0573351 
0.0187446 0.736057 0.0573318 
0.0187094 0.736072 0.0573087 
0.0187007 0.736064 0.0572874 
0.0187248 0.736074 0.0572881 
0.0187494 0.736061 0.0572656 
0.0187269 0.736058 0.057231 
0.0187292 0.736087 0.0572276 
0.0187305 0.736111 0.0572287 
0.0187037 0.736113 0.0572051 
0.0186976 0.736127 0.057182 
0.0186892 0.736155 0.0571645 
0.0186668 0.736153 0.0570948 
0.018627 0.736115 0.056954 
0.0186247 0.736116 0.0568841 
0.0186235 0.736144 0.0569035 
0.0186054 0.736173 0.0569272 
0.0185977 0.736203 0.0569437 
0.0185992 0.736232 0.0569464 
0.0185933 0.736264 0.0569473 
0.018568 0.736287 0.0569474 
0.0185692 0.736305 0.0569465 
0.0185655 0.736336 0.05694 
0.0185407 0.736359 0.0569302 
0.018512 0.736374 0.056914 
0.0185163 0.736405 0.0569115 
0.0185144 0.736426 0.0568953 
0.0184901 0.736441 0.0568857 
0.0184682 0.736462 0.0568818 
0.0184579 0.736476 0.0568489 
0.0184493 0.736499 0.056845 
0.0184222 0.736524 0.056843 
0.0184141 0.736531 0.0568263 
0.0184157 0.736555 0.0568106 
0.0183842 0.736575 0.0568027 
0.0183614 0.736587 0.0567825 
0.0183637 0.73661 0.0567688 
0.0183684 0.736622 0.0567577 
0.0183408 0.736636 0.0567453 
0.0183267 0.73666 0.0567382 
0.0183279 0.736674 0.0567223 
0.0182975 0.736671 0.0567068 
0.0183005 0.736691 0.056692 
0.0182943 0.736714 0.0566927 
0.0182778 0.73673 0.0566754 
0.0182419 0.736741 0.0566433 
0.0182453 0.736767 0.0566374 
0.0182458 0.736782 0.0566154 
0.0182419 0.736797 0.056592 
0.0182268 0.73682 0.0565981 
0.0182176 0.736833 0.05658 
0.0182197 0.736852 0.056558 
0.0181969 0.736872 0.0565551 
0.0181802 0.736889 0.0565527 
0.0181847 0.736895 0.056525 
0.0181783 0.736913 0.0564979 
0.0181474 0.736926 0.056487 
0.0181412 0.736939 0.0564852 
0.018147 0.736946 0.0564753 
0.0181519 0.736966 0.0564658 
0.0181469 0.736972 0.0564458 
0.0181555 0.736983 0.0564361 
0.0181642 0.736996 0.0564261 
0.0181451 0.736987 0.0564097 
0.0181444 0.736989 0.0564038 
0.0181541 0.736987 0.0563941 
0.0181564 0.737008 0.0563742 
0.0181362 0.737023 0.0563598 
0.0181271 0.737011 0.056347 
0.0181278 0.737013 0.0563239 
0.018122 0.737024 0.0563133 
0.0181139 0.737028 0.0562958 
0.0181187 0.737034 0.0562809 
0.0181136 0.73704 0.0562704 
0.0181058 0.737025 0.0562662 
0.0181196 0.737036 0.0562526 
0.0181087 0.73706 0.0562381 
0.0180952 0.737073 0.0562294 
0.0180812 0.737086 0.0562248 
0.0180742 0.737106 0.0562084 
0.0180816 0.73712 0.0561943 
0.0180699 0.73713 0.0561792 
0.0180726 0.737143 0.0561563 
0.018078 0.737158 0.0561478 
0.0180699 0.737177 0.0561481 
0.018055 0.737188 0.0561351 
0.0180629 0.7372 0.0561247 
0.0180748 0.737207 0.0561092 
0.0180531 0.737224 0.0561098 
0.0180544 0.737236 0.0560995 
0.0180613 0.737237 0.0560873 
0.0180667 0.737232 0.0560744 
0.0180649 0.73724 0.0560613 
0.018054 0.737241 0.056047 
0.0180595 0.737239 0.056014 
0.0180487 0.737223 0.0559395 
0.0180518 0.73722 0.055917 
0.018058 0.737224 0.0559281 
0.0180514 0.737234 0.055949 
0.0180599 0.737232 0.0559477 
0.0180753 0.73722 0.0559387 
0.0180789 0.737233 0.0559232 
0.0180643 0.737255 0.0559221 
0.0180496 0.737277 0.055926 
0.0180465 0.737278 0.055902 
0.0180372 0.737284 0.0558903 
0.0180531 0.737296 0.0558778 
0.0180521 0.7373 0.055859 
0.0180407 0.7373 0.0558396 
0.0180333 0.737303 0.0558362 
0.0180283 0.73731 0.0558313 
0.0180359 0.737308 0.0558087 
0.0180403 0.737321 0.0558115 
0.0180234 0.737337 0.0558155 
0.0180163 0.737354 0.0558028 
0.01802 0.737368 0.0557904 
0.0180152 0.737395 0.0557865 
0.0180022 0.737408 0.0557765 
0.0179932 0.737418 0.0557566 
0.0180027 0.737442 0.0557484 
0.0179872 0.737461 0.0557466 
0.0179764 0.737465 0.0557309 
0.0179674 0.737473 0.0557099 
0.0179642 0.737487 0.0557067 
0.017962 0.737496 0.055694 
0.0179666 0.737515 0.0556892 
0.0179566 0.73753 0.0556802 
0.0179526 0.737532 0.0556658 
0.0179607 0.737536 0.0556549 
0.0179648 0.737552 0.0556506 
0.0179652 0.737567 0.0556423 
0.0179679 0.737574 0.0556242 
0.0179464 0.737589 0.0556138 
0.0179552 0.737609 0.0556125 
0.017958 0.737621 0.0555976 
0.0179524 0.737629 0.0555783 
0.0179521 0.737644 0.0555742 
0.0179585 0.737656 0.0555633 
0.0179556 0.737669 0.0555452 
0.0179425 0.737683 0.0555529 
0.0179432 0.737701 0.0555504 
0.0179479 0.737715 0.0555338 
0.0179404 0.737728 0.0555218 
0.01793 0.737737 0.0555075 
0.0179326 0.737744 0.0554838 
0.0179316 0.737755 0.055459 
0.017917 0.737761 0.0554348 
0.0178983 0.737779 0.0554402 
0.0178884 0.737793 0.0554336 
0.0178896 0.737807 0.0554316 
0.0178968 0.737827 0.0554283 
0.0178918 0.737841 0.0554234 
0.0178504 0.737856 0.0554172 
0.0177948 0.737874 0.0554196 
0.0177639 0.737887 0.0554166 
0.0177692 0.737904 0.0554068 
0.017771 0.737917 0.0553913 
0.0177567 0.737929 0.0553899 
0.0177522 0.737943 0.0553808 
0.0177598 0.737954 0.0553671 
0.0177592 0.737961 0.0553546 
0.0177509 0.737973 0.0553508 
0.0177404 0.737992 0.0553464 
0.017739 0.738002 0.0553394 
0.0177421 0.738013 0.0553298 
0.0177518 0.738023 0.0553073 
0.0177494 0.738036 0.0553037 
0.017751 0.738047 0.0552986 
0.0177695 0.738065 0.0552874 
0.0177795 0.738076 0.0552706 
0.0177803 0.738081 0.0552549 
0.017779 0.7381 0.0552561 
0.0177937 0.73812 0.0552581 
0.0178012 0.738122 0.0552463 
0.0178017 0.738125 0.0552275 
0.0178049 0.738141 0.055225 
0.0177907 0.738152 0.0552336 
0.0177937 0.73816 0.0552166 
0.0178009 0.738168 0.0551986 
0.0178066 0.738176 0.0551877 
0.0178106 0.738184 0.0551812 
0.0178144 0.738198 0.0551627 
0.0178159 0.738214 0.0551601 
0.0178134 0.738225 0.055162 
0.0178167 0.738234 0.0551403 
0.0178236 0.738244 0.0551292 
0.0178218 0.738256 0.0551325 
0.0178115 0.738268 0.0551266 
0.0178108 0.738276 0.0551113 
0.0178101 0.738284 0.0551091 
0.0178157 0.738296 0.0551118 
0.0178137 0.738307 0.0550964 
0.0178096 0.738311 0.0550799 
0.0178116 0.73832 0.0550703 
0.0178169 0.738332 0.0550672 
0.0178119 0.73834 0.0550575 
0.017811 0.738347 0.0550417 
0.0178101 0.738356 0.0550353 
0.0178131 0.738356 0.0550265 
0.0178247 0.738368 0.0550149 
0.0178293 0.73837 0.0550009 
0.017811 0.738361 0.0549794 
0.0178092 0.738353 0.0549538 
0.0178199 0.738359 0.0549431 
0.0178122 0.738353 0.0549311 
0.0178148 0.738348 0.0549242 
0.0178219 0.738359 0.0549266 
0.0178233 0.73835 0.054922 
0.017823 0.738358 0.0549227 
0.01783 0.738365 0.0549264 
0.0178288 0.738371 0.0549312 
0.0178228 0.738362 0.0549183 
0.0178174 0.738369 0.054909 
0.0178256 0.738374 0.0549031 
0.0178307 0.738375 0.0548868 
0.0178224 0.738371 0.054867 
0.0178288 0.73838 0.0548633 
0.017841 0.738384 0.0548451 
0.0178352 0.738371 0.0548211 
0.0178434 0.738365 0.0548136 
0.0178485 0.738369 0.0548052 
0.0178237 0.738376 0.0547953 
0.0178041 0.738375 0.0547895 
0.0178134 0.738382 0.0547845 
0.0178254 0.738377 0.0547769 
0.0178258 0.738369 0.0547685 
0.017822 0.738365 0.0547652 
0.0178151 0.738369 0.0547528 
0.0178193 0.738362 0.0547354 
0.0178058 0.738359 0.0547242 
0.0178056 0.73837 0.0547256 
0.0178101 0.738366 0.0546971 
0.0178132 0.738373 0.0546793 
0.0177877 0.738378 0.0546784 
0.0177779 0.738391 0.0546767 
0.0177782 0.738389 0.0546609 
0.0177841 0.738397 0.0546466 
0.0177736 0.738402 0.0546474 
0.017763 0.738411 0.0546432 
0.0177522 0.738424 0.0546369 
0.0177367 0.738425 0.0546355 
0.0177388 0.738429 0.0546366 
0.0177355 0.738432 0.0546219 
0.0177348 0.738442 0.0546051 
0.0177208 0.738447 0.0545977 
0.0177148 0.738457 0.0545897 
0.0177156 0.738465 0.0545729 
0.0177237 0.738476 0.0545569 
0.0177103 0.738486 0.054555 
0.0177081 0.738499 0.0545537 
0.0177116 0.738513 0.0545399 
0.0176872 0.73852 0.05453 
0.0176865 0.738533 0.0545322 
0.0177064 0.738537 0.0545182 
0.017693 0.738549 0.0544996 
0.0176639 0.738554 0.0545045 
0.0176713 0.738568 0.0544991 
0.0176742 0.738579 0.0544723 
0.0176575 0.738572 0.0543774 
0.0176238 0.738544 0.0542785 
0.0176165 0.738552 0.0542854 
0.0176247 0.738576 0.054302 
0.0176311 0.738593 0.0543149 
0.0176078 0.738602 0.0543242 
0.0176012 0.73862 0.0543333 
0.0175675 0.738617 0.0542384 
0.0175545 0.738572 0.0541193 
0.0173263 0.738518 0.0539407 
0.0171178 0.73838 0.0537743 
0.0167008 0.738164 0.0535345 
0.0163534 0.738084 0.0532961 
0.0161129 0.73782 0.0530901 
0.0158597 0.737554 0.052841 
0.0156892 0.737345 0.0526 
0.0155922 0.737128 0.0523949 
0.0155324 0.736934 0.0521625 
0.0154929 0.736714 0.0519274 
0.015465 0.736522 0.051723 
0.0154655 0.736374 0.0514953 
0.0155171 0.736038 0.0512446 
0.0155378 0.735861 0.0510352 
0.0155254 0.735709 0.0508107 
0.015507 0.735389 0.0505744 
0.0155001 0.735247 0.0503617 
0.0155248 0.735106 0.0501419 
0.015516 0.734827 0.0499227 
0.0155053 0.734582 0.049687 
0.01557 0.73437 0.0494627 
0.0155834 0.734178 0.0492697 
0.0155473 0.733985 0.0490407 
0.0155067 0.733704 0.0488001 
0.0155363 0.733569 0.0486202 
0.015538 0.733387 0.0483909 
0.0155332 0.733102 0.0481624 
0.015531 0.732937 0.0479716 
0.015545 0.732744 0.047733 
0.0155509 0.732478 0.0475087 
0.0155385 0.732369 0.0473293 
0.0155027 0.732141 0.0470965 
0.0154688 0.731934 0.0468852 
0.0155083 0.731748 0.0466753 
0.0155189 0.731514 0.0464498 
0.0154946 0.731344 0.0462556 
0.0154666 0.731151 0.0460241 
0.0154739 0.730924 0.0458111 
0.0154594 0.730819 0.0456313 
0.0154439 0.730592 0.0453794 
0.0154524 0.730346 0.0451792 
0.0153987 0.730163 0.0449786 
0.0154324 0.729965 0.0447649 
0.0154481 0.729761 0.0445636 
0.0154162 0.729619 0.0443636 
0.0154617 0.729373 0.0441479 
0.0153778 0.72921 0.0439467 
0.0153481 0.729072 0.0437413 
0.0154076 0.728789 0.04353 
0.0153889 0.728585 0.0433327 
0.0153741 0.728418 0.0431224 
0.0153125 0.7282 0.0429234 
0.0153359 0.728057 0.0427383 
0.0153675 0.727848 0.0425227 
0.0153125 0.727727 0.0423339 
0.015349 0.727584 0.0421658 
0.0153001 0.727363 0.0420214 
0.0153463 0.727217 0.0420086 
0.015359 0.727027 0.0419779 
0.0153668 0.726808 0.0420501 
0.0153764 0.726582 0.0421226 
0.0153544 0.726377 0.0421476 
0.0153464 0.726155 0.0421793 
0.0153601 0.725938 0.042183 
0.0152662 0.725782 0.0422028 
0.0152905 0.725601 0.0422062 
0.0152485 0.725366 0.0422141 
0.0151675 0.725141 0.0422123 
0.015142 0.725028 0.0422176 
0.0151517 0.724807 0.0422071 
0.0150851 0.724561 0.0421982 
0.0150835 0.724384 0.042182 
0.0150382 0.724241 0.0421769 
0.014963 0.724011 0.0421626 
0.014953 0.723857 0.0421532 
0.0149307 0.723735 0.0421148 
0.0148714 0.723491 0.0421033 
0.0149078 0.723307 0.0420894 
0.0148312 0.723143 0.0420782 
0.0147943 0.722919 0.0420919 
0.0148003 0.722703 0.0420639 
0.0147916 0.722541 0.0421018 
0.0147643 0.722335 0.0420867 
0.0147827 0.722145 0.0421066 
0.0147418 0.721953 0.0420975 
0.0147266 0.721798 0.0420795 
0.0147145 0.721597 0.0420801 
0.014669 0.721405 0.0420461 
0.0146595 0.721284 0.0420716 
0.0146569 0.721054 0.0420596 
0.0146247 0.720856 0.0420784 
0.0145385 0.720714 0.0420843 
0.0145748 0.720526 0.0420804 
0.0145617 0.720304 0.0420724 
0.0145315 0.720172 0.0420695 
0.0145656 0.719978 0.0420535 
0.0145418 0.719801 0.0420283 
0.014462 0.71963 0.0420361 
0.0144604 0.719454 0.0420312 
0.014494 0.719306 0.0420511 
0.0144344 0.719097 0.0420608 
0.0144377 0.71891 0.0420719 
0.0144424 0.718718 0.0420677 
0.0144133 0.718563 0.042077 
0.0144079 0.718342 0.042073 
0.0144338 0.718161 0.0420678 
0.0144387 0.717982 0.042073 
0.0144174 0.717803 0.042083 
0.0144624 0.71762 0.0420839 
0.0143991 0.717425 0.0420896 
0.0143705 0.717238 0.0421222 
0.014375 0.717072 0.0421005 
0.0143536 0.716911 0.0421065 
0.0143104 0.716723 0.0420805 
0.0143177 0.716549 0.042057 
0.014275 0.716374 0.0420361 
0.0142839 0.716225 0.0420316 
0.0143107 0.716007 0.042015 
0.0142725 0.715867 0.0419942 
0.0142686 0.715702 0.0420023 
0.0142545 0.715513 0.0419819 
0.0142687 0.715466 0.0420083 
0.0142328 0.715264 0.0420134 
0.014214 0.715024 0.0420021 
0.0142477 0.714886 0.0420119 
0.0142282 0.714697 0.0419774 
0.0142482 0.714526 0.0420082 
0.0142855 0.714331 0.041984 
0.0142144 0.714158 0.042015 
0.0142333 0.713961 0.0420166 
0.0142928 0.713791 0.0420419 
0.0142806 0.713609 0.0420742 
0.0142757 0.713407 0.0420475 
0.0143351 0.713226 0.0420356 
0.0142377 0.713084 0.0420206 
0.0142287 0.712925 0.0420017 
0.014273 0.712752 0.0420156 
0.014252 0.712592 0.0420132 
0.0142481 0.712397 0.0420423 
0.0143229 0.712187 0.0420468 
0.0142803 0.712099 0.0420581 
0.0142526 0.711871 0.042038 
0.0142875 0.71169 0.0420127 
0.0142571 0.711625 0.0420113 
0.0142198 0.711397 0.0420042 
0.0143557 0.711233 0.0420147 
0.0143113 0.711064 0.0420064 
0.0142566 0.710876 0.0420149 
0.0143172 0.710728 0.0420087 
0.0142705 0.710569 0.0419995 
0.0143147 0.710414 0.0420485 
0.0143897 0.710209 0.0419995 
0.0143441 0.710046 0.0420235 
0.0143188 0.709864 0.0419961 
0.0143634 0.709697 0.0419725 
0.0143599 0.709534 0.0420007 
0.0143373 0.709374 0.0419697 
0.0143497 0.709174 0.0419857 
0.0143772 0.709009 0.0419575 
0.0143316 0.708915 0.0419552 
0.0143414 0.708717 0.0419533 
0.0143738 0.708546 0.0419233 
0.0143513 0.708454 0.0419273 
0.0143557 0.708266 0.0419163 
0.014395 0.708068 0.0418843 
0.0144555 0.707966 0.0418777 
0.0143619 0.707816 0.0418506 
0.0143665 0.707639 0.0418451 
0.0143849 0.707474 0.0418441 
0.0143513 0.70733 0.0418436 
0.0143242 0.707149 0.0418372 
0.0143749 0.707046 0.0418478 
0.0143608 0.706889 0.0418383 
0.0143104 0.706743 0.0418489 
0.0143208 0.706592 0.0418256 
0.0143208 0.706408 0.0417807 
0.0143332 0.706286 0.0417741 
0.014362 0.706174 0.0417805 
0.0143193 0.705987 0.0417716 
0.0143545 0.705835 0.0417877 
0.0143882 0.705673 0.0417877 
0.0143079 0.705507 0.0417657 
0.0143397 0.705359 0.0417542 
0.014359 0.705214 0.0416973 
0.0143467 0.705048 0.041685 
0.0143476 0.704876 0.0417053 
0.0143609 0.704742 0.0417168 
0.0143955 0.704578 0.0417362 
0.0143542 0.704423 0.041713 
0.0143255 0.704279 0.041693 
0.0143407 0.70415 0.0416631 
0.0143323 0.704027 0.0416151 
0.014337 0.703856 0.0415856 
0.0143339 0.703758 0.0415768 
0.0143637 0.703605 0.0415673 
0.0143559 0.70344 0.0415743 
0.0143154 0.703296 0.0415714 
0.0143015 0.703159 0.041563 
0.0142797 0.702986 0.0415344 
0.0143058 0.702899 0.0415356 
0.014349 0.702741 0.0415058 
0.0143277 0.702585 0.0414995 
0.0143524 0.702488 0.041491 
0.0143357 0.702374 0.0415048 
0.0143082 0.702169 0.0414872 
0.0143381 0.702035 0.041488 
0.0143729 0.701917 0.0415011 
0.0143577 0.701748 0.0414948 
0.014367 0.70159 0.0414793 
0.0143658 0.701468 0.0414779 
0.0143872 0.701312 0.0414802 
0.0144094 0.701156 0.041483 
0.0143985 0.701025 0.0414958 
0.0143697 0.700857 0.0414886 
0.0144036 0.70071 0.0414917 
0.014402 0.700568 0.0414767 
0.0144046 0.700416 0.0414635 
0.0144321 0.70028 0.04144 
0.0144723 0.700145 0.0414338 
0.014495 0.699981 0.041442 
0.0144814 0.699854 0.0414429 
0.0144541 0.699698 0.0414501 
0.0144612 0.699543 0.0414529 
0.0144539 0.699443 0.0414596 
0.0144912 0.6993 0.0414652 
0.0144816 0.699125 0.0414626 
0.0144532 0.699066 0.0414627 
0.0145034 0.698906 0.041447 
0.01447 0.698737 0.0414428 
0.0144575 0.698575 0.0414372 
0.0144721 0.698479 0.041436 
0.0145037 0.698373 0.0414419 
0.014504 0.698183 0.0414148 
0.0144949 0.698092 0.0414066 
0.0144918 0.697988 0.0413988 
0.0145591 0.697816 0.0413944 
0.0145734 0.697642 0.0413961 
0.014501 0.697544 0.0414356 
0.0145369 0.697435 0.0414596 
0.0145327 0.697282 0.041464 
0.0145065 0.697145 0.041459 
0.0145376 0.697029 0.0414494 
0.0145344 0.696902 0.0414416 
0.0145286 0.696772 0.0414533 
0.0145714 0.696639 0.0414561 
0.0145505 0.696517 0.0414736 
0.0145262 0.696391 0.0414887 
0.0145339 0.696248 0.0414933 
0.0145267 0.696132 0.0414966 
0.0144994 0.696025 0.0415103 
0.0144987 0.695884 0.0415088 
0.0145153 0.69578 0.0414962 
0.0145045 0.695641 0.0414801 
0.0145416 0.695502 0.041466 
0.0145856 0.695391 0.0414604 
0.0145221 0.695252 0.0414643 
0.0145201 0.695116 0.0414982 
0.0145425 0.694964 0.0414941 
0.0145513 0.694837 0.0414953 
0.0145597 0.694699 0.0414865 
0.0145574 0.694599 0.041482 
0.0145373 0.694467 0.0414937 
0.0145442 0.694333 0.0414937 
0.0146002 0.694204 0.0415053 
0.0145618 0.694066 0.0415137 
0.0144763 0.693906 0.0415391 
0.0145488 0.693824 0.0415622 
0.0145672 0.693683 0.0415432 
0.0145386 0.693541 0.0415256 
0.0145599 0.693442 0.0415082 
0.0145403 0.693325 0.0414941 
0.014519 0.693184 0.0414942 
0.0145598 0.693062 0.0414786 
0.0145388 0.692897 0.041472 
0.0145181 0.692816 0.0415193 
0.0145416 0.692696 0.0415205 
0.0145354 0.692546 0.0415424 
0.0145124 0.692437 0.0415355 
0.0145041 0.692348 0.0415126 
0.0145028 0.692209 0.0415141 
0.0145087 0.692091 0.0414876 
0.014496 0.69197 0.0414982 
0.0145292 0.691875 0.0415096 
0.0145203 0.691788 0.0415118 
0.0144906 0.691642 0.0415222 
0.0145033 0.691511 0.0415026 
0.0145154 0.691408 0.0414939 
0.0144909 0.691286 0.0414937 
0.0144762 0.691164 0.0414809 
0.0144972 0.691059 0.0415137 
0.0144898 0.69095 0.0415299 
0.0144736 0.690834 0.0415455 
0.0144906 0.69073 0.0415554 
0.0144612 0.690618 0.0415484 
0.0144204 0.690517 0.0415396 
0.0144057 0.690417 0.0415046 
0.0144154 0.690291 0.0414984 
0.0144126 0.690165 0.0414758 
0.0144196 0.690065 0.0414907 
0.0144346 0.689938 0.0415202 
0.0144421 0.68982 0.041528 
0.0144293 0.689686 0.0415297 
0.0144713 0.689542 0.0414941 
0.0145261 0.689444 0.0414607 
0.0145014 0.689322 0.0414375 
0.0144295 0.689156 0.041392 
0.0144418 0.689069 0.0413901 
0.014495 0.688982 0.0413998 
0.0144876 0.688842 0.041414 
0.0145033 0.688715 0.0414208 
0.0144916 0.688604 0.0414446 
0.0144744 0.688463 0.0414386 
0.0144942 0.688363 0.0414473 
0.0145096 0.688229 0.041414 
0.014455 0.68809 0.0413789 
0.0144591 0.688005 0.0413988 
0.0145064 0.687922 0.041414 
0.0144814 0.687795 0.0414711 
0.0144689 0.687667 0.0415013 
0.0144848 0.687556 0.041497 
0.0144812 0.687413 0.0414725 
0.0144616 0.687353 0.0414532 
0.0144571 0.687244 0.0414251 
0.014462 0.687127 0.0414148 
0.0145209 0.687017 0.0414089 
0.0145865 0.686909 0.0414235 
0.0145335 0.686789 0.0414592 
0.0145258 0.686671 0.0414815 
0.0145606 0.686541 0.0414894 
0.0145353 0.686408 0.0414805 
0.0145308 0.6863 0.0414763 
0.0145427 0.686194 0.0414648 
0.0145526 0.686089 0.0414643 
0.0145545 0.685995 0.0414698 
0.0145521 0.685885 0.0415063 
0.0145742 0.685758 0.0415134 
0.0145692 0.685667 0.0415189 
0.0145303 0.685544 0.0415229 
0.0145535 0.685441 0.0414985 
0.0145696 0.685346 0.0414908 
0.0145718 0.685219 0.0414702 
0.0145956 0.685133 0.0414696 
0.0146077 0.685021 0.0414978 
0.0145815 0.684927 0.0415411 
0.0145889 0.684824 0.0415513 
0.0146 0.684713 0.0415575 
0.0146176 0.684607 0.0415292 
0.0146101 0.684514 0.0414834 
0.0145793 0.684436 0.0414653 
0.0145873 0.68434 0.0414524 
0.0145982 0.684245 0.0414811 
0.014521 0.684098 0.0415203 
0.0144908 0.683977 0.0415565 
0.0145054 0.683903 0.041602 
0.0145302 0.683803 0.0416001 
0.0145169 0.683691 0.0415917 
0.0145096 0.683601 0.0415649 
0.0144992 0.683544 0.0415287 
0.0145252 0.683453 0.0415111 
0.014488 0.683358 0.0415157 
0.0144613 0.683252 0.0415526 
0.0144515 0.683143 0.0415891 
0.0144216 0.683036 0.0416144 
0.0143729 0.682888 0.0416173 
0.0144184 0.682805 0.0416071 
0.0144484 0.68273 0.0415922 
0.0144566 0.68262 0.0415732 
0.0144147 0.682581 0.0415779 
0.0144201 0.682479 0.0415809 
0.0144094 0.682359 0.0415956 
0.0144145 0.682258 0.041612 
0.0144427 0.68216 0.0416125 
0.0143988 0.682032 0.0416019 
0.0143843 0.681932 0.0415929 
0.0143916 0.68181 0.0415564 
0.0143897 0.681742 0.0415558 
0.0143909 0.68167 0.0415856 
0.0143774 0.681571 0.041621 
0.0143778 0.681461 0.0416384 
0.0143855 0.681358 0.0416398 
0.014388 0.681247 0.0416146 
0.0143841 0.681141 0.0415954 
0.0143802 0.681082 0.0415783 
0.0143972 0.681009 0.0415666 
0.0144021 0.680909 0.0415701 
0.0143474 0.680799 0.0415981 
0.0143736 0.680717 0.0416141 
0.0143965 0.680617 0.0416257 
0.0143572 0.680503 0.0416287 
0.0143783 0.680413 0.0416065 
0.0143695 0.680316 0.0415959 
0.0143741 0.680231 0.041575 
0.0144137 0.680152 0.0415667 
0.0143984 0.680045 0.0415617 
0.0143623 0.679943 0.0415871 
0.0144042 0.679864 0.0416168 
0.0143946 0.679748 0.0416225 
0.0143841 0.679672 0.0416342 
0.0143652 0.679622 0.0416082 
0.0143467 0.67953 0.0415747 
0.0143495 0.679459 0.0415475 
0.014351 0.679378 0.0415273 
0.0143625 0.679288 0.041525 
0.0143583 0.679194 0.0415265 
0.0143671 0.679098 0.0415429 
0.0143406 0.678999 0.0415579 
0.0143189 0.678899 0.0415639 
0.0143078 0.678775 0.041543 
0.0143068 0.678638 0.0415035 
0.0143457 0.678594 0.0414882 
0.0144121 0.678518 0.0414579 
0.0143996 0.678414 0.0414349 
0.0143621 0.678333 0.0414294 
0.0143551 0.678232 0.0413995 
0.0143586 0.678124 0.0413852 
0.0143582 0.67804 0.0413808 
0.0143622 0.677942 0.0413729 
0.0143644 0.677826 0.0413644 
0.0143783 0.677747 0.041343 
0.0143759 0.677655 0.0413247 
0.0143311 0.67752 0.0412986 
0.0143525 0.677449 0.0412986 
0.014383 0.677379 0.0413229 
0.0143971 0.677272 0.0413261 
0.0143965 0.677185 0.0413301 
0.0144024 0.677092 0.0413191 
0.0144031 0.677013 0.0413029 
0.0143945 0.676944 0.0412952 
0.0144104 0.676854 0.0412837 
0.0144353 0.676771 0.0412793 
0.0144364 0.676679 0.0412902 
0.014458 0.676586 0.0412949 
0.0144782 0.676518 0.0413228 
0.0144255 0.676411 0.0413379 
0.0144437 0.67634 0.0413564 
0.0144633 0.676253 0.0413476 
0.0144859 0.676162 0.0413292 
0.0145143 0.676073 0.0413104 
0.0145619 0.675995 0.0412875 
0.0145242 0.675916 0.0412731 
0.0145033 0.675837 0.0412854 
0.0144782 0.675742 0.0413115 
0.0144578 0.67567 0.0413359 
0.0144637 0.675579 0.0413526 
0.0144461 0.675495 0.0413425 
0.0144391 0.675419 0.0413327 
0.0144625 0.675339 0.0413155 
0.0144832 0.675262 0.0412924 
0.0144764 0.675179 0.0412863 
0.0144913 0.675103 0.0412839 
0.014508 0.675026 0.0412857 
0.0144912 0.674931 0.0413177 
0.0145104 0.674855 0.0413224 
0.0145037 0.674777 0.0413388 
0.0144752 0.674687 0.041357 
0.0144781 0.674608 0.0413399 
0.0144779 0.674513 0.0413176 
0.0144777 0.674434 0.0412839 
0.0144775 0.674358 0.041257 
0.0144957 0.674274 0.0412488 
0.0145272 0.674212 0.0412643 
0.0145454 0.674117 0.0412974 
0.0145169 0.67403 0.0413287 
0.0145111 0.673955 0.0413393 
0.0145206 0.673862 0.0413292 
0.0145124 0.673771 0.0412991 
0.0144843 0.673748 0.0412722 
0.0145093 0.67368 0.041241 
0.0145695 0.67359 0.0412203 
0.0145718 0.673508 0.0412251 
0.0145467 0.673422 0.0412279 
0.0145447 0.673351 0.0412517 
0.0144757 0.673239 0.0412664 
0.01446 0.673143 0.0412667 
0.0145059 0.673091 0.0412672 
0.0145175 0.673021 0.0412356 
0.0145069 0.672942 0.0412155 
0.0145 0.672884 0.0411962 
0.0145045 0.672852 0.0411745 
0.0145131 0.672766 0.0411596 
0.0145134 0.672689 0.0411609 
0.0144871 0.672607 0.041178 
0.0144814 0.672538 0.0411961 
0.0145056 0.672461 0.0411947 
0.0145144 0.67238 0.0411856 
0.0144999 0.672301 0.0411687 
0.0144869 0.672225 0.0411392 
0.0144675 0.672196 0.0411228 
0.0144493 0.6721 0.0411073 
0.0144333 0.672034 0.0411316 
0.0144146 0.671969 0.041175 
0.014436 0.671925 0.0412151 
0.014431 0.671858 0.04124 
0.0144151 0.67178 0.0412415 
0.0144205 0.671714 0.0412179 
0.0144131 0.671638 0.0411809 
0.0144094 0.671562 0.0411498 
0.0144298 0.671512 0.0411347 
0.0144381 0.671452 0.0411505 
0.0144413 0.671369 0.0411681 
0.0144505 0.671299 0.0412104 
0.0144166 0.671215 0.0412458 
0.0144233 0.671142 0.041254 
0.0144362 0.671064 0.0412394 
0.0144497 0.670978 0.0412027 
0.0144462 0.670892 0.0411615 
0.014432 0.670843 0.0411396 
0.0144183 0.670811 0.0411418 
0.0144387 0.67074 0.0411632 
0.0144497 0.670673 0.041205 
0.0143991 0.670596 0.0412551 
0.0144056 0.670512 0.0412725 
0.0144109 0.670434 0.0412659 
0.0144078 0.670364 0.041236 
0.0143841 0.67028 0.041195 
0.0143965 0.670211 0.0411603 
0.0144066 0.670164 0.0411451 
0.0144044 0.670094 0.0411543 
0.014436 0.670018 0.0411739 
0.01446 0.66994 0.0412026 
0.0143887 0.669841 0.0412444 
0.0144466 0.669792 0.0412666 
0.0144546 0.669719 0.0412657 
0.0144381 0.66963 0.0412382 
0.0144431 0.669565 0.0412069 
0.0144302 0.669487 0.0411679 
0.0144246 0.669435 0.0411428 
0.0144184 0.669418 0.0411482 
0.0144299 0.669341 0.0411619 
0.0144598 0.669266 0.0411926 
0.0144464 0.669168 0.041243 
0.0144357 0.669067 0.0412597 
0.0144419 0.668992 0.0412646 
0.0144547 0.668911 0.0412368 
0.0144496 0.668836 0.0411986 
0.014408 0.668767 0.0411565 
0.0143934 0.668731 0.0411216 
0.0144189 0.668682 0.0411129 
0.014445 0.668611 0.0411338 
0.0144817 0.668527 0.0411546 
0.0144817 0.668428 0.0412238 
0.0144691 0.668294 0.0412486 
0.0144615 0.668226 0.0412605 
0.0144509 0.668151 0.0412365 
0.0144262 0.668099 0.0411953 
0.014393 0.668066 0.0411454 
0.0143856 0.668017 0.0411091 
0.0143993 0.667936 0.0410815 
0.0144421 0.667864 0.0410998 
0.0144705 0.667783 0.0411196 
0.0144191 0.667673 0.0411738 
0.0144071 0.667549 0.041212 
0.0144523 0.667474 0.0412386 
0.0144535 0.667417 0.0412418 
0.0144471 0.667341 0.0412076 
0.0144395 0.667303 0.041171 
0.0144349 0.667246 0.04113 
0.0144137 0.667175 0.0410889 
0.0144386 0.667109 0.0410547 
0.0145233 0.667038 0.0410626 
0.0145397 0.666958 0.0410854 
0.0144725 0.66689 0.041155 
0.0144132 0.666785 0.0412091 
0.014424 0.66668 0.0412337 
0.0144085 0.666607 0.0412338 
0.0143965 0.666512 0.0411954 
0.0143485 0.666424 0.0411402 
0.0142992 0.666417 0.0411079 
0.0143193 0.666378 0.041073 
0.0143657 0.66632 0.0410731 
0.0143928 0.666251 0.0410974 
0.0143864 0.666166 0.0411369 
0.0143505 0.666099 0.0412202 
0.0143727 0.665941 0.0412342 
0.014378 0.665869 0.0412408 
0.0143547 0.665806 0.0412159 
0.0143016 0.665744 0.041166 
0.0142878 0.665672 0.0411195 
0.0142984 0.665616 0.0410781 
0.0143145 0.665559 0.0410572 
0.0143426 0.665479 0.0410858 
0.0143587 0.665396 0.0411173 
0.0143206 0.665311 0.0411975 
0.0143323 0.665201 0.041237 
0.014336 0.665113 0.0412548 
0.0143203 0.665036 0.0412373 
0.0143128 0.664983 0.0412029 
0.0142665 0.664934 0.0411642 
0.0142592 0.664881 0.0411204 
0.0142725 0.664807 0.0410782 
0.0142727 0.664727 0.0410567 
0.0142908 0.664646 0.0410823 
0.0143266 0.664547 0.0411112 
0.0143839 0.664459 0.0411707 
0.014371 0.664372 0.0412283 
0.0143175 0.664262 0.0412449 
0.014276 0.664179 0.0412348 
0.0142705 0.664115 0.0412042 
0.0142413 0.664059 0.0411652 
0.0142191 0.664004 0.0411256 
0.0142082 0.663941 0.0410894 
0.0142211 0.663858 0.0410644 
0.0142459 0.66378 0.0410841 
0.0142484 0.663696 0.0411075 
0.0142744 0.663607 0.0411554 
0.0142655 0.663516 0.0411834 
0.0142185 0.663453 0.0412272 
0.0142052 0.663365 0.0412148 
0.0142022 0.663293 0.0411886 
0.0141797 0.663202 0.0411381 
0.0141391 0.663145 0.041087 
0.0141493 0.663098 0.0410552 
0.0141752 0.663036 0.0410486 
0.0141839 0.66296 0.0410736 
0.0141879 0.662866 0.0411075 
0.0141841 0.662793 0.0411701 
0.0141502 0.662691 0.0411939 
0.0141437 0.662617 0.0412079 
0.0141211 0.662534 0.0411863 
0.0140989 0.662449 0.0411399 
0.0140556 0.662413 0.0411021 
0.0140264 0.662383 0.0410652 
0.0140344 0.662304 0.0410284 
0.014055 0.662225 0.0410399 
0.014086 0.662139 0.0410577 
0.0140689 0.662015 0.0410946 
0.0140587 0.6619 0.0411283 
0.0140636 0.661862 0.0411794 
0.014091 0.661788 0.0411896 
0.0140757 0.66169 0.0411737 
0.0141084 0.661619 0.0411419 
0.0140817 0.661612 0.0411045 
0.0140237 0.661549 0.0410637 
0.0140029 0.661472 0.0410297 
0.014002 0.661392 0.0410313 
0.0140098 0.66131 0.0410544 
0.0140198 0.661218 0.0410962 
0.0140188 0.661113 0.0411263 
0.014013 0.66104 0.0411652 
0.0139606 0.660926 0.041165 
0.0139181 0.660825 0.0411553 
0.0139481 0.66076 0.0411303 
0.0139151 0.660742 0.041099 
0.0139044 0.660717 0.0410806 
0.0139096 0.660643 0.0410809 
0.0139209 0.660565 0.0410856 
0.0139387 0.660484 0.041115 
0.0139308 0.660383 0.0411428 
0.013925 0.660314 0.0411747 
0.0139037 0.660233 0.0411793 
0.0138811 0.660143 0.0411649 
0.013846 0.660108 0.0411341 
0.0138064 0.660082 0.0411019 
0.0138031 0.660007 0.041068 
0.013812 0.65993 0.0410617 
0.0138191 0.659844 0.0410782 
0.013791 0.659749 0.0411146 
0.0137925 0.659687 0.0411782 
0.0137602 0.659617 0.0412188 
0.0137172 0.659529 0.0412364 
0.0137238 0.659451 0.0412149 
0.0136922 0.659386 0.041179 
0.0136224 0.659377 0.0411435 
0.0136058 0.65935 0.0411077 
0.0136017 0.659285 0.0410707 
0.0136085 0.659199 0.0410317 
0.0136111 0.659118 0.0410441 
0.0136171 0.659029 0.0410837 
0.0136322 0.658937 0.0411362 
0.0136048 0.65885 0.0411953 
0.0135564 0.658732 0.0412206 
0.0135348 0.658656 0.0412235 
0.0135274 0.658595 0.0411994 
0.0135 0.658524 0.0411588 
0.0134727 0.658478 0.0411179 
0.0134255 0.658462 0.0410872 
0.0134401 0.658391 0.0410811 
0.0134755 0.65831 0.0410921 
0.0134773 0.658234 0.0411368 
0.0134526 0.658128 0.0411758 
0.013452 0.658064 0.0412168 
0.0134229 0.657986 0.0412262 
0.0133921 0.657891 0.0412066 
0.0133865 0.657816 0.0411683 
0.0133067 0.657804 0.0411281 
0.0132855 0.657752 0.0410887 
0.0133037 0.657674 0.0410569 
0.0133337 0.657608 0.0410777 
0.0133443 0.657536 0.0411056 
0.0132929 0.657443 0.0411802 
0.0132606 0.657363 0.0412307 
0.0132468 0.65729 0.0412517 
0.0132093 0.657195 0.0412379 
0.0131906 0.657125 0.0412041 
0.0131472 0.657077 0.0411693 
0.0131168 0.657044 0.0411336 
0.0131221 0.656987 0.0410962 
0.0131213 0.656917 0.0410578 
0.01311 0.656839 0.0410232 
0.013122 0.656767 0.0410399 
0.013091 0.656654 0.0410753 
0.0130094 0.656533 0.0411512 
0.0129856 0.65646 0.0412155 
0.0129832 0.656366 0.0412621 
0.0129575 0.65628 0.0412601 
0.0129511 0.656223 0.0412291 
0.0128927 0.656194 0.0411949 
0.0128419 0.656147 0.0411518 
0.0128363 0.656093 0.0411129 
0.0128209 0.656039 0.0410732 
0.0128147 0.655966 0.0410348 
0.0128151 0.655887 0.0410014 
0.0128177 0.655817 0.0410246 
0.012782 0.655707 0.0410767 
0.0127205 0.655645 0.0411795 
0.0127006 0.655511 0.0412415 
0.0126522 0.655387 0.0412645 
0.0125937 0.655295 0.0412479 
0.0125624 0.655244 0.0412192 
0.0125256 0.655202 0.0411838 
0.0125004 0.655205 0.0411552 
0.0125061 0.655153 0.0411165 
0.0124992 0.655078 0.0410773 
0.0124889 0.655008 0.0410473 
0.0125049 0.654935 0.0410695 
0.0125049 0.654833 0.0410975 
0.0125028 0.654741 0.0411677 
0.0124966 0.654641 0.0412338 
0.0125134 0.654562 0.0412724 
0.0125059 0.654462 0.0412754 
0.0124579 0.654373 0.0412385 
0.0124113 0.654316 0.0412025 
0.0123608 0.654324 0.0411627 
0.0123162 0.654268 0.041119 
0.0123227 0.654188 0.0410839 
0.0123414 0.654112 0.0410795 
0.0123666 0.654024 0.0411144 
0.012369 0.65393 0.0411678 
0.0123094 0.653851 0.0412519 
0.0122884 0.653744 0.0412909 
0.0122616 0.653658 0.0412981 
0.0122334 0.653582 0.0412762 
0.0122022 0.653507 0.0412333 
0.0121141 0.653529 0.041186 
0.0121179 0.653476 0.0411484 
0.0121046 0.653394 0.0411141 
0.0121085 0.653317 0.0411215 
0.0121119 0.653239 0.0411468 
0.0121069 0.653165 0.0411974 
0.0120771 0.653088 0.0412669 
0.0120296 0.653007 0.0413031 
0.0119946 0.652935 0.0413066 
0.0119711 0.652852 0.0412788 
0.0119396 0.652782 0.0412414 
0.0118608 0.652787 0.0412094 
0.0118267 0.652763 0.0411708 
0.0118002 0.652698 0.0411389 
0.0117897 0.652621 0.0411099 
0.0117839 0.652552 0.0411372 
0.0117786 0.652466 0.0411589 
0.0117813 0.652393 0.0412293 
0.011716 0.652301 0.0412992 
0.0116596 0.652209 0.0413093 
0.0116335 0.652135 0.0413045 
0.0116028 0.652073 0.0412728 
0.0115692 0.652036 0.04124 
0.0115157 0.652038 0.0412031 
0.0114817 0.652005 0.0411614 
0.0114958 0.65193 0.0411126 
0.0114859 0.651848 0.0410752 
0.0114851 0.651776 0.041086 
0.0114908 0.651699 0.0411252 
0.0114539 0.651608 0.0411881 
0.0114121 0.651518 0.0412544 
0.0114151 0.651407 0.0412843 
0.0114035 0.651324 0.0412817 
0.0114196 0.651251 0.0412502 
0.0113877 0.651211 0.0412035 
0.0113173 0.651169 0.0411494 
0.0112267 0.651119 0.0411014 
0.0111839 0.651089 0.0410729 
0.0111872 0.65103 0.0410583 
0.0112017 0.650962 0.0411005 
0.0111934 0.650868 0.041142 
0.0111723 0.650779 0.0412228 
0.011145 0.650622 0.041263 
0.0111226 0.650572 0.0412818 
0.0110763 0.6505 0.0412544 
0.0110104 0.65047 0.0412135 
0.0109772 0.650458 0.0411702 
0.010946 0.650422 0.0411344 
0.0109363 0.650354 0.0410758 
0.0109264 0.650278 0.0410393 
0.0109261 0.650208 0.0410291 
0.0109053 0.650133 0.0410806 
0.0108506 0.65001 0.0411393 
0.0107955 0.64994 0.0412387 
0.010794 0.649825 0.0412855 
0.0107603 0.649762 0.041296 
0.0107218 0.649693 0.0412623 
0.0106613 0.649667 0.0412191 
0.0106377 0.649642 0.0411694 
0.0106039 0.649604 0.0411001 
0.0105859 0.64955 0.0410546 
0.0105832 0.649468 0.041012 
0.0106031 0.649394 0.0410214 
0.0106077 0.649306 0.0410596 
0.0105967 0.649212 0.041137 
0.010535 0.649113 0.0412331 
0.0105187 0.648985 0.0412655 
0.010475 0.648914 0.041274 
0.0104173 0.648843 0.0412433 
0.0103573 0.648796 0.041198 
0.01031 0.648813 0.0411584 
0.0102808 0.648772 0.0411048 
0.0102628 0.64872 0.0410545 
0.010242 0.648672 0.0410355 
0.0102568 0.648602 0.0410646 
0.0102682 0.648532 0.0411198 
0.0102109 0.648431 0.0412095 
0.0101897 0.648314 0.0412606 
0.0101506 0.648235 0.0412892 
0.0100999 0.648155 0.0412685 
0.0100547 0.648093 0.0412326 
0.0099731 0.648097 0.0411975 
0.00995865 0.648082 0.0411584 
0.00993552 0.648017 0.0410919 
0.00987443 0.647969 0.0410489 
0.00986228 0.647911 0.0410256 
0.00986483 0.647859 0.0410529 
0.00988574 0.647773 0.041103 
0.0098502 0.647638 0.0412002 
0.00979786 0.647536 0.0412604 
0.00975877 0.647476 0.0412923 
0.00973296 0.647405 0.0412797 
0.00971399 0.647336 0.0412445 
0.00966596 0.647324 0.0412112 
0.00965244 0.647325 0.0411525 
0.00962812 0.647276 0.0411012 
0.00958843 0.647202 0.0410565 
0.00955039 0.647163 0.0410159 
0.00949601 0.647111 0.0409989 
0.00948261 0.647041 0.0410446 
0.00942193 0.646955 0.0411265 
0.00935411 0.646834 0.0412696 
0.00934944 0.64671 0.0413339 
0.00935825 0.646675 0.0413949 
0.00929932 0.646596 0.0414631 
0.00929248 0.646543 0.0414869 
0.00926479 0.646471 0.041487 
0.00921319 0.646393 0.0414623 
0.00915049 0.646381 0.0414256 
0.00909473 0.646351 0.0413837 
0.00908763 0.646271 0.0413753 
0.00906523 0.646212 0.0413871 
0.00905531 0.64615 0.0414297 
0.00906108 0.646074 0.0414629 
0.00906093 0.646007 0.0414854 
0.00905177 0.645934 0.0415052 
0.0090284 0.645835 0.0415034 
0.00898153 0.645731 0.0415003 
0.00896206 0.645692 0.0415164 
0.00896606 0.645663 0.0415347 
0.00897849 0.645615 0.0415613 
0.00895365 0.645552 0.041574 
0.00891386 0.645498 0.0415764 
0.00887653 0.645449 0.0415778 
0.0088634 0.645393 0.0415783 
0.00883576 0.645331 0.0415751 
0.00880921 0.645283 0.0415933 
0.00877529 0.645252 0.0416088 
0.00873965 0.645224 0.0416287 
0.00871818 0.645148 0.0416573 
0.00870003 0.645087 0.0416495 
0.00868438 0.645026 0.0416588 
0.00864419 0.644962 0.0416634 
0.00859523 0.644893 0.041666 
0.00856979 0.644817 0.0416821 
0.0085603 0.644761 0.0417143 
0.00853511 0.644723 0.0417536 
0.00851702 0.644668 0.0417772 
0.00848956 0.644596 0.0417832 
0.00845371 0.644559 0.0417928 
0.00839129 0.644503 0.0417832 
0.00833415 0.644452 0.0417655 
0.00830057 0.644399 0.0417718 
0.00826535 0.644341 0.0417719 
0.00824593 0.644277 0.0417726 
0.00822892 0.644215 0.0417787 
0.00818946 0.644156 0.0417808 
0.00815845 0.644099 0.0417821 
0.00813342 0.64404 0.0417858 
0.0080807 0.643972 0.0417688 
0.00805463 0.643934 0.0417844 
0.0080241 0.643861 0.0417709 
0.00798478 0.643812 0.0417761 
0.0079577 0.643756 0.0417903 
0.00793131 0.643702 0.0417806 
0.0079208 0.643648 0.0417899 
0.00789094 0.643577 0.0417833 
0.00785429 0.64352 0.0417737 
0.00783578 0.643479 0.0417824 
0.00780249 0.643406 0.041767 
0.00777531 0.643343 0.0417656 
0.00777046 0.643301 0.0417637 
0.00776775 0.643232 0.0417225 
0.00773493 0.643168 0.041733 
0.00769394 0.643118 0.0417211 
0.00765976 0.643086 0.0417364 
0.00763346 0.64303 0.0417556 
0.00759085 0.642974 0.0417309 
0.00758401 0.642918 0.0417392 
0.00753998 0.64287 0.0417328 
0.00751745 0.642837 0.0417202 
0.0074884 0.642789 0.0417215 
0.00746566 0.642752 0.0417224 
0.00747252 0.642703 0.0417325 
0.00746629 0.642658 0.0417497 
0.00743765 0.642608 0.0417602 
0.00741027 0.642567 0.0417692 
0.00737185 0.642507 0.0417552 
0.00731647 0.642467 0.0417327 
0.00725017 0.64244 0.0417082 
0.00719951 0.642414 0.041683 
0.00719956 0.642362 0.0416649 
0.00716806 0.642305 0.0416773 
0.00714456 0.642244 0.0416917 
0.00713161 0.642198 0.0417234 
0.00709221 0.642124 0.0417324 
0.0070701 0.642065 0.041739 
0.00702381 0.641998 0.0417319 
0.00694131 0.64197 0.0417015 
0.00690768 0.641937 0.041677 
0.00688773 0.641888 0.041657 
0.00686719 0.641848 0.0416574 
0.00684946 0.641802 0.0416734 
0.00684 0.641757 0.0416989 
0.00682703 0.64171 0.0417184 
0.00681094 0.641654 0.0417198 
0.0067867 0.641598 0.0417274 
0.00675836 0.641546 0.0417132 
0.00666972 0.641545 0.0416824 
0.00663386 0.641498 0.0416696 
0.00659816 0.641449 0.0416548 
0.00656041 0.641394 0.0416369 
0.00655207 0.64137 0.0416362 
0.00653628 0.64132 0.0416444 
0.00651329 0.641263 0.0416603 
0.00650223 0.641217 0.0416872 
0.00646256 0.641138 0.0416953 
0.00643926 0.641087 0.0416949 
0.00639863 0.64103 0.0416833 
0.00631277 0.640951 0.0416444 
0.00624268 0.640898 0.0416107 
0.00620556 0.640896 0.0415913 
0.0062296 0.640869 0.0415585 
0.0062172 0.640838 0.0415729 
0.00620602 0.640805 0.0415877 
0.00619526 0.640776 0.0416233 
0.00616041 0.64072 0.041644 
0.00614235 0.64068 0.0416532 
0.00610403 0.640646 0.041648 
0.00604853 0.640606 0.0416282 
0.00599902 0.640568 0.0416108 
0.00596382 0.640525 0.0415936 
0.00592944 0.64049 0.0415891 
0.00589865 0.640443 0.0415916 
0.00588616 0.640413 0.0416022 
0.00587768 0.640367 0.0416198 
0.0058597 0.640315 0.041631 
0.00583558 0.640278 0.0416447 
0.00580193 0.640231 0.0416399 
0.00576658 0.64018 0.0416278 
0.00573452 0.64013 0.0416187 
0.0056973 0.640087 0.0416219 
0.00567874 0.640036 0.0416282 
0.00564263 0.63997 0.0416295 
0.00561028 0.639909 0.0416387 
0.00559315 0.639868 0.0416435 
0.00557493 0.639823 0.0416514 
0.00555478 0.639779 0.0416596 
0.00555173 0.639756 0.0416787 
0.00552002 0.639705 0.0416801 
0.00548901 0.639651 0.0416729 
0.0054892 0.639614 0.0416348 
0.00545275 0.63959 0.0416143 
0.00541216 0.639544 0.041604 
0.00538963 0.639517 0.0416236 
0.00538851 0.639477 0.0416552 
0.00539142 0.639427 0.0416931 
0.00538009 0.639394 0.04174 
0.00532951 0.639327 0.0417603 
0.00531665 0.639271 0.0417582 
0.00530506 0.639231 0.0417583 
0.00524206 0.639203 0.0417453 
0.00519281 0.639185 0.0417339 
0.00515875 0.639146 0.0417242 
0.00513417 0.639098 0.0417303 
0.00511984 0.639059 0.0417506 
0.00510657 0.639012 0.0417632 
0.00508773 0.638957 0.0417695 
0.00505726 0.638903 0.0417777 
0.00502793 0.638854 0.0417804 
0.00500588 0.638818 0.0417849 
0.00498405 0.638784 0.041789 
0.00497269 0.638747 0.0418054 
0.00495415 0.638703 0.0418153 
0.00492257 0.638665 0.0418336 
0.00488881 0.638623 0.0418369 
0.004836 0.638592 0.0418158 
0.00478898 0.638566 0.0418086 
0.00474413 0.638536 0.041794 
0.00470863 0.638499 0.0417879 
0.00469186 0.638456 0.0417947 
0.00467492 0.638417 0.0418021 
0.00465892 0.638387 0.0418275 
0.00464596 0.63834 0.0418399 
0.00463023 0.638291 0.0418514 
0.00460045 0.638257 0.0418585 
0.00456513 0.638221 0.0418447 
0.00451846 0.638175 0.0418332 
0.00449448 0.638153 0.0417876 
0.00445327 0.638127 0.0417712 
0.00443614 0.638092 0.0417782 
0.00443149 0.638061 0.041804 
0.00441286 0.638013 0.0418289 
0.00437807 0.637954 0.0418402 
0.00435622 0.637912 0.0418506 
0.00434192 0.637876 0.0418538 
0.00430447 0.637857 0.041849 
0.00425097 0.637846 0.0418394 
0.00421611 0.637813 0.0418293 
0.00418902 0.637772 0.0418229 
0.00416884 0.637731 0.0418099 
0.00416905 0.637693 0.0417966 
0.00414028 0.637648 0.0418035 
0.00411558 0.63762 0.041812 
0.00409 0.637592 0.0418258 
0.00405836 0.637553 0.0418313 
0.00402653 0.637517 0.0418293 
0.0039936 0.637484 0.0418223 
0.00396224 0.637452 0.0418169 
0.00392214 0.637408 0.0418073 
0.00389928 0.637384 0.0418022 
0.00388522 0.637359 0.041803 
0.00386004 0.637325 0.0418093 
0.00382943 0.637289 0.0418127 
0.00380039 0.637262 0.0418298 
0.00375944 0.637227 0.0418235 
0.00372986 0.637197 0.0418222 
0.00369387 0.637157 0.0418281 
0.00365542 0.637129 0.0418195 
0.00364005 0.637111 0.041816 
0.00362078 0.637077 0.0418126 
0.0035994 0.637029 0.0418012 
0.00355637 0.636976 0.0418018 
0.00352826 0.636941 0.041815 
0.0035012 0.636909 0.0418282 
0.00347136 0.636876 0.0418433 
0.00344167 0.636847 0.0418449 
0.00341283 0.636823 0.0418426 
0.00338074 0.636802 0.0418481 
0.00334806 0.636769 0.0418409 
0.00331502 0.636735 0.0418328 
0.00327838 0.636713 0.0418326 
0.00324658 0.636699 0.0418194 
0.00323071 0.63668 0.0418057 
0.00320689 0.636649 0.0418102 
0.00317547 0.636616 0.0418109 
0.00316004 0.636597 0.041838 
0.00314325 0.636566 0.0418492 
0.00311176 0.636534 0.0418539 
0.0030805 0.6365 0.0418641 
0.00303879 0.636479 0.0418511 
0.00299668 0.636457 0.0418364 
0.00294942 0.636436 0.0418225 
0.0029134 0.63641 0.0418109 
0.00288546 0.636379 0.0418041 
0.0028651 0.636345 0.0418074 
0.00284987 0.636326 0.0418259 
0.00283625 0.636307 0.0418505 
0.0028059 0.636282 0.0418681 
0.0027773 0.636252 0.041861 
0.0027435 0.636226 0.0418516 
0.00269578 0.636214 0.0418411 
0.00265839 0.636186 0.04183 
0.0026283 0.636171 0.0418222 
0.00259724 0.636132 0.0418086 
0.00257214 0.636085 0.0418088 
0.00254162 0.636035 0.0418126 
0.00253826 0.635997 0.0418375 
0.00251214 0.635975 0.0418714 
0.002493 0.635953 0.0418873 
0.00248224 0.635932 0.0419082 
0.00246223 0.635904 0.0419015 
0.00242952 0.635885 0.0418882 
0.00239253 0.63586 0.041872 
0.00236125 0.63583 0.0418553 
0.00233015 0.635796 0.0418388 
0.00229836 0.635759 0.0418215 
0.00227012 0.635724 0.0418175 
0.00225527 0.635693 0.0418271 
0.00224736 0.635667 0.0418433 
0.00222903 0.635631 0.0418578 
0.00220376 0.635589 0.0418706 
0.0021895 0.635557 0.0418743 
0.00217014 0.635523 0.0418687 
0.00214786 0.635495 0.0418647 
0.00212077 0.635461 0.041855 
0.00209269 0.635425 0.0418509 
0.00207292 0.635389 0.0418557 
0.0020603 0.63536 0.0418566 
0.00202743 0.63532 0.0418649 
0.00201496 0.635282 0.0418751 
0.00201746 0.635253 0.0418876 
0.00199451 0.63522 0.0418871 
0.00194648 0.635164 0.0418723 
0.00193981 0.635132 0.041864 
0.00194709 0.635114 0.0418913 
0.00191614 0.635069 0.041881 
0.00188432 0.635029 0.041883 
0.00187779 0.634997 0.0418969 
0.00186958 0.634955 0.0418999 
0.00184371 0.634914 0.0419167 
0.00176985 0.634864 0.0419433 
0.00173653 0.634811 0.0419257 
0.00172614 0.634781 0.0419165 
0.00171761 0.634764 0.0419204 
0.00167727 0.634753 0.0419091 
0.00166014 0.63473 0.0419061 
0.00165404 0.634706 0.0419038 
0.00163641 0.634687 0.0419051 
0.00161502 0.634658 0.0419145 
0.00158051 0.634617 0.0419215 
0.00157587 0.634594 0.0419253 
0.00156374 0.634562 0.0419286 
0.00154279 0.634533 0.041929 
0.00151748 0.634508 0.0419316 
0.00148837 0.634466 0.0419255 
0.00148346 0.634441 0.0419236 
0.00146543 0.634408 0.0419179 
0.00143693 0.634367 0.041927 
0.00141589 0.634334 0.0419244 
0.00140409 0.634306 0.0419247 
0.00139395 0.634271 0.0419391 
0.00136717 0.63423 0.0419443 
0.0013553 0.634205 0.0419476 
0.00135114 0.63417 0.0419602 
0.00132444 0.634129 0.0419621 
0.0013082 0.634094 0.0419617 
0.00130402 0.63406 0.041971 
0.00129697 0.634032 0.0419745 
0.00125965 0.633992 0.041971 
0.00124254 0.633963 0.0419758 
0.00122582 0.633929 0.0419631 
0.00121926 0.633904 0.0419591 
0.00119601 0.633868 0.0419598 
0.00116811 0.633832 0.0419605 
0.00114056 0.633817 0.0419883 
0.00110855 0.633783 0.042001 
0.00110662 0.633759 0.0420287 
0.0010927 0.633733 0.0420387 
0.00106146 0.633702 0.0420287 
0.00103934 0.633671 0.0420177 
0.00101804 0.63364 0.0420168 
0.00100717 0.633608 0.0420092 
0.000994242 0.633574 0.0420075 
0.000976558 0.633556 0.0420238 
0.000976283 0.633536 0.0420589 
0.000927849 0.633509 0.0421175 
0.000924396 0.633476 0.042134 
0.000887817 0.633447 0.04219 
0.000861503 0.633412 0.0422165 
0.00086072 0.633383 0.0422019 
0.000834352 0.633361 0.0421874 
0.000789901 0.633357 0.0421672 
0.000784939 0.633319 0.0421594 
0.000794326 0.633281 0.0421686 
0.00079997 0.633236 0.0421689 
0.000798615 0.633183 0.0421719 
0.000784803 0.633133 0.0421795 
0.000788625 0.633089 0.0421664 
0.000746592 0.633098 0.0421504 
0.000719882 0.63308 0.0421319 
0.000701545 0.633046 0.0421142 
0.000670515 0.633034 0.0420947 
0.000646008 0.633044 0.0420671 
0.000693422 0.633004 0.0420271 
0.000689626 0.632967 0.042012 
0.000659354 0.63292 0.0420154 
0.000679218 0.632893 0.0420438 
0.000694671 0.632867 0.0420776 
0.000615815 0.632823 0.0421699 
0.000621966 0.632775 0.0422183 
0.000648789 0.632746 0.0422464 
0.000644447 0.632708 0.0422411 
0.000622706 0.632665 0.0422197 
0.000598773 0.632613 0.0421948 
0.00058718 0.632572 0.0421751 
0.000584001 0.632535 0.0421561 
0.000576117 0.632499 0.0421393 
0.000562788 0.632485 0.0421235 
0.000567807 0.632458 0.0421113 
0.000567296 0.632428 0.0421125 
0.000565044 0.632402 0.0421148 
0.000569763 0.632374 0.0421124 
0.000573493 0.632342 0.042108 
0.000554823 0.632321 0.0421111 
0.000547508 0.632309 0.0421228 
0.000548978 0.632277 0.0421185 
0.000546647 0.63224 0.0421084 
0.000538495 0.632224 0.0421197 
0.000526002 0.6322 0.0421142 
0.00052162 0.632178 0.042114 
0.000510485 0.632158 0.0421126 
0.000517845 0.632128 0.0421117 
0.000525458 0.632094 0.0421153 
0.000502885 0.632048 0.042099 
0.000498086 0.632004 0.0420933 
0.000510013 0.631977 0.0420976 
0.000509162 0.63198 0.0420532 
0.000517657 0.632012 0.0420114 
0.000507495 0.631976 0.0419885 
0.000504049 0.63194 0.0419718 
0.000519824 0.6319 0.0419538 
0.000557172 0.631856 0.0419373 
0.000587577 0.631796 0.0419343 
0.00060638 0.631775 0.0419673 
0.000594231 0.631741 0.0419978 
0.00056166 0.631687 0.0420219 
0.000545688 0.631664 0.0420507 
0.000528355 0.631617 0.0420441 
0.000515951 0.631556 0.0420199 
0.000514055 0.631526 0.0420022 
0.00051064 0.631506 0.0419876 
0.000491298 0.63151 0.0419703 
0.000494345 0.631489 0.041955 
0.000502137 0.631456 0.0419414 
0.000512006 0.631429 0.0419463 
0.000530857 0.631399 0.0419553 
0.000545248 0.631369 0.0419701 
0.000546783 0.631343 0.0419851 
0.000549693 0.631304 0.0419974 
0.000561106 0.63127 0.0419901 
0.000548979 0.631231 0.0419761 
0.000546022 0.631197 0.0419627 
0.000542124 0.631176 0.041953 
0.000526772 0.631144 0.0419468 
0.00052702 0.631124 0.0419544 
0.000548237 0.631106 0.0419652 
0.000554259 0.631075 0.0419823 
0.000539033 0.631048 0.0419879 
0.000538138 0.631027 0.0419879 
0.000528122 0.630998 0.0419723 
0.000541835 0.63097 0.0419327 
0.000527593 0.630971 0.0419185 
0.000501499 0.630959 0.0418981 
0.000527635 0.630927 0.0418791 
0.000551539 0.630903 0.0419001 
0.000564065 0.630869 0.0419144 
0.000578565 0.63085 0.0419399 
0.00057556 0.630818 0.041951 
0.000584346 0.630783 0.0419469 
0.000585431 0.630747 0.0419376 
0.00056712 0.63072 0.0419187 
0.000545279 0.630699 0.0419012 
0.000544537 0.630676 0.0418861 
0.000550968 0.630645 0.0418628 
0.000556147 0.630617 0.0418599 
0.000551861 0.630581 0.0418632 
0.00054746 0.630532 0.0418668 
0.000549799 0.630493 0.0418805 
0.000535451 0.630447 0.041886 
0.000548642 0.630424 0.0418981 
0.000563905 0.630418 0.0419112 
0.00055805 0.630398 0.0419113 
0.000550478 0.630368 0.0419014 
0.00054706 0.630346 0.0418918 
0.000531961 0.630322 0.0418785 
0.000524083 0.630303 0.0418659 
0.000524785 0.630273 0.0418498 
0.000557669 0.630236 0.041825 
0.000559174 0.630209 0.0418286 
0.000561683 0.630188 0.0418378 
0.000569382 0.630161 0.0418458 
0.000586124 0.630141 0.0418599 
0.000587679 0.630115 0.0418708 
0.000579215 0.630088 0.041872 
0.000575707 0.630047 0.0418602 
0.000570174 0.630018 0.0418448 
0.00054849 0.630007 0.0418337 
0.000528421 0.62999 0.0418195 
0.000514351 0.629969 0.0418053 
0.000519803 0.629941 0.0417829 
0.000523193 0.629912 0.0417714 
0.000529646 0.629896 0.0417887 
0.000547322 0.629876 0.0418053 
0.000554545 0.629859 0.0418298 
0.000542875 0.629831 0.0418419 
0.000536827 0.629794 0.0418395 
0.00053817 0.629768 0.0418319 
0.000532566 0.629743 0.0418197 
0.000514203 0.629718 0.0418048 
0.000489857 0.629706 0.0417921 
0.00048111 0.629676 0.0417762 
0.000491296 0.629657 0.0417657 
0.000492332 0.629636 0.0417702 
0.000493554 0.629609 0.0417784 
0.000507986 0.629591 0.0417946 
0.000522692 0.629571 0.0418108 
0.000516843 0.629547 0.0418145 
0.000509391 0.629527 0.0418152 
0.000497327 0.629501 0.0418064 
0.000486566 0.629477 0.0417938 
0.000483837 0.629452 0.0417815 
0.000465588 0.629414 0.0417643 
0.000455648 0.629384 0.0417508 
0.000453372 0.629361 0.0417465 
0.000450205 0.629335 0.0417531 
0.000453274 0.62931 0.0417641 
0.000468476 0.629293 0.0417793 
0.000474469 0.629281 0.0417934 
0.000459556 0.62926 0.0418011 
0.000450141 0.629237 0.0417951 
0.000440444 0.629213 0.0417841 
0.000432644 0.629194 0.0417728 
0.000426775 0.629175 0.0417623 
0.000419583 0.629153 0.0417525 
0.000414109 0.629134 0.0417435 
0.00041086 0.629117 0.0417383 
0.00041552 0.629103 0.0417439 
0.000434477 0.629083 0.04175 
0.000419041 0.629058 0.0417605 
0.000402146 0.629039 0.0417723 
0.00040756 0.629016 0.0417749 
0.000407319 0.628989 0.0417671 
0.00040132 0.628972 0.0417631 
0.000391313 0.62895 0.041756 
0.000381633 0.628925 0.0417482 
0.000386217 0.628906 0.0417469 
0.000386457 0.628892 0.0417546 
0.000361336 0.628856 0.0417469 
0.000358987 0.628839 0.0417488 
0.000367013 0.628826 0.0417536 
0.000346457 0.628794 0.0417461 
0.000324157 0.628769 0.0417396 
0.000322515 0.628757 0.0417423 
0.000319526 0.628735 0.0417398 
0.000318706 0.628711 0.0417362 
0.000305093 0.628688 0.041742 
0.000295972 0.628674 0.0417452 
0.000297766 0.628649 0.041746 
0.000292426 0.628629 0.0417535 
0.000295338 0.628608 0.0417438 
0.000283713 0.628584 0.0417334 
0.000275485 0.628563 0.0417285 
0.000269498 0.628542 0.0417202 
0.000266336 0.628517 0.0417143 
0.000293209 0.628506 0.0417171 
0.000315867 0.628482 0.0417202 
0.000324259 0.628456 0.0417291 
0.000347075 0.628438 0.0417348 
0.000348292 0.628417 0.0417348 
0.000345534 0.628401 0.0417357 
0.000332231 0.628376 0.0417288 
0.00031797 0.628351 0.0417177 
0.000312948 0.62834 0.0417127 
0.000298257 0.628317 0.0417023 
0.000284547 0.628293 0.041692 
0.000275476 0.628276 0.0416889 
0.000269706 0.628266 0.0416996 
0.000241194 0.628233 0.0417088 
0.000231998 0.62822 0.0417266 
0.000227013 0.628207 0.0417405 
0.000210704 0.628182 0.0417529 
0.000209095 0.628159 0.041755 
0.000218344 0.628143 0.0417483 
0.000209852 0.628125 0.0417398 
0.000197589 0.628102 0.0417303 
0.000184455 0.628081 0.0417212 
0.000174289 0.628064 0.0417135 
0.000162853 0.628046 0.041706 
0.000156185 0.628031 0.041704 
0.000155844 0.628012 0.0417112 
0.000150857 0.627987 0.0417167 
0.000137781 0.627964 0.0417346 
0.000141368 0.627948 0.0417435 
0.000147492 0.627932 0.0417501 
0.000133777 0.627906 0.0417551 
0.000130121 0.62789 0.0417528 
0.000122972 0.627874 0.0417465 
0.000112896 0.627851 0.0417365 
0.00011893 0.627829 0.0417274 
0.00012093 0.627808 0.0417191 
0.00011742 0.627788 0.0417185 
0.000118054 0.627773 0.0417205 
0.000120519 0.627753 0.0417333 
0.000130429 0.62773 0.0417496 
0.000126183 0.627706 0.0417417 
0.000125384 0.627692 0.0417465 
0.000116717 0.627669 0.0417487 
0.000114857 0.627646 0.0417468 
0.000111657 0.627628 0.0417473 
0.000119161 0.627607 0.0417446 
0.000125875 0.627583 0.0417384 
0.000116574 0.627561 0.0417378 
0.000108097 0.627539 0.041738 
0.000119288 0.627522 0.0417405 
0.00012187 0.627494 0.0417413 
0.000123303 0.627478 0.0417544 
0.000121494 0.627459 0.0417596 
0.000125156 0.627434 0.0417521 
0.000127684 0.62741 0.0417542 
0.00012514 0.627391 0.0417545 
0.000124003 0.627372 0.0417479 
0.000120895 0.627349 0.0417525 
0.000116632 0.627322 0.0417521 
0.000133478 0.627306 0.0417501 
0.000129582 0.627279 0.0417557 
0.000121622 0.627255 0.0417572 
0.000128937 0.627238 0.0417592 
0.000129446 0.627215 0.0417639 
0.00012812 0.627191 0.0417666 
0.000131601 0.627171 0.0417685 
0.00013094 0.627145 0.0417661 
0.000131625 0.627122 0.041771 
0.000135849 0.627105 0.041773 
0.000132148 0.627089 0.041775 
0.000128 0.627061 0.0417733 
0.000135616 0.62703 0.04177 
0.000145366 0.627017 0.0417805 
0.000143189 0.62699 0.0417841 
0.000127262 0.62696 0.0417868 
0.000148272 0.626948 0.0417972 
0.000157556 0.626925 0.0417992 
0.000149139 0.6269 0.0417988 
0.000152502 0.626875 0.0418022 
0.000173475 0.626856 0.0418137 
0.000171382 0.626833 0.0418178 
0.000158974 0.626808 0.0418221 
0.000156273 0.626787 0.041835 
0.000169174 0.626768 0.0418411 
0.000165997 0.626742 0.0418385 
0.00015684 0.626719 0.0418455 
0.000153341 0.626697 0.041841 
0.000157127 0.626681 0.0418445 
0.000167721 0.626662 0.0418499 
0.000158614 0.626638 0.0418437 
0.000150752 0.626628 0.0418684 
0.000148397 0.626608 0.0418792 
0.000152883 0.626588 0.0418738 
0.000159677 0.626579 0.0418889 
0.000152089 0.626564 0.0418901 
0.000142696 0.626545 0.0418859 
0.000130384 0.626524 0.0418853 
0.000119292 0.626503 0.0418759 
0.00010922 0.626484 0.0418678 
0.000111582 0.626467 0.0418683 
0.000114579 0.626459 0.0418793 
0.000104107 0.626444 0.0418917 
0.000101808 0.626422 0.0418943 
0.000103217 0.626405 0.041906 
0.000100872 0.626388 0.0419126 
8.90303e-05 0.626364 0.0419055 
7.90008e-05 0.626349 0.041902 
8.09546e-05 0.626333 0.0419037 
7.81913e-05 0.62631 0.0419039 
7.3066e-05 0.626301 0.0419121 
6.90617e-05 0.626285 0.0419192 
6.63874e-05 0.626259 0.041913 
6.98417e-05 0.626242 0.0419182 
6.51993e-05 0.626229 0.0419197 
5.82973e-05 0.626211 0.0419217 
5.66035e-05 0.626191 0.041924 
5.88154e-05 0.626173 0.0419216 
5.61308e-05 0.626153 0.0419213 
5.35502e-05 0.626137 0.0419279 
4.99762e-05 0.626122 0.0419225 
6.26077e-05 0.626105 0.0419332 
6.16681e-05 0.626084 0.0419396 
5.62689e-05 0.626069 0.0419376 
5.49443e-05 0.62606 0.0419443 
4.65456e-05 0.626042 0.0419379 
3.57306e-05 0.626017 0.0419287 
4.20941e-05 0.626007 0.041934 
3.98433e-05 0.625992 0.0419349 
2.97925e-05 0.625974 0.0419438 
2.09224e-05 0.625952 0.0419387 
4.8844e-05 0.625928 0.0419054 
3.96495e-05 0.625905 0.0418963 
3.13444e-05 0.625879 0.0418855 
2.47105e-05 0.625861 0.041878 
1.83829e-05 0.625844 0.0418679 
4.8049e-05 0.625818 0.0418272 
3.39431e-05 0.625854 0.0417838 
4.04272e-05 0.62585 0.0417273 
6.54368e-05 0.625852 0.0416697 
5.78704e-05 0.625844 0.0416077 
4.80331e-05 0.625844 0.041568 
3.07386e-05 0.625837 0.0415511 
1.8196e-05 0.625813 0.0415422 
1.81947e-05 0.625784 0.0415337 
1.34338e-05 0.625734 0.0415389 
3.62594e-05 0.625704 0.0415865 
3.30164e-05 0.625643 0.0416479 
1.18732e-05 0.625601 0.0417003 
-5.88545e-07 0.625574 0.041725 
3.96077e-06 0.625554 0.0417162 
3.53052e-07 0.625535 0.0417043 
-3.34062e-05 0.625552 0.041686 
-1.84389e-05 0.625586 0.0416083 
-7.0857e-06 0.625549 0.041552 
3.13472e-05 0.625511 0.0414903 
2.05105e-05 0.625553 0.0414767 
6.93118e-05 0.625515 0.0414634 
7.53621e-05 0.625455 0.0414552 
0.000102458 0.625354 0.0414722 
0.000130742 0.625274 0.0415422 
9.726e-05 0.625221 0.0416089 
9.3827e-05 0.625148 0.0416666 
0.000139058 0.625114 0.0416886 
0.000156467 0.625097 0.0416809 
0.00016346 0.625076 0.041666 
0.000133671 0.62513 0.0416447 
0.000193462 0.625141 0.0415609 
0.000244022 0.625099 0.041499 
0.000262748 0.625068 0.0414464 
0.000234095 0.625099 0.0414227 
0.000244839 0.625061 0.0414133 
0.000241582 0.625001 0.0414148 
0.000248442 0.624976 0.0413986 
