0.229657 ,0.914315 ,-0.333595, -0.652576 
0.97327 ,-0.21521 ,0.0801828, 0.278384 
0.00151922 ,-0.343093 ,-0.9393, 0.125436 
0 ,0 ,0, 1 
0.229683 ,0.914306 ,-0.3336, -0.642356 
0.973264 ,-0.215239 ,0.0801808, 0.271217 
0.00150598 ,-0.343098 ,-0.939299, 0.125434 
0 ,0 ,0, 1 
0.229695 ,0.914306 ,-0.333593, -0.631566 
0.973261 ,-0.215249 ,0.0801876, 0.266726 
0.0015104 ,-0.343092 ,-0.939301, 0.125433 
0 ,0 ,0, 1 
0.229686 ,0.914322 ,-0.333555, -0.621659 
0.973264 ,-0.215242 ,0.0801788, 0.261617 
0.00151407 ,-0.343053 ,-0.939315, 0.125294 
0 ,0 ,0, 1 
0.22968 ,0.914309 ,-0.333597, -0.60191 
0.973265 ,-0.215233 ,0.0801867, 0.253878 
0.00151443 ,-0.343095 ,-0.939299, 0.124606 
0 ,0 ,0, 1 
0.229673 ,0.914308 ,-0.333604, -0.586449 
0.973267 ,-0.21522 ,0.0802, 0.250027 
0.0015293 ,-0.343105 ,-0.939296, 0.124611 
0 ,0 ,0, 1 
0.229528 ,0.91439 ,-0.333478, -0.566607 
0.973301 ,-0.215094 ,0.0801256, 0.246647 
0.00153667 ,-0.342966 ,-0.939347, 0.124584 
0 ,0 ,0, 1 
0.229517 ,0.914401 ,-0.333457, -0.542495 
0.973304 ,-0.215087 ,0.0801109, 0.246764 
0.00153109 ,-0.342942 ,-0.939355, 0.124575 
0 ,0 ,0, 1 
0.229571 ,0.914355 ,-0.333544, -0.522032 
0.973291 ,-0.215126 ,0.0801615, 0.249829 
0.00154215 ,-0.343038 ,-0.93932, 0.124594 
0 ,0 ,0, 1 
0.229604 ,0.914363 ,-0.3335, -0.499239 
0.973283 ,-0.215169 ,0.0801407, 0.256949 
0.00151875 ,-0.34299 ,-0.939338, 0.12458 
0 ,0 ,0, 1 
-0.0549967 ,0.937881 ,-0.342571, -0.484544 
0.998485 ,0.052184 ,-0.01743, 0.262831 
0.00152952 ,-0.343011 ,-0.93933, 0.124593 
0 ,0 ,0, 1 
-0.0551191 ,0.937897 ,-0.342507, -0.472333 
0.998479 ,0.0522894 ,-0.017498, 0.268659 
0.00149821 ,-0.342951 ,-0.939352, 0.125521 
0 ,0 ,0, 1 
-0.0551378 ,0.937899 ,-0.342499, -0.457361 
0.998478 ,0.0523019 ,-0.0175182, 0.277904 
0.00148308 ,-0.342943 ,-0.939355, 0.125513 
0 ,0 ,0, 1 
-0.0550967 ,0.937879 ,-0.342559, -0.432084 
0.99848 ,0.0522813 ,-0.0174551, 0.293783 
0.00153866 ,-0.343 ,-0.939334, 0.125525 
0 ,0 ,0, 1 
