0.0439055 ,0.993034 ,0.109342, -0.393593 
0.998901 ,-0.0418361 ,-0.0211507, -0.0184196 
-0.0164289 ,0.11015 ,-0.993779, 0.216778 
0 ,0 ,0, 1 
0.0439055 ,0.993034 ,0.109341, -0.393594 
0.998901 ,-0.041836 ,-0.0211507, -0.0184196 
-0.016429 ,0.110149 ,-0.993779, 0.216778 
0 ,0 ,0, 1 
0.0439055 ,0.993034 ,0.109342, -0.393593 
0.998901 ,-0.0418361 ,-0.0211507, -0.0184196 
-0.0164289 ,0.11015 ,-0.993779, 0.216778 
0 ,0 ,0, 1 
0.0493043 ,0.992625 ,0.110744, -0.391999 
0.998663 ,-0.047267 ,-0.0209486, -0.0163078 
-0.0155596 ,0.111629 ,-0.993628, 0.219237 
0 ,0 ,0, 1 
0.060964 ,0.991983 ,0.110694, -0.389984 
0.998048 ,-0.059075 ,-0.0202678, -0.0118663 
-0.0135661 ,0.111714 ,-0.993648, 0.224006 
0 ,0 ,0, 1 
0.062908 ,0.991875 ,0.110574, -0.389588 
0.997928 ,-0.0610161 ,-0.0204151, -0.0112234 
-0.0135025 ,0.111629 ,-0.993658, 0.224953 
0 ,0 ,0, 1 
0.0703148 ,0.991175 ,0.11237, -0.38745 
0.99745 ,-0.0684796 ,-0.0201137, -0.00840999 
-0.0122411 ,0.113498 ,-0.993463, 0.228234 
0 ,0 ,0, 1 
0.0791086 ,0.9906 ,0.111593, -0.38613 
0.996807 ,-0.0773913 ,-0.0196445, -0.00511464 
-0.0108234 ,0.112791 ,-0.99356, 0.231793 
0 ,0 ,0, 1 
0.0830998 ,0.990223 ,0.11204, -0.385161 
0.996484 ,-0.0813634 ,-0.0199902, -0.00344874 
-0.0106787 ,0.113307 ,-0.993503, 0.233319 
0 ,0 ,0, 1 
0.0875662 ,0.98965 ,0.113685, -0.383664 
0.996103 ,-0.0857793 ,-0.0205245, -0.00122708 
-0.0105602 ,0.11504 ,-0.993305, 0.234833 
0 ,0 ,0, 1 
0.0912028 ,0.989362 ,0.113334, -0.383017 
0.995778 ,-0.089421 ,-0.0207184, -0.000310503 
-0.0103636 ,0.114745 ,-0.993341, 0.236308 
0 ,0 ,0, 1 
0.100528 ,0.988463 ,0.113294, -0.380904 
0.994893 ,-0.0988299 ,-0.0205189, 0.0028868 
-0.00908531 ,0.114778 ,-0.99335, 0.239928 
0 ,0 ,0, 1 
0.10515 ,0.987943 ,0.113632, -0.380025 
0.994416 ,-0.103429 ,-0.0209466, 0.00474124 
-0.0089412 ,0.1152 ,-0.993302, 0.240854 
0 ,0 ,0, 1 
0.110474 ,0.987321 ,0.113986, -0.378671 
0.993841 ,-0.108739 ,-0.0213487, 0.00610006 
-0.00868333 ,0.115642 ,-0.993253, 0.242277 
0 ,0 ,0, 1 
0.117388 ,0.986498 ,0.114202, -0.376907 
0.99305 ,-0.115627 ,-0.0219495, 0.00826849 
-0.0084483 ,0.115985 ,-0.993215, 0.24464 
0 ,0 ,0, 1 
0.121796 ,0.985985 ,0.11401, -0.376148 
0.99252 ,-0.120021 ,-0.0223373, 0.0098094 
-0.00834067 ,0.115878 ,-0.993228, 0.245494 
0 ,0 ,0, 1 
0.127352 ,0.985191 ,0.114805, -0.374506 
0.991825 ,-0.125554 ,-0.0227859, 0.0112721 
-0.00803427 ,0.116768 ,-0.993127, 0.246938 
0 ,0 ,0, 1 
0.133457 ,0.984464 ,0.114103, -0.373521 
0.991023 ,-0.131642 ,-0.0233372, 0.0131296 
-0.00795397 ,0.116193 ,-0.993195, 0.248155 
0 ,0 ,0, 1 
0.137472 ,0.983887 ,0.114319, -0.372461 
0.990473 ,-0.135617 ,-0.0238849, 0.0143619 
-0.00799643 ,0.116513 ,-0.993157, 0.249072 
0 ,0 ,0, 1 
0.142675 ,0.983089 ,0.114802, -0.371067 
0.989737 ,-0.140763 ,-0.0246402, 0.0155815 
-0.00806377 ,0.117139 ,-0.993083, 0.250075 
0 ,0 ,0, 1 
0.147834 ,0.982416 ,0.114036, -0.370385 
0.988978 ,-0.145879 ,-0.0253474, 0.0169839 
-0.00826627 ,0.116526 ,-0.993153, 0.250627 
0 ,0 ,0, 1 
0.15193 ,0.981742 ,0.114457, -0.36923 
0.988355 ,-0.149914 ,-0.026071, 0.0179884 
-0.00843632 ,0.117085 ,-0.993086, 0.251401 
0 ,0 ,0, 1 
0.156483 ,0.98103 ,0.114429, -0.368204 
0.987642 ,-0.154401 ,-0.0268906, 0.0190699 
-0.00871244 ,0.117223 ,-0.993067, 0.25195 
0 ,0 ,0, 1 
0.16119 ,0.980351 ,0.11371, -0.367607 
0.986882 ,-0.159048 ,-0.0277209, 0.0201887 
-0.00909083 ,0.116687 ,-0.993127, 0.252258 
0 ,0 ,0, 1 
0.165336 ,0.979653 ,0.113776, -0.366676 
0.986192 ,-0.163118 ,-0.0285965, 0.0209396 
-0.00945565 ,0.116933 ,-0.993095, 0.252686 
0 ,0 ,0, 1 
0.169328 ,0.978986 ,0.113644, -0.36584 
0.985509 ,-0.167017 ,-0.0296286, 0.0217796 
-0.0100256 ,0.117014 ,-0.99308, 0.252774 
0 ,0 ,0, 1 
0.173957 ,0.978209 ,0.113344, -0.365102 
0.984697 ,-0.17156 ,-0.0306443, 0.0225835 
-0.0105313 ,0.11694 ,-0.993083, 0.252996 
0 ,0 ,0, 1 
0.177785 ,0.977509 ,0.113437, -0.364224 
0.984008 ,-0.175298 ,-0.0316143, 0.023198 
-0.0110182 ,0.117243 ,-0.993042, 0.253164 
0 ,0 ,0, 1 
0.181383 ,0.976846 ,0.113456, -0.363439 
0.983346 ,-0.17882 ,-0.0324643, 0.0240047 
-0.0114245 ,0.117455 ,-0.993012, 0.253127 
0 ,0 ,0, 1 
0.185352 ,0.976153 ,0.113002, -0.362957 
0.982599 ,-0.182707 ,-0.0334181, 0.0245981 
-0.0119749 ,0.11723 ,-0.993033, 0.253259 
0 ,0 ,0, 1 
0.188334 ,0.975597 ,0.112879, -0.362332 
0.982026 ,-0.185607 ,-0.0342948, 0.0250618 
-0.0125068 ,0.117309 ,-0.993017, 0.253279 
0 ,0 ,0, 1 
0.192063 ,0.974863 ,0.112936, -0.361631 
0.981297 ,-0.189247 ,-0.0352521, 0.0257263 
-0.0129932 ,0.117595 ,-0.992977, 0.253222 
0 ,0 ,0, 1 
0.195247 ,0.974263 ,0.112646, -0.361141 
0.980659 ,-0.192336 ,-0.0362646, 0.0261406 
-0.0136653 ,0.117548 ,-0.992973, 0.253289 
0 ,0 ,0, 1 
0.198294 ,0.973646 ,0.112661, -0.360507 
0.980041 ,-0.195302 ,-0.0371166, 0.0265932 
-0.0141356 ,0.117772 ,-0.99294, 0.253206 
0 ,0 ,0, 1 
0.201779 ,0.972962 ,0.112382, -0.360081 
0.97932 ,-0.198695 ,-0.0381085, 0.0270537 
-0.0147482 ,0.117748 ,-0.992934, 0.253148 
0 ,0 ,0, 1 
0.204221 ,0.972492 ,0.112038, -0.359716 
0.978803 ,-0.201047 ,-0.0390466, 0.0273742 
-0.0154475 ,0.117638 ,-0.992936, 0.253125 
0 ,0 ,0, 1 
0.207268 ,0.971866 ,0.111878, -0.359228 
0.978153 ,-0.204005 ,-0.0399954, 0.0277002 
-0.0160465 ,0.117724 ,-0.992917, 0.252994 
0 ,0 ,0, 1 
0.210389 ,0.971237 ,0.111515, -0.358904 
0.977476 ,-0.207042 ,-0.0409211, 0.0280895 
-0.0166556 ,0.117613 ,-0.99292, 0.252943 
0 ,0 ,0, 1 
0.213025 ,0.970698 ,0.111201, -0.358577 
0.976895 ,-0.209602 ,-0.0417485, 0.0283812 
-0.0172172 ,0.117525 ,-0.992921, 0.252883 
0 ,0 ,0, 1 
0.215367 ,0.970174 ,0.111266, -0.35809 
0.976369 ,-0.211841 ,-0.0427345, 0.0286302 
-0.0178892 ,0.11784 ,-0.992871, 0.252723 
0 ,0 ,0, 1 
0.218149 ,0.969612 ,0.110741, -0.357894 
0.97574 ,-0.214548 ,-0.0435974, 0.0288994 
-0.0185134 ,0.117565 ,-0.992893, 0.252709 
0 ,0 ,0, 1 
0.220558 ,0.969095 ,0.110498, -0.357588 
0.975186 ,-0.216872 ,-0.0444864, 0.0291183 
-0.0191477 ,0.117568 ,-0.99288, 0.252609 
0 ,0 ,0, 1 
0.223211 ,0.968504 ,0.110347, -0.357248 
0.97457 ,-0.219437 ,-0.0453902, 0.0293489 
-0.0197464 ,0.117672 ,-0.992856, 0.252479 
0 ,0 ,0, 1 
0.225295 ,0.968074 ,0.109888, -0.357089 
0.974077 ,-0.221447 ,-0.0462116, 0.0295862 
-0.020402 ,0.11745 ,-0.992869, 0.252428 
0 ,0 ,0, 1 
0.22767 ,0.967545 ,0.109647, -0.356857 
0.973512 ,-0.223741 ,-0.0470584, 0.029745 
-0.0209987 ,0.117456 ,-0.992856, 0.252308 
0 ,0 ,0, 1 
0.229865 ,0.967065 ,0.109301, -0.356655 
0.972983 ,-0.22586 ,-0.0478793, 0.0299183 
-0.0216157 ,0.117354 ,-0.992855, 0.252278 
0 ,0 ,0, 1 
0.232013 ,0.966618 ,0.108718, -0.356552 
0.972457 ,-0.227938 ,-0.0486947, 0.0301112 
-0.0222882 ,0.117021 ,-0.992879, 0.252244 
0 ,0 ,0, 1 
0.234089 ,0.966134 ,0.10857, -0.356349 
0.971947 ,-0.229939 ,-0.0494602, 0.0302538 
-0.0228207 ,0.117103 ,-0.992858, 0.252098 
0 ,0 ,0, 1 
0.236083 ,0.965682 ,0.108272, -0.356173 
0.97145 ,-0.231855 ,-0.050285, 0.030403 
-0.0234558 ,0.117053 ,-0.992849, 0.252048 
0 ,0 ,0, 1 
0.238248 ,0.965186 ,0.107953, -0.356018 
0.970907 ,-0.233952 ,-0.0510414, 0.0305721 
-0.0240085 ,0.116973 ,-0.992845, 0.25202 
0 ,0 ,0, 1 
0.239958 ,0.964787 ,0.107727, -0.355891 
0.970471 ,-0.235586 ,-0.0518198, 0.0306263 
-0.0246162 ,0.11698 ,-0.992829, 0.251925 
0 ,0 ,0, 1 
0.242124 ,0.964275 ,0.107471, -0.35573 
0.96992 ,-0.237685 ,-0.0525507, 0.0307805 
-0.0251291 ,0.116962 ,-0.992818, 0.251887 
0 ,0 ,0, 1 
0.243706 ,0.96392 ,0.107078, -0.355634 
0.969507 ,-0.239198 ,-0.0532977, 0.0308942 
-0.025762 ,0.116802 ,-0.992821, 0.251834 
0 ,0 ,0, 1 
0.245424 ,0.963507 ,0.106874, -0.355479 
0.969059 ,-0.240848 ,-0.0540113, 0.030962 
-0.0262999 ,0.116823 ,-0.992805, 0.251773 
0 ,0 ,0, 1 
0.247313 ,0.963071 ,0.106448, -0.355412 
0.968564 ,-0.24268 ,-0.0546779, 0.0310653 
-0.0268259 ,0.116624 ,-0.992814, 0.251769 
0 ,0 ,0, 1 
0.248682 ,0.962757 ,0.106098, -0.355369 
0.968197 ,-0.243987 ,-0.0553585, 0.0311447 
-0.0274103 ,0.11649 ,-0.992814, 0.251703 
0 ,0 ,0, 1 
0.250696 ,0.962239 ,0.106056, -0.355186 
0.967665 ,-0.245931 ,-0.0560592, 0.0312192 
-0.0278598 ,0.116681 ,-0.992779, 0.251655 
0 ,0 ,0, 1 
0.252023 ,0.961948 ,0.105543, -0.355197 
0.967304 ,-0.24721 ,-0.0566615, 0.0313092 
-0.0284141 ,0.116372 ,-0.992799, 0.251633 
0 ,0 ,0, 1 
0.253407 ,0.96162 ,0.105225, -0.355148 
0.966926 ,-0.248533 ,-0.0573188, 0.0313734 
-0.028967 ,0.11627 ,-0.992795, 0.251591 
0 ,0 ,0, 1 
0.255134 ,0.961162 ,0.105234, -0.354968 
0.96646 ,-0.250195 ,-0.0579505, 0.0313998 
-0.0293707 ,0.11649 ,-0.992757, 0.251554 
0 ,0 ,0, 1 
0.256221 ,0.96094 ,0.104618, -0.355061 
0.966154 ,-0.251238 ,-0.0585355, 0.0314621 
-0.029965 ,0.116075 ,-0.992788, 0.251525 
0 ,0 ,0, 1 
0.257752 ,0.960554 ,0.104406, -0.354971 
0.965732 ,-0.252713 ,-0.0591464, 0.0315224 
-0.0304286 ,0.116073 ,-0.992774, 0.251501 
0 ,0 ,0, 1 
0.259512 ,0.96009 ,0.104306, -0.354844 
0.965248 ,-0.254414 ,-0.0597559, 0.0315448 
-0.0308342 ,0.116189 ,-0.992748, 0.25148 
0 ,0 ,0, 1 
0.260285 ,0.959926 ,0.10389, -0.354887 
0.965021 ,-0.255138 ,-0.0603216, 0.031582 
-0.031398 ,0.115957 ,-0.992758, 0.251457 
0 ,0 ,0, 1 
0.261441 ,0.959631 ,0.103712, -0.354787 
0.964693 ,-0.256238 ,-0.0609081, 0.0316018 
-0.0318744 ,0.115974 ,-0.992741, 0.251454 
0 ,0 ,0, 1 
0.262703 ,0.959309 ,0.103505, -0.354737 
0.964337 ,-0.257453 ,-0.0614223, 0.031606 
-0.0322752 ,0.11595 ,-0.992731, 0.251458 
0 ,0 ,0, 1 
0.263726 ,0.959066 ,0.103159, -0.354745 
0.964041 ,-0.258431 ,-0.0619486, 0.0316513 
-0.0327533 ,0.115787 ,-0.992734, 0.251448 
0 ,0 ,0, 1 
0.264959 ,0.958744 ,0.102991, -0.354674 
0.963688 ,-0.25961 ,-0.0625179, 0.0316616 
-0.0332012 ,0.115816 ,-0.992716, 0.251432 
0 ,0 ,0, 1 
0.266083 ,0.958458 ,0.102752, -0.354668 
0.963366 ,-0.260696 ,-0.0629615, 0.0316623 
-0.0335588 ,0.115741 ,-0.992712, 0.251434 
0 ,0 ,0, 1 
0.267202 ,0.95817 ,0.102538, -0.35464 
0.963041 ,-0.261767 ,-0.0634828, 0.0316922 
-0.0339864 ,0.115711 ,-0.992701, 0.251408 
0 ,0 ,0, 1 
0.268505 ,0.957833 ,0.102284, -0.354627 
0.962665 ,-0.263027 ,-0.0639771, 0.031733 
-0.0343758 ,0.115644 ,-0.992696, 0.251394 
0 ,0 ,0, 1 
0.269153 ,0.957686 ,0.101955, -0.354678 
0.962468 ,-0.263641 ,-0.0644029, 0.0317091 
-0.0347981 ,0.115463 ,-0.992702, 0.251381 
0 ,0 ,0, 1 
0.270247 ,0.957388 ,0.101858, -0.354608 
0.962147 ,-0.264682 ,-0.0649267, 0.0317119 
-0.0352001 ,0.115548 ,-0.992678, 0.251357 
0 ,0 ,0, 1 
0.27142 ,0.957076 ,0.101669, -0.354578 
0.961805 ,-0.265816 ,-0.0653739, 0.0317397 
-0.0355426 ,0.115529 ,-0.992668, 0.25136 
0 ,0 ,0, 1 
0.272089 ,0.956942 ,0.101144, -0.354704 
0.961599 ,-0.266461 ,-0.0657703, 0.0317506 
-0.0359873 ,0.115156 ,-0.992695, 0.251352 
0 ,0 ,0, 1 
0.273172 ,0.956638 ,0.101094, -0.35463 
0.961278 ,-0.267495 ,-0.0662592, 0.031751 
-0.0363438 ,0.11528 ,-0.992668, 0.251343 
0 ,0 ,0, 1 
0.274185 ,0.956352 ,0.101065, -0.354551 
0.960979 ,-0.268467 ,-0.066667, 0.031759 
-0.0366246 ,0.1154 ,-0.992644, 0.251328 
0 ,0 ,0, 1 
0.274886 ,0.956198 ,0.10061, -0.354657 
0.960762 ,-0.269141 ,-0.0670719, 0.0317411 
-0.0370556 ,0.1151 ,-0.992663, 0.251323 
0 ,0 ,0, 1 
0.276063 ,0.955881 ,0.100408, -0.354645 
0.960413 ,-0.270283 ,-0.0674851, 0.0317684 
-0.0373691 ,0.115063 ,-0.992655, 0.251325 
0 ,0 ,0, 1 
0.276645 ,0.955721 ,0.100324, -0.354613 
0.960233 ,-0.270829 ,-0.0678479, 0.0317668 
-0.0376731 ,0.115104 ,-0.992639, 0.251335 
0 ,0 ,0, 1 
0.277343 ,0.955534 ,0.100174, -0.354589 
0.960018 ,-0.271488 ,-0.0682689, 0.0317347 
-0.0380373 ,0.115103 ,-0.992625, 0.251333 
0 ,0 ,0, 1 
0.278312 ,0.955292 ,0.0997992, -0.354656 
0.959724 ,-0.272436 ,-0.0686113, 0.0317692 
-0.0383549 ,0.114875 ,-0.992639, 0.251339 
0 ,0 ,0, 1 
0.279013 ,0.955104 ,0.0996373, -0.354663 
0.959509 ,-0.273107 ,-0.0689533, 0.0317695 
-0.038646 ,0.114842 ,-0.992632, 0.251361 
0 ,0 ,0, 1 
0.279819 ,0.954876 ,0.0995672, -0.354614 
0.959262 ,-0.273872 ,-0.0693589, 0.03175 
-0.0389605 ,0.114919 ,-0.992611, 0.251361 
0 ,0 ,0, 1 
0.280509 ,0.954698 ,0.0993288, -0.354638 
0.959048 ,-0.274537 ,-0.0696835, 0.0317555 
-0.0392573 ,0.114808 ,-0.992612, 0.251373 
0 ,0 ,0, 1 
0.281155 ,0.954531 ,0.0991137, -0.354674 
0.958844 ,-0.275148 ,-0.0700889, 0.031727 
-0.0396311 ,0.11474 ,-0.992605, 0.251375 
0 ,0 ,0, 1 
0.281962 ,0.954317 ,0.0988806, -0.354708 
0.958598 ,-0.275937 ,-0.0703499, 0.0317657 
-0.0398512 ,0.114623 ,-0.992609, 0.25137 
0 ,0 ,0, 1 
0.282755 ,0.954101 ,0.0986956, -0.354717 
0.958356 ,-0.276713 ,-0.0706003, 0.0317855 
-0.0400494 ,0.114548 ,-0.99261, 0.25138 
0 ,0 ,0, 1 
0.283443 ,0.953913 ,0.0985437, -0.354714 
0.95814 ,-0.27737 ,-0.0709449, 0.0317759 
-0.0403422 ,0.114528 ,-0.992601, 0.251395 
0 ,0 ,0, 1 
0.283933 ,0.953783 ,0.0983861, -0.354725 
0.957985 ,-0.277838 ,-0.0712102, 0.0317991 
-0.0405836 ,0.114471 ,-0.992597, 0.251399 
0 ,0 ,0, 1 
0.28449 ,0.953629 ,0.0982673, -0.35472 
0.957809 ,-0.278369 ,-0.0714995, 0.0317821 
-0.0408295 ,0.114462 ,-0.992588, 0.251404 
0 ,0 ,0, 1 
0.285032 ,0.953481 ,0.0981329, -0.354709 
0.957637 ,-0.278884 ,-0.0718016, 0.0317812 
-0.0410937 ,0.114441 ,-0.99258, 0.251425 
0 ,0 ,0, 1 
0.285624 ,0.953318 ,0.0979964, -0.354713 
0.957451 ,-0.279454 ,-0.0720652, 0.0317924 
-0.0413156 ,0.11441 ,-0.992574, 0.251431 
0 ,0 ,0, 1 
0.286132 ,0.953178 ,0.0978791, -0.354719 
0.957289 ,-0.279939 ,-0.0723274, 0.0317777 
-0.0415407 ,0.114394 ,-0.992567, 0.251433 
0 ,0 ,0, 1 
0.286647 ,0.953036 ,0.097754, -0.35471 
0.957125 ,-0.280431 ,-0.072596, 0.0317745 
-0.0417734 ,0.114372 ,-0.992559, 0.251454 
0 ,0 ,0, 1 
0.287248 ,0.952867 ,0.0976418, -0.354698 
0.956936 ,-0.281009 ,-0.0728508, 0.031776 
-0.0419789 ,0.114363 ,-0.992552, 0.251472 
0 ,0 ,0, 1 
0.287787 ,0.952718 ,0.0975006, -0.354708 
0.956765 ,-0.281529 ,-0.0730884, 0.0317655 
-0.0421834 ,0.114319 ,-0.992548, 0.251483 
0 ,0 ,0, 1 
0.288308 ,0.952578 ,0.0973358, -0.354717 
0.956598 ,-0.282031 ,-0.0733401, 0.031783 
-0.0424104 ,0.114256 ,-0.992546, 0.251498 
0 ,0 ,0, 1 
0.288861 ,0.952423 ,0.0972117, -0.354718 
0.956421 ,-0.282561 ,-0.0736006, 0.0317692 
-0.0426307 ,0.114236 ,-0.992539, 0.251511 
0 ,0 ,0, 1 
0.289329 ,0.952293 ,0.0970904, -0.354724 
0.956273 ,-0.283016 ,-0.073776, 0.0317688 
-0.0427782 ,0.114191 ,-0.992537, 0.251529 
0 ,0 ,0, 1 
0.289754 ,0.952172 ,0.0970112, -0.354717 
0.956135 ,-0.283418 ,-0.0740262, 0.0317753 
-0.042991 ,0.114205 ,-0.992527, 0.251535 
0 ,0 ,0, 1 
0.290514 ,0.951946 ,0.0969607, -0.354698 
0.955898 ,-0.284157 ,-0.0742523, 0.0317694 
-0.0431321 ,0.114256 ,-0.992515, 0.25153 
0 ,0 ,0, 1 
0.290932 ,0.951829 ,0.0968513, -0.354705 
0.955764 ,-0.28456 ,-0.074442, 0.0317686 
-0.0432961 ,0.114225 ,-0.992511, 0.25154 
0 ,0 ,0, 1 
0.29118 ,0.951762 ,0.0967629, -0.354707 
0.955678 ,-0.284787 ,-0.0746699, 0.0317601 
-0.0435112 ,0.114217 ,-0.992503, 0.251549 
0 ,0 ,0, 1 
0.29159 ,0.951643 ,0.096701, -0.354697 
0.955545 ,-0.285177 ,-0.0748834, 0.0317445 
-0.0436854 ,0.114238 ,-0.992492, 0.251547 
0 ,0 ,0, 1 
0.291968 ,0.951533 ,0.0966369, -0.354685 
0.955424 ,-0.28554 ,-0.0750519, 0.0317661 
-0.0438207 ,0.114242 ,-0.992486, 0.251552 
0 ,0 ,0, 1 
0.292316 ,0.951438 ,0.0965241, -0.3547 
0.955307 ,-0.285866 ,-0.0752925, 0.031739 
-0.0440432 ,0.114219 ,-0.992479, 0.251556 
0 ,0 ,0, 1 
0.292749 ,0.951311 ,0.0964619, -0.354693 
0.955169 ,-0.286286 ,-0.0754505, 0.031752 
-0.0441613 ,0.114226 ,-0.992473, 0.251547 
0 ,0 ,0, 1 
0.293106 ,0.951208 ,0.0963953, -0.354693 
0.955052 ,-0.286626 ,-0.0756313, 0.031763 
-0.0443116 ,0.114231 ,-0.992466, 0.251549 
0 ,0 ,0, 1 
0.293409 ,0.951124 ,0.0963049, -0.354705 
0.954951 ,-0.286911 ,-0.0758368, 0.0317441 
-0.0444992 ,0.114218 ,-0.992459, 0.25156 
0 ,0 ,0, 1 
0.293844 ,0.950995 ,0.0962523, -0.354694 
0.954813 ,-0.287333 ,-0.0759763, 0.0317447 
-0.0445966 ,0.114228 ,-0.992453, 0.251557 
0 ,0 ,0, 1 
0.29421 ,0.95089 ,0.0961671, -0.354704 
0.954692 ,-0.287682 ,-0.0761719, 0.0317382 
-0.0447655 ,0.114221 ,-0.992446, 0.251558 
0 ,0 ,0, 1 
0.294371 ,0.950846 ,0.0961131, -0.354709 
0.954634 ,-0.287825 ,-0.0763639, 0.031705 
-0.0449466 ,0.114232 ,-0.992437, 0.251561 
0 ,0 ,0, 1 
0.294874 ,0.950697 ,0.096046, -0.354703 
0.954474 ,-0.288315 ,-0.076514, 0.0317102 
-0.0450501 ,0.114235 ,-0.992432, 0.251566 
0 ,0 ,0, 1 
0.29523 ,0.950594 ,0.0959666, -0.354712 
0.954356 ,-0.288655 ,-0.0767037, 0.0317063 
-0.0452129 ,0.114232 ,-0.992425, 0.251565 
0 ,0 ,0, 1 
0.29536 ,0.950559 ,0.0959173, -0.354717 
0.954309 ,-0.288771 ,-0.0768445, 0.0316865 
-0.0453471 ,0.114232 ,-0.992419, 0.251567 
0 ,0 ,0, 1 
0.295779 ,0.950437 ,0.0958361, -0.354717 
0.954175 ,-0.28918 ,-0.0769792, 0.0317025 
-0.0454499 ,0.114213 ,-0.992416, 0.251581 
0 ,0 ,0, 1 
0.296132 ,0.950331 ,0.0957932, -0.354712 
0.95406 ,-0.289521 ,-0.0771192, 0.0317078 
-0.0455546 ,0.11423 ,-0.992409, 0.251581 
0 ,0 ,0, 1 
0.296353 ,0.950265 ,0.0957638, -0.35471 
0.953985 ,-0.289726 ,-0.0772696, 0.0316811 
-0.0456813 ,0.114256 ,-0.9924, 0.251577 
0 ,0 ,0, 1 
0.296717 ,0.950157 ,0.0957106, -0.354712 
0.953867 ,-0.290079 ,-0.0774022, 0.031702 
-0.0457806 ,0.114262 ,-0.992395, 0.251579 
0 ,0 ,0, 1 
0.297082 ,0.950048 ,0.0956554, -0.354713 
0.953749 ,-0.290433 ,-0.077535, 0.0316983 
-0.0458805 ,0.114266 ,-0.99239, 0.251587 
0 ,0 ,0, 1 
0.297268 ,0.949994 ,0.0956214, -0.354709 
0.953686 ,-0.290606 ,-0.0776601, 0.0316794 
-0.0459885 ,0.114279 ,-0.992384, 0.251585 
0 ,0 ,0, 1 
0.297802 ,0.94983 ,0.0955847, -0.354707 
0.953517 ,-0.291132 ,-0.0777716, 0.0317126 
-0.046042 ,0.114302 ,-0.992379, 0.251581 
0 ,0 ,0, 1 
0.298183 ,0.949716 ,0.0955331, -0.354717 
0.953392 ,-0.291499 ,-0.0779176, 0.0316978 
-0.0461517 ,0.114314 ,-0.992372, 0.251581 
0 ,0 ,0, 1 
0.298185 ,0.949719 ,0.0954946, -0.354714 
0.953386 ,-0.29149 ,-0.0780344, 0.0316804 
-0.0462751 ,0.114312 ,-0.992367, 0.251579 
0 ,0 ,0, 1 
0.298514 ,0.94962 ,0.0954513, -0.354713 
0.953279 ,-0.291811 ,-0.0781369, 0.0317051 
-0.0463467 ,0.114317 ,-0.992363, 0.251577 
0 ,0 ,0, 1 
0.298725 ,0.949559 ,0.0954032, -0.354726 
0.953207 ,-0.292008 ,-0.0782816, 0.0316843 
-0.0464744 ,0.114324 ,-0.992356, 0.25158 
0 ,0 ,0, 1 
0.298816 ,0.949532 ,0.0953787, -0.35473 
0.953175 ,-0.292091 ,-0.0783613, 0.0316729 
-0.0465473 ,0.114328 ,-0.992352, 0.251578 
0 ,0 ,0, 1 
0.299064 ,0.949457 ,0.0953551, -0.354726 
0.953093 ,-0.292328 ,-0.0784738, 0.0316831 
-0.0466325 ,0.114351 ,-0.992345, 0.251573 
0 ,0 ,0, 1 
0.29924 ,0.949405 ,0.0953148, -0.354733 
0.953032 ,-0.292493 ,-0.078595, 0.0316708 
-0.0467396 ,0.114357 ,-0.99234, 0.251576 
0 ,0 ,0, 1 
0.299374 ,0.949371 ,0.095234, -0.354762 
0.952986 ,-0.292623 ,-0.0786699, 0.0316682 
-0.0468193 ,0.114308 ,-0.992341, 0.251579 
0 ,0 ,0, 1 
0.299592 ,0.94931 ,0.0951539, -0.354785 
0.952912 ,-0.292831 ,-0.078793, 0.0316694 
-0.046935 ,0.114279 ,-0.992339, 0.251576 
0 ,0 ,0, 1 
0.299743 ,0.949269 ,0.0950876, -0.354806 
0.952861 ,-0.292976 ,-0.0788764, 0.0316716 
-0.0470165 ,0.114248 ,-0.992339, 0.251574 
0 ,0 ,0, 1 
0.299872 ,0.949237 ,0.0950095, -0.354835 
0.952817 ,-0.293102 ,-0.0789355, 0.0316711 
-0.047081 ,0.114197 ,-0.992342, 0.251576 
0 ,0 ,0, 1 
0.300095 ,0.949175 ,0.0949147, -0.354866 
0.95274 ,-0.293315 ,-0.0790716, 0.0316711 
-0.0472129 ,0.114158 ,-0.99234, 0.251579 
0 ,0 ,0, 1 
0.300212 ,0.949143 ,0.0948656, -0.35488 
0.952702 ,-0.293432 ,-0.0791016, 0.0316965 
-0.0472422 ,0.114126 ,-0.992342, 0.25158 
0 ,0 ,0, 1 
0.300304 ,0.94912 ,0.0948052, -0.354904 
0.952667 ,-0.293514 ,-0.0792151, 0.0316571 
-0.047358 ,0.114106 ,-0.992339, 0.251584 
0 ,0 ,0, 1 
0.300531 ,0.949056 ,0.0947347, -0.354924 
0.952593 ,-0.293737 ,-0.0792813, 0.031683 
-0.0474152 ,0.11407 ,-0.992341, 0.251586 
0 ,0 ,0, 1 
0.300665 ,0.949022 ,0.094649, -0.354955 
0.952546 ,-0.293867 ,-0.0793595, 0.0316877 
-0.0474997 ,0.114018 ,-0.992342, 0.251586 
0 ,0 ,0, 1 
0.300752 ,0.949002 ,0.0945709, -0.354981 
0.952515 ,-0.29395 ,-0.0794289, 0.0316789 
-0.047579 ,0.113969 ,-0.992344, 0.251589 
0 ,0 ,0, 1 
0.301018 ,0.948927 ,0.0944766, -0.355009 
0.952427 ,-0.294212 ,-0.0795103, 0.0316888 
-0.0476533 ,0.113916 ,-0.992347, 0.251594 
0 ,0 ,0, 1 
0.301209 ,0.948877 ,0.0943685, -0.355046 
0.952364 ,-0.294403 ,-0.0795639, 0.0316998 
-0.047714 ,0.113838 ,-0.992353, 0.251597 
0 ,0 ,0, 1 
0.301333 ,0.94884 ,0.0943441, -0.355047 
0.952321 ,-0.294519 ,-0.0796458, 0.0316857 
-0.047785 ,0.113846 ,-0.992349, 0.251601 
0 ,0 ,0, 1 
0.301513 ,0.948787 ,0.0943083, -0.355048 
0.95226 ,-0.294692 ,-0.0797277, 0.0316921 
-0.0478527 ,0.113845 ,-0.992345, 0.251608 
0 ,0 ,0, 1 
0.301702 ,0.94873 ,0.0942729, -0.355051 
0.952198 ,-0.294877 ,-0.0797899, 0.0316956 
-0.0479001 ,0.113839 ,-0.992344, 0.251615 
0 ,0 ,0, 1 
0.301879 ,0.948677 ,0.0942401, -0.355051 
0.952139 ,-0.295047 ,-0.0798658, 0.0316872 
-0.0479616 ,0.113839 ,-0.992341, 0.25162 
0 ,0 ,0, 1 
0.302029 ,0.948633 ,0.0942018, -0.355051 
0.952088 ,-0.295191 ,-0.0799425, 0.0316983 
-0.0480286 ,0.113833 ,-0.992338, 0.251627 
0 ,0 ,0, 1 
0.302117 ,0.948608 ,0.0941716, -0.355053 
0.952058 ,-0.295276 ,-0.0799803, 0.0317021 
-0.0480633 ,0.11382 ,-0.992338, 0.251635 
0 ,0 ,0, 1 
0.302248 ,0.94857 ,0.0941347, -0.355057 
0.952013 ,-0.2954 ,-0.0800582, 0.0316883 
-0.0481333 ,0.113815 ,-0.992335, 0.251644 
0 ,0 ,0, 1 
0.302452 ,0.948508 ,0.0941054, -0.355051 
0.951946 ,-0.295598 ,-0.0801341, 0.0317063 
-0.0481904 ,0.11382 ,-0.992332, 0.251646 
0 ,0 ,0, 1 
0.30259 ,0.948466 ,0.0940851, -0.355045 
0.9519 ,-0.295732 ,-0.0801766, 0.03171 
-0.0482207 ,0.11382 ,-0.99233, 0.251649 
0 ,0 ,0, 1 
0.302676 ,0.948441 ,0.0940573, -0.355051 
0.95187 ,-0.295813 ,-0.0802413, 0.0316895 
-0.0482808 ,0.113817 ,-0.992328, 0.251655 
0 ,0 ,0, 1 
0.302809 ,0.948402 ,0.0940257, -0.355055 
0.951825 ,-0.295941 ,-0.0803049, 0.0316893 
-0.0483352 ,0.113813 ,-0.992326, 0.251661 
0 ,0 ,0, 1 
0.30298 ,0.948349 ,0.0940092, -0.355049 
0.95177 ,-0.296109 ,-0.0803332, 0.0317163 
-0.0483469 ,0.113814 ,-0.992325, 0.25166 
0 ,0 ,0, 1 
0.303068 ,0.948323 ,0.0939805, -0.35505 
0.951737 ,-0.296188 ,-0.0804376, 0.0316834 
-0.048445 ,0.113823 ,-0.992319, 0.251661 
0 ,0 ,0, 1 
0.303144 ,0.948302 ,0.0939506, -0.355051 
0.951711 ,-0.296263 ,-0.0804608, 0.0316911 
-0.0484671 ,0.113805 ,-0.99232, 0.251666 
0 ,0 ,0, 1 
0.303257 ,0.948269 ,0.0939238, -0.355055 
0.951674 ,-0.296373 ,-0.0804986, 0.0317059 
-0.0484978 ,0.113797 ,-0.99232, 0.251668 
0 ,0 ,0, 1 
0.30334 ,0.948245 ,0.0938985, -0.35506 
0.951643 ,-0.296447 ,-0.0805867, 0.0316842 
-0.0485799 ,0.113803 ,-0.992315, 0.25167 
0 ,0 ,0, 1 
0.303426 ,0.948217 ,0.0938969, -0.355051 
0.951615 ,-0.296531 ,-0.0806111, 0.0316906 
-0.0485936 ,0.113813 ,-0.992313, 0.251664 
0 ,0 ,0, 1 
0.30353 ,0.948187 ,0.0938695, -0.35505 
0.95158 ,-0.296633 ,-0.0806474, 0.0317017 
-0.048624 ,0.113803 ,-0.992313, 0.251669 
0 ,0 ,0, 1 
0.303594 ,0.948169 ,0.0938429, -0.355058 
0.951555 ,-0.296687 ,-0.0807398, 0.0316734 
-0.0487129 ,0.113809 ,-0.992308, 0.251672 
0 ,0 ,0, 1 
0.303671 ,0.948145 ,0.0938371, -0.355058 
0.951531 ,-0.296764 ,-0.0807474, 0.0316868 
-0.0487128 ,0.11381 ,-0.992308, 0.251669 
0 ,0 ,0, 1 
0.303786 ,0.948109 ,0.0938299, -0.355053 
0.951494 ,-0.296877 ,-0.0807666, 0.0317056 
-0.0487195 ,0.113814 ,-0.992307, 0.251666 
0 ,0 ,0, 1 
0.303875 ,0.948084 ,0.0937896, -0.355061 
0.95146 ,-0.296956 ,-0.0808755, 0.0316728 
-0.0488255 ,0.113813 ,-0.992302, 0.25167 
0 ,0 ,0, 1 
0.303935 ,0.948068 ,0.0937604, -0.355069 
0.95144 ,-0.297018 ,-0.0808784, 0.0316805 
-0.0488296 ,0.113789 ,-0.992304, 0.251673 
0 ,0 ,0, 1 
0.304021 ,0.948042 ,0.0937394, -0.355074 
0.951413 ,-0.297105 ,-0.0808828, 0.0316993 
-0.0488299 ,0.113775 ,-0.992306, 0.251673 
0 ,0 ,0, 1 
0.304149 ,0.948004 ,0.0937078, -0.355081 
0.951368 ,-0.297225 ,-0.0809688, 0.0316911 
-0.0489065 ,0.113777 ,-0.992302, 0.251674 
0 ,0 ,0, 1 
0.304214 ,0.947986 ,0.0936831, -0.355086 
0.951346 ,-0.297288 ,-0.0809986, 0.0316831 
-0.0489347 ,0.113766 ,-0.992302, 0.251674 
0 ,0 ,0, 1 
0.3043 ,0.947961 ,0.0936607, -0.355089 
0.951319 ,-0.297375 ,-0.081001, 0.0316927 
-0.0489334 ,0.11375 ,-0.992304, 0.251676 
0 ,0 ,0, 1 
0.30441 ,0.947928 ,0.0936357, -0.355097 
0.951281 ,-0.297481 ,-0.0810519, 0.0316915 
-0.0489765 ,0.113747 ,-0.992302, 0.251677 
0 ,0 ,0, 1 
0.30451 ,0.947898 ,0.0936113, -0.355105 
0.951247 ,-0.297576 ,-0.081108, 0.0316822 
-0.0490256 ,0.113746 ,-0.9923, 0.251679 
0 ,0 ,0, 1 
0.304629 ,0.947862 ,0.0935879, -0.355107 
0.951209 ,-0.297696 ,-0.0811095, 0.0316967 
-0.0490198 ,0.11373 ,-0.992302, 0.251683 
0 ,0 ,0, 1 
0.304702 ,0.947842 ,0.0935565, -0.35511 
0.951184 ,-0.297768 ,-0.0811307, 0.0317008 
-0.0490409 ,0.11371 ,-0.992303, 0.251691 
0 ,0 ,0, 1 
0.304804 ,0.947813 ,0.0935173, -0.355118 
0.951147 ,-0.297863 ,-0.0812177, 0.0316886 
-0.0491238 ,0.113704 ,-0.992299, 0.251698 
0 ,0 ,0, 1 
0.304949 ,0.947766 ,0.0935144, -0.355118 
0.951102 ,-0.298008 ,-0.0812208, 0.0316952 
-0.0491103 ,0.11371 ,-0.992299, 0.251698 
0 ,0 ,0, 1 
0.305019 ,0.947746 ,0.0934985, -0.355119 
0.951079 ,-0.298079 ,-0.0812252, 0.0317093 
-0.0491109 ,0.1137 ,-0.992301, 0.251701 
0 ,0 ,0, 1 
0.305045 ,0.947742 ,0.0934544, -0.355126 
0.951068 ,-0.298101 ,-0.081273, 0.0316966 
-0.049167 ,0.113673 ,-0.992301, 0.251712 
0 ,0 ,0, 1 
0.305118 ,0.94772 ,0.0934356, -0.355128 
0.951042 ,-0.29817 ,-0.0813251, 0.0316911 
-0.0492137 ,0.113675 ,-0.992298, 0.251715 
0 ,0 ,0, 1 
0.30523 ,0.947684 ,0.0934305, -0.355128 
0.951006 ,-0.298281 ,-0.0813332, 0.0316988 
-0.0492096 ,0.113678 ,-0.992298, 0.251714 
0 ,0 ,0, 1 
0.305325 ,0.947655 ,0.0934219, -0.355128 
0.950976 ,-0.298376 ,-0.0813388, 0.0317064 
-0.0492062 ,0.113677 ,-0.992299, 0.251715 
0 ,0 ,0, 1 
0.305352 ,0.947649 ,0.0933884, -0.355134 
0.950965 ,-0.298401 ,-0.0813812, 0.0316965 
-0.0492537 ,0.113659 ,-0.992298, 0.251724 
0 ,0 ,0, 1 
0.305411 ,0.947633 ,0.0933595, -0.355139 
0.950944 ,-0.298456 ,-0.0814208, 0.0316918 
-0.0492933 ,0.113646 ,-0.992298, 0.251731 
0 ,0 ,0, 1 
0.305482 ,0.94761 ,0.0933536, -0.35514 
0.950921 ,-0.298528 ,-0.0814266, 0.0316995 
-0.0492921 ,0.113646 ,-0.992298, 0.251731 
0 ,0 ,0, 1 
0.305544 ,0.947591 ,0.0933457, -0.355141 
0.950901 ,-0.298589 ,-0.0814378, 0.0317026 
-0.0492978 ,0.113645 ,-0.992298, 0.251731 
0 ,0 ,0, 1 
0.305589 ,0.947579 ,0.093326, -0.355144 
0.950885 ,-0.298632 ,-0.0814669, 0.0316982 
-0.0493262 ,0.113638 ,-0.992297, 0.251736 
0 ,0 ,0, 1 
0.305633 ,0.947567 ,0.0933065, -0.355148 
0.950869 ,-0.298674 ,-0.081494, 0.0316957 
-0.0493528 ,0.11363 ,-0.992297, 0.25174 
0 ,0 ,0, 1 
0.30568 ,0.947553 ,0.0932921, -0.35515 
0.950854 ,-0.29872 ,-0.0815069, 0.0316982 
-0.0493639 ,0.113622 ,-0.992297, 0.251743 
0 ,0 ,0, 1 
0.305721 ,0.947541 ,0.0932755, -0.355153 
0.95084 ,-0.298761 ,-0.0815193, 0.0316994 
-0.0493758 ,0.113612 ,-0.992297, 0.251747 
0 ,0 ,0, 1 
0.305764 ,0.947529 ,0.0932622, -0.355155 
0.950825 ,-0.298801 ,-0.0815461, 0.0316931 
-0.0494004 ,0.11361 ,-0.992297, 0.25175 
0 ,0 ,0, 1 
0.305821 ,0.947512 ,0.0932461, -0.355158 
0.950806 ,-0.298857 ,-0.0815657, 0.0316951 
-0.0494172 ,0.113603 ,-0.992296, 0.251753 
0 ,0 ,0, 1 
0.30587 ,0.947497 ,0.0932356, -0.355158 
0.950789 ,-0.298904 ,-0.081587, 0.0316919 
-0.0494349 ,0.113602 ,-0.992296, 0.251754 
0 ,0 ,0, 1 
0.305933 ,0.947478 ,0.0932206, -0.35516 
0.950768 ,-0.298965 ,-0.0816103, 0.0316904 
-0.0494543 ,0.113598 ,-0.992295, 0.251757 
0 ,0 ,0, 1 
0.305964 ,0.947469 ,0.0932088, -0.355162 
0.950757 ,-0.298996 ,-0.0816305, 0.031684 
-0.0494734 ,0.113595 ,-0.992295, 0.25176 
0 ,0 ,0, 1 
0.305999 ,0.94746 ,0.0931935, -0.355164 
0.950745 ,-0.29903 ,-0.0816412, 0.0316863 
-0.0494841 ,0.113585 ,-0.992295, 0.251763 
0 ,0 ,0, 1 
0.306033 ,0.947449 ,0.0931843, -0.355165 
0.950734 ,-0.299064 ,-0.08165, 0.0316881 
-0.0494912 ,0.113581 ,-0.992295, 0.251765 
0 ,0 ,0, 1 
0.306078 ,0.947436 ,0.0931769, -0.355164 
0.950718 ,-0.299105 ,-0.0816807, 0.031684 
-0.0495175 ,0.113586 ,-0.992293, 0.251765 
0 ,0 ,0, 1 
0.30611 ,0.947427 ,0.0931594, -0.355164 
0.950706 ,-0.299135 ,-0.0817064, 0.0316802 
-0.0495436 ,0.113578 ,-0.992293, 0.251769 
0 ,0 ,0, 1 
0.306127 ,0.947422 ,0.0931486, -0.355164 
0.9507 ,-0.299153 ,-0.0817126, 0.0316794 
-0.0495507 ,0.113571 ,-0.992293, 0.251772 
0 ,0 ,0, 1 
0.306143 ,0.947418 ,0.0931484, -0.355163 
0.950695 ,-0.299167 ,-0.0817172, 0.0316789 
-0.0495533 ,0.113573 ,-0.992293, 0.251771 
0 ,0 ,0, 1 
0.306164 ,0.947411 ,0.0931448, -0.355163 
0.950687 ,-0.299187 ,-0.0817409, 0.0316739 
-0.0495745 ,0.113578 ,-0.992292, 0.25177 
0 ,0 ,0, 1 
0.306191 ,0.947404 ,0.0931311, -0.355164 
0.950677 ,-0.299212 ,-0.0817648, 0.031672 
-0.0495984 ,0.113573 ,-0.992291, 0.251773 
0 ,0 ,0, 1 
0.306199 ,0.947402 ,0.0931159, -0.355166 
0.950674 ,-0.29922 ,-0.0817723, 0.0316699 
-0.0496092 ,0.113562 ,-0.992292, 0.251777 
0 ,0 ,0, 1 
0.306204 ,0.947401 ,0.093113, -0.355166 
0.950672 ,-0.299224 ,-0.0817803, 0.0316668 
-0.0496172 ,0.113561 ,-0.992291, 0.251777 
0 ,0 ,0, 1 
0.306209 ,0.9474 ,0.0931136, -0.355166 
0.95067 ,-0.299228 ,-0.0817866, 0.0316645 
-0.0496225 ,0.113564 ,-0.992291, 0.251775 
0 ,0 ,0, 1 
0.30622 ,0.947396 ,0.0931147, -0.355165 
0.950666 ,-0.299237 ,-0.0817981, 0.0316623 
-0.0496318 ,0.113569 ,-0.99229, 0.251774 
0 ,0 ,0, 1 
0.306237 ,0.947391 ,0.0931096, -0.355165 
0.950659 ,-0.299251 ,-0.0818279, 0.0316544 
-0.0496598 ,0.113574 ,-0.992288, 0.251773 
0 ,0 ,0, 1 
0.306253 ,0.947386 ,0.0931085, -0.355162 
0.950654 ,-0.299267 ,-0.081832, 0.0316585 
-0.0496622 ,0.113575 ,-0.992287, 0.251772 
0 ,0 ,0, 1 
0.306259 ,0.947384 ,0.0931077, -0.35516 
0.950652 ,-0.299273 ,-0.0818389, 0.0316563 
-0.0496682 ,0.113577 ,-0.992287, 0.251771 
0 ,0 ,0, 1 
0.306263 ,0.947384 ,0.0930977, -0.355161 
0.95065 ,-0.299277 ,-0.0818404, 0.0316565 
-0.0496723 ,0.113568 ,-0.992288, 0.251773 
0 ,0 ,0, 1 
0.306267 ,0.947383 ,0.0930882, -0.355163 
0.950648 ,-0.29928 ,-0.081848, 0.0316539 
-0.049682 ,0.113561 ,-0.992288, 0.251776 
0 ,0 ,0, 1 
0.306298 ,0.947374 ,0.0930828, -0.35516 
0.950637 ,-0.299308 ,-0.08188, 0.0316514 
-0.0497105 ,0.113568 ,-0.992286, 0.251775 
0 ,0 ,0, 1 
0.306321 ,0.947366 ,0.0930827, -0.355156 
0.950629 ,-0.29933 ,-0.0818891, 0.0316558 
-0.0497166 ,0.113571 ,-0.992285, 0.251772 
0 ,0 ,0, 1 
0.306334 ,0.947363 ,0.0930689, -0.355159 
0.950625 ,-0.299344 ,-0.0818888, 0.0316604 
-0.0497188 ,0.113559 ,-0.992286, 0.251776 
0 ,0 ,0, 1 
0.306345 ,0.947361 ,0.0930554, -0.355161 
0.950621 ,-0.299355 ,-0.0818948, 0.0316616 
-0.0497274 ,0.113548 ,-0.992287, 0.25178 
0 ,0 ,0, 1 
0.306375 ,0.947353 ,0.0930398, -0.355163 
0.950611 ,-0.299384 ,-0.0819025, 0.0316696 
-0.0497359 ,0.113538 ,-0.992288, 0.251783 
0 ,0 ,0, 1 
0.306394 ,0.947348 ,0.093026, -0.355164 
0.950604 ,-0.299404 ,-0.0819134, 0.0316721 
-0.0497482 ,0.113529 ,-0.992288, 0.251787 
0 ,0 ,0, 1 
0.306401 ,0.947348 ,0.0930073, -0.355166 
0.950601 ,-0.299411 ,-0.0819209, 0.031671 
-0.0497601 ,0.113514 ,-0.99229, 0.251792 
0 ,0 ,0, 1 
0.306407 ,0.947348 ,0.092985, -0.355171 
0.950599 ,-0.299416 ,-0.0819275, 0.0316702 
-0.0497726 ,0.113495 ,-0.992291, 0.251799 
0 ,0 ,0, 1 
0.306425 ,0.947343 ,0.0929772, -0.355173 
0.950592 ,-0.299434 ,-0.0819365, 0.0316732 
-0.0497814 ,0.113491 ,-0.992291, 0.251801 
0 ,0 ,0, 1 
0.306447 ,0.947337 ,0.0929674, -0.355175 
0.950585 ,-0.299456 ,-0.0819457, 0.0316777 
-0.0497906 ,0.113485 ,-0.992291, 0.251803 
0 ,0 ,0, 1 
0.30645 ,0.947339 ,0.0929425, -0.355178 
0.950583 ,-0.299459 ,-0.0819524, 0.0316757 
-0.0498042 ,0.113464 ,-0.992293, 0.251811 
0 ,0 ,0, 1 
0.306454 ,0.947339 ,0.0929265, -0.355181 
0.950581 ,-0.299464 ,-0.0819596, 0.0316737 
-0.0498154 ,0.113451 ,-0.992294, 0.251816 
0 ,0 ,0, 1 
0.306461 ,0.947337 ,0.0929232, -0.355182 
0.950578 ,-0.29947 ,-0.0819679, 0.031672 
-0.0498235 ,0.113451 ,-0.992294, 0.251816 
0 ,0 ,0, 1 
0.306493 ,0.947327 ,0.0929198, -0.355179 
0.950567 ,-0.299501 ,-0.0819814, 0.0316785 
-0.0498336 ,0.113453 ,-0.992293, 0.251815 
0 ,0 ,0, 1 
0.306519 ,0.947319 ,0.0929108, -0.355179 
0.950559 ,-0.299526 ,-0.0819917, 0.0316838 
-0.0498431 ,0.113449 ,-0.992293, 0.251817 
0 ,0 ,0, 1 
0.306521 ,0.947319 ,0.0929088, -0.355178 
0.950558 ,-0.299527 ,-0.082, 0.03168 
-0.0498515 ,0.11345 ,-0.992292, 0.251816 
0 ,0 ,0, 1 
0.306524 ,0.947317 ,0.0929155, -0.355173 
0.950556 ,-0.299528 ,-0.0820118, 0.0316745 
-0.0498604 ,0.11346 ,-0.992291, 0.251811 
0 ,0 ,0, 1 
0.306531 ,0.947313 ,0.0929382, -0.355161 
0.950554 ,-0.299532 ,-0.0820244, 0.0316698 
-0.0498647 ,0.113486 ,-0.992288, 0.251801 
0 ,0 ,0, 1 
0.306558 ,0.947302 ,0.0929566, -0.355149 
0.950545 ,-0.299557 ,-0.0820387, 0.0316733 
-0.0498696 ,0.113509 ,-0.992285, 0.251792 
0 ,0 ,0, 1 
0.306588 ,0.947293 ,0.0929513, -0.355148 
0.950535 ,-0.299586 ,-0.0820498, 0.0316799 
-0.0498783 ,0.113509 ,-0.992284, 0.251792 
0 ,0 ,0, 1 
0.306588 ,0.947293 ,0.0929457, -0.355149 
0.950534 ,-0.299586 ,-0.0820553, 0.0316768 
-0.0498852 ,0.113505 ,-0.992284, 0.251793 
0 ,0 ,0, 1 
0.306592 ,0.947289 ,0.0929745, -0.355134 
0.950533 ,-0.299586 ,-0.0820726, 0.0316689 
-0.0498926 ,0.113538 ,-0.99228, 0.251781 
0 ,0 ,0, 1 
0.306603 ,0.947284 ,0.0929922, -0.355121 
0.950529 ,-0.299595 ,-0.0820878, 0.0316653 
-0.0499005 ,0.11356 ,-0.992277, 0.251772 
0 ,0 ,0, 1 
0.306624 ,0.947279 ,0.092974, -0.355122 
0.950521 ,-0.299616 ,-0.0820966, 0.0316686 
-0.0499118 ,0.113547 ,-0.992278, 0.251776 
0 ,0 ,0, 1 
0.30664 ,0.947274 ,0.0929748, -0.355121 
0.950516 ,-0.29963 ,-0.0821084, 0.0316689 
-0.0499211 ,0.113552 ,-0.992277, 0.251773 
0 ,0 ,0, 1 
0.306652 ,0.947267 ,0.0930012, -0.355108 
0.950511 ,-0.299639 ,-0.0821241, 0.0316653 
-0.0499267 ,0.113582 ,-0.992273, 0.25176 
0 ,0 ,0, 1 
0.306655 ,0.947265 ,0.093017, -0.355101 
0.95051 ,-0.29964 ,-0.0821349, 0.0316604 
-0.0499319 ,0.113601 ,-0.992271, 0.251752 
0 ,0 ,0, 1 
0.306656 ,0.947265 ,0.0930116, -0.355103 
0.950509 ,-0.299641 ,-0.0821404, 0.0316584 
-0.0499386 ,0.113597 ,-0.992271, 0.251752 
0 ,0 ,0, 1 
0.306659 ,0.947265 ,0.0930054, -0.355106 
0.950508 ,-0.299644 ,-0.0821478, 0.0316556 
-0.0499472 ,0.113594 ,-0.992271, 0.251753 
0 ,0 ,0, 1 
0.30666 ,0.947265 ,0.0929978, -0.355109 
0.950507 ,-0.299645 ,-0.082155, 0.0316529 
-0.0499562 ,0.113589 ,-0.992271, 0.251753 
0 ,0 ,0, 1 
0.306661 ,0.947265 ,0.0929961, -0.35511 
0.950507 ,-0.299644 ,-0.0821609, 0.0316502 
-0.0499624 ,0.113589 ,-0.992271, 0.251752 
0 ,0 ,0, 1 
0.306664 ,0.947264 ,0.0929987, -0.355108 
0.950505 ,-0.299647 ,-0.0821676, 0.0316476 
-0.0499677 ,0.113594 ,-0.99227, 0.251749 
0 ,0 ,0, 1 
0.306666 ,0.947263 ,0.092995, -0.35511 
0.950504 ,-0.299648 ,-0.0821734, 0.0316455 
-0.0499741 ,0.113592 ,-0.99227, 0.251748 
0 ,0 ,0, 1 
0.306668 ,0.947264 ,0.0929854, -0.355114 
0.950503 ,-0.29965 ,-0.0821782, 0.0316439 
-0.0499813 ,0.113584 ,-0.99227, 0.25175 
0 ,0 ,0, 1 
0.30667 ,0.947264 ,0.0929782, -0.355117 
0.950502 ,-0.299651 ,-0.0821834, 0.0316421 
-0.0499883 ,0.113579 ,-0.992271, 0.251751 
0 ,0 ,0, 1 
0.30667 ,0.947264 ,0.0929709, -0.355121 
0.950502 ,-0.299651 ,-0.0821905, 0.0316389 
-0.0499973 ,0.113574 ,-0.992271, 0.251751 
0 ,0 ,0, 1 
0.306673 ,0.947264 ,0.0929662, -0.355123 
0.950501 ,-0.299654 ,-0.0821961, 0.0316369 
-0.0500037 ,0.113572 ,-0.992271, 0.251751 
0 ,0 ,0, 1 
0.306687 ,0.94726 ,0.0929581, -0.355125 
0.950496 ,-0.299668 ,-0.0822026, 0.03164 
-0.0500107 ,0.113567 ,-0.992271, 0.251752 
0 ,0 ,0, 1 
0.306707 ,0.947255 ,0.0929492, -0.355128 
0.950489 ,-0.299687 ,-0.0822116, 0.031644 
-0.0500197 ,0.113562 ,-0.992271, 0.251753 
0 ,0 ,0, 1 
0.306724 ,0.94725 ,0.0929406, -0.355131 
0.950483 ,-0.299704 ,-0.0822183, 0.0316477 
-0.0500265 ,0.113557 ,-0.992271, 0.251754 
0 ,0 ,0, 1 
0.306739 ,0.947246 ,0.0929305, -0.355134 
0.950478 ,-0.299719 ,-0.0822245, 0.031651 
-0.0500338 ,0.11355 ,-0.992272, 0.251754 
0 ,0 ,0, 1 
0.306745 ,0.947245 ,0.0929241, -0.355137 
0.950475 ,-0.299725 ,-0.0822304, 0.0316509 
-0.0500407 ,0.113546 ,-0.992272, 0.251754 
0 ,0 ,0, 1 
0.30675 ,0.947243 ,0.0929223, -0.355137 
0.950473 ,-0.299729 ,-0.0822348, 0.0316509 
-0.0500448 ,0.113546 ,-0.992272, 0.251752 
0 ,0 ,0, 1 
0.306767 ,0.947239 ,0.0929147, -0.35514 
0.950468 ,-0.299746 ,-0.0822414, 0.031654 
-0.0500515 ,0.113541 ,-0.992272, 0.251751 
0 ,0 ,0, 1 
0.306784 ,0.947234 ,0.092906, -0.355142 
0.950462 ,-0.299763 ,-0.0822461, 0.031659 
-0.0500565 ,0.113535 ,-0.992272, 0.251751 
0 ,0 ,0, 1 
0.306789 ,0.947233 ,0.0928996, -0.355145 
0.95046 ,-0.299768 ,-0.0822477, 0.0316603 
-0.0500594 ,0.11353 ,-0.992273, 0.25175 
0 ,0 ,0, 1 
0.306795 ,0.947232 ,0.0928902, -0.355149 
0.950458 ,-0.299774 ,-0.0822511, 0.0316614 
-0.0500647 ,0.113522 ,-0.992273, 0.25175 
0 ,0 ,0, 1 
0.3068 ,0.947231 ,0.0928826, -0.355152 
0.950456 ,-0.299779 ,-0.0822525, 0.0316628 
-0.0500678 ,0.113516 ,-0.992274, 0.25175 
0 ,0 ,0, 1 
0.306813 ,0.947228 ,0.0928744, -0.355155 
0.950452 ,-0.299792 ,-0.0822566, 0.0316655 
-0.0500727 ,0.11351 ,-0.992274, 0.25175 
0 ,0 ,0, 1 
0.306825 ,0.947225 ,0.0928625, -0.355159 
0.950447 ,-0.299805 ,-0.0822602, 0.031669 
-0.0500783 ,0.1135 ,-0.992275, 0.25175 
0 ,0 ,0, 1 
0.306831 ,0.947224 ,0.0928501, -0.355164 
0.950445 ,-0.299811 ,-0.082261, 0.0316711 
-0.0500821 ,0.113489 ,-0.992276, 0.251749 
0 ,0 ,0, 1 
0.306835 ,0.947224 ,0.0928381, -0.355169 
0.950444 ,-0.299816 ,-0.0822617, 0.0316723 
-0.050086 ,0.113478 ,-0.992277, 0.251749 
0 ,0 ,0, 1 
0.306841 ,0.947224 ,0.0928184, -0.355175 
0.950442 ,-0.299823 ,-0.082264, 0.0316738 
-0.0500933 ,0.11346 ,-0.992279, 0.251751 
0 ,0 ,0, 1 
0.30686 ,0.94722 ,0.0927948, -0.355183 
0.950435 ,-0.299842 ,-0.0822649, 0.0316809 
-0.0500992 ,0.113439 ,-0.992281, 0.251752 
0 ,0 ,0, 1 
0.306866 ,0.947221 ,0.0927718, -0.35519 
0.950433 ,-0.299849 ,-0.0822687, 0.0316815 
-0.0501091 ,0.113419 ,-0.992283, 0.251754 
0 ,0 ,0, 1 
0.306868 ,0.947223 ,0.0927408, -0.355201 
0.950432 ,-0.299853 ,-0.0822669, 0.0316827 
-0.0501165 ,0.113389 ,-0.992286, 0.251757 
0 ,0 ,0, 1 
0.306877 ,0.947226 ,0.0926761, -0.355226 
0.950428 ,-0.299866 ,-0.0822628, 0.0316879 
-0.050131 ,0.113327 ,-0.992292, 0.251757 
0 ,0 ,0, 1 
0.306898 ,0.947221 ,0.0926613, -0.355228 
0.950421 ,-0.299887 ,-0.0822676, 0.0316942 
-0.0501377 ,0.113315 ,-0.992293, 0.251758 
0 ,0 ,0, 1 
0.306913 ,0.947215 ,0.0926681, -0.355222 
0.950416 ,-0.299901 ,-0.0822749, 0.0316969 
-0.0501408 ,0.113324 ,-0.992292, 0.251755 
0 ,0 ,0, 1 
0.306915 ,0.947214 ,0.0926748, -0.355219 
0.950415 ,-0.299902 ,-0.0822783, 0.0316958 
-0.0501418 ,0.113332 ,-0.992291, 0.251752 
0 ,0 ,0, 1 
0.306919 ,0.947212 ,0.0926839, -0.355214 
0.950414 ,-0.299905 ,-0.0822843, 0.0316941 
-0.0501442 ,0.113343 ,-0.99229, 0.251749 
0 ,0 ,0, 1 
0.306921 ,0.94721 ,0.0926932, -0.355208 
0.950413 ,-0.299906 ,-0.0822903, 0.0316918 
-0.050147 ,0.113353 ,-0.992288, 0.251745 
0 ,0 ,0, 1 
0.306923 ,0.947209 ,0.0927052, -0.355201 
0.950412 ,-0.299907 ,-0.0822948, 0.0316901 
-0.0501474 ,0.113366 ,-0.992287, 0.25174 
0 ,0 ,0, 1 
0.306923 ,0.947208 ,0.0927096, -0.355196 
0.950412 ,-0.299906 ,-0.0823004, 0.0316874 
-0.0501514 ,0.113372 ,-0.992286, 0.251739 
0 ,0 ,0, 1 
0.306924 ,0.947208 ,0.0927064, -0.355195 
0.950411 ,-0.299907 ,-0.0823025, 0.0316868 
-0.0501543 ,0.11337 ,-0.992286, 0.25174 
0 ,0 ,0, 1 
0.306925 ,0.947208 ,0.0927022, -0.355194 
0.950411 ,-0.299908 ,-0.0823048, 0.0316861 
-0.0501576 ,0.113367 ,-0.992286, 0.251741 
0 ,0 ,0, 1 
0.306926 ,0.947208 ,0.0926989, -0.355193 
0.95041 ,-0.299909 ,-0.0823093, 0.0316844 
-0.0501628 ,0.113365 ,-0.992286, 0.251742 
0 ,0 ,0, 1 
0.306928 ,0.947207 ,0.0927013, -0.355188 
0.95041 ,-0.29991 ,-0.0823107, 0.031684 
-0.0501632 ,0.113368 ,-0.992286, 0.251741 
0 ,0 ,0, 1 
0.306931 ,0.947206 ,0.092708, -0.355183 
0.950409 ,-0.299912 ,-0.0823164, 0.0316818 
-0.0501663 ,0.113376 ,-0.992285, 0.251739 
0 ,0 ,0, 1 
0.306933 ,0.947205 ,0.0927121, -0.355179 
0.950408 ,-0.299913 ,-0.0823198, 0.0316807 
-0.050168 ,0.113381 ,-0.992284, 0.251736 
0 ,0 ,0, 1 
0.306934 ,0.947203 ,0.09272, -0.355174 
0.950407 ,-0.299914 ,-0.0823256, 0.0316784 
-0.0501711 ,0.11339 ,-0.992283, 0.251733 
0 ,0 ,0, 1 
0.306937 ,0.947202 ,0.0927248, -0.35517 
0.950406 ,-0.299916 ,-0.0823271, 0.0316787 
-0.0501707 ,0.113396 ,-0.992282, 0.251731 
0 ,0 ,0, 1 
0.306938 ,0.947202 ,0.0927243, -0.355168 
0.950406 ,-0.299917 ,-0.0823297, 0.0316779 
-0.0501732 ,0.113396 ,-0.992282, 0.251731 
0 ,0 ,0, 1 
0.30694 ,0.947201 ,0.0927223, -0.355167 
0.950405 ,-0.299918 ,-0.0823341, 0.0316762 
-0.0501779 ,0.113395 ,-0.992282, 0.251732 
0 ,0 ,0, 1 
0.306941 ,0.947201 ,0.0927227, -0.355164 
0.950405 ,-0.299919 ,-0.0823389, 0.0316744 
-0.0501822 ,0.113397 ,-0.992282, 0.251732 
0 ,0 ,0, 1 
0.306942 ,0.947201 ,0.092722, -0.355163 
0.950404 ,-0.29992 ,-0.0823436, 0.0316727 
-0.0501868 ,0.113398 ,-0.992281, 0.251732 
0 ,0 ,0, 1 
0.306943 ,0.9472 ,0.092721, -0.35516 
0.950403 ,-0.29992 ,-0.0823483, 0.0316709 
-0.0501914 ,0.113399 ,-0.992281, 0.251732 
0 ,0 ,0, 1 
0.306945 ,0.9472 ,0.0927176, -0.35516 
0.950403 ,-0.299921 ,-0.0823505, 0.0316703 
-0.0501944 ,0.113396 ,-0.992281, 0.251732 
0 ,0 ,0, 1 
0.306947 ,0.9472 ,0.0927143, -0.355159 
0.950402 ,-0.299924 ,-0.0823569, 0.0316683 
-0.0502012 ,0.113395 ,-0.992281, 0.251732 
0 ,0 ,0, 1 
0.30695 ,0.947199 ,0.0927108, -0.355159 
0.950401 ,-0.299926 ,-0.0823611, 0.0316673 
-0.050206 ,0.113393 ,-0.992281, 0.251733 
0 ,0 ,0, 1 
0.306952 ,0.947199 ,0.0927036, -0.355161 
0.9504 ,-0.299928 ,-0.0823624, 0.0316672 
-0.0502092 ,0.113387 ,-0.992281, 0.251735 
0 ,0 ,0, 1 
0.306953 ,0.947199 ,0.0926973, -0.355162 
0.950399 ,-0.299929 ,-0.082366, 0.0316659 
-0.0502144 ,0.113382 ,-0.992282, 0.251736 
0 ,0 ,0, 1 
0.306955 ,0.9472 ,0.092687, -0.355166 
0.950398 ,-0.299931 ,-0.0823688, 0.0316652 
-0.05022 ,0.113373 ,-0.992282, 0.251736 
0 ,0 ,0, 1 
0.306957 ,0.947202 ,0.0926601, -0.355178 
0.950397 ,-0.299935 ,-0.0823671, 0.031667 
-0.0502262 ,0.113347 ,-0.992285, 0.251736 
0 ,0 ,0, 1 
0.306961 ,0.947206 ,0.0926061, -0.355202 
0.950396 ,-0.299942 ,-0.082359, 0.0316717 
-0.0502344 ,0.113293 ,-0.992291, 0.251734 
0 ,0 ,0, 1 
0.30702 ,0.947196 ,0.0925075, -0.35523 
0.950375 ,-0.300007 ,-0.0823557, 0.0316994 
-0.0502541 ,0.113202 ,-0.9923, 0.25176 
0 ,0 ,0, 1 
0.307225 ,0.947122 ,0.0925924, -0.355122 
0.950309 ,-0.300203 ,-0.0824046, 0.0317697 
-0.0502507 ,0.113308 ,-0.992288, 0.251887 
0 ,0 ,0, 1 
0.307195 ,0.947103 ,0.0928802, -0.354894 
0.95032 ,-0.30015 ,-0.0824801, 0.0317719 
-0.0502392 ,0.113603 ,-0.992255, 0.25224 
0 ,0 ,0, 1 
0.307223 ,0.947139 ,0.0924226, -0.354924 
0.950304 ,-0.300203 ,-0.0824669, 0.031872 
-0.0503621 ,0.113165 ,-0.992299, 0.252773 
0 ,0 ,0, 1 
0.307381 ,0.947049 ,0.0928187, -0.354553 
0.950254 ,-0.300326 ,-0.0825964, 0.0319543 
-0.0503469 ,0.11359 ,-0.992251, 0.253396 
0 ,0 ,0, 1 
0.307423 ,0.947056 ,0.0926069, -0.354391 
0.950235 ,-0.300374 ,-0.082638, 0.0320612 
-0.0504461 ,0.113403 ,-0.992268, 0.254208 
0 ,0 ,0, 1 
0.307348 ,0.947081 ,0.0926025, -0.354107 
0.950261 ,-0.300304 ,-0.0825958, 0.0321931 
-0.050416 ,0.113382 ,-0.992271, 0.255138 
0 ,0 ,0, 1 
0.307362 ,0.947073 ,0.0926392, -0.353813 
0.950254 ,-0.300309 ,-0.08266, 0.0323415 
-0.0504647 ,0.113437 ,-0.992263, 0.256132 
0 ,0 ,0, 1 
0.307445 ,0.947062 ,0.0924711, -0.353535 
0.950226 ,-0.300403 ,-0.0826381, 0.0325154 
-0.0504848 ,0.113275 ,-0.99228, 0.257246 
0 ,0 ,0, 1 
0.30737 ,0.947085 ,0.0924897, -0.353156 
0.950246 ,-0.300319 ,-0.0827055, 0.0326564 
-0.0505527 ,0.113309 ,-0.992273, 0.258451 
0 ,0 ,0, 1 
0.307324 ,0.947105 ,0.0924279, -0.352873 
0.950258 ,-0.300273 ,-0.0827356, 0.0328031 
-0.0506057 ,0.113257 ,-0.992276, 0.259606 
0 ,0 ,0, 1 
0.307314 ,0.947129 ,0.0922269, -0.352597 
0.95026 ,-0.300277 ,-0.0827024, 0.0329632 
-0.0506362 ,0.113055 ,-0.992298, 0.260835 
0 ,0 ,0, 1 
0.307157 ,0.947171 ,0.0923131, -0.352181 
0.950308 ,-0.300108 ,-0.0827621, 0.033111 
-0.050686 ,0.113147 ,-0.992285, 0.26204 
0 ,0 ,0, 1 
0.30694 ,0.947238 ,0.0923529, -0.351836 
0.950375 ,-0.299881 ,-0.0828203, 0.0332393 
-0.0507555 ,0.113191 ,-0.992276, 0.263234 
0 ,0 ,0, 1 
0.307147 ,0.947187 ,0.092181, -0.351512 
0.950307 ,-0.3001 ,-0.0828052, 0.0334093 
-0.0507685 ,0.113034 ,-0.992293, 0.264458 
0 ,0 ,0, 1 
0.307169 ,0.947183 ,0.0921463, -0.351207 
0.950298 ,-0.300121 ,-0.0828358, 0.033541 
-0.0508057 ,0.113011 ,-0.992294, 0.26557 
0 ,0 ,0, 1 
0.307152 ,0.94719 ,0.092139, -0.350938 
0.950302 ,-0.3001 ,-0.0828654, 0.0336465 
-0.0508383 ,0.113012 ,-0.992292, 0.266572 
0 ,0 ,0, 1 
0.307187 ,0.947171 ,0.0922081, -0.350552 
0.950289 ,-0.300126 ,-0.0829223, 0.0337758 
-0.0508677 ,0.113097 ,-0.992281, 0.267686 
0 ,0 ,0, 1 
0.307152 ,0.947211 ,0.0919156, -0.350382 
0.950295 ,-0.300106 ,-0.0829249, 0.0339025 
-0.050963 ,0.112817 ,-0.992308, 0.26877 
0 ,0 ,0, 1 
0.307093 ,0.947232 ,0.0919044, -0.350086 
0.950313 ,-0.300044 ,-0.0829418, 0.0340065 
-0.0509897 ,0.112809 ,-0.992308, 0.269751 
0 ,0 ,0, 1 
0.307007 ,0.947243 ,0.0920779, -0.349703 
0.950341 ,-0.299946 ,-0.0829705, 0.034115 
-0.0509748 ,0.112978 ,-0.992289, 0.270745 
0 ,0 ,0, 1 
0.307068 ,0.947267 ,0.0916258, -0.349642 
0.950314 ,-0.30003 ,-0.0829726, 0.0342281 
-0.0511067 ,0.112552 ,-0.992331, 0.271588 
0 ,0 ,0, 1 
0.307112 ,0.947215 ,0.0920073, -0.349203 
0.950305 ,-0.300051 ,-0.0830111, 0.0343605 
-0.0510225 ,0.112929 ,-0.992292, 0.272516 
0 ,0 ,0, 1 
0.307009 ,0.947255 ,0.0919436, -0.348967 
0.950335 ,-0.299946 ,-0.0830447, 0.0344717 
-0.0510864 ,0.112873 ,-0.992295, 0.273351 
0 ,0 ,0, 1 
0.307101 ,0.947255 ,0.0916345, -0.348841 
0.950299 ,-0.300053 ,-0.0830622, 0.0345589 
-0.0511859 ,0.112589 ,-0.992322, 0.274157 
0 ,0 ,0, 1 
0.307041 ,0.947226 ,0.0921355, -0.348392 
0.950321 ,-0.299954 ,-0.0831721, 0.034597 
-0.0511463 ,0.113096 ,-0.992267, 0.27494 
0 ,0 ,0, 1 
0.306855 ,0.947307 ,0.0919143, -0.348273 
0.950376 ,-0.29978 ,-0.0831708, 0.034617 
-0.0512343 ,0.112875 ,-0.992287, 0.275552 
0 ,0 ,0, 1 
0.306749 ,0.94732 ,0.092142, -0.347916 
0.950409 ,-0.299651 ,-0.0832559, 0.0345925 
-0.0512595 ,0.113111 ,-0.992259, 0.276238 
0 ,0 ,0, 1 
0.306846 ,0.947253 ,0.0925007, -0.34751 
0.950382 ,-0.299724 ,-0.0833077, 0.0346828 
-0.0511888 ,0.113474 ,-0.992221, 0.276811 
0 ,0 ,0, 1 
0.306881 ,0.947273 ,0.0921856, -0.347585 
0.950369 ,-0.299782 ,-0.0832445, 0.0347436 
-0.0512196 ,0.113156 ,-0.992256, 0.27691 
0 ,0 ,0, 1 
0.30691 ,0.947277 ,0.0920471, -0.347655 
0.950358 ,-0.299821 ,-0.083227, 0.0347498 
-0.0512414 ,0.113021 ,-0.99227, 0.276805 
0 ,0 ,0, 1 
0.307102 ,0.947261 ,0.0915682, -0.348018 
0.950294 ,-0.300049 ,-0.0831378, 0.0347494 
-0.0512782 ,0.112549 ,-0.992322, 0.275937 
0 ,0 ,0, 1 
0.307239 ,0.94724 ,0.0913316, -0.34854 
0.950253 ,-0.300212 ,-0.0830183, 0.0346427 
-0.0512194 ,0.112295 ,-0.992354, 0.274476 
0 ,0 ,0, 1 
0.307474 ,0.947172 ,0.091243, -0.34908 
0.950174 ,-0.300446 ,-0.083073, 0.0344075 
-0.0512708 ,0.112239 ,-0.992358, 0.272614 
0 ,0 ,0, 1 
0.307918 ,0.947035 ,0.0911634, -0.349783 
0.950036 ,-0.300905 ,-0.082992, 0.034154 
-0.0511648 ,0.112163 ,-0.992372, 0.270212 
0 ,0 ,0, 1 
0.307659 ,0.947136 ,0.090992, -0.350549 
0.950119 ,-0.30066 ,-0.0829353, 0.033855 
-0.0511934 ,0.111969 ,-0.992392, 0.267868 
0 ,0 ,0, 1 
0.307757 ,0.947078 ,0.0912638, -0.351016 
0.95009 ,-0.300739 ,-0.0829826, 0.0335687 
-0.0511444 ,0.112247 ,-0.992363, 0.265799 
0 ,0 ,0, 1 
0.307999 ,0.947027 ,0.0909774, -0.351801 
0.950014 ,-0.301009 ,-0.0828701, 0.0333006 
-0.0510952 ,0.111954 ,-0.992399, 0.263481 
0 ,0 ,0, 1 
0.307882 ,0.94704 ,0.091233, -0.35229 
0.950056 ,-0.300881 ,-0.0828533, 0.0330014 
-0.0510152 ,0.112185 ,-0.992377, 0.261465 
0 ,0 ,0, 1 
0.307864 ,0.947034 ,0.0913609, -0.352746 
0.950064 ,-0.300857 ,-0.0828504, 0.0327525 
-0.0509756 ,0.112305 ,-0.992365, 0.259775 
0 ,0 ,0, 1 
0.307961 ,0.947015 ,0.0912264, -0.353221 
0.950034 ,-0.300968 ,-0.0827865, 0.032536 
-0.0509438 ,0.112163 ,-0.992383, 0.258268 
0 ,0 ,0, 1 
0.308103 ,0.946948 ,0.091442, -0.353544 
0.949991 ,-0.301096 ,-0.0828137, 0.0323108 
-0.0508875 ,0.112384 ,-0.992361, 0.256865 
0 ,0 ,0, 1 
0.308048 ,0.94697 ,0.091404, -0.353912 
0.950011 ,-0.30105 ,-0.0827519, 0.0321586 
-0.0508465 ,0.112326 ,-0.99237, 0.255668 
0 ,0 ,0, 1 
0.30785 ,0.947062 ,0.0911127, -0.354352 
0.950073 ,-0.300876 ,-0.0826729, 0.0319872 
-0.0508828 ,0.112015 ,-0.992403, 0.254648 
0 ,0 ,0, 1 
0.307798 ,0.94701 ,0.0918248, -0.354338 
0.950096 ,-0.300773 ,-0.0827843, 0.0318138 
-0.0507791 ,0.112723 ,-0.992328, 0.253827 
0 ,0 ,0, 1 
0.307851 ,0.94705 ,0.0912349, -0.354711 
0.950075 ,-0.300871 ,-0.0826654, 0.0318135 
-0.0508384 ,0.112129 ,-0.992392, 0.253322 
0 ,0 ,0, 1 
0.307832 ,0.947033 ,0.0914745, -0.354729 
0.950085 ,-0.300838 ,-0.0826712, 0.0317273 
-0.0507733 ,0.112357 ,-0.99237, 0.25276 
0 ,0 ,0, 1 
0.307757 ,0.947047 ,0.0915861, -0.354843 
0.950108 ,-0.300753 ,-0.0827183, 0.0316318 
-0.0507933 ,0.112474 ,-0.992356, 0.252291 
0 ,0 ,0, 1 
0.30768 ,0.947106 ,0.0912325, -0.355069 
0.950131 ,-0.300702 ,-0.0826453, 0.0316057 
-0.05084 ,0.112111 ,-0.992394, 0.252033 
0 ,0 ,0, 1 
0.307601 ,0.947125 ,0.091305, -0.355102 
0.950158 ,-0.30062 ,-0.0826318, 0.0315589 
-0.0508145 ,0.112172 ,-0.992389, 0.251803 
0 ,0 ,0, 1 
0.307595 ,0.947146 ,0.0911015, -0.355251 
0.950158 ,-0.30063 ,-0.0825885, 0.0315686 
-0.0508356 ,0.111965 ,-0.992411, 0.251678 
0 ,0 ,0, 1 
0.307579 ,0.947137 ,0.0912493, -0.355206 
0.950165 ,-0.300604 ,-0.0826058, 0.0315462 
-0.0508091 ,0.11211 ,-0.992396, 0.251557 
0 ,0 ,0, 1 
0.307495 ,0.947146 ,0.0914382, -0.355154 
0.950194 ,-0.300508 ,-0.0826182, 0.0314989 
-0.0507736 ,0.112289 ,-0.992378, 0.251454 
0 ,0 ,0, 1 
0.30747 ,0.947166 ,0.0913118, -0.355246 
0.950201 ,-0.300493 ,-0.0825895, 0.0315005 
-0.0507874 ,0.112158 ,-0.992392, 0.25141 
0 ,0 ,0, 1 
0.307476 ,0.947166 ,0.0913007, -0.355249 
0.950199 ,-0.300499 ,-0.0825906, 0.0315014 
-0.0507912 ,0.112149 ,-0.992393, 0.251399 
0 ,0 ,0, 1 
0.307478 ,0.94716 ,0.0913561, -0.355224 
0.950199 ,-0.300498 ,-0.0825996, 0.0314977 
-0.0507828 ,0.112204 ,-0.992387, 0.251381 
0 ,0 ,0, 1 
0.30748 ,0.947157 ,0.0913715, -0.355215 
0.950199 ,-0.300499 ,-0.0826003, 0.0314973 
-0.0507784 ,0.112219 ,-0.992385, 0.251376 
0 ,0 ,0, 1 
0.307478 ,0.947159 ,0.0913668, -0.355216 
0.950199 ,-0.300497 ,-0.0825999, 0.0314974 
-0.0507797 ,0.112214 ,-0.992386, 0.251378 
0 ,0 ,0, 1 
0.307479 ,0.947159 ,0.0913569, -0.35522 
0.950199 ,-0.300499 ,-0.0825987, 0.0314984 
-0.0507815 ,0.112205 ,-0.992387, 0.251382 
0 ,0 ,0, 1 
0.307478 ,0.94716 ,0.0913543, -0.355218 
0.950199 ,-0.300498 ,-0.0825968, 0.0314991 
-0.0507805 ,0.112201 ,-0.992387, 0.251388 
0 ,0 ,0, 1 
0.307477 ,0.947159 ,0.0913693, -0.355209 
0.9502 ,-0.300496 ,-0.0825996, 0.0314977 
-0.0507789 ,0.112217 ,-0.992386, 0.251393 
0 ,0 ,0, 1 
0.307477 ,0.947157 ,0.0913856, -0.355198 
0.9502 ,-0.300495 ,-0.0826012, 0.0314972 
-0.0507754 ,0.112233 ,-0.992384, 0.251401 
0 ,0 ,0, 1 
0.307475 ,0.947156 ,0.0914022, -0.355184 
0.950201 ,-0.300492 ,-0.082601, 0.0314969 
-0.0507704 ,0.112248 ,-0.992382, 0.251412 
0 ,0 ,0, 1 
0.307474 ,0.947159 ,0.0913782, -0.355185 
0.950201 ,-0.300493 ,-0.0825976, 0.0314983 
-0.0507745 ,0.112224 ,-0.992385, 0.251426 
0 ,0 ,0, 1 
0.307471 ,0.947163 ,0.0913492, -0.355186 
0.950202 ,-0.300492 ,-0.0825939, 0.0314991 
-0.0507802 ,0.112195 ,-0.992388, 0.251444 
0 ,0 ,0, 1 
0.307468 ,0.947164 ,0.0913418, -0.355173 
0.950202 ,-0.30049 ,-0.0825925, 0.0314992 
-0.0507814 ,0.112188 ,-0.992389, 0.251467 
0 ,0 ,0, 1 
0.307469 ,0.947166 ,0.0913228, -0.355176 
0.950202 ,-0.300492 ,-0.0825849, 0.0315034 
-0.0507798 ,0.112167 ,-0.992391, 0.251479 
0 ,0 ,0, 1 
0.307467 ,0.947168 ,0.0913028, -0.355179 
0.950203 ,-0.300492 ,-0.0825788, 0.0315058 
-0.0507803 ,0.112146 ,-0.992393, 0.251491 
0 ,0 ,0, 1 
0.307465 ,0.947168 ,0.091316, -0.355167 
0.950204 ,-0.300489 ,-0.0825783, 0.0315061 
-0.0507761 ,0.112159 ,-0.992392, 0.25151 
0 ,0 ,0, 1 
0.307463 ,0.947171 ,0.0912864, -0.355172 
0.950205 ,-0.30049 ,-0.0825592, 0.0315147 
-0.050767 ,0.112125 ,-0.992396, 0.251532 
0 ,0 ,0, 1 
0.30746 ,0.947175 ,0.0912606, -0.355175 
0.950207 ,-0.300492 ,-0.0825303, 0.0315273 
-0.0507475 ,0.112091 ,-0.992401, 0.251547 
0 ,0 ,0, 1 
0.307458 ,0.947177 ,0.0912434, -0.355177 
0.950208 ,-0.300493 ,-0.0825167, 0.0315331 
-0.0507399 ,0.112071 ,-0.992404, 0.251557 
0 ,0 ,0, 1 
0.307457 ,0.947179 ,0.0912243, -0.355179 
0.950208 ,-0.300494 ,-0.0825069, 0.0315372 
-0.0507364 ,0.112049 ,-0.992407, 0.251566 
0 ,0 ,0, 1 
0.307454 ,0.947184 ,0.0911861, -0.355189 
0.95021 ,-0.300496 ,-0.0824799, 0.031549 
-0.0507225 ,0.112005 ,-0.992412, 0.251582 
0 ,0 ,0, 1 
0.307454 ,0.947186 ,0.0911633, -0.355191 
0.950211 ,-0.300499 ,-0.082464, 0.0315561 
-0.0507143 ,0.111978 ,-0.992416, 0.251591 
0 ,0 ,0, 1 
0.307453 ,0.947188 ,0.0911435, -0.355192 
0.950211 ,-0.300499 ,-0.0824629, 0.0315561 
-0.0507194 ,0.111959 ,-0.992418, 0.251599 
0 ,0 ,0, 1 
0.307452 ,0.94719 ,0.0911297, -0.355191 
0.950211 ,-0.300499 ,-0.0824561, 0.0315588 
-0.0507172 ,0.111944 ,-0.992419, 0.251605 
0 ,0 ,0, 1 
0.307451 ,0.947192 ,0.0911162, -0.35519 
0.950213 ,-0.300502 ,-0.0824311, 0.0315696 
-0.0506974 ,0.111923 ,-0.992423, 0.251611 
0 ,0 ,0, 1 
0.307449 ,0.947194 ,0.0911004, -0.355192 
0.950213 ,-0.300502 ,-0.0824215, 0.0315736 
-0.0506932 ,0.111905 ,-0.992425, 0.251618 
0 ,0 ,0, 1 
0.307448 ,0.947196 ,0.0910799, -0.355196 
0.950214 ,-0.300503 ,-0.0824154, 0.0315761 
-0.0506938 ,0.111884 ,-0.992427, 0.251626 
0 ,0 ,0, 1 
0.307447 ,0.947197 ,0.0910679, -0.355196 
0.950214 ,-0.300503 ,-0.0824107, 0.0315778 
-0.050693 ,0.111871 ,-0.992429, 0.251631 
0 ,0 ,0, 1 
0.307448 ,0.947199 ,0.0910538, -0.355195 
0.950215 ,-0.300508 ,-0.0823794, 0.0315916 
-0.0506673 ,0.111848 ,-0.992433, 0.251637 
0 ,0 ,0, 1 
0.307447 ,0.947199 ,0.0910477, -0.355195 
0.950215 ,-0.300508 ,-0.0823771, 0.0315924 
-0.050667 ,0.111842 ,-0.992434, 0.251639 
0 ,0 ,0, 1 
0.307447 ,0.947201 ,0.0910367, -0.355194 
0.950215 ,-0.300508 ,-0.0823746, 0.0315932 
-0.050668 ,0.11183 ,-0.992435, 0.251643 
0 ,0 ,0, 1 
0.307446 ,0.947202 ,0.0910243, -0.355194 
0.950216 ,-0.300508 ,-0.0823719, 0.0315941 
-0.0506693 ,0.111818 ,-0.992436, 0.251647 
0 ,0 ,0, 1 
0.307445 ,0.947204 ,0.0910068, -0.355193 
0.950216 ,-0.300509 ,-0.0823651, 0.0315966 
-0.0506682 ,0.111799 ,-0.992438, 0.251655 
0 ,0 ,0, 1 
0.307444 ,0.947207 ,0.0909842, -0.355193 
0.950217 ,-0.30051 ,-0.0823538, 0.031601 
-0.0506644 ,0.111774 ,-0.992441, 0.251663 
0 ,0 ,0, 1 
0.307442 ,0.947209 ,0.0909618, -0.355193 
0.950217 ,-0.300511 ,-0.0823424, 0.0316056 
-0.0506604 ,0.111749 ,-0.992444, 0.251671 
0 ,0 ,0, 1 
0.307441 ,0.947212 ,0.090939, -0.355193 
0.950218 ,-0.300512 ,-0.0823331, 0.0316091 
-0.0506586 ,0.111724 ,-0.992447, 0.25168 
0 ,0 ,0, 1 
0.307439 ,0.947215 ,0.0909131, -0.355191 
0.950218 ,-0.300513 ,-0.0823219, 0.0316133 
-0.050656 ,0.111696 ,-0.99245, 0.25169 
0 ,0 ,0, 1 
0.307439 ,0.947216 ,0.0909038, -0.355188 
0.950219 ,-0.300513 ,-0.0823161, 0.0316155 
-0.0506533 ,0.111686 ,-0.992452, 0.251694 
0 ,0 ,0, 1 
0.307438 ,0.947216 ,0.0909053, -0.355181 
0.950219 ,-0.300514 ,-0.0823076, 0.0316189 
-0.0506448 ,0.111685 ,-0.992452, 0.251693 
0 ,0 ,0, 1 
0.307438 ,0.947216 ,0.090905, -0.355174 
0.95022 ,-0.300515 ,-0.082303, 0.0316205 
-0.0506405 ,0.111683 ,-0.992453, 0.251694 
0 ,0 ,0, 1 
0.307438 ,0.947217 ,0.0908971, -0.355168 
0.95022 ,-0.300515 ,-0.0822959, 0.0316231 
-0.0506361 ,0.111673 ,-0.992454, 0.251697 
0 ,0 ,0, 1 
0.307437 ,0.947218 ,0.0908895, -0.355162 
0.95022 ,-0.300516 ,-0.0822886, 0.0316258 
-0.0506315 ,0.111664 ,-0.992455, 0.251699 
0 ,0 ,0, 1 
0.307436 ,0.947219 ,0.0908777, -0.355158 
0.950221 ,-0.300516 ,-0.0822829, 0.0316278 
-0.0506297 ,0.111651 ,-0.992457, 0.251704 
0 ,0 ,0, 1 
0.307439 ,0.947217 ,0.0908901, -0.355141 
0.95022 ,-0.300518 ,-0.0822794, 0.0316287 
-0.0506223 ,0.111661 ,-0.992456, 0.251699 
0 ,0 ,0, 1 
0.307439 ,0.947217 ,0.0908923, -0.355128 
0.950221 ,-0.300519 ,-0.0822743, 0.0316302 
-0.0506168 ,0.111662 ,-0.992456, 0.251699 
0 ,0 ,0, 1 
0.307439 ,0.947216 ,0.090898, -0.35512 
0.950221 ,-0.300519 ,-0.0822704, 0.0316316 
-0.0506113 ,0.111666 ,-0.992456, 0.251697 
0 ,0 ,0, 1 
0.30744 ,0.947215 ,0.0909148, -0.355107 
0.950221 ,-0.300519 ,-0.0822702, 0.0316313 
-0.050606 ,0.111682 ,-0.992455, 0.251691 
0 ,0 ,0, 1 
0.30744 ,0.947213 ,0.0909269, -0.355096 
0.950221 ,-0.300519 ,-0.0822674, 0.0316322 
-0.0505995 ,0.111693 ,-0.992454, 0.251686 
0 ,0 ,0, 1 
0.307441 ,0.947211 ,0.0909466, -0.355082 
0.950221 ,-0.300519 ,-0.0822656, 0.0316326 
-0.0505917 ,0.111711 ,-0.992452, 0.251679 
0 ,0 ,0, 1 
0.307443 ,0.947209 ,0.0909622, -0.355068 
0.950221 ,-0.300521 ,-0.0822656, 0.0316322 
-0.0505867 ,0.111726 ,-0.992451, 0.251674 
0 ,0 ,0, 1 
0.307444 ,0.947207 ,0.0909754, -0.355058 
0.950221 ,-0.300521 ,-0.0822624, 0.0316334 
-0.0505796 ,0.111738 ,-0.99245, 0.251669 
0 ,0 ,0, 1 
0.307445 ,0.947205 ,0.0909989, -0.355043 
0.950221 ,-0.300521 ,-0.0822612, 0.0316336 
-0.0505711 ,0.11176 ,-0.992448, 0.251661 
0 ,0 ,0, 1 
0.307445 ,0.947202 ,0.0910315, -0.355024 
0.950222 ,-0.30052 ,-0.0822589, 0.0316338 
-0.050559 ,0.11179 ,-0.992445, 0.251649 
0 ,0 ,0, 1 
0.307446 ,0.9472 ,0.0910461, -0.355016 
0.950222 ,-0.30052 ,-0.0822555, 0.0316352 
-0.0505513 ,0.111803 ,-0.992444, 0.251644 
0 ,0 ,0, 1 
0.307443 ,0.9472 ,0.0910574, -0.355008 
0.950223 ,-0.300519 ,-0.0822433, 0.0316396 
-0.0505364 ,0.11181 ,-0.992444, 0.25164 
0 ,0 ,0, 1 
0.307432 ,0.947201 ,0.0910777, -0.354998 
0.950228 ,-0.300507 ,-0.0822353, 0.031638 
-0.0505239 ,0.111826 ,-0.992443, 0.251633 
0 ,0 ,0, 1 
0.307422 ,0.947204 ,0.091079, -0.354996 
0.950231 ,-0.300498 ,-0.0822308, 0.0316358 
-0.0505204 ,0.111826 ,-0.992443, 0.251633 
0 ,0 ,0, 1 
0.307404 ,0.947211 ,0.0910745, -0.354997 
0.950237 ,-0.30048 ,-0.0822266, 0.03163 
-0.0505199 ,0.111819 ,-0.992444, 0.251636 
0 ,0 ,0, 1 
0.307389 ,0.947215 ,0.0910838, -0.354989 
0.950242 ,-0.300465 ,-0.0822234, 0.031625 
-0.0505157 ,0.111826 ,-0.992443, 0.251633 
0 ,0 ,0, 1 
0.307384 ,0.947214 ,0.0911076, -0.354977 
0.950244 ,-0.300459 ,-0.0822229, 0.0316225 
-0.0505086 ,0.111849 ,-0.992441, 0.251624 
0 ,0 ,0, 1 
0.307381 ,0.947215 ,0.0911111, -0.354972 
0.950245 ,-0.300456 ,-0.0822196, 0.0316218 
-0.0505047 ,0.111851 ,-0.992441, 0.251623 
0 ,0 ,0, 1 
0.307377 ,0.947217 ,0.091103, -0.354973 
0.950247 ,-0.300453 ,-0.0822166, 0.0316215 
-0.0505047 ,0.111842 ,-0.992442, 0.251626 
0 ,0 ,0, 1 
0.307371 ,0.947219 ,0.0910999, -0.354973 
0.950249 ,-0.300447 ,-0.0822138, 0.03162 
-0.0505038 ,0.111838 ,-0.992442, 0.251628 
0 ,0 ,0, 1 
0.307357 ,0.947221 ,0.0911231, -0.354962 
0.950253 ,-0.300432 ,-0.0822122, 0.0316146 
-0.0504968 ,0.111859 ,-0.99244, 0.25162 
0 ,0 ,0, 1 
0.307346 ,0.947224 ,0.0911369, -0.354954 
0.950257 ,-0.30042 ,-0.0822114, 0.0316097 
-0.0504932 ,0.111871 ,-0.992439, 0.251615 
0 ,0 ,0, 1 
0.307339 ,0.947226 ,0.0911355, -0.354954 
0.95026 ,-0.300413 ,-0.0822085, 0.0316073 
-0.0504917 ,0.111868 ,-0.992439, 0.251616 
0 ,0 ,0, 1 
0.307331 ,0.947229 ,0.0911329, -0.354955 
0.950262 ,-0.300407 ,-0.0822034, 0.0316065 
-0.0504885 ,0.111864 ,-0.99244, 0.251617 
0 ,0 ,0, 1 
0.307322 ,0.947232 ,0.0911302, -0.354955 
0.950265 ,-0.300398 ,-0.0822005, 0.0316042 
-0.0504876 ,0.11186 ,-0.992441, 0.251619 
0 ,0 ,0, 1 
0.307315 ,0.947234 ,0.0911343, -0.354952 
0.950268 ,-0.300391 ,-0.0821985, 0.031602 
-0.0504853 ,0.111863 ,-0.99244, 0.251618 
0 ,0 ,0, 1 
0.307308 ,0.947236 ,0.0911342, -0.354951 
0.95027 ,-0.300384 ,-0.0821939, 0.0316009 
-0.0504818 ,0.111861 ,-0.992441, 0.251619 
0 ,0 ,0, 1 
0.3073 ,0.947239 ,0.0911352, -0.354951 
0.950273 ,-0.300377 ,-0.0821914, 0.0315989 
-0.05048 ,0.111861 ,-0.992441, 0.251619 
0 ,0 ,0, 1 
0.307293 ,0.947241 ,0.0911344, -0.35495 
0.950275 ,-0.30037 ,-0.0821907, 0.0315961 
-0.0504804 ,0.111859 ,-0.992441, 0.251619 
0 ,0 ,0, 1 
0.307286 ,0.947243 ,0.0911366, -0.354949 
0.950278 ,-0.300363 ,-0.0821883, 0.0315941 
-0.0504783 ,0.11186 ,-0.992441, 0.251619 
0 ,0 ,0, 1 
0.30728 ,0.947245 ,0.0911379, -0.354948 
0.95028 ,-0.300357 ,-0.082184, 0.0315935 
-0.0504745 ,0.11186 ,-0.992441, 0.251618 
0 ,0 ,0, 1 
0.307272 ,0.947248 ,0.091137, -0.354949 
0.950282 ,-0.30035 ,-0.0821769, 0.0315936 
-0.0504689 ,0.111857 ,-0.992442, 0.251619 
0 ,0 ,0, 1 
0.307259 ,0.947252 ,0.0911382, -0.354949 
0.950287 ,-0.300338 ,-0.0821675, 0.0315922 
-0.0504611 ,0.111854 ,-0.992443, 0.251619 
0 ,0 ,0, 1 
0.307247 ,0.947255 ,0.0911425, -0.354947 
0.950291 ,-0.300326 ,-0.0821628, 0.0315893 
-0.0504567 ,0.111856 ,-0.992443, 0.251618 
0 ,0 ,0, 1 
0.307233 ,0.947259 ,0.0911505, -0.354943 
0.950296 ,-0.300313 ,-0.0821587, 0.0315854 
-0.0504519 ,0.111862 ,-0.992442, 0.251616 
0 ,0 ,0, 1 
0.307223 ,0.947262 ,0.0911569, -0.354941 
0.9503 ,-0.300302 ,-0.0821545, 0.0315827 
-0.0504472 ,0.111866 ,-0.992442, 0.251614 
0 ,0 ,0, 1 
0.307212 ,0.947265 ,0.0911608, -0.35494 
0.950303 ,-0.300291 ,-0.0821518, 0.0315794 
-0.0504447 ,0.111868 ,-0.992442, 0.251613 
0 ,0 ,0, 1 
0.307205 ,0.947267 ,0.091162, -0.354939 
0.950306 ,-0.300285 ,-0.0821472, 0.0315784 
-0.0504408 ,0.111868 ,-0.992442, 0.251613 
0 ,0 ,0, 1 
0.307196 ,0.94727 ,0.0911631, -0.354939 
0.950309 ,-0.300276 ,-0.0821445, 0.031576 
-0.0504388 ,0.111868 ,-0.992442, 0.251613 
0 ,0 ,0, 1 
0.307181 ,0.947274 ,0.0911657, -0.354938 
0.950314 ,-0.300262 ,-0.0821351, 0.0315741 
-0.0504308 ,0.111866 ,-0.992443, 0.251613 
0 ,0 ,0, 1 
0.307168 ,0.947278 ,0.0911695, -0.354937 
0.950319 ,-0.300251 ,-0.0821177, 0.0315764 
-0.0504147 ,0.111864 ,-0.992444, 0.251612 
0 ,0 ,0, 1 
0.307156 ,0.947282 ,0.0911703, -0.354937 
0.950323 ,-0.300238 ,-0.0821166, 0.0315718 
-0.0504148 ,0.111864 ,-0.992444, 0.251612 
0 ,0 ,0, 1 
0.307142 ,0.947286 ,0.0911718, -0.354937 
0.950327 ,-0.300225 ,-0.0821134, 0.0315676 
-0.0504128 ,0.111864 ,-0.992444, 0.251612 
0 ,0 ,0, 1 
0.307129 ,0.94729 ,0.0911749, -0.354937 
0.950332 ,-0.300212 ,-0.0821083, 0.0315644 
-0.0504086 ,0.111864 ,-0.992444, 0.251612 
0 ,0 ,0, 1 
0.307114 ,0.947295 ,0.0911769, -0.354936 
0.950338 ,-0.3002 ,-0.0820783, 0.0315719 
-0.050381 ,0.111856 ,-0.992446, 0.251612 
0 ,0 ,0, 1 
0.307103 ,0.947299 ,0.0911774, -0.354937 
0.950342 ,-0.30019 ,-0.082073, 0.0315697 
-0.0503771 ,0.111855 ,-0.992447, 0.251613 
0 ,0 ,0, 1 
0.307093 ,0.947302 ,0.091176, -0.354938 
0.950345 ,-0.30018 ,-0.0820697, 0.0315671 
-0.0503756 ,0.111852 ,-0.992447, 0.251614 
0 ,0 ,0, 1 
0.307083 ,0.947305 ,0.0911772, -0.354938 
0.950349 ,-0.300171 ,-0.0820668, 0.0315643 
-0.0503735 ,0.111851 ,-0.992447, 0.251614 
0 ,0 ,0, 1 
0.307075 ,0.947308 ,0.0911773, -0.354938 
0.950352 ,-0.300163 ,-0.0820618, 0.031563 
-0.0503698 ,0.11185 ,-0.992448, 0.251614 
0 ,0 ,0, 1 
0.307066 ,0.947311 ,0.0911771, -0.354939 
0.950354 ,-0.300155 ,-0.0820588, 0.0315608 
-0.0503679 ,0.111848 ,-0.992448, 0.251614 
0 ,0 ,0, 1 
0.307057 ,0.947313 ,0.0911775, -0.354939 
0.950358 ,-0.300147 ,-0.0820518, 0.0315604 
-0.0503622 ,0.111846 ,-0.992449, 0.251615 
0 ,0 ,0, 1 
0.307049 ,0.947316 ,0.0911793, -0.354938 
0.950361 ,-0.300139 ,-0.082045, 0.0315599 
-0.0503561 ,0.111845 ,-0.992449, 0.251614 
0 ,0 ,0, 1 
0.30704 ,0.947319 ,0.091181, -0.354938 
0.950364 ,-0.300131 ,-0.0820381, 0.0315595 
-0.05035 ,0.111844 ,-0.992449, 0.251614 
0 ,0 ,0, 1 
0.307032 ,0.947321 ,0.0911827, -0.354938 
0.950367 ,-0.300123 ,-0.0820312, 0.0315591 
-0.0503439 ,0.111843 ,-0.99245, 0.251614 
0 ,0 ,0, 1 
0.307024 ,0.947324 ,0.091183, -0.354938 
0.95037 ,-0.300116 ,-0.0820244, 0.0315591 
-0.0503381 ,0.111841 ,-0.99245, 0.251614 
0 ,0 ,0, 1 
0.307016 ,0.947326 ,0.0911857, -0.354937 
0.950373 ,-0.300108 ,-0.0820197, 0.0315576 
-0.0503339 ,0.111842 ,-0.99245, 0.251614 
0 ,0 ,0, 1 
0.307007 ,0.947329 ,0.0911871, -0.354937 
0.950375 ,-0.3001 ,-0.0820149, 0.0315563 
-0.0503298 ,0.111841 ,-0.992451, 0.251614 
0 ,0 ,0, 1 
0.306999 ,0.947331 ,0.0911898, -0.354937 
0.950378 ,-0.300092 ,-0.0820102, 0.0315548 
-0.0503255 ,0.111842 ,-0.992451, 0.251613 
0 ,0 ,0, 1 
0.30699 ,0.947334 ,0.0911919, -0.354936 
0.950381 ,-0.300084 ,-0.0820075, 0.0315525 
-0.0503233 ,0.111843 ,-0.992451, 0.251613 
0 ,0 ,0, 1 
0.306978 ,0.947338 ,0.0911933, -0.354937 
0.950385 ,-0.300072 ,-0.0820043, 0.0315488 
-0.0503212 ,0.111842 ,-0.992451, 0.251613 
0 ,0 ,0, 1 
0.306969 ,0.94734 ,0.0911944, -0.354936 
0.950388 ,-0.300063 ,-0.0820016, 0.0315465 
-0.0503193 ,0.111842 ,-0.992451, 0.251613 
0 ,0 ,0, 1 
0.30696 ,0.947343 ,0.0911955, -0.354936 
0.950391 ,-0.300054 ,-0.0819986, 0.0315438 
-0.0503172 ,0.111842 ,-0.992451, 0.251613 
0 ,0 ,0, 1 
0.306947 ,0.947347 ,0.0911969, -0.354937 
0.950396 ,-0.300042 ,-0.0819954, 0.0315401 
-0.0503152 ,0.111841 ,-0.992451, 0.251613 
0 ,0 ,0, 1 
0.30694 ,0.947349 ,0.0911981, -0.354937 
0.950398 ,-0.300034 ,-0.0819924, 0.0315374 
-0.0503129 ,0.111841 ,-0.992452, 0.251612 
0 ,0 ,0, 1 
0.306933 ,0.947352 ,0.0911977, -0.354937 
0.9504 ,-0.300028 ,-0.0819897, 0.0315361 
-0.0503112 ,0.11184 ,-0.992452, 0.251613 
0 ,0 ,0, 1 
0.306926 ,0.947354 ,0.0911983, -0.354937 
0.950403 ,-0.300021 ,-0.081989, 0.0315334 
-0.0503112 ,0.11184 ,-0.992452, 0.251613 
0 ,0 ,0, 1 
0.30692 ,0.947356 ,0.0911991, -0.354937 
0.950405 ,-0.300015 ,-0.0819864, 0.031532 
-0.0503092 ,0.111839 ,-0.992452, 0.251613 
0 ,0 ,0, 1 
0.306914 ,0.947357 ,0.091201, -0.354937 
0.950407 ,-0.300009 ,-0.081986, 0.0315296 
-0.050309 ,0.111841 ,-0.992452, 0.251612 
0 ,0 ,0, 1 
0.306907 ,0.94736 ,0.0912029, -0.354937 
0.950409 ,-0.300003 ,-0.0819773, 0.0315306 
-0.0503009 ,0.111839 ,-0.992452, 0.251612 
0 ,0 ,0, 1 
0.306897 ,0.947363 ,0.091205, -0.354936 
0.950413 ,-0.299994 ,-0.0819683, 0.0315306 
-0.0502928 ,0.111838 ,-0.992453, 0.251612 
0 ,0 ,0, 1 
0.306892 ,0.947364 ,0.0912068, -0.354936 
0.950415 ,-0.29999 ,-0.0819598, 0.0315324 
-0.0502847 ,0.111837 ,-0.992453, 0.251612 
0 ,0 ,0, 1 
0.306886 ,0.947366 ,0.091207, -0.354936 
0.950417 ,-0.299984 ,-0.0819531, 0.0315329 
-0.050279 ,0.111835 ,-0.992454, 0.251612 
0 ,0 ,0, 1 
0.306882 ,0.947367 ,0.0912092, -0.354935 
0.950419 ,-0.299981 ,-0.0819488, 0.0315333 
-0.0502746 ,0.111836 ,-0.992454, 0.251611 
0 ,0 ,0, 1 
0.306875 ,0.947369 ,0.0912092, -0.354935 
0.950421 ,-0.299974 ,-0.081944, 0.0315324 
-0.0502709 ,0.111834 ,-0.992455, 0.251612 
0 ,0 ,0, 1 
0.30687 ,0.947371 ,0.0912106, -0.354935 
0.950423 ,-0.29997 ,-0.0819375, 0.0315333 
-0.0502648 ,0.111833 ,-0.992455, 0.251612 
0 ,0 ,0, 1 
0.306865 ,0.947372 ,0.091213, -0.354934 
0.950425 ,-0.299965 ,-0.0819332, 0.0315332 
-0.0502606 ,0.111834 ,-0.992455, 0.251611 
0 ,0 ,0, 1 
0.306859 ,0.947372 ,0.0912305, -0.354927 
0.950427 ,-0.299959 ,-0.0819312, 0.0315316 
-0.050254 ,0.111849 ,-0.992454, 0.251605 
0 ,0 ,0, 1 
0.306856 ,0.947371 ,0.0912541, -0.354916 
0.950429 ,-0.299954 ,-0.0819304, 0.0315299 
-0.0502464 ,0.111871 ,-0.992452, 0.251597 
0 ,0 ,0, 1 
0.306851 ,0.947373 ,0.0912514, -0.354918 
0.950431 ,-0.29995 ,-0.0819253, 0.0315302 
-0.050243 ,0.111867 ,-0.992452, 0.251598 
0 ,0 ,0, 1 
0.306847 ,0.947374 ,0.0912514, -0.354918 
0.950432 ,-0.299947 ,-0.0819187, 0.0315317 
-0.0502371 ,0.111865 ,-0.992453, 0.251598 
0 ,0 ,0, 1 
0.306845 ,0.947374 ,0.0912578, -0.354915 
0.950433 ,-0.299945 ,-0.0819131, 0.0315327 
-0.0502301 ,0.111869 ,-0.992453, 0.251596 
0 ,0 ,0, 1 
0.306842 ,0.947374 ,0.0912712, -0.35491 
0.950434 ,-0.299942 ,-0.0819108, 0.0315322 
-0.0502241 ,0.111881 ,-0.992452, 0.251592 
0 ,0 ,0, 1 
0.306837 ,0.947375 ,0.0912819, -0.354905 
0.950436 ,-0.299937 ,-0.0819099, 0.0315306 
-0.0502205 ,0.111891 ,-0.992451, 0.251588 
0 ,0 ,0, 1 
0.306835 ,0.947376 ,0.0912799, -0.354906 
0.950437 ,-0.299935 ,-0.0819072, 0.0315308 
-0.0502189 ,0.111888 ,-0.992451, 0.251589 
0 ,0 ,0, 1 
0.306831 ,0.947377 ,0.0912793, -0.354907 
0.950438 ,-0.299931 ,-0.0819047, 0.0315304 
-0.0502171 ,0.111886 ,-0.992451, 0.251589 
0 ,0 ,0, 1 
0.306827 ,0.947378 ,0.0912791, -0.354907 
0.95044 ,-0.299928 ,-0.0819001, 0.0315309 
-0.0502132 ,0.111884 ,-0.992452, 0.25159 
0 ,0 ,0, 1 
0.306824 ,0.947379 ,0.0912797, -0.354906 
0.950441 ,-0.299924 ,-0.0818979, 0.0315304 
-0.0502113 ,0.111884 ,-0.992452, 0.251589 
0 ,0 ,0, 1 
0.306821 ,0.94738 ,0.091283, -0.354906 
0.950442 ,-0.299922 ,-0.0818939, 0.0315312 
-0.0502068 ,0.111886 ,-0.992452, 0.251588 
0 ,0 ,0, 1 
0.306819 ,0.94738 ,0.0912822, -0.354906 
0.950443 ,-0.29992 ,-0.0818916, 0.0315312 
-0.0502051 ,0.111884 ,-0.992452, 0.251589 
0 ,0 ,0, 1 
0.306818 ,0.947381 ,0.0912827, -0.354906 
0.950443 ,-0.299919 ,-0.0818894, 0.0315317 
-0.0502031 ,0.111884 ,-0.992452, 0.251589 
0 ,0 ,0, 1 
0.306817 ,0.947381 ,0.091282, -0.354905 
0.950444 ,-0.299919 ,-0.0818853, 0.0315335 
-0.0501993 ,0.111882 ,-0.992453, 0.251589 
0 ,0 ,0, 1 
0.306816 ,0.947381 ,0.0912842, -0.354904 
0.950444 ,-0.299918 ,-0.0818835, 0.0315339 
-0.0501971 ,0.111884 ,-0.992453, 0.251589 
0 ,0 ,0, 1 
0.306818 ,0.947381 ,0.0912836, -0.354904 
0.950444 ,-0.29992 ,-0.0818794, 0.0315357 
-0.0501931 ,0.111882 ,-0.992453, 0.25159 
0 ,0 ,0, 1 
0.306818 ,0.947381 ,0.0912833, -0.354904 
0.950444 ,-0.299921 ,-0.0818733, 0.0315384 
-0.0501874 ,0.11188 ,-0.992454, 0.25159 
0 ,0 ,0, 1 
0.306818 ,0.947381 ,0.0912836, -0.354904 
0.950444 ,-0.299921 ,-0.0818713, 0.0315393 
-0.0501854 ,0.11188 ,-0.992454, 0.25159 
0 ,0 ,0, 1 
0.306816 ,0.947381 ,0.0912831, -0.354904 
0.950445 ,-0.29992 ,-0.081867, 0.0315407 
-0.0501817 ,0.111878 ,-0.992454, 0.25159 
0 ,0 ,0, 1 
0.306815 ,0.947382 ,0.0912826, -0.354903 
0.950446 ,-0.299919 ,-0.0818628, 0.0315421 
-0.0501779 ,0.111876 ,-0.992455, 0.25159 
0 ,0 ,0, 1 
0.306815 ,0.947382 ,0.0912832, -0.354903 
0.950446 ,-0.29992 ,-0.0818588, 0.0315439 
-0.0501739 ,0.111875 ,-0.992455, 0.25159 
0 ,0 ,0, 1 
0.306813 ,0.947383 ,0.0912791, -0.354905 
0.950446 ,-0.299919 ,-0.081854, 0.0315455 
-0.0501707 ,0.11187 ,-0.992456, 0.251592 
0 ,0 ,0, 1 
0.306813 ,0.947383 ,0.0912785, -0.354905 
0.950447 ,-0.299919 ,-0.0818498, 0.0315475 
-0.0501669 ,0.111868 ,-0.992456, 0.251592 
0 ,0 ,0, 1 
0.306813 ,0.947383 ,0.0912765, -0.354905 
0.950447 ,-0.29992 ,-0.0818455, 0.0315494 
-0.0501634 ,0.111865 ,-0.992456, 0.251593 
0 ,0 ,0, 1 
0.306813 ,0.947383 ,0.0912768, -0.354905 
0.950447 ,-0.29992 ,-0.0818435, 0.0315503 
-0.0501614 ,0.111864 ,-0.992457, 0.251593 
0 ,0 ,0, 1 
0.306811 ,0.947384 ,0.091277, -0.354905 
0.950448 ,-0.299918 ,-0.0818432, 0.0315494 
-0.0501614 ,0.111864 ,-0.992457, 0.251593 
0 ,0 ,0, 1 
0.306812 ,0.947383 ,0.0912749, -0.354906 
0.950447 ,-0.299919 ,-0.081841, 0.0315504 
-0.0501597 ,0.111862 ,-0.992457, 0.251594 
0 ,0 ,0, 1 
0.306812 ,0.947383 ,0.0912752, -0.354906 
0.950448 ,-0.299919 ,-0.0818389, 0.0315513 
-0.0501576 ,0.111861 ,-0.992457, 0.251594 
0 ,0 ,0, 1 
0.306811 ,0.947384 ,0.0912753, -0.354906 
0.950448 ,-0.299918 ,-0.0818388, 0.0315509 
-0.0501576 ,0.111861 ,-0.992457, 0.251594 
0 ,0 ,0, 1 
0.306811 ,0.947384 ,0.0912744, -0.354905 
0.950448 ,-0.299918 ,-0.0818367, 0.0315518 
-0.0501559 ,0.11186 ,-0.992457, 0.251594 
0 ,0 ,0, 1 
0.306809 ,0.947385 ,0.0912709, -0.354907 
0.950449 ,-0.299917 ,-0.0818341, 0.0315524 
-0.0501546 ,0.111856 ,-0.992458, 0.251596 
0 ,0 ,0, 1 
0.306808 ,0.947385 ,0.0912687, -0.354908 
0.950449 ,-0.299916 ,-0.0818336, 0.0315522 
-0.050155 ,0.111853 ,-0.992458, 0.251597 
0 ,0 ,0, 1 
0.306808 ,0.947386 ,0.0912665, -0.354908 
0.950449 ,-0.299917 ,-0.0818313, 0.0315532 
-0.0501535 ,0.111851 ,-0.992459, 0.251598 
0 ,0 ,0, 1 
0.306809 ,0.947385 ,0.0912643, -0.354908 
0.950449 ,-0.299918 ,-0.0818292, 0.0315541 
-0.0501519 ,0.111848 ,-0.992459, 0.251598 
0 ,0 ,0, 1 
0.306809 ,0.947385 ,0.091263, -0.354908 
0.950449 ,-0.299918 ,-0.0818291, 0.0315541 
-0.0501522 ,0.111847 ,-0.992459, 0.251599 
0 ,0 ,0, 1 
0.306808 ,0.947386 ,0.091261, -0.354909 
0.950449 ,-0.299917 ,-0.0818267, 0.0315547 
-0.0501507 ,0.111844 ,-0.992459, 0.2516 
0 ,0 ,0, 1 
0.306806 ,0.947387 ,0.0912598, -0.354909 
0.95045 ,-0.299916 ,-0.0818265, 0.0315542 
-0.050151 ,0.111843 ,-0.99246, 0.2516 
0 ,0 ,0, 1 
0.306806 ,0.947387 ,0.0912576, -0.354909 
0.95045 ,-0.299916 ,-0.0818243, 0.0315551 
-0.0501496 ,0.11184 ,-0.99246, 0.251601 
0 ,0 ,0, 1 
0.306806 ,0.947387 ,0.0912588, -0.354908 
0.95045 ,-0.299916 ,-0.0818246, 0.031555 
-0.0501495 ,0.111841 ,-0.99246, 0.251601 
0 ,0 ,0, 1 
0.306807 ,0.947387 ,0.091258, -0.354908 
0.95045 ,-0.299917 ,-0.0818224, 0.0315554 
-0.0501477 ,0.11184 ,-0.99246, 0.251601 
0 ,0 ,0, 1 
0.306807 ,0.947387 ,0.091258, -0.354908 
0.95045 ,-0.299917 ,-0.0818224, 0.0315554 
-0.0501477 ,0.11184 ,-0.99246, 0.251601 
0 ,0 ,0, 1 
0.306805 ,0.947387 ,0.0912572, -0.354908 
0.95045 ,-0.299916 ,-0.0818202, 0.0315559 
-0.050146 ,0.111838 ,-0.99246, 0.251601 
0 ,0 ,0, 1 
0.306804 ,0.947388 ,0.091256, -0.354908 
0.950451 ,-0.299915 ,-0.08182, 0.0315555 
-0.0501463 ,0.111837 ,-0.99246, 0.251602 
0 ,0 ,0, 1 
0.306804 ,0.947388 ,0.0912551, -0.354908 
0.950451 ,-0.299915 ,-0.0818179, 0.0315564 
-0.0501446 ,0.111836 ,-0.992461, 0.251602 
0 ,0 ,0, 1 
0.306804 ,0.947388 ,0.0912565, -0.354907 
0.950451 ,-0.299915 ,-0.0818161, 0.0315572 
-0.0501424 ,0.111836 ,-0.992461, 0.251602 
0 ,0 ,0, 1 
0.306804 ,0.947387 ,0.0912617, -0.354904 
0.950451 ,-0.299915 ,-0.081817, 0.0315567 
-0.0501417 ,0.111842 ,-0.99246, 0.2516 
0 ,0 ,0, 1 
0.306806 ,0.947387 ,0.0912632, -0.354903 
0.95045 ,-0.299917 ,-0.0818154, 0.0315575 
-0.0501394 ,0.111843 ,-0.99246, 0.251599 
0 ,0 ,0, 1 
0.306803 ,0.947387 ,0.0912621, -0.354903 
0.950451 ,-0.299914 ,-0.081815, 0.0315566 
-0.0501397 ,0.111841 ,-0.99246, 0.2516 
0 ,0 ,0, 1 
0.306803 ,0.947388 ,0.0912608, -0.354903 
0.950451 ,-0.299914 ,-0.0818151, 0.0315565 
-0.0501401 ,0.11184 ,-0.99246, 0.2516 
0 ,0 ,0, 1 
0.306804 ,0.947387 ,0.0912674, -0.354899 
0.950451 ,-0.299914 ,-0.0818142, 0.0315568 
-0.0501373 ,0.111846 ,-0.99246, 0.251598 
0 ,0 ,0, 1 
0.306803 ,0.947386 ,0.0912763, -0.354895 
0.950452 ,-0.299913 ,-0.0818155, 0.0315557 
-0.0501359 ,0.111855 ,-0.992459, 0.251595 
0 ,0 ,0, 1 
0.306805 ,0.947385 ,0.0912824, -0.354892 
0.950451 ,-0.299914 ,-0.0818166, 0.0315552 
-0.0501349 ,0.111861 ,-0.992458, 0.251592 
0 ,0 ,0, 1 
0.306805 ,0.947384 ,0.0912891, -0.354888 
0.950451 ,-0.299914 ,-0.0818159, 0.0315555 
-0.0501321 ,0.111867 ,-0.992458, 0.25159 
0 ,0 ,0, 1 
0.306804 ,0.947383 ,0.0913018, -0.354882 
0.950451 ,-0.299913 ,-0.0818177, 0.0315541 
-0.0501302 ,0.11188 ,-0.992456, 0.251585 
0 ,0 ,0, 1 
0.306805 ,0.947382 ,0.0913109, -0.354877 
0.950452 ,-0.299913 ,-0.0818173, 0.0315543 
-0.0501269 ,0.111888 ,-0.992456, 0.251582 
0 ,0 ,0, 1 
0.306804 ,0.947381 ,0.0913209, -0.354873 
0.950452 ,-0.299912 ,-0.0818187, 0.0315531 
-0.0501254 ,0.111898 ,-0.992455, 0.251579 
0 ,0 ,0, 1 
0.306805 ,0.947381 ,0.0913298, -0.354868 
0.950452 ,-0.299911 ,-0.0818203, 0.0315523 
-0.0501241 ,0.111907 ,-0.992454, 0.251575 
0 ,0 ,0, 1 
0.306805 ,0.947379 ,0.0913414, -0.354863 
0.950452 ,-0.299912 ,-0.08182, 0.031552 
-0.0501201 ,0.111918 ,-0.992453, 0.251571 
0 ,0 ,0, 1 
0.306806 ,0.947378 ,0.0913502, -0.354858 
0.950452 ,-0.299912 ,-0.0818215, 0.0315512 
-0.0501189 ,0.111927 ,-0.992452, 0.251568 
0 ,0 ,0, 1 
0.306806 ,0.947377 ,0.0913564, -0.354855 
0.950452 ,-0.299912 ,-0.0818226, 0.0315507 
-0.0501181 ,0.111933 ,-0.992451, 0.251566 
0 ,0 ,0, 1 
0.306808 ,0.947376 ,0.0913627, -0.354852 
0.950451 ,-0.299913 ,-0.0818238, 0.0315501 
-0.050117 ,0.11194 ,-0.99245, 0.251563 
0 ,0 ,0, 1 
0.306807 ,0.947376 ,0.091364, -0.354851 
0.950451 ,-0.299912 ,-0.0818238, 0.0315496 
-0.0501168 ,0.111941 ,-0.99245, 0.251563 
0 ,0 ,0, 1 
0.306807 ,0.947377 ,0.0913615, -0.354852 
0.950451 ,-0.299912 ,-0.0818236, 0.0315497 
-0.0501173 ,0.111939 ,-0.99245, 0.251564 
0 ,0 ,0, 1 
0.306807 ,0.947377 ,0.0913578, -0.354853 
0.950451 ,-0.299912 ,-0.0818229, 0.03155 
-0.0501179 ,0.111935 ,-0.992451, 0.251565 
0 ,0 ,0, 1 
0.306805 ,0.947378 ,0.0913541, -0.354855 
0.950452 ,-0.299911 ,-0.0818222, 0.0315498 
-0.0501185 ,0.111931 ,-0.992451, 0.251567 
0 ,0 ,0, 1 
0.306804 ,0.947378 ,0.0913542, -0.354855 
0.950452 ,-0.29991 ,-0.0818221, 0.0315493 
-0.0501185 ,0.111931 ,-0.992451, 0.251567 
0 ,0 ,0, 1 
0.306806 ,0.947378 ,0.0913529, -0.354856 
0.950452 ,-0.299911 ,-0.0818219, 0.0315495 
-0.0501185 ,0.11193 ,-0.992451, 0.251567 
0 ,0 ,0, 1 
0.306804 ,0.947379 ,0.0913482, -0.354858 
0.950452 ,-0.29991 ,-0.081821, 0.0315494 
-0.0501192 ,0.111925 ,-0.992452, 0.251569 
0 ,0 ,0, 1 
0.306804 ,0.947379 ,0.0913472, -0.354859 
0.950452 ,-0.29991 ,-0.0818188, 0.0315504 
-0.0501174 ,0.111923 ,-0.992452, 0.251569 
0 ,0 ,0, 1 
0.306803 ,0.947379 ,0.0913473, -0.354859 
0.950453 ,-0.299909 ,-0.0818187, 0.0315499 
-0.0501174 ,0.111923 ,-0.992452, 0.251569 
0 ,0 ,0, 1 
0.306803 ,0.94738 ,0.0913458, -0.354859 
0.950453 ,-0.299909 ,-0.0818184, 0.03155 
-0.0501176 ,0.111922 ,-0.992452, 0.25157 
0 ,0 ,0, 1 
0.306803 ,0.94738 ,0.0913396, -0.354862 
0.950453 ,-0.299909 ,-0.0818175, 0.0315504 
-0.0501187 ,0.111916 ,-0.992453, 0.251572 
0 ,0 ,0, 1 
0.306803 ,0.94738 ,0.0913373, -0.354863 
0.950453 ,-0.29991 ,-0.0818169, 0.0315502 
-0.0501188 ,0.111913 ,-0.992453, 0.251573 
0 ,0 ,0, 1 
0.306803 ,0.947381 ,0.0913349, -0.354864 
0.950453 ,-0.29991 ,-0.0818167, 0.0315503 
-0.0501193 ,0.111911 ,-0.992454, 0.251574 
0 ,0 ,0, 1 
0.306802 ,0.947381 ,0.0913286, -0.354867 
0.950453 ,-0.29991 ,-0.0818157, 0.0315508 
-0.0501203 ,0.111905 ,-0.992454, 0.251576 
0 ,0 ,0, 1 
0.306803 ,0.947381 ,0.0913261, -0.354868 
0.950453 ,-0.29991 ,-0.0818151, 0.0315506 
-0.0501205 ,0.111902 ,-0.992454, 0.251577 
0 ,0 ,0, 1 
0.306801 ,0.947382 ,0.091325, -0.354869 
0.950453 ,-0.299909 ,-0.0818148, 0.0315502 
-0.0501207 ,0.111901 ,-0.992455, 0.251578 
0 ,0 ,0, 1 
0.306801 ,0.947382 ,0.0913236, -0.354869 
0.950453 ,-0.299909 ,-0.0818146, 0.0315503 
-0.0501209 ,0.1119 ,-0.992455, 0.251578 
0 ,0 ,0, 1 
0.306803 ,0.947382 ,0.0913224, -0.35487 
0.950453 ,-0.299911 ,-0.0818144, 0.0315504 
-0.0501209 ,0.111899 ,-0.992455, 0.251578 
0 ,0 ,0, 1 
0.306801 ,0.947383 ,0.0913201, -0.354871 
0.950453 ,-0.29991 ,-0.0818139, 0.0315501 
-0.0501213 ,0.111896 ,-0.992455, 0.251579 
0 ,0 ,0, 1 
0.306801 ,0.947383 ,0.091315, -0.354873 
0.950453 ,-0.29991 ,-0.0818132, 0.0315504 
-0.0501222 ,0.111891 ,-0.992456, 0.251581 
0 ,0 ,0, 1 
0.306803 ,0.947383 ,0.0913085, -0.354875 
0.950452 ,-0.299912 ,-0.0818125, 0.0315517 
-0.0501233 ,0.111885 ,-0.992456, 0.251584 
0 ,0 ,0, 1 
0.306804 ,0.947383 ,0.0913034, -0.354877 
0.950452 ,-0.299913 ,-0.0818118, 0.0315525 
-0.050124 ,0.11188 ,-0.992457, 0.251585 
0 ,0 ,0, 1 
0.306806 ,0.947384 ,0.0912947, -0.354881 
0.950451 ,-0.299915 ,-0.0818106, 0.0315531 
-0.0501253 ,0.111871 ,-0.992458, 0.251588 
0 ,0 ,0, 1 
0.306805 ,0.947385 ,0.0912783, -0.354888 
0.950451 ,-0.299916 ,-0.0818081, 0.0315543 
-0.050128 ,0.111855 ,-0.992459, 0.251594 
0 ,0 ,0, 1 
0.306805 ,0.947385 ,0.0912783, -0.354888 
0.950451 ,-0.299916 ,-0.0818081, 0.0315543 
-0.050128 ,0.111855 ,-0.992459, 0.251594 
0 ,0 ,0, 1 
0.306805 ,0.947385 ,0.091282, -0.354886 
0.950451 ,-0.299916 ,-0.0818088, 0.0315539 
-0.0501275 ,0.111858 ,-0.992459, 0.251593 
0 ,0 ,0, 1 
0.306808 ,0.947384 ,0.0912819, -0.354886 
0.950451 ,-0.299918 ,-0.0818089, 0.0315544 
-0.0501273 ,0.111859 ,-0.992459, 0.251593 
0 ,0 ,0, 1 
0.306807 ,0.947384 ,0.091282, -0.354885 
0.950451 ,-0.299917 ,-0.0818089, 0.0315538 
-0.0501274 ,0.111859 ,-0.992459, 0.251593 
0 ,0 ,0, 1 
0.306806 ,0.947385 ,0.0912808, -0.354885 
0.950451 ,-0.299917 ,-0.0818088, 0.0315538 
-0.0501278 ,0.111857 ,-0.992459, 0.251594 
0 ,0 ,0, 1 
0.306806 ,0.947385 ,0.0912808, -0.354885 
0.950451 ,-0.299917 ,-0.0818088, 0.0315538 
-0.0501278 ,0.111857 ,-0.992459, 0.251594 
0 ,0 ,0, 1 
0.306808 ,0.947384 ,0.0912795, -0.354885 
0.95045 ,-0.299919 ,-0.0818087, 0.0315539 
-0.0501279 ,0.111856 ,-0.992459, 0.251594 
0 ,0 ,0, 1 
0.306809 ,0.947384 ,0.0912807, -0.354885 
0.95045 ,-0.29992 ,-0.0818091, 0.0315542 
-0.0501277 ,0.111857 ,-0.992459, 0.251594 
0 ,0 ,0, 1 
0.306809 ,0.947385 ,0.0912697, -0.354885 
0.95045 ,-0.29992 ,-0.0818085, 0.0315541 
-0.0501306 ,0.111847 ,-0.99246, 0.251598 
0 ,0 ,0, 1 
0.306811 ,0.947388 ,0.0912327, -0.354889 
0.950449 ,-0.299924 ,-0.0818058, 0.0315557 
-0.0501389 ,0.111811 ,-0.992464, 0.251611 
0 ,0 ,0, 1 
0.306813 ,0.947389 ,0.0912121, -0.354892 
0.950448 ,-0.299927 ,-0.0818063, 0.0315556 
-0.0501455 ,0.111792 ,-0.992466, 0.251619 
0 ,0 ,0, 1 
0.306815 ,0.947389 ,0.0912021, -0.354896 
0.950447 ,-0.29993 ,-0.081805, 0.0315567 
-0.0501469 ,0.111782 ,-0.992467, 0.251622 
0 ,0 ,0, 1 
0.306816 ,0.947392 ,0.0911729, -0.354903 
0.950446 ,-0.299933 ,-0.0818041, 0.0315577 
-0.0501548 ,0.111754 ,-0.992469, 0.251633 
0 ,0 ,0, 1 
0.306818 ,0.947396 ,0.0911221, -0.354904 
0.950445 ,-0.299937 ,-0.0818018, 0.0315589 
-0.0501678 ,0.111705 ,-0.992474, 0.251658 
0 ,0 ,0, 1 
0.306822 ,0.947397 ,0.091104, -0.354901 
0.950443 ,-0.299942 ,-0.0818041, 0.0315592 
-0.050175 ,0.111688 ,-0.992476, 0.251671 
0 ,0 ,0, 1 
0.306828 ,0.947394 ,0.091108, -0.354897 
0.950441 ,-0.299948 ,-0.0818096, 0.0315587 
-0.0501783 ,0.111694 ,-0.992475, 0.251675 
0 ,0 ,0, 1 
0.306836 ,0.947391 ,0.091111, -0.354885 
0.950439 ,-0.299955 ,-0.0818153, 0.0315585 
-0.050182 ,0.111699 ,-0.992474, 0.25169 
0 ,0 ,0, 1 
0.306842 ,0.947391 ,0.0910952, -0.354885 
0.950436 ,-0.299961 ,-0.0818213, 0.0315579 
-0.0501918 ,0.111686 ,-0.992475, 0.2517 
0 ,0 ,0, 1 
0.306855 ,0.947389 ,0.0910691, -0.35489 
0.950431 ,-0.299974 ,-0.081826, 0.0315606 
-0.0502027 ,0.111664 ,-0.992477, 0.251709 
0 ,0 ,0, 1 
0.306892 ,0.947381 ,0.091036, -0.354902 
0.950419 ,-0.300013 ,-0.0818293, 0.0315743 
-0.0502115 ,0.111635 ,-0.99248, 0.251719 
0 ,0 ,0, 1 
0.306982 ,0.947357 ,0.0909804, -0.354913 
0.950389 ,-0.300104 ,-0.0818427, 0.0316055 
-0.0502306 ,0.111591 ,-0.992484, 0.251731 
0 ,0 ,0, 1 
0.306973 ,0.94737 ,0.0908691, -0.354918 
0.950386 ,-0.300092 ,-0.0819204, 0.0315684 
-0.0503398 ,0.111508 ,-0.992488, 0.251814 
0 ,0 ,0, 1 
0.306963 ,0.947351 ,0.0911068, -0.354731 
0.95039 ,-0.300063 ,-0.0819865, 0.031554 
-0.0503321 ,0.111754 ,-0.99246, 0.252148 
0 ,0 ,0, 1 
0.307073 ,0.947313 ,0.091124, -0.354549 
0.950352 ,-0.300166 ,-0.0820508, 0.0316314 
-0.0503755 ,0.111795 ,-0.992454, 0.252726 
0 ,0 ,0, 1 
0.307059 ,0.947345 ,0.0908438, -0.354395 
0.95035 ,-0.300161 ,-0.08209, 0.0317062 
-0.0504997 ,0.11154 ,-0.992476, 0.253595 
0 ,0 ,0, 1 
0.307086 ,0.947303 ,0.091186, -0.353884 
0.950339 ,-0.300154 ,-0.0822434, 0.0317714 
-0.0505396 ,0.111913 ,-0.992432, 0.254732 
0 ,0 ,0, 1 
0.307156 ,0.947291 ,0.0910759, -0.353569 
0.950316 ,-0.300232 ,-0.0822211, 0.0319905 
-0.0505434 ,0.111806 ,-0.992444, 0.256085 
0 ,0 ,0, 1 
0.307134 ,0.947302 ,0.0910398, -0.353101 
0.95032 ,-0.300208 ,-0.082256, 0.0321814 
-0.0505904 ,0.111781 ,-0.992444, 0.257606 
0 ,0 ,0, 1 
0.307202 ,0.947262 ,0.0912209, -0.352534 
0.950298 ,-0.300258 ,-0.0823339, 0.0324012 
-0.050602 ,0.11198 ,-0.992421, 0.259199 
0 ,0 ,0, 1 
0.307183 ,0.947295 ,0.0909457, -0.35214 
0.950298 ,-0.30025 ,-0.082359, 0.0326363 
-0.0507118 ,0.111725 ,-0.992444, 0.260938 
0 ,0 ,0, 1 
0.307178 ,0.947298 ,0.0909311, -0.35161 
0.950297 ,-0.300239 ,-0.082412, 0.0328421 
-0.0507676 ,0.111727 ,-0.992441, 0.262649 
0 ,0 ,0, 1 
0.307204 ,0.947286 ,0.0909646, -0.351084 
0.950288 ,-0.300262 ,-0.0824378, 0.0330784 
-0.050779 ,0.111768 ,-0.992436, 0.264322 
0 ,0 ,0, 1 
0.307209 ,0.947322 ,0.0905773, -0.350766 
0.95028 ,-0.300285 ,-0.082449, 0.0333101 
-0.0509067 ,0.111403 ,-0.992471, 0.265889 
0 ,0 ,0, 1 
0.307028 ,0.947378 ,0.0905981, -0.350283 
0.950337 ,-0.300102 ,-0.0824535, 0.0335282 
-0.050926 ,0.111414 ,-0.992468, 0.267329 
0 ,0 ,0, 1 
0.30726 ,0.947296 ,0.0906768, -0.349836 
0.950262 ,-0.300324 ,-0.0825102, 0.0337441 
-0.0509291 ,0.111519 ,-0.992456, 0.268816 
0 ,0 ,0, 1 
0.307375 ,0.947295 ,0.090289, -0.349565 
0.950216 ,-0.300453 ,-0.0825693, 0.0339029 
-0.0510899 ,0.111174 ,-0.992487, 0.270188 
0 ,0 ,0, 1 
0.307332 ,0.947284 ,0.090552, -0.349047 
0.950231 ,-0.30039 ,-0.0826206, 0.0340336 
-0.0510643 ,0.111437 ,-0.992459, 0.271478 
0 ,0 ,0, 1 
0.307432 ,0.947248 ,0.0905972, -0.348689 
0.950201 ,-0.300489 ,-0.0826148, 0.0342382 
-0.0510332 ,0.111484 ,-0.992455, 0.272717 
0 ,0 ,0, 1 
0.307491 ,0.947269 ,0.0901729, -0.348531 
0.950173 ,-0.300567 ,-0.0826429, 0.0343824 
-0.0511821 ,0.111092 ,-0.992491, 0.273716 
0 ,0 ,0, 1 
0.307515 ,0.947236 ,0.0904321, -0.348098 
0.950166 ,-0.300568 ,-0.0827271, 0.0345052 
-0.0511811 ,0.111365 ,-0.992461, 0.274808 
0 ,0 ,0, 1 
0.307468 ,0.947235 ,0.0906102, -0.347764 
0.950182 ,-0.300508 ,-0.0827589, 0.0346192 
-0.051163 ,0.111542 ,-0.992442, 0.275726 
0 ,0 ,0, 1 
0.307555 ,0.947273 ,0.0899128, -0.347774 
0.950145 ,-0.300636 ,-0.082719, 0.0347266 
-0.0513265 ,0.110871 ,-0.992509, 0.276606 
0 ,0 ,0, 1 
0.307393 ,0.947259 ,0.0906042, -0.347211 
0.950199 ,-0.300419 ,-0.082886, 0.0347678 
-0.0512953 ,0.111571 ,-0.992432, 0.277421 
0 ,0 ,0, 1 
0.307382 ,0.947319 ,0.0900143, -0.347296 
0.950199 ,-0.300451 ,-0.0827768, 0.0348808 
-0.0513711 ,0.110976 ,-0.992495, 0.278074 
0 ,0 ,0, 1 
0.307489 ,0.947254 ,0.0903315, -0.346918 
0.950166 ,-0.300532 ,-0.0828599, 0.0349598 
-0.0513419 ,0.111308 ,-0.992459, 0.278823 
0 ,0 ,0, 1 
0.307433 ,0.947281 ,0.0902405, -0.346744 
0.95018 ,-0.300477 ,-0.0828997, 0.0350409 
-0.0514142 ,0.111231 ,-0.992464, 0.279569 
0 ,0 ,0, 1 
0.307397 ,0.947304 ,0.0901268, -0.346611 
0.950189 ,-0.300445 ,-0.0829134, 0.0350776 
-0.0514661 ,0.111125 ,-0.992473, 0.280175 
0 ,0 ,0, 1 
0.307523 ,0.947264 ,0.0901176, -0.346434 
0.950146 ,-0.300567 ,-0.0829598, 0.0351553 
-0.0514985 ,0.111137 ,-0.99247, 0.28071 
0 ,0 ,0, 1 
0.307491 ,0.947273 ,0.0901288, -0.346282 
0.950155 ,-0.30053 ,-0.0829881, 0.0352064 
-0.051526 ,0.111154 ,-0.992467, 0.281223 
0 ,0 ,0, 1 
0.307457 ,0.947264 ,0.0903374, -0.34607 
0.950167 ,-0.30048 ,-0.0830365, 0.0352173 
-0.0515129 ,0.111366 ,-0.992444, 0.281695 
0 ,0 ,0, 1 
0.307465 ,0.947276 ,0.0901876, -0.346003 
0.950161 ,-0.300495 ,-0.0830454, 0.0352557 
-0.051566 ,0.111226 ,-0.992456, 0.282056 
0 ,0 ,0, 1 
0.30746 ,0.947289 ,0.0900647, -0.345962 
0.95016 ,-0.300496 ,-0.0830504, 0.0353099 
-0.0516087 ,0.111111 ,-0.992467, 0.282454 
0 ,0 ,0, 1 
0.307497 ,0.947243 ,0.0904235, -0.345705 
0.95015 ,-0.300505 ,-0.0831325, 0.0353234 
-0.0515739 ,0.111479 ,-0.992428, 0.282787 
0 ,0 ,0, 1 
0.307429 ,0.947287 ,0.0901882, -0.345719 
0.950169 ,-0.300452 ,-0.0831081, 0.035329 
-0.0516301 ,0.111244 ,-0.992451, 0.28303 
0 ,0 ,0, 1 
0.307383 ,0.947289 ,0.0903317, -0.345564 
0.950184 ,-0.300394 ,-0.0831515, 0.0353498 
-0.0516334 ,0.111391 ,-0.992434, 0.283413 
0 ,0 ,0, 1 
0.30734 ,0.947332 ,0.0900197, -0.345571 
0.950193 ,-0.300369 ,-0.0831335, 0.035402 
-0.051716 ,0.111086 ,-0.992464, 0.283779 
0 ,0 ,0, 1 
0.30732 ,0.947331 ,0.0900998, -0.34543 
0.950199 ,-0.30034 ,-0.0831724, 0.0354245 
-0.0517312 ,0.111173 ,-0.992454, 0.284104 
0 ,0 ,0, 1 
0.307469 ,0.94727 ,0.0902363, -0.345273 
0.950151 ,-0.300476 ,-0.0832287, 0.0354876 
-0.0517261 ,0.111328 ,-0.992437, 0.28441 
0 ,0 ,0, 1 
0.307364 ,0.947325 ,0.0900116, -0.345241 
0.950181 ,-0.300384 ,-0.0832193, 0.0355052 
-0.0517978 ,0.111106 ,-0.992458, 0.284703 
0 ,0 ,0, 1 
0.30723 ,0.94735 ,0.0902078, -0.34504 
0.950225 ,-0.300233 ,-0.0832667, 0.0354768 
-0.0517993 ,0.1113 ,-0.992436, 0.285048 
0 ,0 ,0, 1 
0.307247 ,0.947368 ,0.0899613, -0.345066 
0.950216 ,-0.300266 ,-0.0832469, 0.0355023 
-0.0518532 ,0.11106 ,-0.99246, 0.285259 
0 ,0 ,0, 1 
0.30722 ,0.947344 ,0.0903045, -0.344815 
0.950226 ,-0.300212 ,-0.0833303, 0.0354711 
-0.0518321 ,0.11141 ,-0.992422, 0.285429 
0 ,0 ,0, 1 
0.307242 ,0.947267 ,0.0910361, -0.344439 
0.950224 ,-0.30018 ,-0.083469, 0.035426 
-0.0517402 ,0.11215 ,-0.992343, 0.285506 
0 ,0 ,0, 1 
0.307287 ,0.947258 ,0.0909737, -0.344468 
0.950209 ,-0.300228 ,-0.0834647, 0.0354433 
-0.0517498 ,0.112092 ,-0.992349, 0.285488 
0 ,0 ,0, 1 
0.307469 ,0.947262 ,0.0903192, -0.344815 
0.950146 ,-0.300456 ,-0.0833627, 0.0354841 
-0.0518294 ,0.111448 ,-0.992418, 0.285084 
0 ,0 ,0, 1 
0.307881 ,0.947143 ,0.0901641, -0.345159 
0.950015 ,-0.300884 ,-0.0833116, 0.0354209 
-0.051779 ,0.111307 ,-0.992436, 0.283775 
0 ,0 ,0, 1 
0.308004 ,0.947118 ,0.0900031, -0.345801 
0.949971 ,-0.301011 ,-0.083346, 0.0351623 
-0.0518466 ,0.111171 ,-0.992448, 0.281823 
0 ,0 ,0, 1 
0.308158 ,0.947084 ,0.0898293, -0.346595 
0.949923 ,-0.301184 ,-0.08327, 0.0349055 
-0.0518086 ,0.110991 ,-0.99247, 0.279284 
0 ,0 ,0, 1 
0.30877 ,0.946897 ,0.0897063, -0.347478 
0.949729 ,-0.30181 ,-0.0832137, 0.0345648 
-0.0517205 ,0.110891 ,-0.992486, 0.276278 
0 ,0 ,0, 1 
0.308392 ,0.94701 ,0.0898123, -0.348406 
0.949852 ,-0.301426 ,-0.083201, 0.0341301 
-0.0517204 ,0.110967 ,-0.992477, 0.273086 
0 ,0 ,0, 1 
0.308747 ,0.946903 ,0.0897226, -0.349303 
0.949742 ,-0.301796 ,-0.0831289, 0.0337827 
-0.0516371 ,0.110879 ,-0.992492, 0.270099 
0 ,0 ,0, 1 
0.308987 ,0.946837 ,0.0895973, -0.350151 
0.949667 ,-0.302051 ,-0.0830581, 0.0334235 
-0.0515795 ,0.110751 ,-0.992509, 0.267324 
0 ,0 ,0, 1 
0.308668 ,0.946907 ,0.0899523, -0.350793 
0.949773 ,-0.301711 ,-0.0830745, 0.0330348 
-0.0515242 ,0.111077 ,-0.992475, 0.26471 
0 ,0 ,0, 1 
0.309271 ,0.946736 ,0.0896834, -0.351615 
0.949581 ,-0.30234 ,-0.0829818, 0.0327471 
-0.051447 ,0.110825 ,-0.992507, 0.262223 
0 ,0 ,0, 1 
0.308818 ,0.946862 ,0.0899125, -0.352181 
0.949734 ,-0.301882 ,-0.0829053, 0.0324126 
-0.0513569 ,0.110996 ,-0.992493, 0.2601 
0 ,0 ,0, 1 
0.308735 ,0.946904 ,0.0897557, -0.352834 
0.94976 ,-0.301812 ,-0.0828617, 0.0321669 
-0.0513727 ,0.110829 ,-0.992511, 0.258176 
0 ,0 ,0, 1 
0.309012 ,0.946819 ,0.0896911, -0.353296 
0.949673 ,-0.3021 ,-0.0828014, 0.0319583 
-0.0513022 ,0.110764 ,-0.992522, 0.256696 
0 ,0 ,0, 1 
0.308623 ,0.946906 ,0.0901217, -0.353489 
0.949807 ,-0.301692 ,-0.0827533, 0.0317676 
-0.0511705 ,0.111138 ,-0.992487, 0.255582 
0 ,0 ,0, 1 
0.308711 ,0.946917 ,0.0897, -0.354037 
0.949774 ,-0.301806 ,-0.0827176, 0.0316641 
-0.0512546 ,0.110731 ,-0.992528, 0.254358 
0 ,0 ,0, 1 
0.308903 ,0.946828 ,0.0899784, -0.354176 
0.949718 ,-0.301987 ,-0.0826982, 0.0315201 
-0.0511286 ,0.111 ,-0.992504, 0.253495 
0 ,0 ,0, 1 
0.308623 ,0.946908 ,0.0900983, -0.354344 
0.949812 ,-0.301706 ,-0.0826443, 0.0314079 
-0.0510733 ,0.111082 ,-0.992498, 0.252836 
0 ,0 ,0, 1 
0.308567 ,0.946985 ,0.0894795, -0.354763 
0.949825 ,-0.301691 ,-0.0825562, 0.0313915 
-0.0511842 ,0.110464 ,-0.992561, 0.252309 
0 ,0 ,0, 1 
0.308536 ,0.946951 ,0.0899444, -0.35466 
0.94984 ,-0.301632 ,-0.0826008, 0.0313079 
-0.0510887 ,0.110918 ,-0.992516, 0.252043 
0 ,0 ,0, 1 
0.308473 ,0.946954 ,0.0901258, -0.354706 
0.949863 ,-0.30156 ,-0.0825883, 0.0312452 
-0.051029 ,0.111083 ,-0.9925, 0.25165 
0 ,0 ,0, 1 
0.308468 ,0.946992 ,0.0897408, -0.354939 
0.949863 ,-0.301584 ,-0.0825108, 0.0312611 
-0.0510727 ,0.110693 ,-0.992541, 0.251439 
0 ,0 ,0, 1 
0.30841 ,0.946989 ,0.0899773, -0.354877 
0.949884 ,-0.301512 ,-0.0825289, 0.0312183 
-0.0510247 ,0.110921 ,-0.992519, 0.251356 
0 ,0 ,0, 1 
0.308356 ,0.946989 ,0.0901539, -0.354838 
0.949904 ,-0.301447 ,-0.0825393, 0.0311794 
-0.0509872 ,0.111089 ,-0.992502, 0.251225 
0 ,0 ,0, 1 
0.308355 ,0.947016 ,0.0898735, -0.354965 
0.949902 ,-0.301466 ,-0.0824929, 0.0311966 
-0.0510284 ,0.110808 ,-0.992531, 0.251204 
0 ,0 ,0, 1 
0.308361 ,0.94701 ,0.0899188, -0.354951 
0.9499 ,-0.301469 ,-0.0824966, 0.0311958 
-0.0510174 ,0.110853 ,-0.992527, 0.25119 
0 ,0 ,0, 1 
0.308361 ,0.947001 ,0.0900093, -0.354925 
0.949901 ,-0.301464 ,-0.0825026, 0.0311915 
-0.0509955 ,0.110941 ,-0.992518, 0.251157 
0 ,0 ,0, 1 
0.308315 ,0.947016 ,0.0900148, -0.354926 
0.949917 ,-0.301419 ,-0.08249, 0.0311779 
-0.0509872 ,0.11094 ,-0.992518, 0.251157 
0 ,0 ,0, 1 
0.308305 ,0.947019 ,0.090017, -0.354926 
0.949921 ,-0.30141 ,-0.0824769, 0.0311798 
-0.0509751 ,0.110937 ,-0.992519, 0.251158 
0 ,0 ,0, 1 
0.308305 ,0.947018 ,0.0900303, -0.354919 
0.949923 ,-0.301413 ,-0.0824426, 0.0311978 
-0.0509383 ,0.110939 ,-0.992521, 0.25116 
0 ,0 ,0, 1 
0.308296 ,0.947018 ,0.0900529, -0.354908 
0.949928 ,-0.301409 ,-0.082395, 0.0312197 
-0.0508868 ,0.110946 ,-0.992523, 0.251165 
0 ,0 ,0, 1 
0.308293 ,0.94702 ,0.0900512, -0.354907 
0.949929 ,-0.301406 ,-0.0823951, 0.03122 
-0.0508878 ,0.110944 ,-0.992523, 0.251183 
0 ,0 ,0, 1 
0.308287 ,0.947019 ,0.0900751, -0.354894 
0.949933 ,-0.301399 ,-0.0823804, 0.0312266 
-0.0508672 ,0.110962 ,-0.992522, 0.25121 
0 ,0 ,0, 1 
0.308267 ,0.947024 ,0.0900898, -0.354887 
0.949943 ,-0.301388 ,-0.0823003, 0.0312626 
-0.0507884 ,0.110951 ,-0.992527, 0.251232 
0 ,0 ,0, 1 
0.308257 ,0.947028 ,0.0900895, -0.354885 
0.949947 ,-0.301378 ,-0.0822966, 0.031264 
-0.0507862 ,0.110949 ,-0.992528, 0.251256 
0 ,0 ,0, 1 
0.308248 ,0.947018 ,0.0902229, -0.354822 
0.949951 ,-0.301361 ,-0.0823136, 0.0312565 
-0.0507628 ,0.11108 ,-0.992514, 0.251289 
0 ,0 ,0, 1 
0.30824 ,0.947009 ,0.0903436, -0.354762 
0.949957 ,-0.30135 ,-0.0822756, 0.0312733 
-0.0506907 ,0.111183 ,-0.992506, 0.25132 
0 ,0 ,0, 1 
0.308235 ,0.947016 ,0.0902934, -0.354779 
0.94996 ,-0.301352 ,-0.0822381, 0.0312899 
-0.0506707 ,0.111124 ,-0.992514, 0.25134 
0 ,0 ,0, 1 
0.30823 ,0.947022 ,0.0902397, -0.354798 
0.949961 ,-0.301351 ,-0.082231, 0.0312933 
-0.0506807 ,0.11107 ,-0.992519, 0.251368 
0 ,0 ,0, 1 
0.308225 ,0.94702 ,0.0902764, -0.354774 
0.949963 ,-0.301344 ,-0.082232, 0.0312924 
-0.0506711 ,0.111105 ,-0.992516, 0.251395 
0 ,0 ,0, 1 
0.30822 ,0.947008 ,0.0904188, -0.354698 
0.949969 ,-0.301337 ,-0.0821867, 0.031312 
-0.0505849 ,0.111227 ,-0.992507, 0.251411 
0 ,0 ,0, 1 
0.308217 ,0.947014 ,0.0903737, -0.354711 
0.94997 ,-0.301337 ,-0.0821731, 0.0313177 
-0.0505861 ,0.111179 ,-0.992512, 0.251433 
0 ,0 ,0, 1 
0.308213 ,0.94702 ,0.0903192, -0.354732 
0.949971 ,-0.301337 ,-0.0821633, 0.031322 
-0.0505938 ,0.111124 ,-0.992518, 0.25146 
0 ,0 ,0, 1 
0.308209 ,0.947019 ,0.0903448, -0.354719 
0.949973 ,-0.301332 ,-0.0821614, 0.0313227 
-0.0505846 ,0.111148 ,-0.992516, 0.251472 
0 ,0 ,0, 1 
0.308206 ,0.94702 ,0.0903494, -0.354714 
0.949976 ,-0.301334 ,-0.0821214, 0.0313407 
-0.0505453 ,0.11114 ,-0.992519, 0.251486 
0 ,0 ,0, 1 
0.308202 ,0.947022 ,0.0903317, -0.354721 
0.949978 ,-0.301334 ,-0.082094, 0.0313531 
-0.0505249 ,0.111115 ,-0.992522, 0.251509 
0 ,0 ,0, 1 
0.308201 ,0.947024 ,0.0903205, -0.354724 
0.949979 ,-0.301333 ,-0.0820907, 0.0313544 
-0.0505253 ,0.111103 ,-0.992524, 0.251519 
0 ,0 ,0, 1 
0.3082 ,0.947024 ,0.0903204, -0.354723 
0.949979 ,-0.301333 ,-0.0820888, 0.0313552 
-0.0505236 ,0.111102 ,-0.992524, 0.25152 
0 ,0 ,0, 1 
0.308199 ,0.947025 ,0.0903194, -0.354723 
0.949982 ,-0.301337 ,-0.0820352, 0.0313795 
-0.0504727 ,0.111085 ,-0.992528, 0.251525 
0 ,0 ,0, 1 
0.308197 ,0.947028 ,0.0902939, -0.354735 
0.949983 ,-0.301338 ,-0.0820228, 0.0313852 
-0.0504689 ,0.111057 ,-0.992532, 0.251537 
0 ,0 ,0, 1 
0.308199 ,0.947028 ,0.0902856, -0.354738 
0.949982 ,-0.301341 ,-0.0820218, 0.0313861 
-0.0504702 ,0.111049 ,-0.992533, 0.251542 
0 ,0 ,0, 1 
0.308201 ,0.947026 ,0.0903042, -0.354732 
0.949982 ,-0.301342 ,-0.0820221, 0.0313861 
-0.0504646 ,0.111067 ,-0.992531, 0.25153 
0 ,0 ,0, 1 
