1.42544e+07 -3.89473e+06 8.84636e+06 -239724 -1.95297e+06 3519 
1.41571e+07 -4.00527e+06 8.93067e+06 -210047 -1.9588e+06 -1812 
1.42346e+07 -3.99116e+06 8.95945e+06 -241389 -1.95448e+06 9618 
1.42346e+07 -3.99116e+06 8.95945e+06 -241389 -1.95448e+06 9618 
1.2577e+07 -4.03785e+06 1.06261e+07 -206902 -1.89377e+06 -3521 
1.58328e+07 -3.80345e+06 6.86098e+06 -220743 -2.00252e+06 -7286 
1.37297e+07 -4.77032e+06 9.71619e+06 -233389 -1.94305e+06 13165 
1.38625e+07 -3.3834e+06 9.27796e+06 -284716 -1.92097e+06 2838 
1.33204e+07 -4.90897e+06 9.33347e+06 -225615 -1.90031e+06 8557 
1.33204e+07 -4.90897e+06 9.33347e+06 -225615 -1.90031e+06 8557 
1.43942e+07 -4.18004e+06 9.05199e+06 -206090 -1.97118e+06 19346 
1.323e+07 -5.44147e+06 9.63063e+06 -236464 -1.89639e+06 -11950 
1.48168e+07 -3.68981e+06 8.08888e+06 -178413 -1.96546e+06 7098 
1.4425e+07 -4.08793e+06 8.8585e+06 -241237 -1.94229e+06 -6422 
1.36923e+07 -4.08002e+06 9.78171e+06 -216146 -1.95606e+06 18407 
1.42112e+07 -3.83002e+06 8.09127e+06 -234572 -1.93599e+06 -11427 
1.4197e+07 -4.25374e+06 9.32375e+06 -218643 -1.94896e+06 7360 
1.37254e+07 -4.03435e+06 8.96761e+06 -236239 -1.92219e+06 -3418 
1.43887e+07 -4.00283e+06 8.73439e+06 -202698 -1.96299e+06 3510 
1.40829e+07 -3.54275e+06 8.96321e+06 -245950 -1.91175e+06 -12740 
1.41036e+07 -3.71724e+06 8.7599e+06 -221159 -1.95506e+06 19338 
1.41769e+07 -3.78864e+06 8.92925e+06 -239675 -1.93402e+06 -13633 
1.39789e+07 -4.19276e+06 8.92999e+06 -251300 -1.92112e+06 -21347 
1.39962e+07 -3.95436e+06 8.80421e+06 -234049 -1.92486e+06 -8879 
1.42608e+07 -4.1645e+06 9.06778e+06 -208251 -1.95724e+06 8935 
1.40438e+07 -3.93138e+06 8.65295e+06 -242676 -1.92587e+06 -17583 
1.41579e+07 -3.97836e+06 9.09818e+06 -220770 -1.94601e+06 7677 
1.40968e+07 -4.13073e+06 8.82898e+06 -253018 -1.93442e+06 -19510 
1.40506e+07 -4.03025e+06 8.98357e+06 -209741 -1.95644e+06 19049 
1.41864e+07 -3.90044e+06 9.06368e+06 -233191 -1.94258e+06 -11545 
1.42443e+07 -4.05225e+06 9.05196e+06 -212581 -1.96732e+06 14503 
1.39293e+07 -4.09197e+06 8.74529e+06 -234061 -1.92695e+06 -15049 
1.42903e+07 -4.08123e+06 9.14067e+06 -218777 -1.96361e+06 14269 
1.40624e+07 -4.05709e+06 8.7027e+06 -240599 -1.932e+06 -18130 
1.41552e+07 -3.96224e+06 9.03054e+06 -210425 -1.95306e+06 18998 
1.41518e+07 -3.95593e+06 8.82998e+06 -240197 -1.93849e+06 -13481 
1.4216e+07 -4.08495e+06 8.98165e+06 -215322 -1.9704e+06 22442 
1.40307e+07 -3.98778e+06 8.86542e+06 -233208 -1.93946e+06 -6587 
1.4362e+07 -4.08586e+06 9.00104e+06 -223319 -1.96354e+06 16698 
1.39657e+07 -4.10483e+06 8.70858e+06 -236163 -1.92454e+06 -18668 
1.43103e+07 -3.8569e+06 9.11778e+06 -216589 -1.95704e+06 20809 
1.41397e+07 -4.07866e+06 8.74537e+06 -238383 -1.936e+06 -11894 
1.4323e+07 -3.98485e+06 8.97564e+06 -213315 -1.9702e+06 18601 
1.41922e+07 -4.02308e+06 8.93364e+06 -219784 -1.9585e+06 -2704 
1.43073e+07 -4.09918e+06 9.00216e+06 -215672 -1.96228e+06 18423 
1.41593e+07 -4.05812e+06 8.91226e+06 -223306 -1.95291e+06 -10726 
1.43334e+07 -3.98549e+06 9.08699e+06 -226659 -1.95516e+06 16094 
1.40989e+07 -3.96246e+06 8.73322e+06 -235253 -1.9327e+06 -15676 
1.43967e+07 -4.1482e+06 8.94019e+06 -222777 -1.9709e+06 17857 
1.42285e+07 -4.05274e+06 8.9347e+06 -225293 -1.95531e+06 -3382 
1.44196e+07 -3.97222e+06 8.92799e+06 -226308 -1.97048e+06 17329 
1.40329e+07 -4.02722e+06 8.83899e+06 -219970 -1.94835e+06 -8105 
1.43816e+07 -3.96088e+06 9.05893e+06 -228718 -1.96183e+06 13129 
1.42275e+07 -4.1138e+06 8.87179e+06 -222669 -1.94502e+06 -15799 
1.4386e+07 -3.93984e+06 9.06741e+06 -233800 -1.95336e+06 8701 
1.42087e+07 -4.0325e+06 8.82435e+06 -225521 -1.94808e+06 -10218 
1.44047e+07 -3.89317e+06 8.94344e+06 -226584 -1.9676e+06 11964 
1.42292e+07 -4.06348e+06 9.0141e+06 -216154 -1.95488e+06 -4234 
1.44535e+07 -3.99267e+06 8.92332e+06 -232736 -1.96254e+06 10783 
1.42404e+07 -4.0915e+06 8.82987e+06 -219263 -1.95373e+06 -11984 
1.43396e+07 -3.94081e+06 9.01143e+06 -233764 -1.94854e+06 3659 
1.43139e+07 -4.04756e+06 8.85126e+06 -226032 -1.95508e+06 -7603 
1.42606e+07 -4.1105e+06 9.00858e+06 -223192 -1.96271e+06 15720 
1.42308e+07 -3.98426e+06 8.931e+06 -219152 -1.95542e+06 -1478 
1.43891e+07 -4.01392e+06 8.97575e+06 -238989 -1.95366e+06 4942 
1.42516e+07 -4.07607e+06 8.94025e+06 -210215 -1.96006e+06 -1859 
1.43482e+07 -4.0046e+06 9.04151e+06 -240042 -1.94687e+06 -1957 
1.42424e+07 -4.12205e+06 8.94841e+06 -217843 -1.94837e+06 -9142 
1.43079e+07 -3.98119e+06 8.88257e+06 -252830 -1.93215e+06 -6387 
1.42944e+07 -4.11368e+06 8.96527e+06 -216971 -1.95207e+06 460 
1.43798e+07 -3.95885e+06 8.84951e+06 -244008 -1.94507e+06 -5472 
1.43199e+07 -4.11935e+06 8.99083e+06 -215760 -1.9642e+06 381 
1.43113e+07 -4.0629e+06 8.9486e+06 -242766 -1.93557e+06 -5704 
1.42327e+07 -4.03309e+06 8.98946e+06 -212043 -1.94643e+06 -8960 
1.43083e+07 -3.91753e+06 8.79971e+06 -243024 -1.93786e+06 -11377 
1.4305e+07 -4.10867e+06 8.87304e+06 -216671 -1.94899e+06 -941 
1.42616e+07 -3.99178e+06 8.89822e+06 -251102 -1.93424e+06 -14739 
1.42818e+07 -4.05791e+06 9.02884e+06 -211372 -1.96418e+06 8469 
1.42828e+07 -3.96479e+06 8.84868e+06 -233322 -1.94024e+06 -8749 
1.43379e+07 -4.03253e+06 8.92591e+06 -212285 -1.96294e+06 647 
1.43948e+07 -4.02664e+06 8.80419e+06 -242930 -1.94243e+06 -10960 
1.43581e+07 -4.08627e+06 8.90536e+06 -215452 -1.96255e+06 4947 
1.4261e+07 -3.91421e+06 8.88603e+06 -244858 -1.93292e+06 -13183 
1.43257e+07 -4.08662e+06 8.99154e+06 -215158 -1.95991e+06 8366 
1.44902e+07 -4.0864e+06 8.93784e+06 -206450 -1.97774e+06 10483 
1.44902e+07 -4.0864e+06 8.93784e+06 -206450 -1.97774e+06 10483 
1.42965e+07 -3.956e+06 8.87597e+06 -233955 -1.94461e+06 -11821 
1.44065e+07 -4.08472e+06 9.01874e+06 -211249 -1.96874e+06 6810 
1.4308e+07 -4.02438e+06 8.80828e+06 -246833 -1.93498e+06 -16883 
1.43929e+07 -3.99188e+06 8.87059e+06 -214501 -1.96611e+06 11125 
1.44029e+07 -3.96011e+06 8.81547e+06 -239671 -1.95046e+06 -12180 
1.43821e+07 -4.06556e+06 8.97246e+06 -213586 -1.9669e+06 13240 
1.4317e+07 -3.98806e+06 8.88317e+06 -236018 -1.94641e+06 -9480 
1.44097e+07 -4.00402e+06 8.98535e+06 -206762 -1.96945e+06 10714 
1.42942e+07 -4.03029e+06 8.95882e+06 -217436 -1.95384e+06 -9667 
1.45112e+07 -4.06614e+06 8.9574e+06 -219898 -1.96286e+06 10234 
1.43152e+07 -4.08449e+06 8.78145e+06 -248538 -1.93925e+06 -18319 
1.45307e+07 -4.0288e+06 8.978e+06 -221132 -1.97525e+06 14626 
1.43361e+07 -3.99351e+06 8.80561e+06 -231402 -1.94836e+06 -13812 
1.44481e+07 -3.99547e+06 9.08219e+06 -217469 -1.9689e+06 14655 
1.42633e+07 -4.02528e+06 8.80741e+06 -227982 -1.94678e+06 -14644 
1.44958e+07 -4.01606e+06 8.99712e+06 -227586 -1.96601e+06 9862 
1.42455e+07 -4.07026e+06 8.80716e+06 -234055 -1.93916e+06 -16656 
1.44912e+07 -3.97529e+06 8.96608e+06 -219680 -1.96636e+06 10715 
1.43215e+07 -4.01549e+06 8.89127e+06 -227666 -1.94644e+06 -14762 
1.4508e+07 -3.96156e+06 9.00101e+06 -225149 -1.96411e+06 12562 
1.43906e+07 -4.05549e+06 8.8643e+06 -220990 -1.96644e+06 -7695 
1.44875e+07 -3.99368e+06 8.96656e+06 -229352 -1.96618e+06 10114 
1.43391e+07 -4.11437e+06 8.89697e+06 -224410 -1.95696e+06 -13243 
1.44951e+07 -3.97643e+06 8.92455e+06 -232568 -1.95959e+06 7159 
1.43131e+07 -4.04452e+06 8.86417e+06 -224148 -1.94757e+06 -15667 
1.44998e+07 -3.9525e+06 8.96688e+06 -236890 -1.95546e+06 3101 
1.43419e+07 -4.07029e+06 8.90588e+06 -218474 -1.95652e+06 -9310 
1.44285e+07 -3.95088e+06 9.04244e+06 -234893 -1.95362e+06 3728 
1.42989e+07 -4.06096e+06 8.97087e+06 -209748 -1.95519e+06 -7524 
1.45044e+07 -4.00422e+06 8.9001e+06 -236692 -1.96094e+06 3581 
1.42961e+07 -4.08536e+06 8.93687e+06 -215808 -1.95072e+06 -13849 
1.44826e+07 -3.9638e+06 8.88603e+06 -241631 -1.94644e+06 -2938 
1.43828e+07 -4.05627e+06 8.86594e+06 -219566 -1.94993e+06 -7440 
1.43856e+07 -3.98094e+06 8.86285e+06 -246121 -1.94847e+06 -2074 
1.43195e+07 -4.06391e+06 8.98684e+06 -212080 -1.95509e+06 -4156 
1.44737e+07 -3.99287e+06 8.93682e+06 -239402 -1.95538e+06 10 
1.43116e+07 -4.09342e+06 8.90597e+06 -215280 -1.95189e+06 -6575 
1.44358e+07 -3.97018e+06 8.7898e+06 -245881 -1.9435e+06 -10156 
1.43734e+07 -4.07186e+06 8.90395e+06 -221236 -1.95746e+06 -6080 
1.43848e+07 -3.98311e+06 8.86321e+06 -246796 -1.94123e+06 -8656 
1.4398e+07 -4.06827e+06 9.03079e+06 -215055 -1.95833e+06 -2750 
1.43689e+07 -4.06499e+06 8.93593e+06 -214968 -1.95292e+06 -5487 
1.44094e+07 -4.10763e+06 8.95762e+06 -210555 -1.96572e+06 -448 
1.44324e+07 -3.98039e+06 8.84518e+06 -239732 -1.94293e+06 -11822 
1.44064e+07 -4.05827e+06 9.01286e+06 -215649 -1.95524e+06 -3890 
1.43564e+07 -3.95882e+06 8.81044e+06 -240844 -1.94055e+06 -13264 
1.44407e+07 -4.06406e+06 8.9995e+06 -222198 -1.96026e+06 147 
1.44395e+07 -3.93889e+06 8.94484e+06 -239029 -1.94812e+06 -7523 
1.44089e+07 -4.05732e+06 9.0072e+06 -209813 -1.96442e+06 3690 
1.44448e+07 -3.94648e+06 8.88769e+06 -229448 -1.95285e+06 -6842 
1.44621e+07 -4.05327e+06 9.00991e+06 -214150 -1.9616e+06 2103 
1.43717e+07 -3.99079e+06 8.8062e+06 -237594 -1.94291e+06 -9751 
1.44768e+07 -4.03175e+06 8.95576e+06 -218803 -1.96022e+06 4165 
1.44023e+07 -4.01121e+06 8.85697e+06 -243720 -1.95126e+06 -12110 
1.44144e+07 -4.03682e+06 9.01669e+06 -215636 -1.96473e+06 6737 
1.44182e+07 -3.99009e+06 8.93125e+06 -231428 -1.95232e+06 -6984 
1.44957e+07 -4.04163e+06 9.01933e+06 -218125 -1.96671e+06 7079 
1.43435e+07 -4.02035e+06 8.84772e+06 -235494 -1.94466e+06 -13705 
1.45363e+07 -4.02881e+06 9.01025e+06 -222359 -1.96525e+06 6902 
1.43305e+07 -4.01089e+06 8.8539e+06 -236941 -1.94334e+06 -16641 
1.44775e+07 -4.00661e+06 9.02307e+06 -223955 -1.96557e+06 6947 
1.43716e+07 -3.99965e+06 8.82982e+06 -231660 -1.95097e+06 -13104 
1.44879e+07 -3.97861e+06 8.98364e+06 -218465 -1.96658e+06 7525 
1.43521e+07 -4.04182e+06 8.87873e+06 -230479 -1.95103e+06 -13574 
1.44849e+07 -4.03662e+06 9.02138e+06 -224419 -1.9636e+06 7007 
1.45127e+07 -4.03277e+06 8.93848e+06 -237069 -1.95541e+06 382 
1.45127e+07 -4.03277e+06 8.93848e+06 -237069 -1.95541e+06 382 
1.43418e+07 -4.04103e+06 8.80738e+06 -232908 -1.94618e+06 -19478 
1.45257e+07 -3.95273e+06 8.89701e+06 -226605 -1.96092e+06 3133 
1.43382e+07 -4.05085e+06 8.84936e+06 -224137 -1.95161e+06 -14963 
1.44856e+07 -4.01192e+06 8.93248e+06 -230664 -1.95874e+06 3299 
1.43507e+07 -4.08243e+06 8.90447e+06 -226294 -1.95252e+06 -15200 
1.45372e+07 -3.97144e+06 8.97814e+06 -230727 -1.9604e+06 2947 
1.43363e+07 -4.04733e+06 8.84921e+06 -227847 -1.94493e+06 -17921 
1.45342e+07 -3.97964e+06 8.90867e+06 -236602 -1.95666e+06 4462 
1.43722e+07 -4.0345e+06 8.89244e+06 -220665 -1.95679e+06 -9083 
1.45016e+07 -3.96877e+06 8.96388e+06 -232691 -1.96069e+06 5797 
1.43962e+07 -4.05047e+06 8.92765e+06 -213781 -1.96257e+06 -7512 
1.45255e+07 -3.98164e+06 8.97528e+06 -227170 -1.95947e+06 8247 
1.43792e+07 -4.08702e+06 8.95005e+06 -218206 -1.95425e+06 -10839 
1.45195e+07 -4.01978e+06 8.90349e+06 -243125 -1.95346e+06 1359 
1.43907e+07 -4.03359e+06 8.90994e+06 -220170 -1.95679e+06 -8829 
1.44988e+07 -3.972e+06 8.95584e+06 -242519 -1.95529e+06 1311 
1.43619e+07 -4.04728e+06 8.96593e+06 -216730 -1.95405e+06 -7254 
1.44943e+07 -3.95405e+06 8.99189e+06 -235689 -1.95802e+06 3236 
1.43971e+07 -4.06726e+06 8.89312e+06 -208143 -1.96736e+06 -3797 
1.44835e+07 -4.00508e+06 8.93323e+06 -240295 -1.95633e+06 -1999 
1.43957e+07 -4.03444e+06 8.91177e+06 -213153 -1.95488e+06 -9163 
1.45127e+07 -3.98251e+06 8.8884e+06 -245597 -1.95114e+06 -3744 
1.44452e+07 -4.03348e+06 8.88125e+06 -217790 -1.95974e+06 -5907 
1.44502e+07 -3.94966e+06 8.87552e+06 -240405 -1.94982e+06 -1751 
1.44428e+07 -4.01254e+06 8.80916e+06 -248401 -1.94259e+06 -6390 
1.43929e+07 -3.98301e+06 9.00278e+06 -236644 -1.94446e+06 -2679 
1.44142e+07 -4.07976e+06 8.9927e+06 -214214 -1.96128e+06 -3358 
1.44342e+07 -3.98456e+06 8.81026e+06 -241292 -1.94824e+06 -7983 
1.44202e+07 -4.07777e+06 8.97635e+06 -219352 -1.95965e+06 -3795 
1.43825e+07 -3.98434e+06 8.84485e+06 -246235 -1.94057e+06 -8824 
1.44681e+07 -4.06193e+06 8.93718e+06 -215911 -1.96663e+06 -1688 
1.44739e+07 -3.94416e+06 8.95448e+06 -236306 -1.9585e+06 -3207 
1.44154e+07 -4.05852e+06 8.95425e+06 -207777 -1.96568e+06 -528 
1.44557e+07 -3.96427e+06 8.8775e+06 -235748 -1.9491e+06 -7927 
1.44306e+07 -4.04407e+06 8.99288e+06 -212100 -1.96205e+06 -929 
1.44619e+07 -3.96407e+06 8.76519e+06 -241746 -1.94661e+06 -11064 
1.44696e+07 -4.03251e+06 8.93686e+06 -221187 -1.95837e+06 -2339 
1.43591e+07 -3.95315e+06 8.87612e+06 -237527 -1.94319e+06 -11595 
1.44912e+07 -4.01541e+06 8.92091e+06 -213839 -1.97111e+06 3403 
1.43942e+07 -3.99448e+06 8.80387e+06 -235055 -1.9457e+06 -12854 
1.44199e+07 -4.11172e+06 9.00088e+06 -220075 -1.95768e+06 1884 
1.43833e+07 -3.95812e+06 8.86769e+06 -229652 -1.94861e+06 -15158 
1.44974e+07 -4.00832e+06 8.96996e+06 -218112 -1.95996e+06 -626 
1.43572e+07 -3.9649e+06 8.83513e+06 -237005 -1.93584e+06 -19618 
1.44965e+07 -3.98988e+06 8.98275e+06 -221466 -1.96195e+06 3573 
1.44075e+07 -3.96512e+06 8.85798e+06 -228263 -1.95303e+06 -15628 
1.44681e+07 -4.02224e+06 8.96922e+06 -221360 -1.95891e+06 2996 
1.43557e+07 -4.04378e+06 8.8572e+06 -229180 -1.95266e+06 -16170 
1.45185e+07 -4.04194e+06 8.97441e+06 -223328 -1.96474e+06 4017 
1.43674e+07 -4.0146e+06 8.7211e+06 -235410 -1.94226e+06 -21106 
1.45051e+07 -4.03468e+06 8.90753e+06 -235245 -1.95483e+06 -648 
1.43272e+07 -4.01331e+06 8.83996e+06 -230151 -1.9435e+06 -18199 
1.44613e+07 -4.01545e+06 8.95628e+06 -227812 -1.95876e+06 2710 
1.4403e+07 -4.0166e+06 8.80521e+06 -224783 -1.95454e+06 -15440 
1.45309e+07 -4.03684e+06 9.01651e+06 -228851 -1.96516e+06 6137 
1.43485e+07 -4.04377e+06 8.9316e+06 -227469 -1.94974e+06 -19186 
1.44694e+07 -4.03484e+06 8.91278e+06 -235945 -1.94991e+06 2048 
1.43525e+07 -4.0645e+06 8.8716e+06 -234185 -1.94164e+06 -20848 
1.45052e+07 -3.95172e+06 8.96042e+06 -228784 -1.95829e+06 2657 
1.43716e+07 -4.00143e+06 8.83078e+06 -224385 -1.95146e+06 -16084 
1.45339e+07 -3.98827e+06 8.94392e+06 -230434 -1.9622e+06 4761 
1.444e+07 -4.05189e+06 8.989e+06 -212694 -1.96492e+06 -1763 
1.45629e+07 -3.98465e+06 9.02167e+06 -229805 -1.96122e+06 3801 
1.43627e+07 -4.06782e+06 8.83962e+06 -224050 -1.95056e+06 -17851 
1.45329e+07 -4.00035e+06 8.89934e+06 -241071 -1.9553e+06 425 
1.43408e+07 -4.06673e+06 8.94161e+06 -224584 -1.9475e+06 -14155 
1.45015e+07 -3.98327e+06 8.88586e+06 -238043 -1.95451e+06 104 
1.43226e+07 -4.08627e+06 8.92098e+06 -223796 -1.94842e+06 -10086 
1.45052e+07 -3.99696e+06 8.98151e+06 -235019 -1.95802e+06 4801 
1.4271e+07 -4.12405e+06 8.99805e+06 -224944 -1.94144e+06 -13874 
1.451e+07 -3.98933e+06 8.92816e+06 -241057 -1.9487e+06 -1595 
1.43451e+07 -4.07934e+06 8.91374e+06 -223980 -1.94582e+06 -12432 
1.45513e+07 -3.94149e+06 8.87282e+06 -243250 -1.95435e+06 -1552 
1.43476e+07 -4.04253e+06 8.85828e+06 -217634 -1.94892e+06 -10857 
1.45016e+07 -3.97522e+06 9.05185e+06 -237011 -1.95657e+06 2305 
1.43484e+07 -4.0525e+06 8.93158e+06 -210203 -1.95567e+06 -7917 
1.44732e+07 -3.97898e+06 8.9389e+06 -238633 -1.95044e+06 -295 
1.43736e+07 -4.07409e+06 8.85718e+06 -214045 -1.95602e+06 -10543 
1.45016e+07 -3.95417e+06 8.88324e+06 -241362 -1.95023e+06 -5546 
1.44112e+07 -4.00501e+06 8.91412e+06 -211490 -1.95263e+06 -7490 
1.44693e+07 -3.95006e+06 8.89722e+06 -242782 -1.94802e+06 -6161 
1.44624e+07 -4.03495e+06 9.02225e+06 -211236 -1.96689e+06 -337 
1.44855e+07 -3.98551e+06 8.85768e+06 -237641 -1.95591e+06 -1568 
1.43986e+07 -4.07537e+06 8.92833e+06 -211818 -1.9622e+06 -2275 
1.44263e+07 -3.9689e+06 8.95125e+06 -240405 -1.94179e+06 -6011 
1.44663e+07 -4.0095e+06 9.05977e+06 -209635 -1.96265e+06 -1688 
1.43968e+07 -3.97563e+06 8.84633e+06 -248933 -1.93732e+06 -10668 
1.44449e+07 -4.0413e+06 8.94252e+06 -216774 -1.96165e+06 967 
1.44446e+07 -3.97087e+06 8.90643e+06 -235959 -1.95756e+06 -5976 
1.44406e+07 -4.07708e+06 9.06378e+06 -213506 -1.96585e+06 5322 
1.4435e+07 -3.98647e+06 8.89762e+06 -235767 -1.94943e+06 -5254 
1.44796e+07 -4.10937e+06 9.03933e+06 -219140 -1.96431e+06 4505 
1.43924e+07 -3.97267e+06 8.83543e+06 -240648 -1.9435e+06 -11300 
1.4428e+07 -4.03405e+06 8.93873e+06 -221663 -1.95429e+06 3306 
1.44337e+07 -3.99516e+06 8.90394e+06 -238735 -1.95129e+06 -8849 
1.44927e+07 -4.02412e+06 9.01363e+06 -214435 -1.96618e+06 7715 
1.43611e+07 -4.03487e+06 8.89398e+06 -233592 -1.94519e+06 -9063 
1.45179e+07 -4.04476e+06 9.01085e+06 -216605 -1.97102e+06 8168 
1.43685e+07 -4.06126e+06 8.80312e+06 -235873 -1.9466e+06 -13287 
1.45036e+07 -3.97979e+06 9.02245e+06 -219134 -1.95816e+06 5778 
1.4436e+07 -3.99175e+06 8.85803e+06 -237325 -1.94983e+06 -13347 
1.45288e+07 -3.9898e+06 8.98796e+06 -223213 -1.9675e+06 8775 
1.44154e+07 -4.00366e+06 8.8741e+06 -230387 -1.95362e+06 -8949 
1.43809e+07 -4.03887e+06 8.92396e+06 -222693 -1.95475e+06 -11099 
1.43809e+07 -4.03887e+06 8.92396e+06 -222693 -1.95475e+06 -11099 
1.45748e+07 -4.01172e+06 8.94383e+06 -232398 -1.9648e+06 5476 
1.43481e+07 -4.02912e+06 8.81642e+06 -229955 -1.94417e+06 -19252 
1.44889e+07 -3.99823e+06 8.88072e+06 -234413 -1.95604e+06 1096 
1.43318e+07 -4.02949e+06 8.85311e+06 -223642 -1.9489e+06 -14762 
1.4472e+07 -3.99074e+06 8.94297e+06 -232015 -1.95575e+06 1298 
1.4413e+07 -4.04461e+06 8.85014e+06 -218275 -1.96333e+06 -13359 
1.45133e+07 -3.97362e+06 8.9434e+06 -227215 -1.96136e+06 3685 
1.43451e+07 -4.09703e+06 8.88801e+06 -227619 -1.94723e+06 -21194 
1.44586e+07 -3.96771e+06 8.93704e+06 -232786 -1.94571e+06 -195 
1.4351e+07 -4.04338e+06 8.85485e+06 -224378 -1.94832e+06 -16343 
1.45264e+07 -3.94634e+06 8.91366e+06 -236118 -1.95642e+06 -942 
1.43765e+07 -4.05108e+06 8.86937e+06 -219142 -1.9561e+06 -11940 
1.45192e+07 -4.01242e+06 8.94733e+06 -235139 -1.96149e+06 3666 
1.4309e+07 -4.09087e+06 8.96762e+06 -218674 -1.94765e+06 -13538 
1.44821e+07 -3.99725e+06 8.97968e+06 -243690 -1.94328e+06 -3279 
1.43646e+07 -4.04119e+06 8.79616e+06 -219480 -1.95112e+06 -14851 
1.44517e+07 -3.96074e+06 8.85902e+06 -244386 -1.93955e+06 -13613 
1.42875e+07 -4.01596e+06 8.92625e+06 -214425 -1.94272e+06 -12964 
1.44774e+07 -4.03075e+06 8.88119e+06 -246794 -1.95253e+06 -793 
1.4478e+07 -3.95138e+06 8.88339e+06 -240388 -1.95248e+06 -2054 
1.44804e+07 -4.00254e+06 8.91639e+06 -244511 -1.94559e+06 -3871 
1.43661e+07 -4.0722e+06 8.95214e+06 -213390 -1.95406e+06 -8050 
1.44293e+07 -3.95992e+06 8.93394e+06 -245521 -1.94099e+06 -5866 
1.44244e+07 -4.0519e+06 8.96407e+06 -217146 -1.95993e+06 -4698 
1.44636e+07 -3.92679e+06 8.80661e+06 -237754 -1.94963e+06 -5624 
1.4475e+07 -4.03689e+06 8.98016e+06 -208469 -1.97278e+06 5510 
1.44486e+07 -3.96396e+06 8.84252e+06 -235807 -1.95456e+06 948 
1.44412e+07 -4.04516e+06 9.03844e+06 -206661 -1.96365e+06 2051 
1.4357e+07 -4.0803e+06 8.92787e+06 -219034 -1.95531e+06 -7666 
1.4476e+07 -4.06624e+06 8.89707e+06 -216302 -1.96673e+06 1098 
1.43902e+07 -4.96425e+06 9.10367e+06 -270359 -1.94061e+06 -785 
1.45415e+07 -4.30072e+06 9.05102e+06 -206467 -1.96749e+06 6108 
1.45332e+07 -4.19451e+06 8.88435e+06 -239588 -1.95258e+06 -3260 
1.45774e+07 -4.58233e+06 9.0256e+06 -210946 -1.96986e+06 10749 
1.41412e+07 -5.14161e+06 9.04172e+06 -245408 -1.95039e+06 -3510 
1.42313e+07 -5.7193e+06 9.09392e+06 -250486 -1.96292e+06 5436 
1.45701e+07 -6.16696e+06 9.22571e+06 -292378 -1.95284e+06 1197 
1.47451e+07 -6.95911e+06 9.20628e+06 -282068 -1.97589e+06 16153 
1.47336e+07 -7.38828e+06 9.04478e+06 -297733 -1.95846e+06 12769 
1.46111e+07 -7.59832e+06 9.15307e+06 -287047 -1.9774e+06 29251 
1.48234e+07 -7.93262e+06 9.21477e+06 -297185 -1.94508e+06 14004 
1.47749e+07 -8.41994e+06 9.30444e+06 -283332 -1.95313e+06 32758 
1.50812e+07 -8.72378e+06 9.53833e+06 -286634 -1.92819e+06 18833 
1.47914e+07 -9.17723e+06 9.6692e+06 -280870 -1.95619e+06 37049 
1.4649e+07 -9.51878e+06 9.53405e+06 -304868 -1.94043e+06 25634 
1.51523e+07 -9.84396e+06 9.76574e+06 -285268 -1.96574e+06 52531 
1.51171e+07 -1.00837e+07 9.63817e+06 -302250 -1.95349e+06 32916 
1.51088e+07 -9.75737e+06 9.79061e+06 -274791 -1.96601e+06 56156 
1.47467e+07 -1.02062e+07 9.55977e+06 -296006 -1.9456e+06 25550 
1.46838e+07 -1.08679e+07 9.64991e+06 -274952 -1.96427e+06 57020 
1.44922e+07 -1.07731e+07 9.57003e+06 -285722 -1.93365e+06 35073 
1.47798e+07 -1.05375e+07 9.77386e+06 -264847 -1.9576e+06 60999 
1.4482e+07 -1.11211e+07 9.71835e+06 -287678 -1.93444e+06 39000 
1.43229e+07 -1.12716e+07 9.68573e+06 -259747 -1.97194e+06 67711 
1.42919e+07 -1.18449e+07 9.65075e+06 -270784 -1.94448e+06 40621 
1.45063e+07 -1.14195e+07 9.66364e+06 -275590 -1.97427e+06 71077 
1.39775e+07 -1.17756e+07 9.27536e+06 -275040 -1.93254e+06 37494 
1.40615e+07 -1.13672e+07 9.0432e+06 -266270 -1.93723e+06 41072 
1.43719e+07 -1.22195e+07 9.58557e+06 -256497 -1.97646e+06 81839 
1.43719e+07 -1.22195e+07 9.58557e+06 -256497 -1.97646e+06 81839 
1.44717e+07 -1.21923e+07 9.21678e+06 -258022 -1.95012e+06 47532 
1.47527e+07 -1.19442e+07 9.36768e+06 -251108 -1.98342e+06 82620 
1.44338e+07 -1.16984e+07 9.03603e+06 -263355 -1.93807e+06 37612 
1.44546e+07 -1.07117e+07 9.30633e+06 -251254 -1.97559e+06 66241 
1.35376e+07 -8.89029e+06 9.08164e+06 -247361 -1.93513e+06 9552 
1.34958e+07 -5.56286e+06 9.22274e+06 -250122 -1.93392e+06 4116 
1.43145e+07 -4.08816e+06 8.81268e+06 -212670 -1.95382e+06 -6592 
1.44898e+07 -4.0318e+06 8.94971e+06 -225692 -1.96197e+06 10588 
1.4335e+07 -4.09043e+06 8.71562e+06 -208329 -1.94746e+06 -14097 
1.45883e+07 -3.53459e+06 8.79855e+06 -221236 -1.95368e+06 -2268 
1.43931e+07 -4.13943e+06 8.88483e+06 -225155 -1.94124e+06 -12742 
1.43496e+07 -4.61758e+06 8.67766e+06 -245613 -1.94567e+06 -3728 
1.45353e+07 -3.99825e+06 8.84947e+06 -190792 -1.95686e+06 -9984 
1.45086e+07 -3.83842e+06 9.05573e+06 -242374 -1.9499e+06 -2510 
1.45032e+07 -3.61981e+06 8.79405e+06 -202158 -1.9651e+06 -6284 
1.44314e+07 -4.42757e+06 9.09775e+06 -237091 -1.93828e+06 -4850 
1.44159e+07 -4.17356e+06 9.18166e+06 -204120 -1.95802e+06 -13324 
1.45225e+07 -3.99712e+06 9.06501e+06 -240134 -1.93903e+06 -12748 
1.44563e+07 -4.05852e+06 8.93759e+06 -229241 -1.95496e+06 -6152 
1.4414e+07 -3.82791e+06 8.88776e+06 -241534 -1.93845e+06 -12241 
1.4432e+07 -3.85197e+06 9.03399e+06 -190152 -1.97833e+06 11187 
1.43962e+07 -4.31724e+06 8.8977e+06 -248317 -1.95216e+06 -7203 
1.44174e+07 -4.21614e+06 9.07447e+06 -212406 -1.96068e+06 -422 
1.44574e+07 -3.96742e+06 8.97197e+06 -216293 -1.9569e+06 942 
1.44574e+07 -3.96742e+06 8.97197e+06 -216293 -1.9569e+06 942 
1.44499e+07 -3.86501e+06 8.89376e+06 -246396 -1.93896e+06 -18721 
1.45338e+07 -4.01111e+06 8.87571e+06 -214766 -1.97532e+06 9039 
1.44378e+07 -3.96806e+06 8.94403e+06 -237151 -1.95115e+06 -8962 
1.44411e+07 -4.10672e+06 8.97884e+06 -210045 -1.97016e+06 8552 
1.43564e+07 -3.97736e+06 8.79284e+06 -234860 -1.94102e+06 -16726 
1.44985e+07 -3.9329e+06 8.91997e+06 -210214 -1.96446e+06 6555 
1.43803e+07 -4.07298e+06 8.83098e+06 -243819 -1.93731e+06 -17081 
1.4472e+07 -4.03191e+06 8.94173e+06 -222586 -1.96035e+06 5809 
1.44533e+07 -3.97879e+06 8.86099e+06 -240361 -1.95134e+06 -10380 
1.4565e+07 -3.97857e+06 8.96282e+06 -216855 -1.97409e+06 8672 
1.44379e+07 -3.99978e+06 8.87988e+06 -231777 -1.95733e+06 -7915 
1.45942e+07 -3.98881e+06 9.09089e+06 -213358 -1.97943e+06 14174 
1.4398e+07 -4.02254e+06 8.87684e+06 -232624 -1.95134e+06 -12670 
1.45047e+07 -4.00663e+06 8.98035e+06 -219963 -1.96486e+06 5395 
1.44325e+07 -3.98976e+06 8.85027e+06 -238625 -1.94861e+06 -10124 
1.45266e+07 -3.99445e+06 8.98293e+06 -221781 -1.96982e+06 9161 
1.43475e+07 -3.992e+06 8.80811e+06 -229172 -1.94879e+06 -12475 
1.45362e+07 -3.98919e+06 9.00224e+06 -213801 -1.97421e+06 13119 
1.43863e+07 -3.98489e+06 8.86159e+06 -223501 -1.95716e+06 -14988 
1.45765e+07 -3.98022e+06 9.02958e+06 -216237 -1.97175e+06 9203 
1.43507e+07 -4.04205e+06 8.8453e+06 -230785 -1.94483e+06 -17863 
1.4536e+07 -3.94105e+06 8.94033e+06 -224796 -1.96304e+06 9799 
1.44175e+07 -3.98944e+06 8.8671e+06 -226972 -1.95406e+06 -13069 
1.45364e+07 -3.9361e+06 8.90098e+06 -231486 -1.96298e+06 6395 
1.43644e+07 -4.0483e+06 8.84677e+06 -217068 -1.96125e+06 -10420 
1.45668e+07 -3.94953e+06 8.95238e+06 -231742 -1.96665e+06 5570 
1.43848e+07 -4.05216e+06 8.90442e+06 -213000 -1.95737e+06 -9476 
1.44713e+07 -3.92967e+06 8.9014e+06 -241890 -1.94339e+06 -3829 
1.44106e+07 -4.06857e+06 8.99559e+06 -219488 -1.95543e+06 -499 
1.43994e+07 -3.95689e+06 8.85288e+06 -241053 -1.93967e+06 -12967 
1.45222e+07 -4.01998e+06 8.86002e+06 -217876 -1.96898e+06 3864 
1.43386e+07 -4.01575e+06 8.78042e+06 -232668 -1.94496e+06 -13029 
1.45233e+07 -3.98672e+06 8.99749e+06 -223206 -1.96794e+06 7587 
1.43256e+07 -4.02437e+06 8.93852e+06 -219122 -1.94784e+06 -16971 
1.45503e+07 -3.99237e+06 8.93597e+06 -236444 -1.95801e+06 6800 
1.43311e+07 -4.08515e+06 8.86772e+06 -226587 -1.94215e+06 -17021 
1.45086e+07 -3.96952e+06 8.88387e+06 -250328 -1.94728e+06 -1200 
1.4404e+07 -3.94742e+06 8.97196e+06 -209572 -1.95692e+06 -869 
1.43909e+07 -3.98261e+06 8.84373e+06 -238188 -1.94779e+06 -12439 
1.45139e+07 -4.01516e+06 9.00745e+06 -214643 -1.97169e+06 10484 
1.43766e+07 -3.95264e+06 8.82248e+06 -229142 -1.94291e+06 -19761 
1.45515e+07 -3.99914e+06 8.98193e+06 -230251 -1.96467e+06 7512 
1.43421e+07 -4.03896e+06 8.92048e+06 -227283 -1.94527e+06 -16019 
1.45721e+07 -3.93302e+06 8.88503e+06 -239829 -1.95921e+06 2870 
1.43713e+07 -4.03565e+06 8.87957e+06 -215903 -1.95743e+06 -7043 
1.44723e+07 -3.9825e+06 8.86266e+06 -242554 -1.95403e+06 -803 
1.441e+07 -4.02911e+06 8.99836e+06 -211659 -1.96494e+06 920 
1.43811e+07 -4.03094e+06 8.87128e+06 -237894 -1.94555e+06 -15848 
1.4526e+07 -4.01414e+06 8.94836e+06 -218902 -1.96826e+06 10308 
1.43514e+07 -4.02402e+06 8.79329e+06 -233176 -1.94409e+06 -21491 
1.45071e+07 -3.96648e+06 8.96107e+06 -237934 -1.95545e+06 9429 
1.43765e+07 -4.03262e+06 8.85805e+06 -219549 -1.95965e+06 -8246 
1.45221e+07 -3.93331e+06 8.99431e+06 -231141 -1.96334e+06 2278 
1.44466e+07 -4.0688e+06 8.97592e+06 -211395 -1.96994e+06 573 
1.44627e+07 -3.97538e+06 8.90504e+06 -239451 -1.94997e+06 -11658 
1.44879e+07 -4.00476e+06 8.88946e+06 -213399 -1.96697e+06 5842 
1.43728e+07 -3.97201e+06 8.86946e+06 -236690 -1.93932e+06 -17185 
1.45091e+07 -4.00854e+06 8.98055e+06 -232779 -1.96058e+06 8566 
1.4363e+07 -3.99325e+06 8.81777e+06 -217001 -1.95672e+06 -11446 
1.45755e+07 -3.9282e+06 8.94993e+06 -235029 -1.96604e+06 7004 
1.43569e+07 -4.0584e+06 8.92571e+06 -211585 -1.95869e+06 -6361 
1.44189e+07 -3.98734e+06 8.87798e+06 -235507 -1.94966e+06 -5607 
1.44891e+07 -4.04274e+06 8.88901e+06 -213046 -1.96659e+06 1424 
1.44027e+07 -3.96373e+06 8.81192e+06 -241339 -1.9455e+06 -17279 
1.45408e+07 -3.95038e+06 8.96152e+06 -221186 -1.96933e+06 9323 
1.43282e+07 -4.02083e+06 8.79774e+06 -233064 -1.94065e+06 -17365 
1.45455e+07 -3.97094e+06 8.90686e+06 -227318 -1.96751e+06 6224 
1.43442e+07 -4.03399e+06 8.88936e+06 -212674 -1.95632e+06 -10060 
1.45119e+07 -3.9768e+06 8.85504e+06 -239619 -1.95569e+06 -1847 
1.44278e+07 -4.07302e+06 8.92199e+06 -216428 -1.95971e+06 -6549 
1.438e+07 -3.99642e+06 8.87886e+06 -247026 -1.93653e+06 -11767 
1.44961e+07 -4.00159e+06 8.97537e+06 -218168 -1.9651e+06 3695 
1.43817e+07 -3.94108e+06 8.84266e+06 -235722 -1.94157e+06 -17405 
1.45683e+07 -3.97264e+06 9.00836e+06 -223716 -1.96971e+06 11971 
1.45334e+07 -4.00698e+06 8.95405e+06 -226293 -1.96539e+06 10134 
1.43628e+07 -4.07044e+06 8.96075e+06 -224892 -1.9491e+06 -15085 
1.43628e+07 -4.07044e+06 8.96075e+06 -224892 -1.9491e+06 -15085 
1.44818e+07 -3.93564e+06 8.94615e+06 -239166 -1.9492e+06 864 
1.44374e+07 -4.00448e+06 8.9039e+06 -213427 -1.95876e+06 -7675 
1.44944e+07 -3.95831e+06 8.82029e+06 -242562 -1.95406e+06 -1391 
1.44744e+07 -4.0504e+06 8.93761e+06 -214988 -1.97045e+06 5075 
1.44112e+07 -3.99934e+06 8.90324e+06 -234934 -1.95297e+06 -8113 
1.45279e+07 -4.01154e+06 9.04285e+06 -212286 -1.9697e+06 11825 
1.43449e+07 -4.03515e+06 8.84306e+06 -233603 -1.94514e+06 -16672 
1.45418e+07 -3.98382e+06 8.96779e+06 -227994 -1.96638e+06 11257 
1.43558e+07 -4.07176e+06 8.87365e+06 -234204 -1.94584e+06 -14464 
1.45455e+07 -3.96384e+06 8.84524e+06 -238285 -1.96368e+06 6243 
1.43982e+07 -4.03579e+06 8.90992e+06 -212565 -1.96576e+06 -6408 
1.44739e+07 -3.97146e+06 8.95695e+06 -239028 -1.95309e+06 836 
1.43923e+07 -4.07476e+06 8.93243e+06 -212589 -1.96059e+06 -4432 
1.44501e+07 -3.98618e+06 8.87706e+06 -240847 -1.9463e+06 -7452 
1.45347e+07 -3.9933e+06 8.95044e+06 -218756 -1.9655e+06 3398 
1.44179e+07 -3.9557e+06 8.84757e+06 -239645 -1.94463e+06 -16434 
1.45486e+07 -3.98483e+06 9.00364e+06 -223767 -1.96496e+06 10383 
1.43806e+07 -4.00588e+06 8.86017e+06 -227655 -1.9505e+06 -16338 
1.45038e+07 -3.97862e+06 8.86436e+06 -230389 -1.95837e+06 8195 
1.4389e+07 -4.04174e+06 8.87968e+06 -217396 -1.95453e+06 -12794 
1.45038e+07 -3.99683e+06 8.9405e+06 -241804 -1.95283e+06 -742 
1.43438e+07 -4.00534e+06 8.86206e+06 -232274 -1.94229e+06 -17268 
1.44649e+07 -3.95715e+06 8.82094e+06 -246733 -1.94698e+06 -6969 
1.44271e+07 -4.0114e+06 8.98548e+06 -214950 -1.96312e+06 2885 
1.43663e+07 -3.97887e+06 8.94652e+06 -236655 -1.94327e+06 -12133 
1.45061e+07 -3.96234e+06 9.02749e+06 -214400 -1.96971e+06 12258 
1.43586e+07 -3.99704e+06 8.85054e+06 -220735 -1.95208e+06 -13959 
1.45506e+07 -3.98152e+06 8.98476e+06 -233884 -1.9601e+06 9784 
1.44013e+07 -4.06242e+06 8.89025e+06 -224515 -1.95491e+06 -12261 
1.4481e+07 -3.96349e+06 8.89838e+06 -243745 -1.95067e+06 3009 
1.444e+07 -4.05132e+06 8.9405e+06 -218466 -1.96452e+06 -817 
1.43962e+07 -3.9872e+06 8.89216e+06 -239618 -1.9505e+06 -2071 
1.44615e+07 -4.05899e+06 8.95271e+06 -212667 -1.97179e+06 6088 
1.44072e+07 -3.98114e+06 8.93726e+06 -234293 -1.94858e+06 -11726 
1.45115e+07 -3.95161e+06 8.98587e+06 -209962 -1.9666e+06 6806 
1.43324e+07 -4.06664e+06 8.77091e+06 -234722 -1.94253e+06 -18145 
1.45291e+07 -4.00105e+06 9.00962e+06 -234107 -1.95847e+06 11659 
1.43763e+07 -3.98584e+06 8.86396e+06 -220677 -1.95145e+06 -16698 
1.45418e+07 -3.96402e+06 8.97768e+06 -236940 -1.96367e+06 7485 
1.4327e+07 -4.06819e+06 8.92038e+06 -215851 -1.95223e+06 -9192 
1.44679e+07 -3.97586e+06 8.92031e+06 -237521 -1.95133e+06 -1787 
1.44332e+07 -4.07367e+06 9.01802e+06 -211408 -1.96185e+06 -3339 
1.44888e+07 -4.03366e+06 8.97329e+06 -212223 -1.97393e+06 6187 
1.44387e+07 -4.01729e+06 8.93351e+06 -219813 -1.95603e+06 -1831 
1.43977e+07 -3.97062e+06 8.86287e+06 -240075 -1.94277e+06 -11296 
1.44933e+07 -4.0029e+06 9.00583e+06 -216351 -1.96623e+06 9567 
1.43209e+07 -4.02841e+06 8.87839e+06 -236171 -1.94286e+06 -17987 
1.45497e+07 -3.96322e+06 9.13683e+06 -221377 -1.96748e+06 10919 
1.43283e+07 -4.06357e+06 8.90178e+06 -229303 -1.94342e+06 -18898 
1.4543e+07 -3.94506e+06 8.87949e+06 -233125 -1.95413e+06 3920 
1.43535e+07 -4.05755e+06 8.89934e+06 -225172 -1.94814e+06 -14918 
1.45453e+07 -3.91714e+06 8.85278e+06 -237239 -1.95871e+06 4149 
1.43645e+07 -4.06481e+06 8.96049e+06 -221100 -1.95447e+06 -9559 
1.44607e+07 -3.9765e+06 8.87293e+06 -243241 -1.94838e+06 -907 
1.43993e+07 -4.06571e+06 9.0303e+06 -210496 -1.96062e+06 -3842 
1.44028e+07 -3.97005e+06 8.90451e+06 -236521 -1.94587e+06 -9688 
1.44882e+07 -4.0245e+06 8.96877e+06 -217563 -1.95988e+06 806 
1.43981e+07 -3.95618e+06 8.82262e+06 -237631 -1.93944e+06 -18223 
1.4573e+07 -4.00912e+06 8.91434e+06 -219524 -1.97111e+06 10359 
1.43951e+07 -3.98768e+06 8.86978e+06 -235775 -1.94732e+06 -16658 
1.45314e+07 -3.95929e+06 8.88447e+06 -221695 -1.96719e+06 8535 
1.43964e+07 -4.00333e+06 8.91175e+06 -223218 -1.95574e+06 -12644 
1.44901e+07 -3.99177e+06 8.92985e+06 -226144 -1.95986e+06 7618 
1.43062e+07 -4.04628e+06 8.90476e+06 -223961 -1.94275e+06 -17744 
1.45591e+07 -3.99512e+06 8.94769e+06 -240469 -1.96028e+06 7679 
1.43537e+07 -4.01944e+06 8.86567e+06 -219854 -1.95015e+06 -10572 
1.45471e+07 -3.9502e+06 8.86576e+06 -240609 -1.96069e+06 5082 
1.43932e+07 -4.03695e+06 8.98892e+06 -213695 -1.96174e+06 -2942 
1.44469e+07 -3.98783e+06 8.85373e+06 -238103 -1.95328e+06 -1793 
1.44385e+07 -4.0642e+06 8.98655e+06 -211171 -1.96722e+06 2483 
1.44176e+07 -3.98586e+06 8.84385e+06 -243502 -1.94368e+06 -7024 
1.4382e+07 -4.00827e+06 8.95705e+06 -213451 -1.95516e+06 -3499 
1.43908e+07 -4.00425e+06 8.858e+06 -248510 -1.9414e+06 -4274 
1.44784e+07 -3.98622e+06 8.90388e+06 -211091 -1.96742e+06 5593 
1.43981e+07 -3.95379e+06 8.9253e+06 -234843 -1.9517e+06 -9431 
1.44346e+07 -4.02686e+06 9.07465e+06 -210415 -1.96654e+06 10199 
1.43849e+07 -4.01319e+06 8.96224e+06 -235952 -1.94943e+06 -13643 
1.44717e+07 -4.08743e+06 8.97995e+06 -222583 -1.96217e+06 7223 
1.43497e+07 -4.04721e+06 8.84009e+06 -236700 -1.94306e+06 -14104 
1.45495e+07 -3.99525e+06 8.86096e+06 -231622 -1.96609e+06 9906 
1.43459e+07 -3.99133e+06 8.85099e+06 -227796 -1.94726e+06 -15560 
1.44911e+07 -4.05671e+06 8.96736e+06 -211324 -1.97309e+06 5064 
1.43507e+07 -4.06246e+06 8.90506e+06 -221239 -1.9546e+06 -15259 
1.44581e+07 -3.96841e+06 8.99594e+06 -232855 -1.95534e+06 6962 
1.43738e+07 -4.08981e+06 8.90194e+06 -219071 -1.95726e+06 -7653 
1.44586e+07 -3.96554e+06 8.92648e+06 -243028 -1.9463e+06 -3345 
1.44252e+07 -4.02861e+06 8.92214e+06 -213461 -1.96119e+06 -2815 
1.44819e+07 -3.94041e+06 8.80375e+06 -238117 -1.95516e+06 -3121 
1.44594e+07 -4.07614e+06 8.99965e+06 -216307 -1.97392e+06 3496 
1.43559e+07 -3.95524e+06 8.85749e+06 -232234 -1.94742e+06 -11158 
1.45174e+07 -4.02673e+06 9.08018e+06 -211691 -1.97246e+06 12480 
1.43375e+07 -3.99771e+06 8.88972e+06 -230375 -1.94244e+06 -17893 
1.45656e+07 -4.00344e+06 8.9328e+06 -224288 -1.96846e+06 8350 
1.43571e+07 -4.04975e+06 8.76104e+06 -235953 -1.94592e+06 -14128 
1.45527e+07 -3.98566e+06 8.9552e+06 -232064 -1.96574e+06 10515 
1.4355e+07 -4.0535e+06 9.01762e+06 -223223 -1.95378e+06 -11359 
1.45327e+07 -3.95419e+06 8.88393e+06 -231615 -1.96364e+06 7722 
1.43365e+07 -4.08373e+06 8.94126e+06 -215799 -1.95462e+06 -10956 
1.45108e+07 -3.97803e+06 8.95747e+06 -241309 -1.95204e+06 -1927 
1.44159e+07 -4.08164e+06 8.98429e+06 -219034 -1.95899e+06 -3480 
1.44588e+07 -4.00226e+06 8.78553e+06 -246026 -1.94678e+06 -10201 
1.4457e+07 -4.04365e+06 8.96338e+06 -220347 -1.95951e+06 3320 
1.43757e+07 -3.9618e+06 8.80273e+06 -237653 -1.94238e+06 -15078 
1.45173e+07 -3.99708e+06 8.97679e+06 -215838 -1.9713e+06 8945 
1.44084e+07 -4.06437e+06 8.92598e+06 -221360 -1.95765e+06 -10270 
1.45003e+07 -4.00333e+06 9.0475e+06 -228414 -1.95813e+06 6256 
1.43169e+07 -4.06418e+06 8.94342e+06 -225098 -1.94192e+06 -18082 
1.4559e+07 -3.96256e+06 8.9274e+06 -240313 -1.95524e+06 6078 
1.4365e+07 -4.06521e+06 8.86881e+06 -225820 -1.9501e+06 -13454 
1.45166e+07 -3.94595e+06 8.93077e+06 -237984 -1.95689e+06 -406 
1.44603e+07 -4.06459e+06 8.94533e+06 -214730 -1.96713e+06 987 
1.44275e+07 -3.92007e+06 8.83893e+06 -232010 -1.9477e+06 -12941 
1.44841e+07 -4.03707e+06 8.97124e+06 -212905 -1.96639e+06 4535 
1.43744e+07 -4.03637e+06 8.84059e+06 -242075 -1.93743e+06 -18869 
1.43696e+07 -3.99764e+06 8.86658e+06 -217871 -1.95464e+06 -14188 
1.45257e+07 -3.98621e+06 8.92222e+06 -233534 -1.95911e+06 11207 
1.45257e+07 -3.98621e+06 8.92222e+06 -233534 -1.95911e+06 11207 
1.43446e+07 -4.04165e+06 8.8699e+06 -221713 -1.9508e+06 -16028 
1.45276e+07 -3.97759e+06 8.96713e+06 -236539 -1.96188e+06 7597 
1.43879e+07 -4.10202e+06 8.98274e+06 -215163 -1.96033e+06 -6104 
1.44095e+07 -3.9749e+06 8.86326e+06 -242322 -1.94182e+06 -7269 
1.43441e+07 -4.0336e+06 8.86084e+06 -226279 -1.94461e+06 -15312 
1.44336e+07 -4.05665e+06 9.01118e+06 -212326 -1.9671e+06 71 
1.45367e+07 -4.03213e+06 8.9358e+06 -229106 -1.96574e+06 10032 
1.43969e+07 -4.05364e+06 8.82036e+06 -240360 -1.95129e+06 -13939 
1.45753e+07 -3.97094e+06 8.96132e+06 -223788 -1.97534e+06 13006 
1.4379e+07 -4.0588e+06 8.8529e+06 -222722 -1.95419e+06 -17365 
1.4544e+07 -3.98607e+06 8.89445e+06 -236137 -1.95938e+06 6100 
1.43584e+07 -4.0891e+06 8.90346e+06 -224408 -1.95009e+06 -11598 
1.44862e+07 -3.99377e+06 8.8481e+06 -246645 -1.95122e+06 135 
1.44504e+07 -4.09609e+06 8.89241e+06 -222733 -1.9622e+06 1355 
1.44677e+07 -3.94031e+06 8.81352e+06 -237496 -1.95077e+06 -4261 
1.44986e+07 -4.01339e+06 8.91041e+06 -209852 -1.97419e+06 7484 
1.43679e+07 -3.97543e+06 8.96096e+06 -232877 -1.94229e+06 -10271 
1.44954e+07 -4.05248e+06 8.96978e+06 -221738 -1.9645e+06 5652 
1.43729e+07 -3.98835e+06 8.80261e+06 -230275 -1.94656e+06 -18019 
1.45117e+07 -3.95348e+06 9.02564e+06 -229830 -1.95768e+06 13277 
1.4369e+07 -4.03558e+06 8.78758e+06 -230068 -1.94919e+06 -19386 
1.45261e+07 -3.98676e+06 8.95541e+06 -232192 -1.9668e+06 11817 
1.43701e+07 -4.08885e+06 8.91345e+06 -219185 -1.9602e+06 -10096 
1.45192e+07 -3.97496e+06 8.87255e+06 -237731 -1.95963e+06 1488 
1.43759e+07 -4.0121e+06 8.82326e+06 -231887 -1.94516e+06 -18358 
1.44211e+07 -3.99985e+06 8.87265e+06 -246932 -1.9406e+06 -4146 
1.44201e+07 -4.06726e+06 8.8981e+06 -217299 -1.95913e+06 -4162 
1.43946e+07 -3.94633e+06 8.92465e+06 -241797 -1.9423e+06 -12404 
1.44599e+07 -4.01168e+06 8.99851e+06 -214063 -1.96581e+06 7242 
1.43765e+07 -4.02399e+06 8.83912e+06 -236725 -1.94764e+06 -14844 
1.45243e+07 -4.00653e+06 8.98163e+06 -216659 -1.96952e+06 8850 
1.43788e+07 -4.02758e+06 8.85745e+06 -229915 -1.94604e+06 -20112 
1.44824e+07 -3.9929e+06 8.93978e+06 -232103 -1.9528e+06 4507 
1.42133e+07 -3.84126e+06 9.1869e+06 -233638 -1.94925e+06 5139 
1.41597e+07 -5.14411e+06 9.17683e+06 -281395 -1.93373e+06 -9229 
1.42959e+07 -6.29894e+06 9.21692e+06 -302733 -1.95596e+06 -35581 
1.43276e+07 -7.50597e+06 9.2812e+06 -316306 -1.93577e+06 -15173 
1.35373e+07 -8.41688e+06 9.31241e+06 -295170 -1.92962e+06 -44110 
1.3363e+07 -9.03097e+06 9.42055e+06 -316261 -1.92852e+06 -38271 
1.32091e+07 -9.96111e+06 9.23566e+06 -300363 -1.94168e+06 -48277 
1.31359e+07 -1.06295e+07 9.37893e+06 -312192 -1.93166e+06 -46893 
1.28403e+07 -1.08039e+07 9.59839e+06 -303663 -1.93378e+06 -39437 
1.27526e+07 -1.09438e+07 9.56336e+06 -285727 -1.93263e+06 -57733 
1.30097e+07 -1.11429e+07 9.57925e+06 -298102 -1.95165e+06 -35744 
1.31777e+07 -1.14747e+07 9.48352e+06 -267922 -1.93102e+06 -54311 
1.36346e+07 -1.14642e+07 9.7621e+06 -269353 -1.9583e+06 -31350 
1.33941e+07 -1.13607e+07 9.33386e+06 -273724 -1.93965e+06 -52038 
1.34632e+07 -1.18666e+07 9.39724e+06 -267416 -1.9693e+06 -24725 
1.3496e+07 -1.1854e+07 9.12213e+06 -256502 -1.9585e+06 -48485 
1.38675e+07 -1.20166e+07 9.04079e+06 -270430 -1.97872e+06 -20309 
1.41879e+07 -1.26209e+07 9.10292e+06 -251541 -1.96794e+06 -35048 
1.42624e+07 -1.23069e+07 8.79384e+06 -270584 -1.97484e+06 -25671 
1.39991e+07 -1.23621e+07 8.64865e+06 -240058 -1.97713e+06 -35711 
1.382e+07 -1.18778e+07 8.70641e+06 -269837 -1.95862e+06 -34566 
1.41689e+07 -1.2234e+07 8.68566e+06 -257060 -1.97759e+06 -34716 
1.43045e+07 -1.30656e+07 8.93505e+06 -270993 -1.96887e+06 -29807 
1.4372e+07 -1.28994e+07 8.72419e+06 -236770 -1.97534e+06 -18106 
1.41803e+07 -1.25852e+07 8.5301e+06 -244461 -1.9671e+06 -38305 
1.4167e+07 -1.31673e+07 8.62137e+06 -246500 -1.98698e+06 -16435 
1.40274e+07 -1.27364e+07 8.33431e+06 -241345 -1.95634e+06 -41951 
1.4228e+07 -1.30802e+07 8.514e+06 -250057 -1.96982e+06 -21417 
1.43742e+07 -1.33757e+07 8.47786e+06 -240299 -1.95787e+06 -37489 
1.43979e+07 -1.29465e+07 8.25563e+06 -255014 -1.97603e+06 -10896 
1.41961e+07 -1.28021e+07 8.18226e+06 -236366 -1.96319e+06 -35676 
1.43805e+07 -1.28855e+07 8.45678e+06 -243917 -1.97533e+06 -11664 
1.4169e+07 -1.32794e+07 8.47154e+06 -218010 -1.94828e+06 -32755 
1.41041e+07 -1.3448e+07 8.53669e+06 -239560 -1.95344e+06 -15575 
1.38097e+07 -1.31871e+07 8.49964e+06 -227269 -1.94511e+06 -40703 
1.41943e+07 -1.36042e+07 8.62164e+06 -253429 -1.9679e+06 -23123 
1.38696e+07 -1.35927e+07 8.31428e+06 -234323 -1.95909e+06 -37980 
1.39948e+07 -1.36743e+07 8.74194e+06 -259037 -1.94904e+06 -24788 
1.37984e+07 -1.34605e+07 8.42126e+06 -223528 -1.95501e+06 -26095 
1.35685e+07 -1.34322e+07 8.41988e+06 -236510 -1.94586e+06 -33864 
1.40144e+07 -1.36531e+07 8.62188e+06 -211261 -1.95984e+06 -16582 
1.41826e+07 -1.3501e+07 8.48634e+06 -219121 -1.9424e+06 -36564 
1.40988e+07 -1.30735e+07 8.79688e+06 -218923 -1.95812e+06 -12706 
1.36852e+07 -1.2208e+07 8.58516e+06 -230671 -1.93229e+06 -39314 
1.36617e+07 -1.07467e+07 8.92163e+06 -236178 -1.95589e+06 -13777 
1.24962e+07 -7.06147e+06 8.96656e+06 -246059 -1.9416e+06 -43438 
1.40481e+07 -4.68635e+06 9.17144e+06 -254037 -1.94071e+06 -821 
1.43832e+07 -4.00265e+06 8.94584e+06 -208034 -1.95089e+06 -7452 
1.43937e+07 -4.1443e+06 8.83616e+06 -221250 -1.94276e+06 -76 
1.44312e+07 -4.04509e+06 8.87294e+06 -194712 -1.94976e+06 -7695 
1.42912e+07 -4.10734e+06 8.70038e+06 -232992 -1.93038e+06 -15317 
1.44809e+07 -4.38827e+06 8.90859e+06 -223415 -1.97666e+06 5361 
1.44078e+07 -4.30289e+06 8.89369e+06 -246900 -1.93452e+06 -11040 
1.43644e+07 -4.35145e+06 9.36173e+06 -203687 -1.9614e+06 11661 
1.43056e+07 -4.28522e+06 8.57943e+06 -241819 -1.94292e+06 -18674 
1.451e+07 -4.02813e+06 9.36021e+06 -193207 -1.96442e+06 2155 
1.43725e+07 -3.20151e+06 8.75787e+06 -230823 -1.93386e+06 -21170 
1.45126e+07 -4.29328e+06 8.91493e+06 -232451 -1.94823e+06 6698 
1.43924e+07 -3.88215e+06 8.91583e+06 -217654 -1.94514e+06 -18356 
1.4509e+07 -3.75467e+06 9.09286e+06 -220212 -1.9602e+06 8508 
1.43372e+07 -4.3034e+06 9.0621e+06 -211892 -1.95726e+06 -7660 
1.44879e+07 -3.90649e+06 8.99254e+06 -243351 -1.95328e+06 -2176 
1.43585e+07 -3.97615e+06 8.94588e+06 -221155 -1.95532e+06 -11597 
1.44572e+07 -3.90432e+06 8.94288e+06 -244401 -1.94353e+06 -6441 
1.43241e+07 -4.06015e+06 8.77284e+06 -230992 -1.94192e+06 -17784 
1.44387e+07 -4.07702e+06 8.99918e+06 -249262 -1.94844e+06 -4101 
1.45467e+07 -4.0666e+06 8.96931e+06 -211290 -1.97133e+06 11496 
1.44276e+07 -3.94565e+06 8.82394e+06 -238216 -1.95248e+06 -9013 
1.44033e+07 -4.14784e+06 9.05192e+06 -213087 -1.96798e+06 10724 
1.44142e+07 -4.03294e+06 8.84076e+06 -242518 -1.94316e+06 -14734 
1.44883e+07 -3.99384e+06 9.02472e+06 -214146 -1.96452e+06 6205 
1.44097e+07 -3.95201e+06 8.85887e+06 -233152 -1.94859e+06 -13290 
1.45255e+07 -4.00154e+06 9.0119e+06 -222821 -1.96918e+06 10963 
1.4365e+07 -3.98146e+06 8.82246e+06 -226950 -1.94942e+06 -14198 
1.45171e+07 -3.95357e+06 8.95694e+06 -220367 -1.96481e+06 10197 
1.43962e+07 -4.02929e+06 8.93007e+06 -222348 -1.95914e+06 -10169 
1.45209e+07 -4.06645e+06 8.9789e+06 -220106 -1.96788e+06 7307 
1.43568e+07 -4.05046e+06 8.91572e+06 -217466 -1.95172e+06 -14922 
1.45218e+07 -3.97675e+06 8.94482e+06 -239158 -1.95667e+06 3671 
1.43922e+07 -4.04045e+06 8.9209e+06 -222349 -1.95262e+06 -10772 
1.44932e+07 -3.93496e+06 8.87385e+06 -240502 -1.9509e+06 -3266 
1.44462e+07 -4.05461e+06 8.90927e+06 -212522 -1.97028e+06 1224 
1.44198e+07 -4.0211e+06 8.87239e+06 -243881 -1.9497e+06 -8168 
1.44776e+07 -4.05387e+06 8.9609e+06 -212330 -1.96588e+06 1978 
1.44178e+07 -3.93803e+06 8.8533e+06 -240804 -1.94077e+06 -12795 
1.44751e+07 -4.06825e+06 8.90166e+06 -224205 -1.96427e+06 1789 
1.43643e+07 -3.97211e+06 8.8239e+06 -243557 -1.93686e+06 -17113 
1.44912e+07 -3.99952e+06 8.93568e+06 -216342 -1.96456e+06 7041 
1.4382e+07 -3.98463e+06 8.84168e+06 -231842 -1.94893e+06 -17722 
1.45344e+07 -3.9955e+06 9.02697e+06 -222062 -1.96709e+06 8473 
1.43246e+07 -3.9926e+06 8.81959e+06 -228111 -1.9426e+06 -18752 
1.45079e+07 -4.03689e+06 8.96942e+06 -235373 -1.95871e+06 2983 
1.43632e+07 -4.05969e+06 8.8665e+06 -230204 -1.94184e+06 -18704 
1.45263e+07 -3.95784e+06 8.8824e+06 -238934 -1.95538e+06 3117 
1.43267e+07 -4.01855e+06 8.83581e+06 -221553 -1.94922e+06 -14272 
1.45767e+07 -3.94777e+06 8.97762e+06 -236890 -1.95944e+06 5215 
1.4379e+07 -4.07277e+06 8.92182e+06 -216892 -1.95406e+06 -11427 
1.4437e+07 -4.00312e+06 8.9327e+06 -243799 -1.94464e+06 -4620 
