0.00932989 0.0666588 0.0837483 -0.0158836 0.00495735 -0.0036167 
-0.000806353 0.111207 0.184359 -0.0191058 0.00256185 -0.00864687 
0.00457333 0.15858 0.290726 -0.0295741 0.00591461 -0.0111512 
0.0112351 0.208132 0.397316 -0.0406785 0.00964005 -0.0136416 
-0.31069 0.248472 0.837206 -0.0469743 -0.0791151 -0.023725 
0.00929673 0.268909 0.440308 -0.0436204 0.0128617 -0.0210594 
-0.0699972 0.120838 0.59788 -0.00379005 -0.00956311 -0.0196624 
-0.136159 0.246285 0.661907 -0.0529135 -0.0241106 -0.0217431 
-0.311816 0.065199 0.736897 0.00633691 -0.0690883 -0.0250807 
-0.158711 -0.10412 0.478879 0.0600328 -0.0215346 -0.0208227 
-0.441784 -0.174844 0.91755 0.0788231 -0.105826 -0.0199503 
-0.537063 -0.307184 0.900604 0.120282 -0.12664 -0.0267585 
-0.343424 -0.364914 0.663167 0.163416 -0.073892 -0.0231666 
-0.119562 -0.197262 0.56854 0.108881 -0.0114631 -0.0224063 
-0.0420613 -0.0300776 0.65832 0.0566931 0.00154793 -0.0188729 
-0.0756859 0.0415974 0.466342 0.0312952 -0.00162187 -0.0253698 
0.119249 0.282077 0.405295 -0.0400553 0.049508 -0.0179961 
-0.0975727 0.214633 0.581199 -0.032934 -0.0107511 -0.0235301 
-0.103812 0.232937 0.55652 -0.0306009 -0.0168236 -0.0215989 
-0.0251268 0.342092 0.393016 -0.0685195 0.0172706 -0.0263815 
-0.0465417 0.365605 0.526853 -0.0752416 0.0063591 -0.0204936 
-0.0511524 0.459091 0.448013 -0.107762 0.00810356 -0.024526 
-0.00158599 0.428929 0.440677 -0.101105 0.0240105 -0.027442 
-0.0817082 0.43888 0.454684 -0.110719 0.00635041 -0.0310901 
-0.0481757 0.314227 0.475579 -0.064155 0.00783564 -0.0265538 
-0.0627196 0.272116 0.454297 -0.0548291 0.00920244 -0.0342514 
-0.0696093 0.233959 0.488087 -0.0395162 0.00462181 -0.0301738 
-0.0494121 0.246394 0.467921 -0.0434816 0.00847162 -0.0294571 
-0.0419618 0.232348 0.503963 -0.034698 0.00450516 -0.0237819 
-0.0605693 0.285598 0.503235 -0.0564717 0.00165782 -0.0280081 
-0.0241274 0.26186 0.58313 -0.0441473 0.00476151 -0.0210881 
-0.0734757 0.240106 0.512708 -0.0388578 -0.0067356 -0.0264138 
-0.0386804 0.250456 0.575149 -0.0362017 -0.00164989 -0.0190936 
-0.0403299 0.245557 0.519081 -0.0399735 0.00295541 -0.0265495 
-0.0506453 0.233961 0.512598 -0.0316433 -0.00227798 -0.0206079 
-0.0734811 0.25371 0.468322 -0.0427234 -0.00350159 -0.0264794 
-0.0206434 0.255303 0.515682 -0.0401838 0.00448021 -0.0181648 
-0.076972 0.274089 0.46071 -0.0481723 -0.00822235 -0.0231144 
-0.0215964 0.267971 0.520407 -0.0436894 0.00291377 -0.0153122 
-0.064133 0.239588 0.456107 -0.03891 -0.0045332 -0.0235338 
-0.0369607 0.259287 0.51373 -0.0412729 0.000301901 -0.0161984 
-0.0567958 0.260315 0.466528 -0.0455071 0.00115193 -0.0233395 
-0.00290523 0.260987 0.488667 -0.0420701 0.0120737 -0.0174715 
-0.0415592 0.273433 0.475264 -0.0450929 0.00103177 -0.0218793 
0.0221699 0.273997 0.534002 -0.0420676 0.0135664 -0.0134818 
-0.0126131 0.233441 0.492954 -0.0300019 0.00363013 -0.0203907 
0.021503 0.251269 0.56128 -0.0343292 0.010512 -0.0142141 
-0.0278579 0.254907 0.512793 -0.0391588 0.00266382 -0.0217786 
0.00854061 0.229296 0.514132 -0.0317079 0.0117809 -0.0171629 
-0.0116508 0.237871 0.500658 -0.0361545 0.0069467 -0.0217837 
0.0359916 0.2545 0.503843 -0.0420648 0.0185722 -0.0153954 
-0.0282994 0.246067 0.454331 -0.0373243 -0.000129918 -0.0212016 
0.0239171 0.245938 0.519528 -0.0369654 0.010472 -0.0146372 
-0.0141055 0.25248 0.505914 -0.0388128 0.00378517 -0.0219027 
0.0132273 0.274547 0.532501 -0.0478908 0.0128386 -0.0190011 
-0.0330733 0.261768 0.511795 -0.043407 0.00286025 -0.0252168 
0.0372623 0.288164 0.532744 -0.0533856 0.021259 -0.020063 
0.0028609 0.267012 0.523809 -0.0440782 0.0119111 -0.0240855 
0.0441119 0.290423 0.53413 -0.053656 0.0214991 -0.0180723 
0.0112482 0.259893 0.486704 -0.0404053 0.0112656 -0.0227612 
0.0336501 0.27762 0.524158 -0.0482263 0.0182434 -0.0195872 
0.0116921 0.245846 0.505729 -0.0378323 0.013956 -0.0238903 
0.0144095 0.23617 0.504701 -0.0361768 0.0133385 -0.0198663 
-0.0337144 0.23739 0.506291 -0.0338801 -0.000341567 -0.0230202 
-0.00767487 0.252143 0.535493 -0.042939 0.00790914 -0.0191892 
-0.0286815 0.224905 0.521341 -0.0294238 -0.000903411 -0.0206602 
-0.0252499 0.233075 0.55945 -0.0353865 0.00181236 -0.0194428 
-0.03238 0.230216 0.547463 -0.0332478 0.00254598 -0.0245123 
-0.020136 0.230512 0.537844 -0.03994 0.0111682 -0.0252947 
-0.0421811 0.210173 0.535806 -0.0290955 0.00461245 -0.0265577 
-0.0196235 0.233165 0.51771 -0.0428509 0.0148526 -0.0268695 
-0.0282959 0.209739 0.507622 -0.0304606 0.00874845 -0.026576 
-0.0174563 0.221175 0.507717 -0.0390658 0.0148029 -0.025683 
-0.0354267 0.210482 0.529161 -0.0278625 0.00629413 -0.0264801 
-0.035604 0.248893 0.496057 -0.0447211 0.00923622 -0.028739 
-0.0534766 0.218393 0.500804 -0.0297111 0.0028718 -0.0281629 
-0.0678349 0.243814 0.482367 -0.0445286 0.00444688 -0.0313264 
-0.0764835 0.244149 0.498437 -0.038613 -0.00397537 -0.0286069 
-0.0691497 0.257123 0.4703 -0.0465588 -0.000284681 -0.0284086 
-0.0657131 0.234047 0.495623 -0.0335086 -0.00421839 -0.0259986 
-0.0502428 0.25019 0.481916 -0.0436566 0.00207244 -0.0277182 
-0.0334814 0.230517 0.48335 -0.0303578 0.00175939 -0.0235655 
-0.0399742 0.258878 0.454833 -0.0455881 0.00609137 -0.027911 
-0.0337587 0.234298 0.483471 -0.0346315 0.00410582 -0.0244452 
-0.00563827 0.223087 0.485899 -0.0299732 0.0100751 -0.0220727 
0.0110817 0.210602 0.512659 -0.0191508 0.00828289 -0.0175528 
-0.00346185 0.236284 0.506826 -0.0308793 0.00735039 -0.0210496 
0.0235528 0.201748 0.5334 -0.0136658 0.00869866 -0.0167218 
0.0179925 0.213619 0.496761 -0.0232125 0.0120722 -0.0218149 
-0.0034214 0.232027 0.483332 -0.0304437 0.00772019 -0.0219518 
-0.0226505 0.256875 0.458883 -0.0445743 0.00721069 -0.0267018 
-0.00734523 0.234697 0.478225 -0.0337969 0.00758101 -0.0215066 
-0.0271157 0.253827 0.451164 -0.044388 0.00592073 -0.0250045 
-0.00855853 0.257702 0.486628 -0.0381333 0.00483895 -0.0191887 
-0.0300569 0.249872 0.50433 -0.0365179 0.000506757 -0.0236809 
-0.0100932 0.22852 0.53277 -0.0262536 0.00429893 -0.0189441 
-0.02508 0.224552 0.494615 -0.0314237 0.00523379 -0.025483 
0.0160476 0.216176 0.513622 -0.0260933 0.0124391 -0.020058 
-0.000275094 0.218045 0.477716 -0.0310782 0.0116351 -0.0251957 
0.0290276 0.224743 0.502422 -0.0335759 0.017849 -0.0198677 
-0.0220365 0.232682 0.472461 -0.0372548 0.00505981 -0.0255822 
0.0126733 0.246274 0.515645 -0.0380045 0.0105908 -0.0193849 
-0.0456746 0.237935 0.481529 -0.0374462 -0.000490407 -0.0265313 
-0.0159518 0.241551 0.513678 -0.0367258 0.00524478 -0.0211652 
-0.0426024 0.237616 0.47556 -0.0369495 0.00145332 -0.0274523 
0.00510934 0.250414 0.51434 -0.0410025 0.0129805 -0.021258 
-0.0172765 0.242474 0.487827 -0.0367806 0.00592909 -0.0251189 
0.0298631 0.257792 0.519763 -0.0411536 0.0153567 -0.0190138 
-0.00174232 0.229998 0.505996 -0.0331195 0.00732348 -0.0243437 
0.0317642 0.23778 0.512701 -0.0366572 0.0152827 -0.019432 
-0.00835051 0.221167 0.485381 -0.0308038 0.00602599 -0.0257158 
0.0124223 0.241767 0.505946 -0.0407943 0.0147533 -0.0231887 
-0.0178709 0.226456 0.493863 -0.033604 0.00718314 -0.027561 
-0.00106576 0.25916 0.523006 -0.04646 0.0131091 -0.0238281 
-0.0413421 0.242275 0.532321 -0.0367056 0.00127811 -0.0274064 
-0.00418476 0.250341 0.539556 -0.0418684 0.0103416 -0.0229743 
-0.0459219 0.223757 0.533598 -0.0291717 -0.00184377 -0.0270522 
-0.018666 0.245051 0.529669 -0.0404654 0.00880692 -0.0253117 
-0.0287392 0.224005 0.494415 -0.0302272 0.0064786 -0.0277449 
-0.012237 0.240053 0.472853 -0.0422425 0.0131068 -0.0263636 
-0.0500076 0.228165 0.490243 -0.0338273 0.00233111 -0.0285038 
-0.0152921 0.24676 0.490281 -0.0444134 0.0123757 -0.0251615 
-0.0502113 0.220942 0.494314 -0.0310516 0.000271722 -0.0264742 
-0.0403202 0.238246 0.479129 -0.0415462 0.00473527 -0.0268228 
-0.0434987 0.220136 0.487391 -0.0309749 0.00193199 -0.0277139 
-0.0311388 0.236371 0.462707 -0.0426704 0.0086848 -0.028385 
-0.0469878 0.221359 0.481543 -0.033343 0.00306405 -0.0292092 
-0.0362831 0.227084 0.487575 -0.0351771 0.00624104 -0.0288134 
-0.042262 0.199648 0.521179 -0.0199546 -0.000157017 -0.027027 
-0.0311373 0.218008 0.509464 -0.0292715 0.00630684 -0.0279597 
-0.0275134 0.202964 0.539424 -0.0187429 0.00459039 -0.0269866 
-0.0365152 0.224787 0.495379 -0.0301299 0.00543234 -0.0291667 
-0.022834 0.224855 0.508111 -0.031791 0.00826771 -0.0278311 
-0.0174832 0.258376 0.50556 -0.0480339 0.0134987 -0.0290786 
-0.0228977 0.242696 0.537965 -0.0375944 0.00742764 -0.0260928 
-0.0158329 0.264785 0.512931 -0.0469575 0.0102155 -0.0265186 
0.0046726 0.245641 0.552825 -0.0361809 0.0123922 -0.0231821 
-0.00973114 0.260032 0.514162 -0.043229 0.0114267 -0.0253385 
-0.00288459 0.241196 0.516345 -0.0332776 0.0111773 -0.022942 
-0.00472963 0.250138 0.486292 -0.0424378 0.0133153 -0.0261042 
-0.0114122 0.231761 0.512085 -0.0342695 0.00877938 -0.0235312 
-0.020711 0.244002 0.496334 -0.0413623 0.0077533 -0.0254542 
0.00354658 0.233503 0.538948 -0.0348023 0.0105574 -0.0217474 
-0.0236286 0.235527 0.517336 -0.0384615 0.0051586 -0.0257211 
0.00269604 0.231816 0.547992 -0.0334825 0.0106054 -0.0215305 
-0.0145534 0.236888 0.515442 -0.038859 0.00953296 -0.0264499 
-0.00316234 0.233577 0.533827 -0.036595 0.0104437 -0.023499 
-0.0283871 0.241935 0.495942 -0.0413729 0.00573568 -0.0278911 
8.19603e-05 0.250239 0.52314 -0.0409972 0.01028 -0.0231954 
-0.0371856 0.24761 0.496853 -0.0413976 0.00143729 -0.0278542 
-0.00667534 0.242437 0.530366 -0.0377637 0.00693991 -0.0226781 
-5.19394e-06 0.237182 0.513463 -0.0384749 0.01113 -0.0239024 
0.0278081 0.230548 0.535213 -0.0377891 0.0189765 -0.0208028 
-0.00172922 0.218063 0.499977 -0.0362083 0.0138301 -0.0266763 
0.0326154 0.235884 0.503653 -0.0411136 0.0226926 -0.0227735 
0.00291576 0.233014 0.469265 -0.039636 0.0158108 -0.0276184 
-0.00281731 0.237153 0.468077 -0.0396444 0.0133458 -0.0271092 
-0.0355818 0.227207 0.461291 -0.0342483 0.00360684 -0.0307403 
0.00313209 0.241124 0.495461 -0.0387174 0.0129067 -0.0256381 
-0.0350244 0.222175 0.48591 -0.0328422 0.00409131 -0.0304674 
0.0038056 0.236423 0.49779 -0.0400104 0.015318 -0.0259627 
-0.019192 0.231925 0.4898 -0.0364705 0.00847733 -0.0287939 
0.0107913 0.254672 0.501693 -0.0451078 0.0162837 -0.024087 
-0.0177543 0.238866 0.49161 -0.0365781 0.0068735 -0.026645 
0.0197823 0.251983 0.516837 -0.0409618 0.0157587 -0.0208141 
-0.0113838 0.230457 0.525114 -0.0306137 0.0063872 -0.0243947 
0.0177869 0.233354 0.527331 -0.0360545 0.0162616 -0.0218601 
-0.00471158 0.220319 0.51655 -0.029276 0.00997567 -0.0251538 
0.0156598 0.23592 0.522187 -0.0400346 0.0178502 -0.0230437 
-0.0172656 0.222731 0.52032 -0.0337572 0.00855124 -0.0266697 
0.00546975 0.249281 0.528697 -0.0457608 0.0149601 -0.0234459 
-0.0191674 0.239715 0.526625 -0.0357156 0.00441338 -0.0248696 
-0.000767029 0.245335 0.531282 -0.0415863 0.0103043 -0.0232127 
-0.0216802 0.23278 0.522474 -0.0316197 0.0038147 -0.0256512 
0.00827638 0.245678 0.506973 -0.0412333 0.0138945 -0.0244666 
-0.00168121 0.229725 0.484845 -0.0322876 0.0104647 -0.0264837 
0.00872053 0.253162 0.481324 -0.0460872 0.0172697 -0.0258587 
0.000333265 0.251618 0.456517 -0.0468502 0.0174393 -0.0268653 
-0.000356481 0.261867 0.474721 -0.0550572 0.0192645 -0.0255526 
-0.0201948 0.242368 0.495582 -0.04294 0.0109271 -0.025821 
-0.0226009 0.252091 0.481386 -0.0504982 0.0125084 -0.0262469 
-0.0287833 0.226429 0.501557 -0.0384912 0.00854559 -0.0268116 
-0.040967 0.232027 0.508695 -0.0399329 0.00508875 -0.0274666 
-0.0260409 0.216195 0.495574 -0.0305935 0.00540164 -0.0270834 
-0.0142845 0.243258 0.487933 -0.043441 0.00969177 -0.0268082 
-0.0181849 0.228423 0.516734 -0.0324883 0.00490468 -0.0254121 
-0.0111942 0.251087 0.496966 -0.0426255 0.00927343 -0.0260764 
-0.00168271 0.239091 0.526574 -0.0324575 0.0079085 -0.0243841 
-0.00307268 0.258609 0.492178 -0.0432708 0.0115627 -0.0262305 
-0.0040675 0.240888 0.488655 -0.0346019 0.0112879 -0.0261154 
-0.0154596 0.261923 0.47303 -0.046958 0.0122318 -0.0284465 
-0.00850407 0.25166 0.481714 -0.0394679 0.0100066 -0.0261011 
-0.0159423 0.261551 0.443916 -0.0466145 0.0110263 -0.0285723 
-0.0244815 0.231986 0.491056 -0.0336565 0.0060018 -0.026184 
-0.0418498 0.24683 0.477223 -0.039828 0.00250877 -0.0289707 
-0.0143074 0.235771 0.495994 -0.0327364 0.00780397 -0.0263908 
-0.041228 0.245842 0.478841 -0.040292 0.00640574 -0.031373 
-0.02087 0.246728 0.514619 -0.0383913 0.00949513 -0.0277794 
-0.0234398 0.276028 0.486041 -0.0488491 0.0096884 -0.0312466 
-0.00659851 0.263199 0.506353 -0.0434461 0.0128965 -0.0273947 
-0.0350527 0.256089 0.483805 -0.0430776 0.00543492 -0.0309475 
-0.00288802 0.240657 0.511664 -0.0358899 0.00974136 -0.0257761 
-0.0288077 0.2357 0.459336 -0.0363293 0.00563193 -0.0311126 
-0.00939312 0.221775 0.469251 -0.0334796 0.0113775 -0.0278597 
-0.037655 0.223549 0.443401 -0.0354103 0.00560408 -0.0325178 
-0.0166274 0.229218 0.463224 -0.0372231 0.0109747 -0.0284118 
-0.0398172 0.234304 0.429389 -0.0386117 0.00578066 -0.0326381 
-0.00719988 0.229879 0.488477 -0.0367887 0.0113495 -0.026711 
-0.0386023 0.228067 0.493295 -0.0347336 0.00244689 -0.0308938 
-0.0102453 0.223751 0.50786 -0.0347488 0.0100825 -0.0264295 
-0.0320804 0.21393 0.490927 -0.0326698 0.00665788 -0.0314928 
-0.0117175 0.2269 0.521973 -0.0380299 0.0122596 -0.0275352 
-0.0436498 0.233957 0.484828 -0.0388074 0.00501582 -0.0324403 
-0.00663791 0.245027 0.487293 -0.0429325 0.0142019 -0.0270676 
-0.0125801 0.241581 0.502539 -0.0374241 0.0092886 -0.0279271 
0.0294347 0.257494 0.532548 -0.0420224 0.0185611 -0.022327 
0.000871859 0.23419 0.508381 -0.0333594 0.0111545 -0.0269148 
0.0330427 0.23431 0.522085 -0.0369427 0.0205086 -0.0231296 
-0.00566939 0.218532 0.521618 -0.0307877 0.0112331 -0.0275323 
0.00653504 0.23218 0.500984 -0.0398577 0.0172195 -0.0269412 
-0.0416055 0.211762 0.480841 -0.0319112 0.00463741 -0.0304912 
-0.0131953 0.225841 0.509213 -0.0389771 0.0120429 -0.0254989 
-0.0656321 0.201036 0.528951 -0.0282199 -0.00178316 -0.0292067 
-0.0318597 0.216462 0.52626 -0.0363446 0.0086438 -0.0261491 
-0.063211 0.197195 0.531833 -0.0275355 0.000473867 -0.0291743 
-0.0175338 0.22613 0.522202 -0.0404152 0.0137308 -0.0267096 
-0.0491056 0.217028 0.49756 -0.0336953 0.00564857 -0.0303373 
-0.00304788 0.246846 0.50833 -0.0456808 0.0171346 -0.0263359 
-0.0354292 0.234294 0.509026 -0.0355564 0.00551942 -0.0281174 
-0.00986823 0.254453 0.51407 -0.0449235 0.0126518 -0.0252561 
-0.0454578 0.228016 0.510954 -0.0306889 0.00109376 -0.0276542 
-0.0147082 0.245804 0.515961 -0.0411213 0.010528 -0.0260863 
-0.0328523 0.239956 0.488431 -0.0337554 0.00565881 -0.0283321 
-0.00873314 0.260499 0.481567 -0.0466513 0.0148203 -0.0275676 
-0.0109476 0.249369 0.498247 -0.0379072 0.0107924 -0.0276369 
0.011373 0.267198 0.498362 -0.0482529 0.0178606 -0.0254625 
-0.00928113 0.24305 0.507394 -0.0348551 0.00892581 -0.0251785 
-0.00632298 0.250327 0.514829 -0.0430451 0.0120102 -0.02482 
-0.00697417 0.238509 0.547351 -0.0331714 0.00880004 -0.0239646 
-0.0201382 0.250426 0.512177 -0.0439434 0.010649 -0.0261984 
-0.0283141 0.239277 0.52915 -0.0365053 0.00687862 -0.0258416 
-0.0191828 0.260166 0.524771 -0.0478615 0.0107003 -0.0263924 
-0.016363 0.238522 0.547278 -0.0359875 0.00672278 -0.0241374 
-0.0226679 0.243112 0.51485 -0.0421767 0.00745784 -0.0249334 
-0.00617454 0.21635 0.55345 -0.0283503 0.00716947 -0.0217181 
-0.0167274 0.230055 0.532032 -0.0371304 0.00752379 -0.0242952 
-0.0200861 0.217389 0.538491 -0.0303708 0.00710361 -0.0225205 
-0.0215303 0.233736 0.506523 -0.040098 0.00964245 -0.0253352 
-0.0100545 0.226174 0.529724 -0.0337936 0.00985928 -0.0225878 
-0.0337921 0.241042 0.500653 -0.0409416 0.00626461 -0.02562 
-0.00874915 0.226588 0.535736 -0.0320977 0.00857859 -0.0213866 
-0.0207133 0.221106 0.508612 -0.0328036 0.0064094 -0.024898 
-0.00678118 0.224149 0.532312 -0.0302002 0.00937392 -0.0217557 
-0.0181637 0.230592 0.50119 -0.0363458 0.00912912 -0.0261225 
0.0153129 0.239575 0.519984 -0.037388 0.0151876 -0.02203 
-0.00522369 0.247766 0.492631 -0.0423202 0.0122541 -0.0257408 
-0.00278382 0.25221 0.516796 -0.0414504 0.0113339 -0.0252552 
-0.0273628 0.24035 0.497094 -0.0381242 0.00430792 -0.0290287 
0.00036835 0.23631 0.51425 -0.036122 0.0100254 -0.024858 
-0.0358029 0.228394 0.479937 -0.0344584 0.00336151 -0.0310255 
-0.0211324 0.229419 0.481256 -0.0356086 0.00750725 -0.0287936 
-0.0309795 0.231229 0.467082 -0.0361587 0.00560631 -0.0296691 
-0.0127883 0.240772 0.470878 -0.0410942 0.0111404 -0.0268926 
-0.0451983 0.234091 0.452131 -0.0358822 0.00125152 -0.031162 
-0.0121872 0.24507 0.477515 -0.0391835 0.00817101 -0.0260516 
-0.0410001 0.225162 0.478958 -0.0315665 0.000835331 -0.030991 
-0.0157037 0.237295 0.495721 -0.037482 0.00941777 -0.027667 
-0.0399755 0.226554 0.478075 -0.0323052 0.00328711 -0.0315853 
-0.0173393 0.246038 0.490762 -0.0422182 0.0117836 -0.028713 
-0.0447583 0.230418 0.475945 -0.0354541 0.00421947 -0.0322879 
-0.00998608 0.24727 0.487803 -0.042457 0.0123139 -0.0267518 
-0.0399332 0.222678 0.493926 -0.0319631 0.00245773 -0.0299311 
-0.0137215 0.231979 0.518902 -0.0391342 0.0116773 -0.026902 
-0.0461152 0.21308 0.495412 -0.0294872 0.0025733 -0.030217 
-0.0310982 0.231205 0.493349 -0.0402245 0.0106281 -0.0302811 
-0.0774592 0.230534 0.489138 -0.0358058 -0.000240652 -0.0343042 
-0.0437917 0.242575 0.471854 -0.0449707 0.00945434 -0.03122 
-0.0446324 0.251749 0.452597 -0.0469172 0.0073985 -0.0309645 
-0.0214936 0.259485 0.476644 -0.0547255 0.0157471 -0.028402 
-0.0386298 0.237208 0.495272 -0.041774 0.00739054 -0.0276021 
-0.0102923 0.248451 0.496814 -0.0515641 0.016679 -0.0257293 
-0.0209032 0.244265 0.513396 -0.044561 0.0118079 -0.02668 
-0.0237941 0.249226 0.498045 -0.0453687 0.0115041 -0.027425 
-0.0248761 0.242384 0.510803 -0.0361912 0.00569377 -0.0255821 
-0.00838302 0.264057 0.488882 -0.0471861 0.0108538 -0.0234809 
-0.00601492 0.24702 0.509785 -0.0343497 0.00701737 -0.0219045 
-0.0195389 0.241346 0.502547 -0.0328278 0.00369191 -0.022715 
-0.0170929 0.213457 0.52064 -0.0200057 0.000998909 -0.0214035 
-0.0340943 0.0279852 0.545346 0.0257879 0.00200548 -0.0233811 
-0.015555 -0.0393745 0.587046 0.0522917 0.00516925 -0.0222392 
0.00281674 -0.0692607 0.556228 0.0556014 0.0132584 -0.0231003 
0.0468638 -0.169692 0.575774 0.0886252 0.0242032 -0.0190075 
-0.0201456 -0.3848 0.604702 0.150266 0.00624996 -0.0214718 
-0.0519544 -0.535882 0.602745 0.201956 -0.00824678 -0.0210821 
-0.0462862 -0.909277 0.63767 0.302104 -0.00361359 -0.0229122 
-0.00397796 -1.46247 0.702029 0.467246 0.00492069 -0.0197771 
0.0272115 -2.02377 0.705855 0.626997 0.0170365 -0.020308 
0.121182 -2.51477 0.728166 0.773324 0.0412401 -0.0135744 
0.239392 -2.9577 0.752315 0.903422 0.0820652 -0.0111935 
0.280199 -3.40786 0.768118 1.04709 0.094851 -0.00539479 
0.347131 -3.7605 0.834576 1.1565 0.125359 -0.00473579 
0.358461 -4.11818 0.959483 1.2709 0.129083 -0.000603187 
0.365691 -4.50252 1.03567 1.3875 0.138577 -0.00217693 
0.431284 -4.88462 1.14589 1.50884 0.154878 0.00555754 
0.49941 -5.21778 1.2126 1.6092 0.176151 0.00578043 
0.504709 -5.42472 1.26305 1.67612 0.170139 0.0128087 
0.495444 -5.63098 1.24112 1.73852 0.169396 0.0098568 
0.502076 -5.90123 1.26426 1.82945 0.16667 0.0155603 
0.369671 -6.08718 1.22513 1.88863 0.131405 0.00961981 
0.301887 -6.17835 1.25224 1.92447 0.109126 0.0139941 
0.176229 -6.45146 1.23776 2.00831 0.0758195 0.00799737 
0.0911649 -6.66461 1.26296 2.08246 0.0436448 0.0146222 
0.0125222 -6.86009 1.26313 2.14499 0.0227872 0.00967543 
0.0150385 -6.98991 1.28181 2.1877 0.0154177 0.016592 
-0.145731 -7.23787 1.18209 2.26541 -0.0300583 0.00886178 
-0.230091 -7.28715 1.04706 2.28727 -0.0568996 0.00788882 
-0.220692 -7.47741 1.02697 2.34826 -0.0547768 0.0103831 
-0.204917 -7.55258 1.01392 2.37504 -0.0561564 0.0186769 
-0.212033 -7.70707 0.924567 2.42865 -0.0533436 0.0134756 
-0.0572832 -7.74111 0.943009 2.4439 -0.0147127 0.024739 
0.0169361 -7.80716 0.941609 2.46536 0.00855652 0.0249959 
0.0332904 -7.50513 0.885825 2.37192 0.0140379 0.0228765 
-0.133917 -6.83901 0.785087 2.16501 -0.0302112 0.00757723 
-0.329251 -5.51224 0.786386 1.74781 -0.0886268 -0.00072034 
-0.416944 -3.94019 0.675486 1.26099 -0.110108 -0.0159497 
-0.405885 -2.40699 0.658216 0.784835 -0.111351 -0.0173547 
-0.429872 -1.08321 0.540023 0.377343 -0.112999 -0.0304713 
-0.219668 -0.0132763 0.483267 0.0456741 -0.050221 -0.027005 
-0.0403114 0.26959 0.415485 -0.0376459 0.00509927 -0.0269745 
-0.033215 0.162239 0.38831 -0.00998 0.00903572 -0.0265607 
-0.0240442 0.1674 0.368083 -0.00436475 0.0130018 -0.0305215 
0.0108709 0.217359 0.436044 -0.0279735 0.0233587 -0.0275554 
-0.00596453 0.199811 0.435077 -0.0186176 0.0157592 -0.0286547 
0.00207102 0.142104 0.477632 -0.00343052 0.0187727 -0.0271015 
0.0156032 0.231119 0.57844 -0.0247355 0.0203141 -0.0285969 
0.0134118 0.23163 0.62156 -0.035405 0.0230707 -0.0291836 
0.00334381 0.187812 0.597935 -0.0185882 0.0189296 -0.0301747 
-0.0141347 0.146743 0.61672 -0.013768 0.0186863 -0.0317339 
-0.0138297 0.261609 0.60393 -0.0404513 0.0107996 -0.028235 
-0.0174658 0.23349 0.547195 -0.0395485 0.0109589 -0.0271384 
-0.0383412 0.189635 0.549074 -0.0201902 3.19809e-05 -0.0250965 
-0.0379569 0.207816 0.555939 -0.0234431 -0.000256306 -0.0236272 
-0.0291956 0.180132 0.572802 -0.00990427 -0.00122597 -0.0209292 
-0.0255557 0.177668 0.544769 -0.0199512 0.00786407 -0.026863 
0.00190674 0.23808 0.540281 -0.0322628 0.0119132 -0.0230495 
0.00599112 0.287454 0.514166 -0.0524106 0.015174 -0.0245723 
0.00267594 0.259228 0.515501 -0.0422809 0.0114742 -0.0231696 
-0.0175021 0.256966 0.479642 -0.0447495 0.00837031 -0.027011 
-0.00770465 0.243458 0.484888 -0.0333262 0.00634833 -0.0218431 
-0.0383643 0.231049 0.475937 -0.0350869 0.00429403 -0.0275581 
-0.0314408 0.218633 0.475512 -0.0282394 0.00463796 -0.0245322 
-0.0289536 0.24438 0.451957 -0.0420721 0.00924501 -0.0282175 
0.0127588 0.244028 0.485941 -0.0388727 0.0157125 -0.0225128 
0.000652469 0.230721 0.47793 -0.0388631 0.0133369 -0.0256219 
0.0434462 0.247632 0.529921 -0.0388866 0.0182908 -0.018687 
0.0286517 0.249523 0.516944 -0.0412959 0.015455 -0.0226 
0.0389251 0.243975 0.540818 -0.0358227 0.0159333 -0.0193048 
0.0124464 0.241785 0.518312 -0.0391467 0.0127275 -0.0234669 
0.0301909 0.24288 0.538925 -0.0378013 0.0157788 -0.0197829 
-0.0191444 0.242234 0.482366 -0.039912 0.00647615 -0.0258543 
0.00848543 0.248861 0.507441 -0.0386166 0.0105602 -0.0202654 
-0.0151987 0.253112 0.48368 -0.0403121 0.00468373 -0.0246864 
0.0135857 0.254872 0.519526 -0.0369312 0.00905194 -0.0203844 
-0.0215834 0.245255 0.49199 -0.0352861 0.00301764 -0.0263406 
0.0161317 0.25534 0.518421 -0.0379932 0.012004 -0.0212947 
-0.00755825 0.255148 0.491376 -0.0401648 0.00862346 -0.026888 
0.0225209 0.264763 0.499233 -0.0449182 0.0169327 -0.0221361 
-0.019837 0.251003 0.462652 -0.0401961 0.00575344 -0.0267305 
0.023455 0.269279 0.484038 -0.0464826 0.014999 -0.0213487 
-0.00670808 0.246842 0.476829 -0.0369389 0.00662899 -0.0257121 
0.00408797 0.258601 0.483665 -0.0437416 0.0121531 -0.0236725 
-0.0210251 0.231921 0.502566 -0.0332091 0.00568926 -0.0254944 
-0.0139736 0.250018 0.503763 -0.0437407 0.0122257 -0.0258526 
-0.0228419 0.235783 0.485272 -0.0362007 0.00900661 -0.0263623 
-0.0320631 0.242925 0.460454 -0.0420201 0.0086401 -0.0271932 
-0.0216172 0.231385 0.479655 -0.034932 0.00697723 -0.0247821 
-0.0385575 0.240085 0.468222 -0.0374368 0.00317552 -0.0283088 
-0.00832593 0.232868 0.484824 -0.0344893 0.00900814 -0.0239199 
-0.0465118 0.219722 0.486349 -0.0321079 0.00231499 -0.0287025 
-0.0124605 0.22887 0.507025 -0.0388399 0.0125447 -0.025803 
-0.0362747 0.236624 0.501905 -0.0384865 0.00724525 -0.027832 
-0.0232045 0.244866 0.482934 -0.0446193 0.011427 -0.0267087 
-0.0304866 0.240172 0.497215 -0.0389953 0.00635512 -0.0260926 
-0.0213773 0.266518 0.488148 -0.0476901 0.00910147 -0.0264378 
-0.0127845 0.260414 0.507739 -0.0420466 0.0082868 -0.0245814 
-0.0251516 0.241941 0.497423 -0.0396072 0.00673683 -0.0278429 
0.0111216 0.251727 0.505667 -0.0431515 0.0158801 -0.0242123 
-0.0173552 0.247532 0.480077 -0.0416979 0.00980834 -0.0281553 
0.00181561 0.241484 0.488104 -0.0425936 0.0136137 -0.0240912 
-0.0264593 0.235442 0.491384 -0.0370187 0.00462649 -0.0258489 
-0.0186239 0.236993 0.481537 -0.0394841 0.00706879 -0.0256933 
-0.0278206 0.220736 0.494198 -0.0303579 0.00232406 -0.0243844 
-0.0317807 0.223031 0.476938 -0.0342788 0.00378316 -0.0273278 
-0.0247786 0.226225 0.496616 -0.0346584 0.00565878 -0.0251685 
-0.0314359 0.225549 0.468556 -0.0356016 0.00468488 -0.0271035 
-0.00318661 0.245139 0.493166 -0.0408019 0.00997968 -0.0230059 
-0.0190087 0.234279 0.498683 -0.0359536 0.0046357 -0.0252177 
0.00329734 0.2441 0.521041 -0.0406416 0.0104442 -0.0228924 
-0.000492998 0.236551 0.506728 -0.0331343 0.00697964 -0.023686 
-0.00116936 0.248788 0.509019 -0.0404564 0.010824 -0.0254538 
-0.00370443 0.233884 0.50628 -0.036035 0.010582 -0.0242721 
-0.0203762 0.24913 0.474663 -0.0414908 0.00804009 -0.0268884 
0.00227358 0.258691 0.483651 -0.0437558 0.011951 -0.022793 
-0.0238577 0.248092 0.490911 -0.0401534 0.00533872 -0.0256527 
-0.0145773 0.245123 0.492621 -0.0390026 0.00619446 -0.0232059 
-0.0185296 0.238326 0.474315 -0.032635 0.00378849 -0.0247109 
-0.0105371 0.244265 0.473146 -0.0393589 0.00855766 -0.0257431 
-0.0174422 0.239886 0.475468 -0.0352414 0.00571394 -0.0253941 
-0.0231512 0.247436 0.449878 -0.0415354 0.00758201 -0.0276619 
0.00220757 0.250741 0.455656 -0.0410269 0.0120015 -0.0249072 
-0.0267498 0.252518 0.455728 -0.0415138 0.0049152 -0.0276341 
-0.00487846 0.249951 0.464357 -0.040488 0.00975739 -0.0242263 
-0.0274592 0.225456 0.456454 -0.0316852 0.00457321 -0.0278008 
-0.0170775 0.230363 0.472679 -0.0362694 0.00863365 -0.0265134 
-0.026943 0.224266 0.486385 -0.0327197 0.00596566 -0.0271826 
-0.0194268 0.242881 0.477047 -0.0430638 0.0113112 -0.0284925 
-0.00812964 0.243719 0.50771 -0.0406076 0.0119956 -0.0255574 
0.0130102 0.256912 0.514118 -0.0468415 0.0175155 -0.0218708 
0.0095822 0.242098 0.530494 -0.0379846 0.0138779 -0.0226229 
-0.0170728 0.228321 0.527568 -0.0349371 0.00867214 -0.0268132 
0.00296884 0.22941 0.548265 -0.03628 0.0134194 -0.0228561 
-0.0231948 0.223037 0.527372 -0.0318975 0.00740274 -0.0271937 
-0.0309848 0.232765 0.500618 -0.0378207 0.00727532 -0.0295913 
-0.00863192 0.236763 0.495989 -0.0370325 0.0100719 -0.0252142 
0.00109962 0.250977 0.484484 -0.0433551 0.0123982 -0.0236384 
0.0103612 0.235801 0.503823 -0.0334788 0.011172 -0.0213454 
-0.00809063 0.229676 0.491655 -0.035398 0.00810189 -0.0234371 
0.00142798 0.224592 0.521156 -0.0313218 0.00856871 -0.0207776 
-0.0222649 0.220341 0.508364 -0.033631 0.00604472 -0.0250516 
0.00460764 0.227458 0.496765 -0.0363732 0.0124117 -0.0217597 
-0.0212933 0.222615 0.470179 -0.0345012 0.00509123 -0.0258071 
0.00454766 0.235349 0.492953 -0.0399472 0.0115993 -0.0218862 
-0.025294 0.217153 0.485878 -0.0310169 0.0033533 -0.0255173 
-0.00637798 0.234261 0.486556 -0.0377559 0.00922822 -0.0237886 
-0.00848195 0.228363 0.507592 -0.0323042 0.00814802 -0.0244041 
-0.00448145 0.244367 0.495116 -0.042585 0.0136649 -0.0263096 
0.010505 0.24168 0.504451 -0.0388251 0.0159975 -0.0241823 
0.00820703 0.25544 0.489996 -0.0459649 0.0173252 -0.0265638 
0.018991 0.256936 0.487452 -0.0443078 0.0183198 -0.0232691 
-0.0100927 0.247227 0.473296 -0.0407596 0.0113672 -0.0269682 
0.00711136 0.238987 0.491881 -0.0388697 0.0151109 -0.0235924 
-0.033827 0.234872 0.463562 -0.0388477 0.00679256 -0.0297471 
-0.0169289 0.244607 0.455713 -0.0456185 0.0128492 -0.0275956 
-0.0322312 0.238039 0.479934 -0.0408213 0.00700776 -0.0289037 
-0.036742 0.250603 0.493298 -0.0488396 0.00780198 -0.0288079 
-0.0362301 0.257492 0.510691 -0.0457942 0.00454238 -0.0261831 
-0.0332164 0.259146 0.508385 -0.043974 0.00354176 -0.0254722 
-0.0160446 0.254266 0.541145 -0.0403555 0.00625538 -0.0218764 
-0.0211661 0.244058 0.522097 -0.038761 0.00632734 -0.0250081 
0.00181202 0.247134 0.512468 -0.0410053 0.0121223 -0.0216274 
-0.0113909 0.229339 0.49507 -0.0359409 0.00903539 -0.0244851 
-0.00385661 0.231307 0.503392 -0.0404635 0.0117078 -0.0219896 
-0.0216603 0.215815 0.496983 -0.0312338 0.00376656 -0.0230347 
-0.0204678 0.232071 0.506383 -0.0384615 0.00538567 -0.0228692 
-0.014353 0.234444 0.523879 -0.0327166 0.00408645 -0.0220123 
-0.035868 0.231378 0.489958 -0.0344912 0.00177968 -0.0258083 
-0.00926941 0.228605 0.513449 -0.0328662 0.00852222 -0.0226703 
-0.0262965 0.243231 0.495699 -0.0388186 0.00725946 -0.0274464 
0.000638034 0.246653 0.503782 -0.0405494 0.012722 -0.0231917 
-0.03624 0.223334 0.490682 -0.0341705 0.00398857 -0.0270028 
-0.00909602 0.241487 0.520561 -0.0409081 0.0107197 -0.0232788 
-0.0282496 0.226958 0.522239 -0.0318077 0.00399272 -0.0266022 
-0.00570981 0.217389 0.544101 -0.0274247 0.0065556 -0.0217112 
-0.0262871 0.206727 0.535265 -0.0205017 0.00161019 -0.0239099 
-0.0121091 0.226233 0.52376 -0.0313308 0.00800381 -0.0240695 
-0.00700302 0.220818 0.540861 -0.0256445 0.0065927 -0.0217358 
-0.0294126 0.229866 0.512933 -0.0330342 0.00338627 -0.024979 
-0.0171937 0.243976 0.545642 -0.0398086 0.00844974 -0.0238143 
-0.0392304 0.234773 0.539298 -0.0387055 0.00402993 -0.0275816 
-0.0101258 0.239934 0.542626 -0.0389931 0.0109356 -0.0240892 
-0.038046 0.22905 0.521332 -0.0370013 0.00579266 -0.0294325 
0.00686415 0.251355 0.516214 -0.0441773 0.0168092 -0.0242762 
-0.0301196 0.231082 0.480948 -0.0371928 0.0078251 -0.0289775 
-0.0035992 0.248524 0.47518 -0.0453984 0.0152185 -0.0249381 
-0.0323075 0.224425 0.505343 -0.0337176 0.00478309 -0.0269816 
-0.0224178 0.241956 0.506379 -0.0415357 0.00835458 -0.0257437 
-0.0337967 0.220507 0.529578 -0.0311777 0.00447152 -0.0266367 
-0.0270626 0.242239 0.502002 -0.0409298 0.00967093 -0.0282143 
-0.00458795 0.23571 0.510282 -0.0342497 0.0121974 -0.0256404 
-0.00540455 0.25131 0.478177 -0.0437483 0.0146784 -0.0281769 
0.0203381 0.25346 0.474166 -0.0414014 0.0185495 -0.0241409 
0.00198397 0.25769 0.462761 -0.0436967 0.0136104 -0.0270957 
0.020415 0.250571 0.484206 -0.0394741 0.0152891 -0.0216689 
-0.0329189 0.243132 0.482289 -0.0379848 0.00413126 -0.0281082 
-9.89798e-05 0.241638 0.497869 -0.038686 0.0118601 -0.0227523 
-0.0356079 0.229602 0.494107 -0.0344623 0.00406924 -0.0271366 
-0.00544102 0.240222 0.484908 -0.0411548 0.0126251 -0.0231124 
-0.0248072 0.231173 0.496719 -0.0359862 0.00610608 -0.0255376 
0.00336138 0.242852 0.486509 -0.0423483 0.0129154 -0.0218958 
-0.0207299 0.229022 0.494279 -0.0322402 0.00390322 -0.023331 
-0.00792377 0.23572 0.489913 -0.039019 0.00924917 -0.0224127 
-0.0409106 0.224088 0.508168 -0.03019 -0.00010491 -0.0246528 
-0.041353 0.230611 0.48198 -0.0388196 0.00389031 -0.0249097 
-0.0350321 0.230918 0.492009 -0.033665 0.0030313 -0.0233369 
-0.0431074 0.252987 0.479755 -0.0451818 0.00361644 -0.0257857 
-0.0396903 0.244778 0.525913 -0.036666 8.25562e-06 -0.0223104 
-0.0391085 0.24379 0.52695 -0.0408698 0.00133551 -0.024333 
-0.022936 0.227147 0.551339 -0.0307973 0.0022248 -0.0218326 
-0.0486623 0.214936 0.538578 -0.0318737 -0.000990191 -0.0261885 
-0.018364 0.206632 0.52571 -0.0284157 0.00572715 -0.0218874 
-0.0360901 0.213722 0.480975 -0.0334593 0.00409937 -0.0272873 
-0.0148365 0.204997 0.481996 -0.0257956 0.0060735 -0.0232489 
-0.0390239 0.209972 0.467017 -0.0268727 -1.06944e-05 -0.0280957 
-0.0173419 0.225713 0.498186 -0.0315404 0.00429713 -0.0235179 
-0.0524704 0.206787 0.50638 -0.0231794 -0.00504608 -0.0276039 
-0.0299253 0.211928 0.521475 -0.0280756 0.00222457 -0.0248099 
-0.0431062 0.217539 0.51243 -0.0301385 0.000467475 -0.0265694 
-0.0168533 0.241939 0.492166 -0.0409121 0.00869324 -0.023687 
-0.0165978 0.220388 0.492908 -0.0308113 0.00505691 -0.0244302 
-0.0201751 0.247296 0.484016 -0.0418039 0.0059174 -0.0251176 
-0.00842302 0.235054 0.514756 -0.0321336 0.00431628 -0.021807 
-0.0259501 0.241226 0.50827 -0.0373675 0.00254926 -0.0250701 
-0.00920227 0.228615 0.534079 -0.0310084 0.00510962 -0.0225562 
-0.0296544 0.233895 0.486356 -0.0358884 0.00437339 -0.0263746 
0.00970406 0.227816 0.505897 -0.0342285 0.0130848 -0.0214649 
-0.0227646 0.222469 0.493387 -0.0346594 0.00660462 -0.0267332 
0.0162815 0.231178 0.49223 -0.037639 0.0146913 -0.0210027 
-0.0295402 0.215136 0.493923 -0.0309025 0.00299311 -0.0255914 
0.00120673 0.229499 0.53321 -0.0370961 0.0113754 -0.0226542 
-0.0261342 0.210331 0.539031 -0.0285265 0.00408002 -0.0259113 
-0.00535027 0.220616 0.492616 -0.0356364 0.012156 -0.0253424 
-0.0204764 0.202784 0.508512 -0.027991 0.00816854 -0.0264945 
-0.0126247 0.227231 0.480811 -0.0396614 0.0131627 -0.0271402 
-0.0113074 0.223487 0.484682 -0.0334418 0.00971549 -0.0249556 
-0.0127918 0.22701 0.473026 -0.0348424 0.00954389 -0.0263273 
-0.00448237 0.226871 0.525427 -0.0320601 0.00976506 -0.0229118 
-0.0324815 0.222834 0.521441 -0.0316748 0.00445437 -0.0276225 
0.00419111 0.22275 0.546382 -0.0325527 0.0133955 -0.0228417 
-0.0262537 0.209185 0.524793 -0.0299421 0.00808113 -0.0278122 
-0.00460141 0.232918 0.525757 -0.0407709 0.015065 -0.0254555 
-0.012606 0.220696 0.505327 -0.0338693 0.0107886 -0.02666 
0.00950404 0.249529 0.48443 -0.0440387 0.0166632 -0.0252281 
-0.00546559 0.234622 0.493199 -0.0339835 0.00968591 -0.0257985 
-0.00358338 0.240376 0.487554 -0.0389664 0.012828 -0.0268388 
-0.0329895 0.230022 0.474715 -0.0314833 0.0040276 -0.0300622 
-0.0199115 0.245678 0.470092 -0.0401171 0.00977135 -0.0277828 
-0.000268782 0.232434 0.486749 -0.0364919 0.0136479 -0.0226916 
-0.0281634 0.231507 0.466478 -0.037657 0.00801129 -0.027225 
0.00247306 0.24325 0.491785 -0.0406364 0.0127267 -0.0214428 
0.00612772 0.222353 0.515015 -0.033848 0.0126846 -0.0198234 
-0.0171046 0.224598 0.503219 -0.0361377 0.00883958 -0.0238614 
-0.0534194 0.215101 0.490941 -0.0315052 0.000308538 -0.0297336 
-0.0356402 0.212075 0.519195 -0.0290972 0.00259142 -0.0262546 
-0.0338268 0.201138 0.512926 -0.024065 0.00240857 -0.0257677 
-0.0320209 0.210792 0.480447 -0.0316651 0.00486827 -0.0272834 
0.00114305 0.211563 0.500058 -0.0284964 0.00858377 -0.022729 
0.00812411 0.206505 0.498468 -0.0261651 0.0088761 -0.0230474 
0.030213 0.220607 0.475121 -0.0350285 0.0174501 -0.021475 
-0.00543945 0.209197 0.46865 -0.0303908 0.00934274 -0.0263643 
0.0124015 0.221147 0.474195 -0.0355034 0.0149753 -0.0232519 
-0.0125964 0.196087 0.46041 -0.0271766 0.00974612 -0.0260197 
0.00512751 0.219745 0.452528 -0.0374815 0.016044 -0.0230737 
-0.00395736 0.21422 0.455714 -0.03053 0.0102057 -0.0229468 
-0.0020589 0.2369 0.467211 -0.0395564 0.012337 -0.0225961 
-0.000219144 0.22512 0.491543 -0.0312226 0.0102 -0.0214944 
-0.0157172 0.246636 0.47358 -0.0392538 0.00848159 -0.0255478 
-0.00690796 0.243984 0.516002 -0.0375203 0.00977436 -0.0219147 
-0.0328392 0.239551 0.491436 -0.0397954 0.00665161 -0.0276887 
-0.00119995 0.237287 0.490326 -0.0389272 0.0117396 -0.0228022 
-0.0262669 0.230009 0.47906 -0.0359506 0.00471646 -0.026346 
0.00299359 0.232685 0.493047 -0.0384961 0.0113039 -0.021999 
-0.024182 0.220943 0.452569 -0.0345945 0.00533108 -0.0287629 
-0.0137773 0.22802 0.469576 -0.0404581 0.0102921 -0.0255409 
-0.0350192 0.211824 0.458104 -0.0321977 0.00515022 -0.0290955 
-0.0301287 0.240218 0.460333 -0.0457185 0.0102676 -0.0294124 
-0.0420253 0.232722 0.48551 -0.0390004 0.00521454 -0.0284583 
-0.0419666 0.230134 0.48866 -0.0392039 0.00473009 -0.0277604 
-0.0213714 0.228619 0.51044 -0.0330021 0.00539361 -0.0248554 
-0.0296773 0.236411 0.502297 -0.0378663 0.00541147 -0.0281499 
-0.0121866 0.226976 0.505311 -0.0329979 0.00882697 -0.0245285 
-0.0615743 0.26096 0.542981 -0.0482072 -0.0035434 -0.0256045 
-0.104969 0.0368759 0.610521 0.0125741 -0.0146253 -0.0256922 
-0.15071 -0.421684 0.657573 0.139392 -0.0264694 -0.0364105 
-0.161022 -1.11751 0.74231 0.34047 -0.0278801 -0.0373163 
-0.350271 -2.00259 0.816815 0.606099 -0.0831586 -0.0520894 
-0.520527 -3.04044 0.863566 0.91646 -0.132863 -0.0659192 
-0.710903 -4.00364 0.875365 1.21652 -0.194567 -0.0789917 
-0.943328 -4.86989 0.907772 1.48756 -0.263139 -0.0869039 
-1.24124 -5.529 0.971286 1.69719 -0.356922 -0.0978722 
-1.39847 -6.03394 1.02154 1.85772 -0.407271 -0.104217 
-1.46951 -6.45629 1.05331 1.99418 -0.43439 -0.105832 
-1.47612 -6.75873 1.10293 2.0954 -0.43446 -0.107893 
-1.37669 -6.92541 1.17961 2.15543 -0.408588 -0.103709 
-1.26626 -7.03705 1.12669 2.19745 -0.374767 -0.104849 
-1.12449 -7.22168 1.09347 2.25988 -0.337259 -0.0965811 
-1.02771 -7.36445 1.00201 2.31462 -0.307839 -0.0980312 
-0.890235 -7.47367 0.913397 2.3499 -0.273754 -0.0894377 
-0.779889 -7.70531 0.781542 2.42855 -0.240514 -0.0890991 
-0.606715 -7.89537 0.67347 2.49077 -0.192609 -0.0816993 
-0.499966 -7.99495 0.523718 2.5299 -0.160097 -0.0825412 
-0.435349 -7.99958 0.440596 2.52995 -0.139512 -0.0787992 
-0.375438 -8.04354 0.369535 2.54756 -0.12019 -0.080889 
-0.352504 -8.13271 0.335955 2.57231 -0.113044 -0.0797176 
-0.330691 -8.25066 0.322093 2.61652 -0.106223 -0.078173 
-0.294839 -8.29613 0.298309 2.63033 -0.092831 -0.0782641 
-0.225827 -8.55391 0.281336 2.71662 -0.0766692 -0.0742457 
-0.254418 -8.65455 0.211063 2.75258 -0.081261 -0.0763715 
-0.269953 -8.65755 0.126857 2.75898 -0.0861378 -0.0749328 
-0.26988 -8.75327 0.0775589 2.78921 -0.0824886 -0.0790449 
-0.226564 -8.82516 0.0227165 2.81062 -0.0704602 -0.073093 
-0.221049 -8.75275 -0.0651624 2.7911 -0.0637347 -0.0766747 
-0.15066 -8.78232 -0.0406268 2.79955 -0.0453714 -0.0696349 
-0.162702 -8.82207 -0.0490969 2.81864 -0.0448355 -0.0721816 
-0.216937 -8.83653 -0.0373216 2.82317 -0.0610908 -0.0686474 
-0.334777 -8.88468 0.011489 2.84319 -0.092219 -0.0764958 
-0.33523 -9.04459 0.0994276 2.88894 -0.0935206 -0.0743924 
-0.437547 -9.1859 0.0709505 2.93589 -0.122493 -0.0815432 
-0.472564 -9.26485 0.125045 2.9518 -0.13383 -0.0806718 
-0.533931 -9.26755 0.101948 2.9562 -0.153452 -0.0837016 
-0.582365 -9.31648 0.0860172 2.97004 -0.168844 -0.083182 
-0.618575 -9.32648 0.0860536 2.98162 -0.178656 -0.0824404 
-0.556228 -9.30833 0.120455 2.97841 -0.155718 -0.0811751 
-0.535671 -9.18829 0.131441 2.94838 -0.151067 -0.0781488 
-0.558519 -8.93783 0.164227 2.8674 -0.153811 -0.0805082 
-0.540016 -8.40036 0.264624 2.69632 -0.150225 -0.0748697 
-0.843678 -7.08083 0.333696 2.27186 -0.242597 -0.0814996 
-0.870516 -5.31646 0.470876 1.70595 -0.251074 -0.0703462 
-0.813682 -3.50207 0.500695 1.13499 -0.231761 -0.0639072 
-0.671863 -1.88898 0.550932 0.626976 -0.189221 -0.0499009 
-0.517986 -0.549012 0.541154 0.212461 -0.139399 -0.0430255 
-0.159086 0.0401059 0.487732 0.0298829 -0.0237359 -0.0305408 
-0.0724788 0.0979512 0.434959 0.0184956 -0.0034591 -0.0278569 
-0.0673969 0.0371944 0.42444 0.0300395 0.00144107 -0.0286493 
-0.0730608 -0.00486693 0.529472 0.0452367 -0.00434226 -0.0264916 
-0.0977831 -0.0535125 0.470681 0.0520358 -0.0106406 -0.0291802 
-0.0536066 -0.0375429 0.602639 0.0529759 -0.00384492 -0.0249854 
-0.0748791 0.199711 0.572464 -0.0229425 -0.00193302 -0.0300192 
-0.0533886 0.201675 0.576689 -0.0207349 0.00208365 -0.0261468 
-0.0473943 0.29546 0.48748 -0.0517945 0.00744236 -0.0318274 
-0.00631716 0.401589 0.590147 -0.0825111 0.0166835 -0.0255114 
-0.0403477 0.346624 0.530508 -0.0680025 0.00751014 -0.0281248 
-0.0169894 0.205488 0.577412 -0.0266671 0.0108748 -0.0243295 
-0.0474715 0.268921 0.583587 -0.0445222 -0.000187078 -0.0282886 
-0.034071 0.264861 0.589016 -0.0486623 0.00433974 -0.0257176 
-0.070865 0.203323 0.524953 -0.0304447 -0.00346061 -0.0316816 
-0.0504596 0.248274 0.512326 -0.051926 0.00477141 -0.0305511 
-0.0383736 0.216773 0.50772 -0.0354884 0.00497815 -0.0277168 
-0.0244728 0.222422 0.483278 -0.0403287 0.00999173 -0.0269768 
-0.0351718 0.17348 0.505055 -0.0189505 0.00166859 -0.0238264 
-0.0168585 0.179845 0.518728 -0.0234465 0.00715839 -0.0229291 
-0.00684767 0.196319 0.523814 -0.0217036 0.00708803 -0.0206766 
-0.0342125 0.218897 0.501687 -0.0328794 0.0030546 -0.0259872 
-0.0145151 0.208082 0.539314 -0.0269419 0.00583427 -0.0217249 
-0.0221228 0.241386 0.493421 -0.0395373 0.00725812 -0.0267405 
-0.00152919 0.257035 0.51663 -0.0404005 0.00937117 -0.0214058 
-0.0198159 0.250138 0.497714 -0.0395752 0.00472036 -0.0249732 
0.00260702 0.227388 0.521726 -0.0301419 0.00787473 -0.0205755 
-0.0309717 0.21761 0.502481 -0.0256957 0.000813885 -0.0262813 
0.00056045 0.218584 0.526949 -0.0288112 0.0092505 -0.022233 
-0.024143 0.201228 0.519729 -0.0236206 0.00390047 -0.026842 
-0.00450608 0.220109 0.508476 -0.0330419 0.0117676 -0.0251207 
-0.0192554 0.222675 0.494564 -0.0321213 0.00666197 -0.0265534 
-0.00636654 0.228899 0.485923 -0.0392305 0.0111468 -0.0249958 
-0.0149235 0.213714 0.48915 -0.0291143 0.00658926 -0.0255025 
-0.00965513 0.234376 0.475641 -0.0391198 0.0106524 -0.0257776 
-0.0131122 0.207948 0.481219 -0.0275966 0.0068689 -0.0248858 
-0.0292272 0.224664 0.464155 -0.0388183 0.0085023 -0.0287548 
-0.0148057 0.228974 0.476804 -0.0348608 0.0100478 -0.0254865 
-0.0338027 0.242824 0.452954 -0.042777 0.00749861 -0.0296774 
-0.0103417 0.231443 0.487693 -0.0359548 0.00954926 -0.0251012 
-0.0402482 0.246625 0.471277 -0.0412804 0.0044812 -0.029621 
-0.0114438 0.233503 0.500359 -0.0359424 0.00912905 -0.0252026 
-0.036954 0.221358 0.486505 -0.0346762 0.00565339 -0.0307647 
-0.00798968 0.226683 0.494641 -0.0378984 0.0134823 -0.0261496 
-0.049367 0.22198 0.45639 -0.0357407 0.00408907 -0.0313315 
0.00115739 0.230823 0.487976 -0.0407646 0.0165862 -0.0257584 
-0.0245444 0.22355 0.478442 -0.0346321 0.00942407 -0.0290442 
-0.00969609 0.234809 0.491671 -0.0411048 0.0135161 -0.0259768 
