0.107407 0.0658361 -0.115603 -0.0143433 0.0124806 0.284574 
0.107392 0.0658398 -0.115658 -0.0143528 0.0125361 0.284476 
0.107419 0.0658543 -0.115691 -0.0143357 0.0124444 0.284685 
0.107428 0.0658254 -0.11562 -0.0143365 0.0124391 0.284691 
0.107424 0.0658229 -0.115635 -0.014348 0.0124989 0.2846 
0.107396 0.0658259 -0.1156 -0.0143583 0.0125655 0.28439 
0.119792 0.0615798 -0.104973 -0.0148748 -0.00590026 0.28061 
0.101594 0.0593527 -0.0857184 -0.0108853 -0.004847 0.286905 
0.0960895 0.0636441 -0.094039 -0.0139778 0.00114833 0.264477 
0.0951949 0.060187 -0.0870003 -0.0119383 -0.00150265 0.263321 
0.091677 0.0562547 -0.0719761 -0.00956348 -0.0110374 0.266368 
0.0856508 0.0571166 -0.0713831 -0.0103136 -0.0116575 0.249811 
0.0795741 0.0533943 -0.0607475 -0.00839525 -0.0179199 0.241675 
0.077734 0.0543356 -0.0640869 -0.00855111 -0.0175743 0.235265 
0.0749654 0.0491787 -0.0474625 -0.00774163 -0.0214007 0.234833 
0.0697534 0.0480302 -0.0421504 -0.00786391 -0.0242152 0.225558 
0.0664989 0.0478482 -0.0433402 -0.00756662 -0.0248816 0.216985 
0.0607954 0.0416179 -0.0301061 -0.00549124 -0.0292276 0.208212 
0.0576746 0.0415318 -0.0284075 -0.00599438 -0.0301399 0.202176 
0.0548041 0.038892 -0.0244103 -0.00524035 -0.031008 0.195932 
0.051903 0.0359806 -0.0186514 -0.00410228 -0.0335646 0.192954 
0.0485216 0.0353276 -0.0158654 -0.00417918 -0.0353976 0.188379 
0.0432561 0.0314478 -0.00868021 -0.00302475 -0.0381882 0.181067 
0.0409293 0.0304598 -0.00661879 -0.00231884 -0.0404649 0.179684 
0.0383783 0.0298149 -0.00467769 -0.00243429 -0.0413043 0.175773 
0.0362093 0.0271699 -0.00155613 -0.00167259 -0.0416314 0.170815 
0.0343775 0.0252065 -0.000845247 -0.0010187 -0.041372 0.164342 
0.0304661 0.02288 -0.000265147 -0.00118041 -0.0394372 0.150048 
0.0289291 0.021254 0.000746726 -0.000529694 -0.0397147 0.146423 
0.0272445 0.0202539 0.00153672 -4.51335e-05 -0.0405398 0.143863 
0.0255001 0.0190635 0.00237048 0.000200972 -0.0403978 0.139288 
0.0241498 0.0175195 0.0032065 0.000841813 -0.0404295 0.135755 
0.0210794 0.0156875 0.00348298 0.00160042 -0.0409544 0.128916 
0.0198899 0.0149927 0.00402954 0.00161545 -0.0407161 0.125784 
0.0186673 0.0138608 0.00451843 0.00202221 -0.0405829 0.122557 
0.0172212 0.0129504 0.00453247 0.00239816 -0.0406764 0.119057 
0.0162748 0.0122622 0.00475519 0.00251317 -0.0402981 0.116058 
0.0142871 0.0105356 0.00468196 0.00326953 -0.0400444 0.110493 
0.0134627 0.0100729 0.00483026 0.00330009 -0.0397426 0.107988 
0.0127822 0.00933261 0.0048808 0.00356215 -0.0393643 0.105565 
0.01206 0.00854193 0.00461179 0.00395609 -0.0390684 0.102978 
0.0112873 0.00804267 0.00445252 0.00407109 -0.0386801 0.100335 
0.00996813 0.00676152 0.00401898 0.00454452 -0.0376455 0.094988 
0.00947635 0.00625049 0.00373399 0.00481979 -0.0374952 0.093359 
0.00890645 0.00589041 0.00394901 0.00473322 -0.0368615 0.0909594 
0.00847861 0.00550333 0.00356973 0.00492536 -0.0365791 0.0892806 
0.00789867 0.00487721 0.0032955 0.00519181 -0.0360114 0.086632 
0.00695686 0.00430978 0.00317439 0.00514351 -0.0349079 0.0824293 
0.0065875 0.00393777 0.0027254 0.0052918 -0.0342983 0.0802091 
0.00626279 0.00379325 0.00260501 0.00523433 -0.033885 0.0786854 
0.00583757 0.00370302 0.00282105 0.00502954 -0.0334186 0.0770264 
0.0053981 0.0033484 0.00248214 0.00511887 -0.0327297 0.0745898 
0.00470528 0.0029577 0.0022505 0.00506305 -0.0317773 0.0712572 
0.004372 0.00270661 0.00200479 0.00510608 -0.0312641 0.0694546 
0.00422333 0.00248193 0.001856 0.00513596 -0.0307191 0.0680119 
0.00380437 0.00229204 0.00178182 0.00513508 -0.0303268 0.0663381 
0.00340761 0.00205682 0.00165198 0.0050578 -0.0294857 0.0638952 
0.00299871 0.00172775 0.00135283 0.00509229 -0.0287029 0.0613886 
0.00270755 0.00169249 0.00154992 0.00486447 -0.0281825 0.0599835 
0.00257437 0.00166576 0.00115125 0.00487244 -0.0278111 0.0588138 
0.00220548 0.00119047 0.00118953 0.00499489 -0.0271098 0.0567285 
0.00202363 0.00128107 0.00101526 0.00486813 -0.0268546 0.0557963 
0.00164531 0.00106752 0.000827512 0.00475759 -0.0258506 0.0530444 
0.00142114 0.000685767 0.000712702 0.00485166 -0.0250748 0.0510946 
0.00146768 0.00107263 0.000714322 0.00451939 -0.0249457 0.0509789 
0.000940398 0.000490967 0.000671625 0.00458174 -0.0237014 0.0475128 
0.000993422 0.000627056 0.000552022 0.0044574 -0.0234449 0.0470893 
0.000873418 0.00048236 0.000477888 0.00446835 -0.0230647 0.046097 
0.000807337 0.000329496 0.000496593 0.00447974 -0.0227382 0.0453642 
0.000761082 0.00026769 0.000599848 0.00443802 -0.0225345 0.0449151 
0.000662541 0.000231119 0.000297031 0.00433884 -0.0216911 0.0430222 
0.000565804 0.000125241 0.00045671 0.00432621 -0.0215597 0.0426175 
0.000423881 -1.33911e-05 0.00034626 0.00419531 -0.0205413 0.0404063 
0.000312456 -0.000139586 0.000359526 0.0041907 -0.0201941 0.0395243 
0.000195586 -0.000132675 0.00034667 0.00409959 -0.0198777 0.0386656 
0.000318756 -2.45802e-05 0.000364933 0.00396855 -0.0196044 0.0384113 
0.00012167 -0.000295808 -4.69327e-05 0.00401298 -0.018508 0.0357852 
0.000147716 -0.000185521 -0.000117492 0.0038628 -0.0181168 0.0350789 
0.000227995 3.75173e-05 -9.71422e-05 0.00363737 -0.0179171 0.0348741 
0.000152401 -0.000129619 -0.000356022 0.00370741 -0.0173904 0.0336286 
5.31912e-05 -0.000311998 -0.000295276 0.00376695 -0.0171869 0.0330768 
8.04329e-05 -0.000127616 -0.000309983 0.0034305 -0.0162411 0.031319 
-3.73049e-05 -0.000182168 -0.00038474 0.00341348 -0.0159302 0.0304589 
-1.54953e-05 -0.000339449 -0.00015002 0.00341788 -0.0157177 0.0302125 
3.82978e-05 -0.000374941 -0.000369118 0.0034342 -0.0153528 0.0295346 
-1.08841e-05 -0.000209446 -0.000330808 0.00322978 -0.015067 0.0289006 
-2.10965e-05 -0.000333246 -0.000262993 0.00312941 -0.0142679 0.0274037 
-0.000101025 -0.000481215 -0.000197004 0.00314173 -0.0139156 0.0266113 
-4.0607e-06 -0.000327737 -0.000377056 0.00303708 -0.0137047 0.0263173 
1.5731e-05 -0.00035097 -0.00030305 0.00294974 -0.0132748 0.025554 
5.82661e-06 -0.000215575 -0.000484371 0.00283429 -0.0130185 0.0249809 
-0.000133482 -0.000229597 -0.000406437 0.00268392 -0.0124527 0.0236643 
-9.12066e-05 -0.000171465 -0.000513833 0.00262667 -0.0122293 0.0232693 
-0.000176941 -0.00025936 -0.000360149 0.00256691 -0.0118829 0.022517 
-0.000117787 -0.000233244 -0.000410999 0.00254762 -0.01177 0.0223954 
-4.09578e-05 -0.000202046 -0.000355918 0.0025138 -0.0117646 0.0225341 
-0.000132375 -0.000296537 -0.000426741 0.00243202 -0.0109472 0.020791 
-6.49583e-05 -0.00028314 -0.000511348 0.00241535 -0.0107718 0.0205515 
-0.000143668 -0.000366751 -0.000327948 0.00237497 -0.0105474 0.0200427 
-0.000144676 -0.000378786 -0.000279328 0.00233986 -0.0104103 0.0197964 
-0.000127052 -0.000365976 -0.000413249 0.00230792 -0.0100973 0.0191778 
-0.000180721 -0.000369478 -0.000172274 0.00217562 -0.00982548 0.0186531 
-0.00016117 -0.000358201 -0.000281548 0.0021418 -0.00952088 0.0180497 
-0.000199096 -0.000388919 -0.000137665 0.00208087 -0.00931666 0.0176427 
-0.000201792 -0.00043161 -3.47297e-05 0.00205605 -0.00918022 0.0174271 
-0.000243045 -0.000464753 -9.56765e-05 0.00205255 -0.00899412 0.0169654 
-0.00027658 -0.000527625 -0.000164058 0.00199311 -0.00834794 0.0156408 
-0.000260259 -0.000520473 -6.76627e-05 0.00196808 -0.00838034 0.0157623 
-0.000254734 -0.000565864 -0.000101454 0.00197447 -0.00816658 0.0153504 
-0.000299443 -0.000551927 -0.0001458 0.00194872 -0.00806165 0.0150485 
-0.000241586 -0.0005928 -2.68812e-05 0.00192213 -0.00789691 0.0149017 
-0.000262617 -0.000597729 -0.000163763 0.00189442 -0.00755684 0.0141583 
-0.000244986 -0.000555684 -7.66862e-05 0.00184148 -0.00757703 0.0142545 
-0.000185948 -0.000544888 -0.000255551 0.00183673 -0.00728813 0.0137439 
-0.000266846 -0.000633056 -0.000140791 0.00181985 -0.0070626 0.0132065 
-0.000246457 -0.000617319 -0.000121784 0.00178092 -0.0069414 0.0130189 
-0.000190395 -0.00067226 -8.67147e-05 0.00175507 -0.00658127 0.0124523 
-0.00022101 -0.000640973 -8.6638e-05 0.00171678 -0.00654025 0.0123073 
-0.00020142 -0.000645923 -0.000114352 0.00169436 -0.00634182 0.0119514 
-0.000176701 -0.000721423 -7.39078e-05 0.0017039 -0.00611169 0.0115777 
-0.000222637 -0.000725426 2.20067e-05 0.00165835 -0.00603216 0.0113686 
-0.000192485 -0.00072815 9.92909e-05 0.00162186 -0.00593663 0.011276 
-0.000209468 -0.000765575 7.3331e-05 0.00162575 -0.00576163 0.0108989 
-0.0002478 -0.000763112 1.8096e-05 0.00159882 -0.00558716 0.0104701 
-0.00026936 -0.00076841 -2.04858e-05 0.0015715 -0.00537535 0.0100083 
-0.000210042 -0.000783046 -1.92695e-05 0.00158495 -0.00533327 0.0100375 
-0.000374518 -0.000847222 -2.93887e-05 0.00153096 -0.00488664 0.0088703 
-0.000313698 -0.00080464 5.30349e-05 0.00149899 -0.00497526 0.00918033 
-0.000232756 -0.000778022 -9.9997e-05 0.00151488 -0.00487863 0.00909365 
-0.000289722 -0.000806954 -4.342e-05 0.00149501 -0.00478181 0.0088237 
-0.000219344 -0.00077636 -0.000196207 0.00147248 -0.00449778 0.00834929 
-0.000194321 -0.000745077 -0.000184781 0.00145933 -0.00456967 0.00853425 
-0.000223279 -0.000772732 -0.000257364 0.00146288 -0.00437802 0.00808589 
-0.000226086 -0.000790681 -0.000343253 0.0014491 -0.00408622 0.00749192 
-0.000202467 -0.000802257 -0.000170268 0.00139856 -0.00401568 0.00746722 
-0.000153204 -0.000677575 -8.10276e-05 0.0012894 -0.00407789 0.00769391 
-0.000136647 -0.000627162 -0.000156356 0.00125647 -0.00399374 0.00752957 
-8.55557e-05 -0.000506608 -0.000319091 0.00119604 -0.00389953 0.00737294 
-9.41101e-05 -0.000502791 -0.000167074 0.00113207 -0.00381575 0.00724934 
-0.000152872 -0.000487006 -0.000156887 0.00109793 -0.00376471 0.00703949 
-5.12073e-05 -0.000400577 -0.000242007 0.00103894 -0.00360663 0.00688633 
-8.50819e-05 -0.000331182 -0.00029887 0.000979691 -0.00353566 0.0066541 
-5.38044e-05 -0.000324641 -0.000103572 0.000922302 -0.00353156 0.00677434 
-4.08276e-06 -0.000246205 -0.000240935 0.000880982 -0.0034025 0.00656093 
-6.41755e-06 -0.000189264 -0.000363197 0.000832718 -0.00320866 0.00613519 
6.13256e-05 -3.67147e-05 -0.000356554 0.000704582 -0.00314808 0.00613144 
8.66344e-06 -8.3522e-05 -0.000203012 0.000683324 -0.00310034 0.00599675 
2.8123e-05 -8.33669e-05 -0.000222072 0.000681717 -0.00305053 0.005931 
-2.05584e-05 -9.91776e-05 -0.000232319 0.000658066 -0.00287195 0.00548969 
-4.64524e-05 -0.000174921 -0.000103013 0.000643039 -0.00267269 0.00510977 
-3.08631e-05 -9.5953e-05 -0.000240795 0.000625814 -0.00270655 0.0051457 
-4.54367e-05 -0.000166618 8.93195e-05 0.000590127 -0.00271645 0.00525916 
-7.69143e-06 -8.60358e-05 -0.000116369 0.000581826 -0.00268146 0.00518077 
-4.98126e-05 -0.000115999 -0.000137047 0.000578023 -0.00252815 0.00479873 
-9.58969e-05 -0.000147626 -0.000125344 0.000579457 -0.00244714 0.00456199 
-5.42157e-06 -0.00014954 -1.93318e-05 0.000557432 -0.00240859 0.0046955 
-9.71199e-05 -0.000152871 -1.6212e-05 0.000526421 -0.00230545 0.00432258 
-0.000139224 -0.000190295 3.14106e-05 0.000525971 -0.00223971 0.0041354 
-5.05516e-05 -0.00016243 -4.09566e-05 0.000534957 -0.00223021 0.00425675 
-7.93508e-05 -0.000211725 -4.8796e-05 0.000535416 -0.00201937 0.00379833 
-7.38753e-05 -0.000193306 -3.13183e-05 0.000504901 -0.0019587 0.00369447 
-4.44258e-05 -0.000212439 -5.84335e-05 0.000516395 -0.00186655 0.00356517 
-7.1135e-05 -0.000181428 -0.000115875 0.000513329 -0.00192248 0.00359927 
-0.000100029 -0.000165973 -7.01766e-05 0.000493576 -0.00198118 0.00367021 
-3.20062e-06 -0.000162111 -0.0001099 0.000499572 -0.00188785 0.00365858 
-9.04085e-05 -0.000214874 -2.41739e-05 0.000481023 -0.00175221 0.00326665 
-0.000102936 -0.000207992 -0.00011783 0.00048052 -0.00164182 0.00299497 
-4.30979e-05 -0.00019707 -0.000102374 0.000467867 -0.00159475 0.00302054 
1.80269e-05 -9.78131e-05 -0.000201288 0.000451811 -0.00175482 0.00340047 
-3.8513e-05 -0.000120304 -0.000143343 0.000428002 -0.00165939 0.00313083 
-4.19055e-06 -5.42415e-05 -0.000246558 0.000401604 -0.00161954 0.00307251 
2.20671e-05 -4.55955e-05 -0.000300873 0.000402611 -0.00156033 0.00298838 
-3.00969e-05 -2.99752e-05 -0.000383501 0.00038035 -0.00141929 0.00258474 
-3.52455e-05 -5.25022e-05 -0.000134989 0.000354072 -0.00156908 0.00295415 
-6.36772e-06 -8.30451e-05 -8.57237e-05 0.00034804 -0.00144787 0.00279433 
-4.93884e-05 -3.05713e-05 -0.000105009 0.000313618 -0.00150266 0.00280501 
-5.34003e-05 -3.50101e-05 -0.000121015 0.000298886 -0.00137756 0.00254919 
-4.49536e-05 -2.82163e-05 -0.000279847 0.00029519 -0.00112619 0.00202082 
-2.78246e-05 -9.05954e-06 -0.000123737 0.00027554 -0.0013416 0.00252351 
-0.000102894 -5.63178e-05 -0.00014379 0.00026641 -0.00110232 0.00191444 
-2.5835e-05 1.40498e-05 -0.00024489 0.000247315 -0.00109408 0.00200068 
-5.42406e-05 3.72925e-06 -0.000104816 0.000228882 -0.00118976 0.00218099 
-9.41521e-05 -4.02487e-05 -0.000200897 0.000237015 -0.000912136 0.00153892 
-6.8337e-05 4.59525e-05 -0.00027548 0.000220486 -0.0010788 0.00187485 
-9.28871e-05 -7.46603e-06 -5.27339e-05 0.000191282 -0.00104271 0.00184012 
-3.3665e-05 3.78733e-05 -0.000243251 0.000190248 -0.000894461 0.00159386 
-7.94633e-05 2.1318e-05 -0.000134352 0.00017165 -0.000925419 0.00160574 
-9.49072e-05 -1.64655e-05 3.06428e-05 0.00016221 -0.000973233 0.00173023 
-7.35952e-05 5.07086e-05 -0.000143487 0.000149661 -0.000918928 0.00159659 
-4.75364e-05 4.01875e-05 -1.83095e-05 0.000142906 -0.00101202 0.00187159 
-8.50676e-05 -1.85934e-05 -2.5372e-05 0.000135818 -0.000716948 0.00123146 
-8.47557e-05 6.03847e-06 -6.64982e-05 0.000130515 -0.000736306 0.00125236 
-3.15407e-05 5.33847e-05 3.58748e-05 0.000112447 -0.000973702 0.0018438 
-3.40959e-05 8.47261e-05 -0.00016448 0.000117187 -0.000827192 0.00148161 
-3.10486e-05 7.32224e-05 -2.99453e-05 0.000100598 -0.000892711 0.00166159 
-6.98283e-05 1.70328e-05 7.37131e-06 9.12579e-05 -0.000670624 0.00117553 
-1.24748e-05 9.75103e-05 -0.000167846 8.90195e-05 -0.000703031 0.00127737 
-4.67634e-05 5.94549e-05 -4.38643e-05 7.84496e-05 -0.000694308 0.00124234 
-3.87281e-05 6.17426e-05 -4.53814e-05 7.6252e-05 -0.00068319 0.00123505 
-7.05978e-05 -6.30714e-06 5.3979e-05 6.81826e-05 -0.000506553 0.00087342 
-0.000105344 -5.69026e-05 0.000120112 7.04053e-05 -0.00041811 0.000664114 
-5.27883e-05 2.17989e-05 9.20065e-06 5.94349e-05 -0.000500519 0.000876616 
-4.75298e-05 5.5958e-05 -1.87884e-05 6.07928e-05 -0.000618063 0.0011007 
-3.09482e-05 3.22473e-06 0.00014624 5.67374e-05 -0.000600566 0.00116224 
-1.15983e-05 2.56174e-05 -1.05244e-05 5.89704e-05 -0.000449087 0.000847642 
-2.68893e-06 3.40689e-05 -2.22065e-05 5.58048e-05 -0.000444099 0.000849747 
5.81148e-06 5.55355e-05 -8.87435e-05 5.98394e-05 -0.0004528 0.000857346 
1.18805e-05 4.47111e-05 3.95354e-05 5.24368e-05 -0.000562076 0.0011267 
-1.09513e-05 2.94334e-05 -8.61098e-06 5.74742e-05 -0.000460891 0.000871663 
6.92299e-05 8.42335e-05 -0.000137977 7.21248e-05 -0.000523247 0.00109504 
5.70296e-05 5.95699e-05 -6.92589e-05 7.29249e-05 -0.000533838 0.00111899 
4.78934e-05 6.07468e-05 -0.000106253 7.72266e-05 -0.000511974 0.00104638 
5.71386e-05 7.29672e-05 -0.000133747 6.88741e-05 -0.000469579 0.000970036 
6.59295e-05 6.7906e-05 -0.00017778 7.5494e-05 -0.000404747 0.000846694 
8.3144e-05 0.00012381 -0.000407028 9.31606e-05 -0.000382947 0.000751839 
6.68478e-05 8.25866e-05 -0.000247262 8.11173e-05 -0.000393089 0.000800439 
7.18979e-05 0.000116997 -0.000362793 8.17296e-05 -0.000366762 0.000714753 
4.81167e-05 0.000105339 -0.000214298 5.85819e-05 -0.000440595 0.000864622 
4.51527e-05 0.000101939 -0.000221775 5.27448e-05 -0.000382477 0.000743606 
3.88762e-05 8.47596e-05 -0.000101747 3.96859e-05 -0.00042662 0.000860217 
8.46127e-05 0.000129504 -7.08538e-05 2.38602e-05 -0.000556944 0.00120602 
6.20142e-05 9.92977e-05 1.07687e-06 1.48574e-05 -0.000500509 0.00108106 
2.07432e-05 4.01826e-05 0.000123838 5.91154e-06 -0.00040471 0.000864976 
-5.46037e-05 -4.49109e-05 0.000384844 -1.00079e-05 -0.00040093 0.000814138 
2.52776e-05 4.83857e-05 0.000316059 -3.10426e-05 -0.000539219 0.00119945 
1.43382e-05 4.22325e-05 0.000377719 -4.01563e-05 -0.00056793 0.00125591 
1.22288e-05 3.97126e-05 0.000252242 -3.17293e-05 -0.000403558 0.000889627 
2.26251e-05 7.88382e-05 8.89854e-05 -2.24033e-05 -0.000367589 0.000778607 
1.59562e-05 7.07093e-05 0.000253346 -4.40618e-05 -0.000477045 0.00103573 
4.78103e-05 0.000120522 0.000194961 -5.37801e-05 -0.000533831 0.00118035 
2.89272e-05 6.82057e-05 0.000281371 -3.98014e-05 -0.000523058 0.00115997 
1.25674e-05 -7.25387e-06 0.000246807 -7.35945e-06 -0.000312632 0.000717992 
-1.14706e-05 -2.70023e-05 0.000335053 7.95275e-06 -0.000469952 0.00101136 
-3.52076e-05 -3.15062e-05 0.000291539 7.30246e-06 -0.000395484 0.000807001 
-8.56742e-06 -3.04205e-06 0.000175288 1.82436e-05 -0.000380645 0.000785707 
1.42483e-05 -4.01406e-05 7.87312e-05 6.66199e-05 -0.000306232 0.000657635 
-1.18807e-05 -9.1872e-05 3.63707e-05 9.75381e-05 -0.000192732 0.000379909 
-6.98537e-06 -5.29427e-05 5.33195e-05 7.89074e-05 -0.000292821 0.000584267 
6.7436e-07 -4.25772e-05 8.39141e-05 7.18798e-05 -0.00034474 0.000708877 
-2.75523e-05 -0.000112197 1.77595e-05 0.000126294 -0.000244159 0.000447384 
-3.46718e-05 -0.000140364 -9.37758e-06 0.000138635 -0.000144107 0.000233801 
-1.67569e-05 -0.000112842 -6.19174e-05 0.00013808 -0.00017002 0.000296777 
-8.64449e-06 -0.00012519 4.73619e-05 0.000127554 -0.000222 0.000451885 
2.21939e-05 -6.31603e-05 -9.37233e-05 0.000127065 -0.000256069 0.000520758 
6.80778e-05 -3.02951e-05 -0.000157097 0.00013166 -0.000294769 0.000657774 
4.83416e-05 -6.09522e-05 -0.000119825 0.000134122 -0.000242089 0.000534276 
5.19692e-05 -6.76006e-05 -7.29556e-05 0.000128726 -0.000252822 0.000578858 
7.67151e-05 -5.94559e-05 -5.30384e-06 0.000120324 -0.000331486 0.000800961 
2.92931e-05 -0.000114301 1.5136e-05 0.000121742 -0.000154912 0.000380983 
6.69359e-05 -8.57304e-05 9.28375e-05 0.000107075 -0.000299635 0.000756546 
8.8921e-05 -8.25856e-05 7.75577e-05 0.000108066 -0.000276492 0.00074798 
5.66143e-05 -9.6543e-05 5.66019e-05 0.00010758 -0.00020147 0.000535017 
6.6491e-05 -7.85581e-05 3.86909e-05 0.000104513 -0.00023111 0.000602743 
5.0428e-05 -8.57886e-05 8.16966e-05 9.07694e-05 -0.000202695 0.000532147 
5.96855e-05 -5.07529e-05 -2.31346e-05 8.7598e-05 -0.000171379 0.00044838 
8.13214e-05 -1.49974e-05 -4.36027e-05 8.29513e-05 -0.000261731 0.000653747 
6.26025e-05 -5.40573e-05 -1.73587e-05 8.15777e-05 -0.000128545 0.00037294 
5.7536e-05 -4.0522e-05 9.471e-06 6.429e-05 -0.000141479 0.000395321 
0.000100741 4.44521e-05 -0.000118574 5.82629e-05 -0.000263201 0.000659609 
8.71705e-05 5.35894e-05 -9.11678e-05 4.41635e-05 -0.000281714 0.000677697 
7.08118e-05 3.93728e-05 -4.91302e-05 3.63833e-05 -0.000252385 0.000605346 
9.46594e-05 6.90848e-05 -0.000141548 3.92629e-05 -0.000238419 0.00058844 
5.09661e-05 5.28437e-06 -6.11489e-06 3.22514e-05 -0.000155172 0.00039716 
0.000101558 7.74069e-05 6.03382e-05 -2.84372e-06 -0.000359529 0.000904313 
0.000116313 0.000135821 -0.000121741 -3.97846e-07 -0.000341038 0.000826325 
2.00293e-05 2.22788e-05 0.000195281 -2.76561e-05 -0.00024644 0.000580946 
5.99381e-05 8.77352e-05 4.96136e-05 -3.46547e-05 -0.00024459 0.000595159 
2.83514e-05 6.4739e-05 8.05135e-05 -4.97951e-05 -0.000127256 0.000319489 
2.48169e-05 0.000111807 3.83327e-05 -7.95084e-05 -0.000114115 0.000265802 
2.65963e-06 0.000117589 0.000145659 -0.000117248 -0.000118781 0.000267431 
3.92835e-06 0.000160815 0.000107644 -0.000153924 -5.09655e-05 0.000118106 
-7.67751e-06 0.000159877 7.30162e-05 -0.000161938 4.47633e-05 -0.000102599 
-1.85617e-05 0.000166846 2.69125e-05 -0.000157626 5.22835e-05 -0.000154462 
1.31579e-05 0.000188003 2.14232e-05 -0.000144734 -8.41006e-05 0.000167643 
-3.66193e-05 0.0001104 0.000128723 -0.000138251 2.77585e-05 -9.83572e-05 
-6.98572e-06 0.000142635 6.06111e-05 -0.00012542 -6.1301e-05 0.000104611 
-1.35916e-05 0.0001003 0.000161103 -0.000119174 -6.56636e-05 0.000140488 
-3.67535e-05 8.91141e-05 0.000133362 -0.000111617 -3.12612e-05 2.15459e-05 
1.6222e-05 0.000122176 5.88576e-05 -0.000101624 -7.75457e-05 0.000183188 
4.39169e-05 0.000158428 -1.67961e-06 -0.000101278 -0.000128555 0.000310028 
3.09372e-05 0.00015127 -4.86425e-05 -0.000100799 -3.28811e-05 8.37918e-05 
1.38413e-05 0.000139287 -3.8535e-05 -9.77e-05 -2.52785e-05 4.1514e-05 
1.74494e-05 0.000136951 -5.31999e-06 -8.9824e-05 -0.000109445 0.000224146 
1.79527e-05 0.000105966 3.90518e-05 -7.43933e-05 -0.000122916 0.000270965 
6.87748e-05 0.000145357 -9.81711e-05 -5.99144e-05 -0.000125281 0.000321015 
4.26201e-05 0.000117271 -5.82397e-05 -5.84089e-05 -8.8649e-05 0.000217044 
3.15963e-05 0.000122722 -0.000107379 -5.60699e-05 -5.77315e-05 0.000118407 
6.29568e-05 0.000169434 -0.000158504 -5.47435e-05 -0.000175511 0.000384013 
5.45615e-05 0.000128826 -6.01297e-05 -5.29018e-05 -0.000160993 0.000378564 
9.30228e-05 0.000142503 -0.000155488 -3.40583e-05 -0.000145511 0.000387986 
6.05872e-05 9.84594e-05 2.82965e-05 -5.29088e-05 -0.00015572 0.000413943 
2.61454e-05 8.73263e-05 -8.61991e-06 -5.83867e-05 -4.20585e-05 0.000115658 
2.18565e-05 6.76357e-05 4.83412e-05 -5.76022e-05 -4.96876e-05 0.000144346 
0.00101847 0.00218057 -0.0060954 9.49105e-05 -7.76603e-05 -0.000266099 
0.00172085 0.00365706 -0.010215 0.000185536 -0.000284232 -0.000118954 
0.00276953 0.00585079 -0.0164115 0.000314216 -0.000432667 -0.000222942 
0.0037977 0.00805081 -0.0227114 0.00044808 -0.000495934 -0.000568441 
0.00470373 0.0100211 -0.0282553 0.000557537 -0.000675819 -0.000636596 
0.00560117 0.0120648 -0.0333469 0.000513228 -0.00113835 -3.32812e-05 
0.00638549 0.0138502 -0.038228 0.00057331 -0.00138103 2.87226e-05 
0.00678043 0.0148784 -0.0418468 0.000798238 -0.00126499 -0.000834137 
0.00723752 0.0156775 -0.0448557 0.00109371 -0.00130776 -0.00101028 
0.00779295 0.0170837 -0.0479034 0.000825094 -0.00124817 -0.00128716 
0.00770349 0.0168613 -0.0489032 0.00136113 -0.00135209 -0.00160813 
0.00813757 0.0179412 -0.0503545 0.000879715 -0.00135661 -0.00139062 
0.0080664 0.017857 -0.0500669 0.000910555 -0.00162932 -0.000902772 
0.00796832 0.0178778 -0.0499775 0.000834271 -0.00158703 -0.0011676 
0.00785862 0.0179865 -0.049978 0.000686788 -0.00147511 -0.0016373 
0.00725958 0.0168755 -0.0463309 0.000456832 -0.00141308 -0.00151197 
0.00687624 0.0159567 -0.0444499 0.000675032 -0.00149076 -0.00133482 
0.00685919 0.0160854 -0.0443995 0.00053134 -0.00147467 -0.00140614 
0.0066945 0.0156133 -0.0438073 0.00076841 -0.00152046 -0.00137292 
0.00662429 0.0153869 -0.0429591 0.000698174 -0.00150127 -0.00121014 
0.00581658 0.0140252 -0.0383059 0.00034506 -0.0014135 -0.00115961 
0.00591831 0.0141603 -0.0388736 0.000417733 -0.00142419 -0.00115466 
0.00552385 0.0134779 -0.0364726 0.000224876 -0.001387 -0.00106877 
0.00537424 0.0132208 -0.035866 0.000237936 -0.00133761 -0.00121678 
0.0051521 0.0127416 -0.0339866 3.98861e-05 -0.00123644 -0.00112193 
0.00449309 0.0112945 -0.0306973 0.000177763 -0.000938124 -0.00164493 
0.00419298 0.0106685 -0.0289432 0.000145237 -0.000878355 -0.00164782 
0.00400772 0.0103917 -0.0274825 -4.26903e-05 -0.00108396 -0.00106262 
0.00278522 0.00774362 -0.021089 0.000179425 -0.0010836 -0.000857314 
0.000620053 0.00321362 -0.00808193 -0.000119912 -0.000886191 -0.000296463 
-0.00263087 -0.00345162 0.0119468 -0.000872168 -0.000274598 6.97978e-05 
-0.00655143 -0.0121605 0.0347533 -0.000921317 0.000675987 -0.000269308 
-0.0100969 -0.0199308 0.0573369 -0.00153195 0.00114858 0.000783736 
-0.0132211 -0.0273438 0.0772251 -0.00171721 0.00180343 0.00127535 
-0.0166189 -0.0342938 0.0950296 -0.00173 0.00212743 0.00133097 
-0.0165624 -0.0341694 0.0950614 -0.00179401 0.00198773 0.00170217 
-0.0165148 -0.0337878 0.0943572 -0.0018822 0.00210379 0.00128066 
-0.0160741 -0.0322022 0.0911714 -0.00208537 0.00180618 0.00145658 
-0.0154467 -0.0304216 0.08651 -0.00209348 0.00180577 0.000854284 
-0.0134757 -0.025844 0.0740724 -0.00201188 0.00199554 -0.000660795 
-0.012057 -0.0225477 0.0662258 -0.0021847 0.00175552 -0.000652096 
-0.010688 -0.0201363 0.0592954 -0.00197762 0.00148044 -0.000250987 
-0.00954607 -0.0179928 0.0522533 -0.00163705 0.00164753 -0.00111557 
-0.00832041 -0.0154694 0.0450489 -0.00143616 0.00127195 -0.000842233 
-0.00608579 -0.0112397 0.0331896 -0.0011862 0.00097277 -0.00066601 
-0.00506183 -0.0090385 0.0278221 -0.00130487 0.000922274 -0.000769206 
-0.00419944 -0.00763407 0.0235773 -0.00115416 0.000998091 -0.000927477 
-0.00340271 -0.00629672 0.0191681 -0.000868618 0.000792746 -0.000685442 
-0.00288048 -0.00507773 0.0152297 -0.000746392 0.00115618 -0.00190134 
-0.0016526 -0.00340518 0.00938322 -0.000266514 0.000968898 -0.0014072 
-0.0012369 -0.00259056 0.00704665 -0.000168308 0.000701698 -0.000992096 
-0.000849903 -0.00143806 0.00554584 -0.000593904 0.000494258 -0.000526725 
-0.000769635 -0.0013137 0.00410339 -0.000315746 0.000703731 -0.00127938 
-0.000331873 -0.000905696 0.00238128 -3.55077e-05 0.000331631 -0.000351288 
-2.50938e-05 -5.45008e-05 0.000830779 -0.000316353 0.000699877 -0.00113335 
0.000180784 0.00025963 0.000441176 -0.000397713 0.000490266 -0.000508988 
0.000238259 0.000629444 -1.61369e-05 -0.000581451 0.000579454 -0.000782833 
0.000329781 0.000653479 -0.000372476 -0.000443609 0.000335304 -0.000250751 
0.00033327 0.000491863 -0.000761567 -0.000227056 0.000496337 -0.000663054 
0.000498675 0.000838866 -0.00105915 -0.000382512 0.000367398 -0.000246722 
0.000478586 0.000779973 -0.000927407 -0.000359144 0.000282298 -6.57544e-05 
0.000420391 0.000671056 -0.000991988 -0.00030335 0.000532912 -0.000672186 
0.000421336 0.000633514 -0.000898096 -0.000290411 0.000486102 -0.000542418 
0.000442892 0.000648415 -0.000892227 -0.000293834 0.000444308 -0.000419543 
0.000454376 0.000680828 -0.000896668 -0.000295793 0.000319208 -0.00015896 
0.000413241 0.000614537 -0.000785791 -0.000293931 0.000406567 -0.00036179 
0.000396385 0.000571803 -0.000883898 -0.000267293 0.000602175 -0.00080325 
0.00039574 0.00054951 -0.000821626 -0.000256741 0.000545324 -0.000669091 
0.000365025 0.00051778 -0.000932009 -0.000225333 0.000668329 -0.000999964 
0.00037681 0.000503047 -0.000749194 -0.00024741 0.000578474 -0.00073878 
0.000370078 0.00048177 -0.000709977 -0.000248925 0.000619067 -0.000815071 
0.000320282 0.000390626 -0.000476942 -0.000250523 0.000637907 -0.000855631 
0.000355984 0.000449737 -0.0005992 -0.000259129 0.000637075 -0.000835862 
0.000342484 0.000422124 -0.000362299 -0.000279028 0.000484749 -0.000480192 
0.000332259 0.000427202 -0.000410324 -0.000274947 0.00050625 -0.00055856 
0.00030284 0.000403437 -0.000245133 -0.000301379 0.000476238 -0.000497802 
0.000276942 0.000393357 -0.000272923 -0.000312192 0.000608749 -0.000814485 
0.000323282 0.000513634 -0.000406089 -0.000325983 0.000373816 -0.000328286 
0.000310651 0.000497226 -0.00039722 -0.000335398 0.000480078 -0.000555372 
0.000260579 0.000520478 -0.000207872 -0.000402798 0.000404922 -0.000444548 
0.000252424 0.00050188 -0.000116818 -0.000414759 0.000406809 -0.00043089 
0.000233653 0.000468958 -1.8764e-05 -0.000423369 0.000436781 -0.000487893 
0.000206827 0.000456091 7.73089e-05 -0.000439712 0.000411969 -0.000456484 
0.000243582 0.000544315 -1.65411e-05 -0.000444495 0.000206279 -2.7889e-05 
0.000227858 0.000525342 5.6336e-05 -0.000462052 0.000264722 -0.00014541 
0.000261664 0.000639518 -0.000204026 -0.000468229 0.000210249 -7.80456e-05 
0.000272367 0.000644522 -0.000185398 -0.000482778 0.000248978 -0.000128128 
0.000233543 0.00059551 -5.49426e-05 -0.000492443 0.000291431 -0.000234748 
0.000196096 0.000576574 1.17564e-05 -0.000505384 0.000314301 -0.000326185 
0.000207909 0.000606804 -0.0001353 -0.0005019 0.000399247 -0.000523483 
0.00018399 0.00057016 -4.8314e-05 -0.000503948 0.000422622 -0.000580558 
0.000195345 0.000552228 0.00010901 -0.000519525 0.000352488 -0.000366457 
0.000216681 0.000646007 -7.19151e-05 -0.000533409 0.000299026 -0.000295365 
0.000164561 0.000607878 1.79735e-05 -0.000553687 0.000404684 -0.000566527 
0.000158905 0.000633105 -1.23053e-06 -0.00056921 0.000399514 -0.000577424 
0.000120402 0.000585563 0.000169222 -0.000584544 0.000403555 -0.000595243 
0.000154 0.00066814 0.000160258 -0.000603659 0.000166646 -8.18749e-05 
0.000123596 0.00060867 0.000239189 -0.000593527 0.000235765 -0.000240178 
0.000124192 0.000622668 0.000212493 -0.000588049 0.000182064 -0.000144741 
0.000141084 0.000637965 0.000103503 -0.000574616 0.00022334 -0.00023202 
0.000106139 0.000576979 0.000270922 -0.000579186 0.000237136 -0.000260855 
0.000134049 0.00062479 0.000189309 -0.000581175 0.000178805 -0.000127576 
8.49652e-05 0.000547677 0.000211864 -0.000555498 0.000316921 -0.000473186 
-4.6628e-05 0.000355712 0.000528063 -0.000530062 0.000452861 -0.000856469 
-2.37798e-05 0.000411955 0.000449313 -0.000521553 0.000285688 -0.00051961 
-4.73657e-05 0.000393268 0.000355292 -0.000499122 0.000376491 -0.000770946 
-7.59951e-05 0.000346483 0.000374823 -0.000486149 0.000466739 -0.000988597 
-7.88437e-05 0.000342203 0.000356655 -0.000469986 0.000421102 -0.000909781 
-3.29912e-05 0.00041313 -3.92043e-05 -0.000417944 0.000468195 -0.00105667 
1.80394e-05 0.000441799 -5.02963e-05 -0.000397909 0.000281655 -0.000601989 
-1.46305e-05 0.000368535 8.37454e-05 -0.000377663 0.000267999 -0.000581684 
-1.24314e-05 0.000358137 0.000151466 -0.000355829 8.48725e-05 -0.000194717 
-3.80023e-06 0.000353248 7.70061e-05 -0.000334308 0.000112829 -0.000257047 
-4.58874e-05 0.00032605 4.80544e-06 -0.000299347 0.000121327 -0.000373778 
-3.77719e-05 0.00030285 -2.64284e-05 -0.000276554 0.000158746 -0.000438449 
-9.96383e-05 0.000201575 0.000238732 -0.000284667 0.000200723 -0.000534915 
-4.42965e-05 0.000280133 7.96937e-05 -0.000283513 0.000128262 -0.000352329 
-4.52304e-05 0.000253013 5.68644e-05 -0.000265866 0.000191878 -0.000482139 
-5.24798e-05 0.000193354 5.79939e-05 -0.000222795 0.000219809 -0.000541093 
-6.25127e-05 0.000186431 4.34729e-05 -0.000218069 0.000240295 -0.000604086 
-5.17148e-05 0.000196179 3.94748e-06 -0.000220683 0.000282777 -0.00068141 
-1.72624e-05 0.000252292 -2.0511e-05 -0.000230898 0.000145191 -0.000363036 
-4.05799e-05 0.00019247 -2.89442e-05 -0.00020219 0.000257466 -0.000620832 
-5.71677e-05 0.000141078 3.41728e-05 -0.000181881 0.000267432 -0.000642851 
-6.28593e-05 0.000114289 0.000126038 -0.000184244 0.000253976 -0.000592848 
-4.78914e-05 0.00014521 -5.74281e-05 -0.000172178 0.000349328 -0.000816594 
-7.25708e-05 0.00010918 -2.4631e-05 -0.00017047 0.000435466 -0.00101602 
-8.41681e-05 8.68844e-05 4.86969e-05 -0.000166683 0.000389964 -0.000921056 
-6.62615e-05 9.39774e-05 0.000129625 -0.000177123 0.000300297 -0.000685478 
-6.32679e-05 9.98873e-05 9.88459e-05 -0.000167683 0.000270926 -0.00063333 
-6.70008e-05 6.95542e-05 0.000133644 -0.000164682 0.000337982 -0.0007555 
-3.41896e-05 0.000119479 2.76445e-05 -0.000162409 0.000288872 -0.000639751 
-4.78362e-05 9.68657e-05 4.42917e-05 -0.00015697 0.000325798 -0.000728987 
-2.07256e-05 0.000155789 2.5064e-05 -0.000165675 0.000151601 -0.000351864 
-9.21143e-05 4.1609e-05 3.76791e-05 -0.000152073 0.000531656 -0.00121011 
-1.7595e-05 0.000131254 -1.61021e-05 -0.000154053 0.000270494 -0.000588445 
-3.93703e-05 9.72527e-05 1.12075e-05 -0.000143456 0.000307252 -0.000687422 
-2.56347e-05 0.000120925 -6.97344e-05 -0.000140282 0.000320472 -0.000717643 
-1.8275e-05 0.000103421 -2.4748e-05 -0.000136044 0.000312804 -0.00067093 
-3.86099e-05 7.65322e-05 -9.36052e-05 -0.000125741 0.000474847 -0.00104524 
1.90799e-06 0.000130504 -5.99961e-05 -0.000132534 0.000239532 -0.000504944 
-4.73679e-05 4.76436e-05 2.62289e-05 -0.000127919 0.000422427 -0.000915212 
-2.29143e-05 9.30032e-05 -4.04461e-05 -0.000127887 0.000337144 -0.000731074 
-5.5894e-06 0.00011097 -0.000122856 -0.000119912 0.00035502 -0.000762954 
-2.02622e-05 6.78828e-05 2.57925e-05 -0.000126091 0.00034043 -0.000706538 
2.00333e-06 8.21683e-05 -5.99053e-05 -0.000116902 0.000379192 -0.000770518 
-3.60861e-05 8.24849e-05 3.78651e-05 -0.00013065 0.000263658 -0.000584524 
-1.94674e-05 9.68402e-05 3.2167e-05 -0.000131246 0.000222814 -0.000477022 
-1.04744e-05 0.000110755 -0.00010385 -0.00011577 0.000296965 -0.00065213 
-7.58029e-05 -7.44365e-06 0.000190387 -0.00012431 0.0003708 -0.000805169 
-4.65237e-05 3.6301e-05 7.82808e-05 -0.000123432 0.000366384 -0.000784768 
-3.32249e-05 4.24172e-05 0.000105978 -0.000128166 0.000331468 -0.000682996 
-8.212e-06 6.57968e-05 2.80309e-05 -0.000118671 0.000315061 -0.000632666 
-8.68383e-06 5.54931e-05 0.000133268 -0.000121285 0.000207434 -0.000386577 
9.74089e-06 0.000100373 -5.9514e-05 -0.000116475 0.000296428 -0.000596344 
-2.14639e-05 7.11709e-05 6.72065e-06 -0.000118259 0.000309751 -0.000655398 
8.08096e-06 0.000106227 -1.67391e-05 -0.000123815 0.000239422 -0.000474689 
4.00472e-06 0.000101654 -5.82767e-05 -0.000117723 0.000289993 -0.000594415 
-6.72598e-06 9.34824e-05 -4.56628e-05 -0.000114144 0.000278409 -0.000586775 
2.33603e-05 0.000127977 -0.000117285 -0.000107604 0.000220148 -0.000444538 
2.78724e-05 0.000112163 -5.97269e-05 -0.000108013 0.000207756 -0.000390189 
-2.01005e-05 4.47121e-05 5.84071e-05 -0.000115393 0.000335853 -0.000682494 
3.26136e-05 9.57192e-05 3.78074e-05 -0.000111881 0.000154045 -0.000241195 
1.47562e-05 3.98986e-05 -3.41354e-05 -9.1993e-05 0.000405621 -0.000782739 
1.71699e-05 6.16141e-05 4.87429e-06 -0.000102075 0.000298756 -0.000559104 
3.91165e-05 9.63685e-05 -9.74211e-05 -9.93619e-05 0.000304037 -0.000567135 
1.83491e-05 3.68743e-05 6.86165e-05 -0.000103741 0.000323675 -0.000580942 
4.84519e-05 5.24021e-05 5.44043e-05 -9.55734e-05 0.000252818 -0.000392035 
3.14639e-05 6.10997e-05 5.62877e-05 -0.000106067 0.000253375 -0.000426222 
4.08473e-05 5.41004e-05 3.48183e-06 -9.07508e-05 0.00029262 -0.000501401 
2.39977e-05 3.20487e-05 9.59792e-05 -9.96729e-05 0.000283415 -0.00048139 
2.22247e-05 2.26517e-06 0.000184467 -0.000101986 0.000293038 -0.000469764 
2.41273e-05 3.70275e-05 0.000219845 -0.000112863 0.000134653 -0.000149982 
3.39886e-05 6.31494e-05 7.46345e-05 -0.000103215 0.00020004 -0.000311264 
3.77021e-05 5.41125e-05 0.00016995 -0.00010084 7.79702e-05 -3.24263e-05 
3.37249e-05 6.43157e-05 6.57319e-05 -9.80234e-05 0.000178943 -0.000273555 
3.38907e-05 5.54491e-05 0.000145085 -9.81957e-05 9.3486e-05 -7.84713e-05 
1.16002e-05 3.07072e-05 0.000159367 -9.53091e-05 0.00015116 -0.00022515 
3.39974e-05 4.53407e-05 -5.06725e-05 -6.22604e-05 0.000253366 -0.000454195 
1.34461e-05 -8.33287e-06 6.14283e-05 -5.10728e-05 0.000243678 -0.000428899 
5.81459e-05 6.53042e-05 -3.45686e-05 -5.85366e-05 0.000132673 -0.000169941 
9.18719e-06 -2.19612e-05 0.000135485 -5.35418e-05 0.000198269 -0.000321631 
6.05222e-05 6.54682e-05 -8.16903e-05 -4.55235e-05 0.000136186 -0.000187947 
6.53241e-05 4.98637e-05 -1.66392e-05 -3.75922e-05 6.31417e-05 -1.20161e-05 
7.8853e-05 8.42277e-05 -5.91954e-05 -3.4668e-05 -3.50482e-05 0.000186208 
8.24607e-05 6.4583e-05 -6.82278e-05 -2.44184e-05 1.68684e-05 9.17007e-05 
8.30055e-05 9.35315e-05 -0.000118075 -2.72936e-05 -2.20873e-05 0.00014784 
0.000100592 0.000109352 -0.000125776 -3.14315e-05 -4.55607e-05 0.000222278 
7.86869e-05 6.82357e-05 -9.44551e-05 -2.56583e-05 4.59503e-05 1.8409e-05 
6.64019e-05 3.5312e-05 -1.74735e-05 -2.37024e-05 5.48064e-05 8.29594e-06 
6.24395e-05 5.99679e-05 -5.70597e-05 -2.81605e-05 2.4511e-05 4.29947e-05 
5.32482e-05 6.09312e-05 -6.83365e-05 -2.74818e-05 2.63569e-05 1.79626e-05 
7.35972e-05 7.99072e-05 -0.000110881 -2.4121e-05 4.20211e-06 8.30295e-05 
4.78615e-05 6.96468e-05 -0.000169527 -2.01217e-05 0.000102624 -0.000176265 
3.33769e-05 5.99033e-05 -0.000123356 -2.73015e-05 0.000102112 -0.000186073 
2.9553e-05 7.21656e-05 -0.00012759 -2.87657e-05 5.59815e-05 -0.000106494 
4.86609e-05 7.57993e-05 -4.73982e-05 -3.62019e-05 -3.21004e-05 0.000128109 
2.032e-05 2.37817e-05 2.97102e-05 -3.51095e-05 5.78021e-05 -6.79992e-05 
5.24279e-05 6.34579e-05 -3.81454e-05 -2.89873e-05 -2.67078e-05 0.00012976 
4.06803e-05 7.19919e-05 -0.000116771 -3.03111e-05 5.78195e-05 -8.52641e-05 
5.03653e-05 8.17333e-05 -0.000108008 -2.79507e-05 -7.46679e-06 6.21605e-05 
1.9913e-05 5.00911e-05 -0.000104068 -3.16497e-05 0.00013033 -0.000259039 
4.40598e-05 0.000106186 -0.000151034 -3.66696e-05 -8.92409e-06 3.49335e-05 
5.13036e-05 0.000116327 -0.0001845 -3.36439e-05 -1.35428e-05 4.50872e-05 
4.72105e-05 0.00010111 -8.42373e-05 -3.76275e-05 -8.4896e-05 0.000212327 
5.62487e-05 0.00011428 -9.19188e-05 -4.09985e-05 -0.000107617 0.000269514 
5.15992e-05 0.000101457 -8.69806e-05 -4.01098e-05 -6.42186e-05 0.000179395 
5.76804e-05 0.000104717 -0.000124219 -3.47158e-05 -4.47714e-05 0.000140127 
3.61251e-07 4.83851e-05 4.20189e-06 -4.36741e-05 1.44407e-05 -3.35972e-05 
5.0955e-05 0.000108415 -0.000112059 -4.26633e-05 -4.24121e-05 0.000126146 
3.9011e-05 7.82243e-05 3.2653e-05 -4.91189e-05 -0.000108041 0.000284452 
2.14192e-05 8.30288e-05 -4.47786e-05 -4.6626e-05 -3.45668e-05 8.07417e-05 
-4.75541e-06 6.52918e-05 -1.5641e-05 -5.12625e-05 5.62672e-06 -3.53272e-05 
1.42341e-05 7.86595e-05 -7.26968e-05 -4.2518e-05 1.56166e-06 -1.21855e-05 
3.69828e-05 8.15648e-05 6.38988e-06 -4.96604e-05 -7.97482e-05 0.000216015 
-7.72619e-06 6.30085e-05 -7.05596e-05 -4.58875e-05 7.20947e-05 -0.000188782 
2.80657e-05 7.90017e-05 -9.55367e-06 -5.06778e-05 -4.37335e-05 0.000123672 
7.31797e-07 2.94517e-05 0.000165715 -5.61882e-05 -8.60815e-05 0.000220146 
3.945e-05 0.000113535 8.97759e-06 -6.17011e-05 -0.000163945 0.000381211 
8.21259e-06 4.40423e-05 9.11887e-05 -5.45181e-05 -3.72782e-05 0.000112052 
2.40001e-05 7.16932e-05 2.85451e-05 -5.06191e-05 -7.49706e-05 0.000190787 
-1.76578e-05 3.44234e-05 0.000152122 -6.42246e-05 -5.76191e-05 0.000124161 
-6.32291e-07 4.10239e-05 0.000131693 -5.71058e-05 -8.14995e-05 0.000195524 
2.60407e-05 5.7935e-05 8.48546e-05 -5.50908e-05 -7.39551e-05 0.000213588 
-9.07999e-06 3.0707e-05 0.000204163 -6.5618e-05 -0.000108829 0.000258458 
1.09599e-05 5.59851e-05 0.000124281 -6.13704e-05 -0.000105714 0.000260237 
-1.69073e-06 4.99565e-05 6.55563e-05 -5.87145e-05 -8.26232e-06 2.70011e-05 
-4.38556e-05 -4.00117e-05 0.000270632 -5.94377e-05 5.18969e-05 -8.9029e-05 
4.06989e-06 3.22684e-05 9.01392e-05 -4.48325e-05 -3.88698e-05 0.00010873 
3.11819e-06 4.21591e-05 0.000179728 -5.24819e-05 -0.000187833 0.000426332 
8.50905e-06 3.7539e-05 0.000141004 -4.10129e-05 -0.00016432 0.000378439 
8.22816e-06 2.25666e-05 9.25114e-05 -3.14676e-05 -6.96206e-05 0.000179091 
-4.95384e-06 1.24498e-05 0.000149477 -2.5813e-05 -0.000158073 0.000347194 
1.58871e-06 1.41832e-05 -5.98971e-06 -4.15124e-06 -3.22606e-05 6.18941e-05 
4.3693e-06 9.97159e-06 1.47586e-05 7.67631e-06 -0.000111372 0.000229293 
4.85272e-05 9.30076e-05 -0.000188743 1.72697e-05 -0.000189857 0.000386318 
-6.77742e-06 7.60455e-07 -0.000166413 4.01539e-05 3.12275e-05 -0.000129315 
-3.26946e-05 -5.97135e-05 -2.02816e-05 4.60045e-05 2.37942e-05 -0.000106346 
-4.02418e-05 -5.14224e-05 -7.39896e-05 5.76179e-05 -1.30487e-06 -9.07865e-05 
-2.49557e-05 -3.71997e-05 -0.000145791 6.44505e-05 2.23346e-05 -0.000133892 
-1.96201e-05 -4.21944e-05 -7.70184e-05 6.60791e-05 -7.04115e-05 8.1067e-05 
-3.79234e-05 -6.72399e-05 6.73639e-05 5.25921e-05 -0.000125277 0.000205162 
-4.51421e-05 -4.68042e-05 -9.48993e-05 6.11819e-05 -1.38181e-05 -8.33788e-05 
-1.52684e-05 -1.33403e-05 -0.000151123 6.96428e-05 -0.000103014 0.000123882 
-3.97714e-05 -4.27525e-05 -0.000133295 6.43249e-05 1.60746e-05 -0.000144904 
-3.0684e-05 -3.10108e-05 -7.02754e-05 6.00104e-05 -0.000109102 0.000136061 
-1.12632e-06 1.64122e-05 -0.000282091 7.60037e-05 -5.51141e-05 9.23743e-06 
2.87974e-06 3.95844e-05 -0.000232435 6.05015e-05 -0.000152935 0.000220835 
-2.14552e-05 -7.96319e-07 -3.68802e-05 5.31477e-05 -0.000258595 0.000451974 
-2.19995e-05 -6.25944e-06 -0.000135581 6.21422e-05 -0.000124681 0.000157501 
6.24225e-06 2.54511e-05 -4.99028e-05 5.13852e-05 -0.00032696 0.000630007 
3.34625e-06 3.24912e-05 -0.000263862 6.50542e-05 -9.42635e-05 9.77938e-05 
4.84778e-05 0.000110097 -0.000416766 7.14234e-05 -0.000209621 0.000346261 
5.42418e-06 6.62752e-05 -0.000147326 4.83709e-05 -0.000344833 0.000624293 
-2.67103e-06 9.73956e-06 -0.000154754 6.1724e-05 -0.000150016 0.000235014 
-3.68238e-05 -2.00432e-05 -5.72154e-05 4.59309e-05 -0.000107013 0.000122914 
2.24492e-05 3.72134e-05 -0.000227981 5.58249e-05 -0.000105552 0.000167519 
-2.00153e-05 -1.84183e-05 3.96405e-05 4.23204e-05 -0.00023655 0.000439929 
-1.70751e-05 -1.79365e-05 -1.53362e-05 4.62252e-05 -0.000169381 0.000295841 
-6.01635e-06 2.0136e-06 -3.45521e-05 3.99246e-05 -0.00018704 0.000341958 
-8.6644e-06 -1.88056e-05 3.11195e-05 3.56443e-05 -0.00017283 0.00033441 
-1.16151e-05 -3.12508e-06 -3.72071e-05 2.43525e-05 -7.41554e-05 0.000110807 
1.97311e-05 1.76541e-05 4.97462e-06 8.85562e-06 -0.00012525 0.000281316 
1.499e-05 4.21646e-05 -5.00087e-05 3.43402e-06 -0.000124857 0.000249358 
1.95784e-05 5.5587e-05 -9.40822e-05 7.07245e-06 -0.00013354 0.00025838 
4.01756e-05 9.16941e-05 -6.16187e-05 -4.15652e-06 -0.00027452 0.000578331 
0.000101159 0.000206021 -0.000325587 8.17468e-06 -0.000403097 0.000840092 
0.000133953 0.000266462 -0.000375217 1.42489e-05 -0.000612625 0.00128527 
0.000113486 0.000254842 -0.000455223 1.29291e-05 -0.000438763 0.000882135 
0.000123955 0.000261104 -0.000486674 2.28096e-05 -0.00046446 0.000940951 
0.000201037 0.000394822 -0.000697977 2.89612e-05 -0.000719716 0.00149446 
0.000231397 0.000448297 -0.000746308 2.6319e-05 -0.000850629 0.00178282 
0.000230614 0.000448442 -0.000706949 2.13372e-05 -0.000886845 0.00186518 
0.000273098 0.000546731 -0.000843195 8.53842e-06 -0.00101724 0.00213961 
0.00025904 0.000547741 -0.000750589 -5.5632e-06 -0.00110182 0.00230773 
0.000260915 0.000548802 -0.000717626 -1.79723e-05 -0.00108694 0.00229422 
0.000258987 0.000573698 -0.000673395 -4.25175e-05 -0.001137 0.00239861 
0.000258173 0.000564343 -0.000596958 -6.18197e-05 -0.00110752 0.00236722 
0.000254321 0.000578622 -0.000775312 -4.91723e-05 -0.000963343 0.0020162 
0.0010118 0.00220592 -0.00546006 6.25286e-05 -0.00103602 0.00179425 
0.00224947 0.00484906 -0.0130658 0.000263309 -0.00126622 0.00166601 
0.00390288 0.0083262 -0.022944 0.000478789 -0.0014839 0.00142487 
0.00583679 0.0124868 -0.0346661 0.000713366 -0.00183108 0.00124794 
0.00754666 0.0162555 -0.0453158 0.00088809 -0.00197022 0.00065031 
0.00919653 0.019755 -0.05491 0.00104407 -0.00249402 0.00108235 
0.0105328 0.0221399 -0.061776 0.00121631 -0.00245296 0.000972868 
0.0112717 0.023658 -0.066224 0.0013258 -0.00241748 0.000614839 
0.0117609 0.0247121 -0.0696019 0.00152866 -0.00254316 0.000487989 
0.0121315 0.0253674 -0.0708963 0.00139194 -0.00259564 0.0008156 
0.0118906 0.0245181 -0.0699565 0.00181136 -0.00223397 0.000103553 
0.0109862 0.0231694 -0.0643988 0.00110467 -0.00220538 0.000351564 
0.0105965 0.0225037 -0.0625967 0.00108936 -0.00219389 0.000258656 
0.0100573 0.0214724 -0.0602557 0.00122158 -0.0021692 6.69649e-05 
0.00952782 0.0204571 -0.0571975 0.00111323 -0.00218705 0.000258335 
0.00921525 0.0196571 -0.0556866 0.00129426 -0.00197348 -0.000135775 
0.00799918 0.0174238 -0.0495934 0.00123246 -0.00194442 -0.000192829 
0.00759747 0.0168853 -0.0468201 0.00076823 -0.0018798 -6.78286e-05 
0.00685215 0.015548 -0.0431829 0.000789194 -0.0021451 0.000407361 
0.00607752 0.0143102 -0.0398613 0.000687372 -0.00178267 -0.000506558 
0.00572422 0.0136078 -0.0374313 0.000498684 -0.00168938 -0.000429477 
0.00482503 0.011754 -0.0323133 0.000452086 -0.00167637 -0.000177516 
0.00435048 0.010902 -0.0301761 0.000469107 -0.00158518 -0.00043006 
0.00440806 0.0112058 -0.0308128 0.00040148 -0.00159275 -0.000572374 
0.00407079 0.0103635 -0.029341 0.000629163 -0.00146522 -0.000849308 
0.0036461 0.00941988 -0.0267088 0.000665393 -0.00181714 5.65047e-05 
0.00319453 0.00852204 -0.0232111 0.000306196 -0.00168411 0.000269322 
0.00294234 0.00793832 -0.0218277 0.00033718 -0.00153145 4.49179e-05 
0.00259458 0.00750667 -0.0192549 -0.000124015 -0.00144501 0.000152325 
0.00225051 0.00672352 -0.0177211 5.70614e-05 -0.00149619 0.000225319 
0.00202609 0.00619839 -0.0166973 0.000115947 -0.00116825 -0.000423117 
0.00159574 0.00518569 -0.013717 3.14065e-05 -0.0010986 -0.000214476 
0.00139656 0.00499237 -0.0127677 -0.000157562 -0.000834455 -0.000768371 
0.00164748 0.00524212 -0.0136366 3.46707e-06 -0.00130857 0.00031794 
0.00172283 0.00523815 -0.0144111 0.000219755 -0.00114964 -0.00011206 
0.00184826 0.00525386 -0.0146316 0.000311411 -0.00127298 0.000297995 
0.00148429 0.00456555 -0.0122925 0.000186163 -0.00144423 0.000834272 
0.00142163 0.00432468 -0.0126966 0.000433279 -0.00104121 -0.00018128 
0.0014666 0.00432968 -0.0119113 0.000260563 -0.0013709 0.00082486 
0.00126083 0.00377695 -0.0108233 0.000318246 -0.0009977 0.000149201 
0.00095766 0.00312671 -0.00815518 8.79096e-05 -0.00125697 0.00108403 
-0.000102944 0.000854813 -0.00270294 0.000198719 -0.000894942 0.000523352 
-0.00149144 -0.00181172 0.00526951 -0.00011902 -0.000633906 0.000451363 
-0.00469907 -0.00867062 0.0247874 -0.000592141 -2.45658e-05 0.000744203 
-0.00901957 -0.0183338 0.051376 -0.000986441 0.000660046 0.00154986 
-0.013227 -0.0272964 0.077588 -0.00175865 0.00113511 0.00273285 
-0.0173821 -0.0374038 0.101878 -0.0013874 0.00185718 0.00305209 
-0.0207292 -0.0446903 0.121026 -0.00157445 0.00229959 0.00338949 
-0.0220099 -0.0472272 0.128521 -0.00182142 0.00231819 0.00385309 
-0.0217781 -0.0460134 0.126663 -0.00212719 0.00247917 0.00320331 
-0.0205211 -0.0425869 0.117662 -0.00207064 0.00232415 0.0024644 
-0.0192632 -0.0395359 0.111415 -0.00239855 0.00200904 0.0028431 
-0.0180443 -0.0367595 0.103025 -0.00224143 0.00306189 -0.000167956 
-0.0165663 -0.0335378 0.093413 -0.00191991 0.00286355 -0.00064453 
-0.0145279 -0.0296417 0.0826263 -0.00169193 0.0025326 -0.000403843 
-0.0113406 -0.0224076 0.0635321 -0.0016596 0.00260197 -0.00200748 
-0.00977502 -0.0197728 0.0551136 -0.0011981 0.0022574 -0.00160244 
-0.00828943 -0.0170161 0.0466483 -0.000843226 0.00214933 -0.00182964 
-0.00706244 -0.0141204 0.0394979 -0.000955465 0.00200282 -0.00204116 
-0.00559153 -0.0114655 0.0323913 -0.000873144 0.00182535 -0.00170592 
-0.00358803 -0.00759861 0.0210812 -0.000558056 0.00181662 -0.00224188 
-0.00301666 -0.00670296 0.0175947 -0.000254136 0.00194805 -0.00270318 
-0.0022161 -0.00517718 0.0137079 -0.000204987 0.00146021 -0.00174778 
-0.00153144 -0.00348661 0.00982069 -0.000382234 0.00143618 -0.00194578 
-0.00122239 -0.00280923 0.00737352 -0.000237563 0.00163731 -0.00266024 
-0.000256265 -0.000938017 0.00361478 -0.000493361 0.0011948 -0.00149232 
-5.82909e-05 -0.000499031 0.00231161 -0.000493628 0.00140295 -0.00202016 
6.97295e-06 -0.000728642 0.00168673 -0.000123749 0.00143722 -0.00212961 
0.0002046 -0.000355891 0.000414844 -3.55572e-05 0.00140467 -0.00216344 
0.000434952 0.000361589 -0.000300273 -0.000375724 0.00130858 -0.00188896 
0.000552759 0.000179241 -0.000800003 -3.84928e-05 0.00116284 -0.00151219 
0.000616737 0.000507974 -0.00125922 -0.000200893 0.00133282 -0.00192351 
0.000666446 0.000604299 -0.0009851 -0.000321771 0.00116327 -0.00142495 
0.000680748 0.000649426 -0.00118676 -0.000296318 0.00114317 -0.00143094 
0.00062764 0.000600911 -0.00139384 -0.00023118 0.00129085 -0.00188044 
0.000645733 0.000549588 -0.0013247 -0.000211863 0.00132987 -0.00189071 
0.000676273 0.000594797 -0.001367 -0.000216276 0.00123477 -0.0016677 
0.000653063 0.000638217 -0.00156707 -0.000196021 0.00121825 -0.00175246 
0.000612582 0.000594689 -0.00133766 -0.000196775 0.00101998 -0.00135924 
0.000628276 0.000623705 -0.00138807 -0.00019739 0.0009814 -0.00127544 
0.000539969 0.000528925 -0.00120658 -0.000179249 0.000954323 -0.00131714 
0.000458183 0.000440447 -0.000892061 -0.000196216 0.000889218 -0.00122898 
0.000425939 0.000385983 -0.000826904 -0.000190107 0.000979387 -0.00143708 
0.000365855 0.000269403 -0.000814071 -0.00010494 0.000970026 -0.00151003 
0.000386379 0.000191371 -0.000793245 2.10831e-06 0.00071209 -0.000945986 
0.000308352 0.000241979 -0.000842376 -7.27763e-05 0.000911896 -0.00150964 
0.000295576 0.000267513 -0.000829337 -0.000103397 0.000931165 -0.00157143 
0.000276718 0.00016561 -0.000665362 -6.58925e-05 0.000920691 -0.00151719 
0.000191021 -2.03943e-05 -0.00043518 4.91302e-05 0.000692841 -0.00113079 
0.000132823 -9.98638e-05 -0.000139985 2.14045e-05 0.000697881 -0.00114219 
0.000222277 9.72079e-05 -0.000360804 -5.99005e-05 0.000666888 -0.0010141 
0.000164314 8.09036e-06 -0.000193495 -4.14567e-05 0.000660335 -0.00104274 
0.000141133 3.38679e-05 -0.000233661 -5.20952e-05 0.000643583 -0.00107116 
9.49517e-05 2.35271e-05 -0.000173415 -8.26215e-05 0.000731166 -0.00130957 
0.000137631 7.40826e-05 -0.000205403 -9.4129e-05 0.000645569 -0.0010791 
8.50219e-05 2.30355e-05 -0.000189528 -8.62256e-05 0.000770976 -0.00141134 
