0.0466494 0.333294 0.418741 -0.0794178 0.0247867 -0.0180835 
-0.0506812 0.222743 0.503055 -0.0161115 -0.0119775 -0.0251508 
0.0268984 0.236861 0.531834 -0.0523411 0.0167638 -0.0125219 
0.0333087 0.247762 0.532948 -0.0555222 0.0186272 -0.0124516 
-1.60963 0.2017 2.19945 -0.0314788 -0.443776 -0.0504173 
1.64659 0.435481 -1.56574 -0.0626483 0.484671 -0.00475538 
-0.447151 -0.517613 1.29091 0.18304 -0.124101 -0.0181657 
-0.303911 0.864095 0.851968 -0.297958 -0.0559737 -0.0229253 
-0.844977 -0.657668 0.9079 0.24073 -0.206261 -0.0291399 
-0.844103 -0.644895 0.909359 0.237001 -0.206007 -0.0291273 
0.23122 0.0818632 0.627608 0.0313028 0.0632132 -0.000393232 
-0.923544 -1.17932 1.20618 0.390335 -0.22817 -0.0522066 
0.664284 0.575446 -0.335216 -0.0822876 0.207765 -0.00496596 
0.274333 0.180592 0.434764 -0.0319465 0.105883 -0.0253382 
-0.456599 0.191028 1.35826 -0.023938 -0.140952 -0.0114605 
0.0630974 0.440238 -0.33228 -0.0956867 0.0473642 -0.0328778 
0.0511277 0.0230804 0.90095 0.0335823 0.0274794 -0.0153381 
-0.419822 0.238228 0.544303 -0.0466811 -0.0935304 -0.0326357 
0.243135 0.272111 0.311369 -0.0202808 0.075521 -0.0156825 
-0.0631718 0.736804 0.540735 -0.213531 0.0295186 -0.0353734 
-0.043977 0.5578 0.336906 -0.129297 -0.00719316 -0.00343817 
0.0280741 0.490513 0.506749 -0.129018 0.0362018 -0.0355002 
-0.17199 0.0874165 0.507627 -0.0133963 -0.0139957 -0.047216 
-0.157476 0.321868 0.381403 -0.0683548 -0.0127795 -0.0339228 
0.104491 0.113534 0.645212 0.0192908 0.0369447 -0.0126921 
-0.116697 0.347249 0.230493 -0.0826676 -0.000359171 -0.041926 
-0.0063746 0.299725 0.6757 -0.052453 0.0132986 -0.015112 
-0.0710038 0.149594 0.406799 -0.0332232 0.00525337 -0.0436326 
-0.120225 0.251636 0.561614 -0.0244369 -0.0326117 -0.00554679 
0.0114534 0.379787 0.641571 -0.0895779 0.022708 -0.0338233 
0.0655129 0.22856 0.629964 -0.0210457 0.0151593 -0.0073261 
-0.253116 0.190951 0.323593 -0.0260053 -0.0441869 -0.0417401 
0.102973 0.201348 0.719001 -0.0199425 0.0306819 -0.00703174 
-0.128472 0.227136 0.281273 -0.0432961 -0.00958524 -0.042826 
-0.0401235 0.321809 0.609158 -0.0479271 -0.00345895 -0.00411539 
-0.0486666 0.327306 0.408585 -0.0764461 0.00904126 -0.0366838 
0.0110726 0.198917 0.560394 -0.0133071 -0.00427791 -0.000167214 
-0.17867 0.295278 0.444138 -0.059885 -0.0328309 -0.0317794 
0.148406 0.196544 0.579758 -0.020882 0.0460954 -0.00381505 
-0.252806 0.179895 0.287658 -0.02403 -0.0406938 -0.0452237 
0.0871948 0.425801 0.696703 -0.0882605 0.0332168 -6.72107e-06 
-0.088103 0.204058 0.324382 -0.034478 -2.77769e-05 -0.0358726 
0.0907827 0.298639 0.554836 -0.0427002 0.0217779 -0.00243967 
-0.0448639 0.258773 0.512742 -0.0359958 -0.00911425 -0.0258536 
0.0658388 0.182712 0.581349 -0.00890329 0.0219792 -0.00323655 
-0.0867199 0.223025 0.49146 -0.0279323 -0.0164644 -0.034551 
0.0824775 0.293196 0.666014 -0.0561143 0.0343817 -0.00498984 
-0.156022 0.31683 0.312398 -0.0668482 -0.0174631 -0.0402619 
0.137129 0.130716 0.519439 0.00125842 0.036471 -0.00277506 
-0.0351182 0.22559 0.513979 -0.0311361 -0.00219173 -0.0263409 
0.151492 0.306168 0.507382 -0.0574839 0.0416632 -0.00260929 
-0.238978 0.251031 0.418458 -0.0324117 -0.059129 -0.0340209 
0.105061 0.316187 0.638383 -0.0650539 0.0355466 -0.00743977 
-0.0529843 0.163427 0.451366 -0.00797829 0.00303682 -0.0391028 
0.101546 0.335924 0.646915 -0.076526 0.0430753 -0.0118329 
-0.0800112 0.242271 0.403854 -0.0350651 -0.00822847 -0.0336878 
0.112701 0.383009 0.523199 -0.0823048 0.0328648 -0.00825153 
-0.0669466 0.210429 0.593712 -0.0185167 -0.0111929 -0.0275522 
0.153271 0.280482 0.502967 -0.0558675 0.0509769 -0.00903682 
-0.0627723 0.183274 0.409786 -0.0102725 -0.00809224 -0.0352777 
0.0319983 0.330908 0.591127 -0.07417 0.0266604 -0.0178175 
0.00291071 0.224134 0.431054 -0.0303347 0.0114277 -0.0297674 
-0.0533597 0.16205 0.588569 -0.0102391 -0.0142804 -0.00743208 
-0.0873491 0.286582 0.510918 -0.0443844 -0.0174233 -0.0248061 
0.0674255 0.257042 0.555797 -0.055567 0.0331613 -0.0161228 
-0.0730349 0.194719 0.520366 -0.006594 -0.0174023 -0.0251728 
0.0200689 0.264984 0.621602 -0.060148 0.0250066 -0.0236801 
-0.0890105 0.147753 0.528635 0.000454286 -0.0106123 -0.0327799 
-0.0261288 0.28806 0.462819 -0.0778455 0.0256879 -0.0287179 
-0.0428004 0.155347 0.545607 -0.00134426 0.000382388 -0.022438 
0.039753 0.30968 0.429887 -0.0753712 0.0337984 -0.0267319 
-0.0232929 0.147853 0.571162 0.00180351 -0.00551417 -0.0222122 
-0.0348123 0.204932 0.52911 -0.0425718 0.0196602 -0.0283153 
-0.115981 0.234596 0.570037 -0.0218288 -0.0168562 -0.032703 
-0.0436866 0.347405 0.380087 -0.0856372 0.0150929 -0.0337327 
-0.0496099 0.157181 0.453625 -0.00032138 0.00197631 -0.0238513 
-0.0950846 0.274955 0.478976 -0.0722838 0.00236126 -0.0380296 
-0.0780554 0.206608 0.609457 -0.0129939 -0.0224511 -0.0147178 
-0.079312 0.299465 0.429356 -0.061558 0.00159723 -0.0317116 
-0.0265038 0.232023 0.506702 -0.0203859 -0.00457568 -0.0216826 
0.0277415 0.237901 0.385087 -0.0510616 0.0334304 -0.0324491 
-0.0112772 0.17659 0.486147 -0.0057898 0.000795999 -0.0172664 
-0.11052 0.348409 0.466873 -0.0891454 -0.00079114 -0.0364453 
-0.0482343 0.176565 0.572548 -0.00677468 -0.00833052 -0.0143825 
0.114098 0.175972 0.518838 0.0029057 0.0252708 -0.0098203 
0.111341 0.175473 0.51889 0.00305022 0.0244693 -0.00984939 
-0.0839948 0.305001 0.45698 -0.0644322 -0.00386651 -0.0347504 
0.0245537 0.175729 0.599745 -0.00307794 0.00595021 -0.0148065 
-0.0760359 0.23592 0.389353 -0.0545084 0.00853696 -0.0398478 
0.00702873 0.26801 0.451694 -0.0332504 0.00351102 -0.0105047 
0.0151958 0.299713 0.396641 -0.0676027 0.0219218 -0.0335996 
-0.00746847 0.194112 0.553689 -0.010545 -0.00201494 -0.00877451 
-0.0742984 0.271382 0.464442 -0.0560335 -0.0023512 -0.0322959 
0.0167497 0.255291 0.566674 -0.0232348 0.00312808 -0.0107687 
-0.100463 0.228862 0.540204 -0.0251733 -0.0181499 -0.0329659 
0.115014 0.192951 0.53884 -0.0162812 0.0408826 -0.00991552 
-0.0824025 0.174276 0.362917 -0.0363959 0.00265935 -0.0414689 
0.131339 0.229502 0.559477 -0.0293813 0.0336752 -0.00517118 
-0.0648637 0.264636 0.387143 -0.0481594 -0.000891976 -0.0364568 
0.0460505 0.262348 0.663732 -0.0376615 0.0129196 -0.00632613 
-0.140306 0.232646 0.389036 -0.0346756 -0.0230631 -0.0384879 
0.0911466 0.242238 0.578835 -0.0401445 0.0303143 -0.0104823 
-0.1604 0.187807 0.388901 -0.0265898 -0.0217309 -0.0409036 
0.0837505 0.282715 0.547884 -0.0445573 0.027784 -0.00962582 
-0.0872027 0.242676 0.473146 -0.0387802 -0.00603771 -0.0377618 
0.0982525 0.296635 0.582936 -0.0549408 0.0345728 -0.00751664 
-0.0207826 0.202538 0.44627 -0.0190349 -0.00494276 -0.0297867 
0.0752981 0.264395 0.548578 -0.0484548 0.0254071 -0.010378 
-0.0742768 0.143746 0.479047 -0.00438676 -0.0123821 -0.0362753 
0.08033 0.281586 0.506673 -0.056469 0.0337585 -0.0132032 
-0.102321 0.213571 0.446337 -0.0256738 -0.0117108 -0.0389359 
0.0830813 0.305539 0.549096 -0.068987 0.0386939 -0.0171513 
-0.0761679 0.187837 0.488162 -0.0125033 -0.0124438 -0.0322394 
0.00974903 0.307266 0.624763 -0.0686671 0.0172476 -0.0176107 
-0.121051 0.197163 0.553248 -0.00769678 -0.0253964 -0.0310945 
0.0834652 0.253899 0.482514 -0.0514878 0.0336068 -0.0167755 
-0.125604 0.172619 0.519304 -0.00550369 -0.022233 -0.037541 
0.0601116 0.294308 0.468519 -0.0689717 0.0408096 -0.0235369 
-0.0406174 0.202035 0.448489 -0.0174758 0.00560604 -0.0297767 
-0.0385404 0.277404 0.445437 -0.0677735 0.00774457 -0.0241879 
-0.105388 0.194461 0.569464 -0.00941175 -0.0202717 -0.0274767 
0.0479734 0.265594 0.519496 -0.0584342 0.02799 -0.0208291 
-0.114484 0.165219 0.488683 -0.00216294 -0.0197103 -0.0301005 
0.008838 0.288552 0.372563 -0.0699486 0.0279238 -0.0315199 
-0.054433 0.186854 0.48675 -0.0149168 -0.0062718 -0.0286431 
-0.0435879 0.275639 0.446044 -0.0678892 0.0134923 -0.0308322 
-0.0312718 0.19053 0.613674 -0.0117975 -0.000113761 -0.0249501 
-0.060961 0.193845 0.518843 -0.0113335 -0.00382533 -0.0281218 
-0.0210566 0.151373 0.540582 0.00616391 -0.0040665 -0.0225879 
0.00119095 0.278655 0.428179 -0.0615012 0.0260475 -0.0333066 
-0.0254687 0.200415 0.595844 -0.0152463 0.00491006 -0.0259666 
-0.0762808 0.299648 0.393445 -0.0687325 0.00409598 -0.0358504 
0.00744504 0.194183 0.582506 -0.0196391 0.0103515 -0.021444 
0.00569754 0.318979 0.527829 -0.0750503 0.0220884 -0.0288252 
-0.0258814 0.200258 0.590203 -0.00930369 -0.00430782 -0.0183777 
0.00985502 0.310859 0.470674 -0.0620619 0.0188492 -0.0280956 
0.0262468 0.203928 0.592914 -0.0148493 0.0149798 -0.0191679 
-0.0645737 0.266137 0.389191 -0.0548799 0.00552399 -0.0322262 
0.0399303 0.224797 0.538741 -0.025293 0.0208412 -0.0168423 
-0.0351066 0.24497 0.439939 -0.0551046 0.00638213 -0.034189 
-0.0235578 0.218974 0.59964 -0.0212206 -0.00383025 -0.0152304 
-0.0202474 0.26513 0.514156 -0.0503135 0.0098494 -0.0287831 
0.0567143 0.213645 0.602261 -0.0220798 0.0195444 -0.0136922 
-0.0959455 0.234916 0.430683 -0.043589 -0.0061527 -0.0367106 
0.0965165 0.226413 0.593222 -0.0302094 0.0336164 -0.0132363 
-0.109805 0.244336 0.436888 -0.0481032 -0.00919272 -0.0398273 
0.0367079 0.248573 0.606082 -0.0389936 0.0144029 -0.0140287 
-0.0694094 0.255438 0.412837 -0.0459693 -0.00399547 -0.0356529 
0.0463998 0.276436 0.566672 -0.0417104 0.0165689 -0.0132318 
-0.0898212 0.213267 0.461786 -0.0322115 -0.0105972 -0.0365303 
0.0427463 0.21847 0.60445 -0.0299337 0.0183204 -0.0139468 
0.0700586 0.222299 0.52157 -0.0425494 0.0353535 -0.0201505 
0.0696571 0.222267 0.521586 -0.0425402 0.0352368 -0.0201547 
-0.101287 0.214011 0.390492 -0.0338067 -0.00916314 -0.0425991 
0.081902 0.302373 0.480165 -0.0567378 0.0337155 -0.0170163 
-0.105752 0.204121 0.43251 -0.022546 -0.0160884 -0.0381717 
0.0413932 0.242995 0.515633 -0.0425914 0.0230284 -0.0176042 
-0.0941651 0.172533 0.487654 -0.0155598 -0.0134582 -0.0383101 
0.0922823 0.283596 0.561342 -0.0561521 0.0373364 -0.0170884 
-0.10888 0.207629 0.43241 -0.0273617 -0.0103617 -0.0411626 
0.0883981 0.275361 0.491911 -0.058387 0.040045 -0.0156482 
-0.0735946 0.220505 0.475682 -0.0248917 -0.0111749 -0.0317603 
0.0557513 0.286271 0.547122 -0.0587468 0.0255735 -0.0147755 
-0.0504457 0.204563 0.510927 -0.0135036 -0.00971445 -0.0298782 
0.0788024 0.273213 0.558544 -0.0492798 0.0340641 -0.0120083 
-0.0674325 0.167734 0.533297 -0.0066466 -0.00681234 -0.0335513 
0.072259 0.234991 0.486766 -0.0520959 0.0381973 -0.0190873 
-0.0567412 0.221096 0.493217 -0.0248541 -0.00585625 -0.0312439 
0.0514112 0.282565 0.539111 -0.0672964 0.029658 -0.0193277 
-0.0858248 0.207269 0.549206 -0.017893 -0.0124305 -0.030138 
0.0462445 0.300485 0.575185 -0.0666645 0.025232 -0.0174323 
-0.0509268 0.187159 0.476407 -0.00186971 -0.0145363 -0.0262061 
0.0352607 0.249196 0.516503 -0.0542079 0.0235985 -0.0229592 
-0.0531548 0.219788 0.495069 -0.0174633 -0.00279011 -0.0315201 
0.0639583 0.271763 0.471702 -0.0659611 0.0379684 -0.024215 
-0.00354345 0.220716 0.464542 -0.0219361 0.00808314 -0.027518 
0.00108197 0.304348 0.458804 -0.0708674 0.0194887 -0.0230812 
-0.00667569 0.241476 0.392469 -0.058023 0.0244466 -0.0279922 
-0.0566035 0.27103 0.58609 -0.0584983 0.00633555 -0.0249565 
-0.0352333 0.174268 0.576003 -0.00537524 -0.00371856 -0.0255569 
-0.0155742 0.269336 0.393564 -0.0597271 0.0159894 -0.0296475 
-0.0298296 0.176037 0.559661 -0.0108321 -0.000325083 -0.025905 
-0.0675943 0.269464 0.428156 -0.0652318 0.00716239 -0.031267 
0.0180267 0.19187 0.520487 -0.011801 0.00790002 -0.0230404 
0.0235491 0.309585 0.537796 -0.0696127 0.0177321 -0.0241813 
-0.0350764 0.195157 0.53757 -0.00496378 -0.00794601 -0.0226667 
0.00512383 0.289357 0.460817 -0.0615183 0.0215187 -0.0292267 
-0.0200368 0.209484 0.576196 -0.0143916 0.000337722 -0.0228052 
0.0110768 0.289464 0.348509 -0.0658674 0.0261712 -0.0322727 
0.018575 0.220979 0.520182 -0.0262683 0.0163578 -0.0236058 
-0.0920369 0.300332 0.459446 -0.0667444 -0.00322663 -0.034322 
0.0399015 0.238042 0.504238 -0.0240676 0.010393 -0.0174999 
-0.0572282 0.258939 0.387202 -0.0501248 0.00543608 -0.0351609 
-0.031619 0.141639 0.584212 -0.00107717 0.00104878 -0.0203315 
-0.0682665 0.295197 0.451018 -0.0571261 -0.00110734 -0.0375391 
0.0456751 0.245036 0.553297 -0.0312863 0.0232494 -0.0214225 
-0.0947012 0.2884 0.418474 -0.0618457 0.00340182 -0.0424108 
0.0445618 0.263368 0.566095 -0.0406214 0.020883 -0.0171931 
-0.0444679 0.288141 0.441323 -0.0533658 0.00201513 -0.0376675 
0.0159397 0.231052 0.552578 -0.0301113 0.014933 -0.0182795 
-0.096596 0.209483 0.440556 -0.0294436 -0.0140584 -0.0391866 
0.0661223 0.211242 0.557768 -0.0259072 0.024934 -0.0165539 
-0.0850367 0.23858 0.304455 -0.0428185 0.000335916 -0.0438756 
0.0526051 0.218518 0.490895 -0.0391172 0.0307431 -0.021403 
-0.12537 0.239923 0.423332 -0.039765 -0.0139342 -0.0415699 
0.00854181 0.237824 0.539669 -0.0385075 0.0127949 -0.0186567 
-0.0498266 0.236677 0.388593 -0.03285 -0.00103637 -0.037685 
0.0780498 0.216452 0.599898 -0.0337035 0.0281804 -0.0142402 
-0.104407 0.209458 0.514982 -0.0288421 -0.0137702 -0.0423173 
0.0164156 0.218342 0.496158 -0.0398409 0.024244 -0.0192483 
-0.100634 0.188719 0.455003 -0.0281123 -0.00432835 -0.0439733 
0.0519882 0.301531 0.543824 -0.0596507 0.0269724 -0.0178968 
-0.0816122 0.251733 0.414173 -0.0375912 -0.00803872 -0.038766 
0.0806528 0.264812 0.527308 -0.0494673 0.0321603 -0.0154539 
-0.0132954 0.201111 0.572385 -0.0122991 -0.000322631 -0.0235459 
0.10944 0.268283 0.605048 -0.0511038 0.0420342 -0.0159724 
-0.0908259 0.185008 0.422991 -0.0163358 -0.0100605 -0.0408359 
0.0792422 0.252336 0.482694 -0.0555073 0.0387319 -0.0198398 
-0.112908 0.185923 0.524969 -0.0186923 -0.0142175 -0.0374677 
0.0477267 0.269351 0.469218 -0.0576493 0.0296093 -0.0205903 
-0.131262 0.16619 0.50433 -0.0113714 -0.0208762 -0.0337222 
0.0512249 0.255407 0.564852 -0.0516651 0.0269669 -0.0158743 
-0.182942 0.12831 0.581387 -0.00172128 -0.0303983 -0.0383792 
0.0559542 0.263054 0.511511 -0.059316 0.0379174 -0.0221796 
-0.10903 0.173015 0.497085 -0.0136036 -0.0112404 -0.0357161 
0.0971236 0.310863 0.456173 -0.0757702 0.0454087 -0.0213989 
-0.106634 0.209896 0.441644 -0.0180652 -0.0134445 -0.0340126 
0.0473469 0.277403 0.635237 -0.0616489 0.027032 -0.0183724 
-0.105952 0.200294 0.514992 -0.00869426 -0.0201588 -0.0310869 
0.018775 0.273811 0.522306 -0.060439 0.0244215 -0.0214099 
-0.0808241 0.178675 0.440593 -0.00459702 -0.0123814 -0.0333894 
0.0471134 0.298837 0.466678 -0.0702273 0.033727 -0.0261732 
-0.0433736 0.248162 0.497586 -0.0248195 0.00268586 -0.0296013 
0.0146437 0.303013 0.48067 -0.0731736 0.0256488 -0.0272643 
0.00770246 0.218158 0.60571 -0.0167187 0.00428199 -0.0217564 
0.0307793 0.267822 0.441166 -0.0563256 0.0229594 -0.0225174 
-0.0561574 0.178097 0.51184 -0.00323839 -0.010947 -0.0247529 
-0.0285829 0.284546 0.534758 -0.0657693 0.0181076 -0.0278088 
0.0113877 0.243921 0.643278 -0.0238051 0.00959818 -0.0229875 
-0.0581178 0.277746 0.429841 -0.0705788 0.0135267 -0.0329251 
-0.0101002 0.212078 0.526034 -0.0191352 0.00410763 -0.0207339 
-0.010501 0.282542 0.489943 -0.0600192 0.00816133 -0.0275066 
-0.0144836 0.176321 0.647294 -0.00639935 -0.00177994 -0.0165337 
-0.0201366 0.266873 0.481136 -0.0547511 0.0132735 -0.0269677 
0.0243488 0.143935 0.622842 -0.00144654 0.0120849 -0.0168485 
-0.0628645 0.280607 0.418944 -0.063036 0.00587924 -0.0336196 
-0.0272948 0.219208 0.52224 -0.026221 0.00606042 -0.0186333 
-0.0217042 0.25806 0.487451 -0.0550353 0.0109143 -0.030607 
0.0372423 0.229063 0.597141 -0.0232291 0.0143576 -0.0132309 
-0.0943393 0.218274 0.477489 -0.0371869 -0.00588845 -0.0320093 
0.0623501 0.208333 0.594357 -0.0188163 0.0174491 -0.0124524 
-0.0871153 0.1918 0.386623 -0.0297506 -0.00478553 -0.0361905 
0.0479562 0.273275 0.605953 -0.0420182 0.0257369 -0.0148956 
-0.0196702 0.261278 0.441529 -0.0539569 0.0131336 -0.0350647 
0.0730436 0.263188 0.571459 -0.0423979 0.0244038 -0.0115469 
-0.0403327 0.249288 0.457593 -0.0434774 0.00278194 -0.0310061 
-0.074916 0.214022 0.507446 -0.0254015 -0.00938659 -0.0337627 
-0.0749386 0.213974 0.507442 -0.0253875 -0.00939317 -0.033763 
0.118985 0.241075 0.527309 -0.0439457 0.0417212 -0.0142111 
-0.107813 0.223609 0.399896 -0.0340801 -0.00891583 -0.0423844 
0.0330201 0.254415 0.464188 -0.0492284 0.0235106 -0.0198466 
-0.124152 0.223071 0.436575 -0.0281518 -0.0188913 -0.0381402 
0.0160173 0.261688 0.526421 -0.0500648 0.0182773 -0.0198806 
-0.0430648 0.20767 0.433574 -0.017886 -0.00772321 -0.0355583 
0.0572429 0.278505 0.526815 -0.0505866 0.0256816 -0.016832 
-0.111044 0.154877 0.471408 -0.0111433 -0.0131677 -0.0445436 
0.00233025 0.283735 0.520389 -0.0577292 0.0240209 -0.0215203 
-0.105342 0.207985 0.438191 -0.0241807 -0.012376 -0.0394724 
0.0701165 0.305089 0.497009 -0.0674513 0.0347592 -0.0211968 
-0.0798521 0.200402 0.452728 -0.0167662 -0.012139 -0.0347061 
0.0628168 0.239139 0.530699 -0.0461578 0.0273046 -0.0168634 
-0.147405 0.160773 0.551002 -0.00525976 -0.0252601 -0.0374167 
0.0257164 0.254492 0.563071 -0.0600358 0.0337219 -0.0243268 
-0.0918519 0.210595 0.37956 -0.0192164 -0.0107608 -0.037772 
-0.00476738 0.291026 0.442414 -0.070453 0.0281349 -0.0350265 
-0.168988 0.235783 0.509644 -0.024064 -0.0270391 -0.0369788 
0.0209321 0.220978 0.464584 -0.0510842 0.0232148 -0.0219958 
0.0215128 0.300364 0.466784 -0.0697683 0.0234427 -0.0230496 
0.0238424 0.249272 0.499794 -0.0582581 0.0309821 -0.0249595 
-0.0904487 0.179645 0.535555 -0.0056956 -0.0136478 -0.0310269 
-0.0273003 0.291997 0.517354 -0.0730146 0.0194034 -0.0276149 
-0.0321222 0.200049 0.547492 -0.0160682 -0.00114097 -0.0267492 
0.00705819 0.325169 0.390031 -0.073807 0.021924 -0.0267746 
0.0184325 0.21506 0.563582 -0.0123706 0.00193022 -0.0157451 
-0.0079834 0.288011 0.425949 -0.0606701 0.0121522 -0.0205208 
-0.0154598 0.206811 0.621871 -0.0088327 0.000221366 -0.0197328 
-0.0997421 0.171681 0.5113 -0.00845867 -0.0177682 -0.0308017 
0.0192881 0.18572 0.480499 -0.00969648 0.00845901 -0.0202171 
-0.0665745 -0.712297 0.687109 0.216597 0.00696309 -0.0256328 
0.0847131 -0.0487873 0.63445 0.0718487 0.027971 -0.0148115 
0.0763991 0.0573794 0.467782 0.00771608 0.040667 -0.0240386 
0.120493 -0.330473 0.609029 0.15666 0.0369558 -0.0103376 
-0.315759 -0.889821 0.625139 0.298508 -0.0813072 -0.0325384 
-0.225619 -1.46771 0.677325 0.475046 -0.0655206 -0.0236844 
0.113054 -1.91576 0.809074 0.572592 0.051137 -0.0239623 
0.28794 -2.70859 0.789576 0.833425 0.0833384 -0.00836287 
0.276441 -3.13697 0.628162 0.955415 0.0975347 -0.0129922 
0.154093 -3.34484 0.736694 1.03014 0.0397111 0.00112971 
0.36543 -3.68236 0.79807 1.12554 0.138605 -0.0117798 
0.317091 -4.16655 0.888088 1.29095 0.115066 0.00503118 
0.6226 -4.47177 1.12186 1.38044 0.235877 -0.00506787 
0.333092 -4.92538 1.2527 1.52742 0.116156 0.00767084 
0.190244 -5.26652 1.11762 1.61313 0.0871827 -0.00673903 
0.693392 -5.59289 1.34918 1.73225 0.220105 0.0268926 
0.657724 -5.83235 1.22166 1.79277 0.221433 0.00614562 
0.649092 -5.50644 1.37408 1.71506 0.205816 0.0300735 
0.286768 -5.95673 1.14308 1.8394 0.112446 -0.00708872 
0.223402 -6.61774 1.23332 2.06776 0.0735517 0.0217784 
0.0313713 -6.52265 1.1535 2.02818 0.0437775 -0.00280975 
0.318803 -6.28819 1.35721 1.97196 0.110039 0.0280169 
0.0208028 -6.87198 1.30169 2.13423 0.0392831 9.00249e-05 
-0.138554 -7.02249 1.26908 2.21016 -0.0484277 0.0260354 
-0.169811 -7.59514 1.23419 2.38041 -0.030736 -0.00295545 
0.0439527 -7.17178 1.24688 2.24173 0.00692984 0.0317732 
-0.485047 -7.52797 0.858595 2.36054 -0.117341 -0.0106343 
-0.400994 -7.11837 0.626573 2.24353 -0.094923 -0.00477477 
-0.0915582 -7.97379 1.16864 2.5151 -0.0378142 0.0385066 
-0.0909372 -7.97101 1.16892 2.51429 -0.0376337 0.0385139 
0.00837181 -7.9442 0.80011 2.50982 0.0209939 0.00576658 
0.288702 -7.69818 0.950805 2.43677 0.0758134 0.0456825 
-0.029898 -7.44861 0.619572 2.35081 0.0214232 -0.00349016 
-0.00978689 -6.46363 0.889716 2.04792 -0.0104075 0.0279095 
-0.926974 -4.64043 0.665229 1.47975 -0.258879 -0.0379824 
-0.968297 -1.31033 0.806609 0.423822 -0.271084 -0.0357213 
-0.149763 0.162036 0.396301 0.00263119 -0.0315921 -0.0304641 
0.0253968 0.217389 0.533223 -0.0299417 0.0152057 -0.0105154 
-0.129725 0.155277 0.298755 0.010455 -0.0186458 -0.0376735 
0.124049 0.709248 0.381445 -0.178596 0.0550113 -0.0206507 
-0.0715153 0.104 0.467701 0.00722191 0.00551719 -0.0355687 
-0.114281 -0.374716 0.260428 0.14096 -0.0119098 -0.0283952 
0.0712509 0.243189 0.432087 -0.00186547 0.0350361 -0.0303194 
0.0448509 0.405072 0.638557 -0.107589 0.0331386 -0.0228428 
0.0398716 0.62151 0.376613 -0.131816 0.0170141 -0.0261473 
-0.0313375 -0.184536 0.680473 0.0831571 0.0205847 -0.027803 
-0.0466201 0.0703585 0.764468 0.0344358 -0.00420316 -0.0358723 
0.0602942 0.245747 0.647691 -0.055213 0.0488191 -0.0332528 
-0.00548908 0.185981 0.52043 -0.0235052 0.0124335 -0.0277984 
-0.0475211 0.416161 0.470539 -0.107715 0.0157975 -0.0339429 
-0.0298122 0.389798 0.616524 -0.0502595 -0.0188487 -0.0103088 
-0.0648007 -0.0702393 0.480791 0.0389502 -0.00340692 -0.0303888 
-0.0440827 0.0264755 0.657087 0.0415784 -0.00581543 -0.0230435 
-0.00356762 0.276884 0.554753 -0.0397698 0.010992 -0.0204517 
-0.00371491 0.277743 0.554857 -0.0400206 0.0109492 -0.020453 
-0.0116126 0.377477 0.476359 -0.100494 0.0266015 -0.0399777 
0.0725115 0.231822 0.45835 -0.0226082 0.0168389 -0.0113218 
-0.0236608 0.273344 0.526509 -0.0591604 0.0104882 -0.0306574 
-0.0201435 0.135752 0.561431 0.0108787 -0.00750655 -0.0134379 
-0.104605 0.266436 0.375561 -0.0523639 -0.0045705 -0.0396603 
0.0373745 0.309933 0.50259 -0.0433773 0.0164916 -0.0141382 
-0.0807866 0.169781 0.413594 -0.0314116 0.00656742 -0.0398967 
0.0109566 0.211262 0.524385 -0.024923 0.0122078 -0.0155281 
-0.00770761 0.264488 0.443653 -0.0582846 0.0155287 -0.0318644 
0.103957 0.264678 0.545484 -0.036367 0.0277672 -0.0111368 
-0.023157 0.243397 0.462535 -0.0433294 0.00461359 -0.0296835 
0.133182 0.254336 0.673545 -0.031529 0.0313367 -0.00522204 
-0.0630157 0.220716 0.459503 -0.0369695 -0.00197128 -0.0350934 
0.0436591 0.236749 0.563021 -0.0309189 0.0179201 -0.0153885 
-0.0284361 0.253729 0.432953 -0.0529866 0.0117383 -0.0319469 
0.0655652 0.248869 0.565599 -0.0366027 0.01987 -0.0112635 
-0.113494 0.251106 0.390755 -0.0420825 -0.0151763 -0.0355792 
0.0751334 0.253855 0.584876 -0.0304924 0.0184491 -0.00714872 
-0.0747614 0.258004 0.444215 -0.0393962 -0.0114624 -0.0374935 
0.115486 0.262525 0.612185 -0.0360824 0.0335794 -0.0104371 
-0.11028 0.200786 0.427919 -0.028377 -0.0103015 -0.0410443 
0.0750809 0.301529 0.522909 -0.0556178 0.0297556 -0.0103498 
-0.0433163 0.252895 0.44965 -0.0413504 0.00154625 -0.0351154 
0.0756345 0.30608 0.483503 -0.0631631 0.0300838 -0.0137341 
-0.0963039 0.193724 0.429279 -0.0124719 -0.0223169 -0.0334088 
0.10618 0.292165 0.53485 -0.0598096 0.0359264 -0.0141352 
-0.0757345 0.189348 0.486863 -0.00789958 -0.0120946 -0.0321668 
0.0106639 0.311691 0.483831 -0.075364 0.0291667 -0.0249175 
-0.0499307 0.17268 0.578004 -0.0105003 -0.00223527 -0.0228437 
-0.0610463 0.284205 0.435267 -0.0651298 0.0103654 -0.0352 
0.0618378 0.22099 0.442393 -0.02211 0.0198309 -0.0166836 
-0.12184 0.225061 0.362776 -0.0369966 -0.0139272 -0.0363212 
0.0628934 0.253988 0.579835 -0.0399235 0.0208523 -0.0128617 
-0.134632 0.216178 0.520837 -0.0230243 -0.0212438 -0.0404776 
0.0901113 0.248122 0.518277 -0.0503919 0.0395285 -0.0132555 
-0.129091 0.155263 0.450019 -0.0102031 -0.0136349 -0.0405965 
0.0484162 0.2708 0.466157 -0.0706569 0.0372215 -0.0218238 
-0.056178 0.292758 0.554233 -0.0381562 -0.00564504 -0.0230065 
-0.0692807 0.257386 0.425983 -0.0536884 -0.000334912 -0.0348612 
0.0537007 0.224654 0.589682 -0.022272 0.0141689 -0.010175 
-0.0835449 0.286992 0.404684 -0.0536769 9.68454e-05 -0.0423225 
0.0913805 0.240283 0.564114 -0.0424394 0.0331482 -0.012542 
-0.118014 0.200388 0.502652 -0.0259592 -0.0133949 -0.0393136 
0.112085 0.30632 0.467201 -0.0714099 0.0453816 -0.0167085 
-0.0886831 0.203677 0.461735 -0.0150041 -0.0161901 -0.0298898 
0.0123093 0.256751 0.444819 -0.0581556 0.0191237 -0.0220022 
-0.0499941 0.210075 0.580511 -0.0145649 -0.0117879 -0.0213304 
-0.0788366 0.208144 0.453421 -0.0382863 -0.00118336 -0.0385358 
0.0661018 0.225031 0.530505 -0.0257787 0.0216579 -0.0101639 
-0.108484 0.215153 0.375432 -0.0346086 -0.00889456 -0.0446066 
0.0473196 0.272721 0.543213 -0.0600535 0.0285018 -0.0112058 
-0.0832807 0.206698 0.440208 -0.0192809 -0.0166574 -0.0310053 
0.06241 0.306093 0.576471 -0.0642878 0.0252906 -0.0180479 
-0.0130085 0.170731 0.558091 -0.00153702 -0.00506194 -0.0212231 
0.0030463 0.26426 0.48722 -0.0580486 0.0201479 -0.0329799 
0.0283679 0.234974 0.47165 -0.0225171 0.011179 -0.0151737 
-0.0866625 0.267882 0.451665 -0.0558914 0.00256426 -0.0398445 
0.0497347 0.231574 0.562776 -0.0421811 0.0240807 -0.0121392 
-0.0963675 0.24696 0.400004 -0.0288156 -0.0177714 -0.0343048 
0.116295 0.312063 0.532161 -0.0693738 0.0397023 -0.0125027 
-0.102289 0.181982 0.507949 -0.00450485 -0.0218823 -0.0294723 
-0.0402605 0.253034 0.460218 -0.0501379 0.00684298 -0.0276104 
0.0299732 0.197589 0.471242 -0.0103428 0.0120509 -0.0196644 
-0.056405 0.276656 0.394159 -0.0624349 0.00607441 -0.0394657 
0.0817702 0.290167 0.543773 -0.0487865 0.0254837 -0.0107579 
-0.130834 0.219731 0.379999 -0.0359751 -0.0125419 -0.0408112 
0.0865336 0.26956 0.489105 -0.0475952 0.0289402 -0.0138369 
-0.114814 0.206475 0.471602 -0.0127773 -0.0233804 -0.0332988 
0.0529515 0.263824 0.437304 -0.0573058 0.0302854 -0.0224266 
-0.0311335 0.167689 0.504261 -0.00477266 -0.000437189 -0.0286305 
-0.0789255 0.24427 0.461124 -0.0588961 0.00776029 -0.0343739 
0.0372061 0.239074 0.557633 -0.0298466 0.0156002 -0.017183 
-0.0772326 0.299546 0.424913 -0.064498 0.00334737 -0.0398483 
0.109437 0.268015 0.590617 -0.0450246 0.0337072 -0.00775125 
0.074566 0.233657 0.536303 -0.0359423 0.0271626 -0.0101973 
-0.0960658 0.170198 0.543004 -0.0146117 -0.0104277 -0.0381345 
-0.0960689 0.170188 0.543003 -0.0146089 -0.0104287 -0.0381345 
0.0229756 0.304989 0.5284 -0.0712123 0.0270837 -0.0200629 
-0.021381 0.236154 0.486151 -0.0231125 0.00362386 -0.0294395 
0.0356161 0.282296 0.402534 -0.0655582 0.0265255 -0.0221853 
0.0156986 0.190185 0.519856 -0.0106706 0.00355494 -0.0162486 
-0.0474112 0.241261 0.485481 -0.0462221 0.0012031 -0.0302557 
0.0692833 0.229106 0.625093 -0.0218306 0.0209526 -0.00859792 
-0.11364 0.20553 0.425311 -0.0327085 -0.0117267 -0.0398979 
0.0832092 0.256877 0.550037 -0.0451771 0.0288595 -0.00888795 
-0.102766 0.168933 0.455896 -0.0222166 -0.00906498 -0.0376186 
0.0869515 0.276846 0.427489 -0.0599333 0.0330381 -0.0137961 
-0.0602215 0.204888 0.492162 -0.0124706 -0.0156498 -0.0288348 
0.0155648 0.269199 0.539182 -0.0599386 0.0208139 -0.0202937 
-0.0659991 0.165897 0.514661 -0.000525472 -0.0123707 -0.0270434 
-0.00818568 0.254474 0.459288 -0.0559115 0.0203096 -0.0289749 
0.0764317 0.247358 0.532667 -0.032675 0.027637 -0.0168735 
-0.040219 0.284907 0.429785 -0.0638742 0.0119345 -0.0383622 
0.0904969 0.255766 0.585856 -0.0411395 0.0324768 -0.00965743 
-0.0774888 0.234693 0.442382 -0.0362244 -0.00573183 -0.0389509 
0.0457342 0.261954 0.44657 -0.0476259 0.0252824 -0.0125015 
-0.068987 0.198815 0.461889 -0.014934 -0.00712616 -0.0353692 
0.0458014 0.243709 0.522706 -0.0544249 0.0306533 -0.0214832 
-0.114195 0.235189 0.444261 -0.0410295 -0.00911493 -0.0404306 
0.00700196 0.283367 0.403138 -0.0700785 0.0245513 -0.0281934 
-0.0307773 0.229115 0.567673 -0.0236397 -0.00392475 -0.0190419 
-0.0915413 0.261636 0.528714 -0.0550255 -0.00315504 -0.0348902 
0.0483611 0.278151 0.609671 -0.0391979 0.0143553 -0.00835957 
-0.0991263 0.243459 0.432729 -0.0319285 -0.0141181 -0.0368758 
0.0928606 0.258967 0.566938 -0.0519859 0.0381194 -0.0102143 
-0.0563849 0.178079 0.472434 -0.0156674 -0.00356495 -0.0347004 
0.0233495 0.277013 0.480566 -0.0662469 0.0258197 -0.0179871 
-0.0176533 0.189179 0.522683 -0.0138757 -0.00107913 -0.0226478 
-0.061455 0.253299 0.47434 -0.0545416 -0.000756209 -0.0243986 
0.00384222 0.181504 0.534891 -0.00583744 -0.00158655 -0.0154397 
-0.0504226 0.259358 0.519436 -0.0518057 0.00453058 -0.0338731 
0.0539239 0.288882 0.568046 -0.0375227 0.0193236 -0.0137021 
-0.125228 0.173847 0.35308 -0.0227488 -0.012613 -0.041628 
0.0715377 0.239434 0.591794 -0.0464164 0.0329565 -0.00870859 
-0.0812933 0.254634 0.446137 -0.0355995 -0.00790034 -0.0393201 
0.0842502 0.276469 0.559851 -0.0604599 0.0318435 -0.0125994 
-0.130466 0.172288 0.50255 -0.00562796 -0.0243438 -0.0327578 
0.0104915 0.264607 0.502473 -0.0564367 0.0210428 -0.0230079 
-0.02423 0.16679 0.600183 -0.000914343 -0.000678504 -0.0253255 
0.0314055 0.20679 0.55545 -0.0136844 0.00491405 -0.0148652 
-0.0186364 0.223162 0.51567 -0.0258452 0.00711647 -0.023593 
-0.0595759 0.269815 0.445022 -0.0597735 0.00762426 -0.0335556 
0.0360218 0.237534 0.58798 -0.028005 0.0139872 -0.0113395 
-0.136278 0.21203 0.460542 -0.037863 -0.0167106 -0.0415419 
0.0924997 0.277337 0.718995 -0.0475564 0.0302314 -0.00904146 
-0.12882 0.177149 0.483953 -0.0203295 -0.0149826 -0.0424293 
0.0859469 0.295619 0.461659 -0.0612117 0.0421524 -0.0160937 
-0.103579 0.183114 0.481512 -0.0180457 -0.0117273 -0.038056 
0.0882729 0.323557 0.43495 -0.0737431 0.038372 -0.0157604 
-0.0924192 0.175972 0.542667 -0.0126337 -0.014689 -0.0325482 
0.00378241 0.264357 0.455111 -0.0613574 0.0219843 -0.0222325 
-0.0575948 0.175123 0.612476 -0.00280778 -0.0100245 -0.0263112 
-0.0541302 0.270771 0.486689 -0.0571366 0.00613017 -0.0318661 
0.0313782 0.216311 0.550945 -0.021953 0.0189567 -0.0202258 
-0.0587487 0.284634 0.404789 -0.061394 0.0113081 -0.0404359 
0.116156 0.231708 0.496511 -0.0279571 0.0346167 -0.00936286 
-0.0616778 0.253128 0.451949 -0.0503009 0.00238048 -0.0389938 
0.0745831 0.281517 0.466637 -0.0454022 0.0254858 -0.011686 
-0.0603924 0.237463 0.493917 -0.0334294 -0.00573879 -0.0349999 
0.0334064 0.24904 0.512016 -0.0402808 0.0197012 -0.013302 
-0.150514 0.194513 0.486927 -0.020511 -0.0211724 -0.0415593 
0.102422 0.245658 0.529848 -0.0538064 0.0410248 -0.0122145 
-0.102961 0.221336 0.447828 -0.0242841 -0.0134687 -0.0336071 
0.090442 0.290562 0.447922 -0.0668915 0.0370403 -0.0148791 
-0.0634245 0.203795 0.571069 -0.0144378 -0.0128937 -0.0254281 
-0.00967078 0.252912 0.435878 -0.0523215 0.0128744 -0.0233502 
-0.0180345 0.176506 0.5687 -0.00326593 -0.0040362 -0.0193906 
-0.038931 0.254827 0.425998 -0.0581782 0.0132611 -0.0290154 
-0.0744922 0.232399 0.539193 -0.0227466 -0.00973009 -0.0260799 
-0.0656364 0.23641 0.440134 -0.0575857 0.00708241 -0.0267121 
0.0219336 0.254448 0.486021 -0.0265485 0.0085793 -0.0154865 
-0.0584108 0.286852 0.507432 -0.0608501 -0.00111048 -0.0316347 
-0.0218459 0.213783 0.656788 -0.015599 -0.00477987 -0.0116389 
-0.0715829 0.227456 0.544375 -0.0437655 -0.00309382 -0.0361928 
0.0152257 0.153197 0.562079 -0.00722348 0.0115289 -0.0142103 
-0.106698 0.193393 0.422215 -0.0319305 -0.00749565 -0.0372657 
0.0930806 0.245331 0.443091 -0.04356 0.0324763 -0.0101291 
-0.110476 0.249234 0.433117 -0.0408169 -0.0129188 -0.0386387 
0.0346853 0.183832 0.549478 -0.00544713 0.00677681 -0.0160008 
-0.105711 0.178069 0.487185 -0.0126089 -0.0188921 -0.0384441 
0.00171213 0.272102 0.57806 -0.0552691 0.0140435 -0.0143767 
-0.0825621 0.150697 0.484061 -0.00175507 -0.0142398 -0.0305593 
0.00224918 0.274944 0.508591 -0.065298 0.0234345 -0.0246685 
-0.0312193 0.211884 0.504254 -0.0157616 -0.00200868 -0.0247982 
0.0255536 0.30007 0.385866 -0.0664768 0.0222367 -0.0240322 
0.00298958 0.164344 0.581767 -0.0047648 -0.00413814 -0.018093 
-0.100449 0.285236 0.439603 -0.0567182 -0.00993734 -0.0339963 
0.0610098 0.213734 0.662288 -0.0169468 0.0154288 -0.00811518 
-0.118855 0.242745 0.471825 -0.0419311 -0.0108438 -0.0411137 
0.109293 0.237013 0.514912 -0.0346811 0.0350385 -0.0114629 
-0.0992713 0.190746 0.34315 -0.0291647 -0.00781931 -0.0371851 
0.0963436 0.25484 0.537309 -0.0484188 0.0336198 -0.00944773 
-0.101334 0.186999 0.599737 -0.0191011 -0.0169721 -0.0344565 
0.0763761 0.286294 0.46604 -0.0568292 0.0295895 -0.0124615 
-0.119816 0.156799 0.523377 -0.000998508 -0.0234523 -0.0344064 
0.0544633 0.262562 0.539587 -0.060133 0.0340923 -0.0224989 
-0.0403612 0.159 0.566416 -0.00557072 -0.00285732 -0.0257334 
0.00258621 0.238427 0.367662 -0.0546507 0.023408 -0.0316118 
0.000745572 0.19713 0.545519 -0.0186021 0.00965204 -0.0182219 
-0.0805574 0.279039 0.384872 -0.0593506 0.00151861 -0.0376349 
0.06105 0.24384 0.558941 -0.0290347 0.0168561 -0.011576 
-0.0477836 0.176614 0.508135 -0.0125737 -0.00371533 -0.0325918 
0.0441335 0.23773 0.629665 -0.0407394 0.0245139 -0.0145345 
-0.13925 0.176949 0.525593 -0.0166755 -0.0169014 -0.0417754 
0.102806 0.278619 0.509577 -0.0637402 0.0462241 -0.0137306 
-0.0911743 0.176015 0.450993 -0.0159815 -0.00971555 -0.0364289 
0.0604781 0.295276 0.512955 -0.0667182 0.0312041 -0.020808 
0.00411042 0.176622 0.527515 -0.00623112 0.00313186 -0.0205571 
-0.0286999 0.321112 0.42111 -0.0675226 0.0124717 -0.0346159 
0.0279577 0.204083 0.553423 -0.0134639 0.0113375 -0.0165826 
-0.0817632 0.204786 0.422768 -0.040896 0.00599477 -0.0416306 
-0.0865523 0.243504 0.448761 -0.0293031 -0.0127978 -0.0369246 
0.0695002 0.254904 0.504399 -0.0494 0.0318506 -0.00916024 
0.0695137 0.254893 0.504396 -0.0493965 0.0318545 -0.00916011 
-0.111515 0.199447 0.452068 -0.0192896 -0.0168456 -0.0392492 
0.071419 0.263502 0.549301 -0.0557928 0.0295717 -0.01272 
-0.068279 0.139021 0.564911 0.00463903 -0.0130084 -0.0288275 
-0.0466615 0.26613 0.445419 -0.0608486 0.0126257 -0.0293504 
-0.11206 0.207406 0.443005 -0.0262342 -0.0108007 -0.0385212 
-0.0226194 0.184316 0.593338 -0.00724919 -0.00543122 -0.0218541 
0.080486 0.208815 0.517957 -0.0306319 0.0286575 -0.0102853 
-0.0592492 0.187293 0.402517 -0.0333614 -0.00070994 -0.0364061 
0.119158 0.269986 0.543475 -0.0450051 0.0312032 -0.0065782 
-0.0771549 0.182117 0.435055 -0.014578 -0.009339 -0.0401135 
0.0878252 0.254823 0.476601 -0.0515658 0.0374385 -0.013992 
-0.0977764 0.151765 0.485601 -0.00744349 -0.0118791 -0.0347316 
0.0299554 0.247043 0.430241 -0.0589246 0.0274528 -0.0208443 
-0.00583124 0.144689 0.47455 -0.00337126 0.00505742 -0.0204168 
0.0114646 0.300404 0.395649 -0.0661021 0.0221501 -0.0253839 
0.0424009 0.2272 0.492531 -0.0168086 0.00824713 -0.0133575 
-0.0882841 0.265165 0.543083 -0.0525752 -0.00122267 -0.0329779 
0.0391542 0.188141 0.551901 -0.0172557 0.0167679 -0.015336 
-0.0833215 0.252272 0.384735 -0.0435274 -0.0035345 -0.0406838 
0.0555107 0.287143 0.607761 -0.0574347 0.028614 -0.00721812 
-0.0872556 0.205031 0.369698 -0.0281841 -0.00736659 -0.0422279 
0.0699124 0.253848 0.537533 -0.0482342 0.0242173 -0.00854531 
-0.0861805 0.151753 0.495571 -0.00237256 -0.0183479 -0.0330549 
0.0629809 0.265649 0.45467 -0.0562551 0.0294026 -0.0189488 
-0.0803673 0.228433 0.40537 -0.0379267 -0.00125005 -0.0410378 
-0.0352321 0.240419 0.454733 -0.0575021 0.0174385 -0.0261179 
-0.0362971 0.172866 0.480173 -0.00693187 -0.00149208 -0.0263182 
-0.0617279 0.293721 0.506717 -0.0699765 0.00723881 -0.0346394 
0.00349789 0.228169 0.580555 -0.0226646 0.0041375 -0.0141781 
-0.080074 0.215497 0.421124 -0.0389444 -0.00367225 -0.0375481 
0.0677441 0.23284 0.563631 -0.0264932 0.0207561 -0.011593 
-0.0778265 0.211826 0.439455 -0.0312528 -0.00140276 -0.0427911 
0.0257257 0.246548 0.521788 -0.0456344 0.0243163 -0.016532 
-0.243441 0.39809 0.768907 -0.0987113 -0.0577144 -0.0195581 
-0.297048 -0.904925 0.758821 0.264962 -0.0590819 -0.037987 
-0.160962 -2.05996 0.798891 0.607594 -0.0384644 -0.0651845 
-0.129384 -3.26733 0.863143 0.974141 -0.00845614 -0.0473199 
-0.920517 -4.17885 0.894315 1.28251 -0.252076 -0.0903977 
-1.09472 -4.79112 1.00266 1.45309 -0.306238 -0.0887068 
-1.24893 -5.72095 0.817817 1.76527 -0.3676 -0.10335 
-1.32309 -6.39121 0.960928 1.9628 -0.381326 -0.104745 
-1.61895 -6.56286 1.18071 2.02228 -0.47737 -0.102161 
-1.70666 -6.70355 1.14559 2.08513 -0.503819 -0.122123 
-1.44992 -6.90288 1.16148 2.13543 -0.441837 -0.096779 
-1.28199 -7.23318 1.06592 2.27134 -0.36795 -0.113656 
-0.825924 -7.2246 1.34433 2.26298 -0.251964 -0.0838244 
-1.06682 -7.12106 0.91611 2.23235 -0.308264 -0.107865 
-0.997808 -7.62668 0.97953 2.3973 -0.316283 -0.0807813 
-0.965999 -7.61675 0.704169 2.40915 -0.294736 -0.104029 
-0.594623 -7.77926 0.622844 2.44774 -0.197524 -0.0706883 
-0.274193 -8.38281 0.685055 2.65622 -0.0857627 -0.0821314 
-0.20095 -8.07134 0.375751 2.54344 -0.0687372 -0.0708661 
-0.464063 -8.12457 0.230773 2.59299 -0.153726 -0.084991 
-0.642917 -7.63994 0.288557 2.40938 -0.191811 -0.085319 
-0.295066 -7.99906 0.267539 2.53575 -0.10091 -0.0811377 
-0.159522 -8.82864 0.517154 2.77998 -0.050035 -0.076274 
-0.0918873 -8.66111 0.30644 2.76451 -0.0346311 -0.0631432 
-0.284805 -8.35189 0.111857 2.66201 -0.0867671 -0.0854464 
-0.297855 -8.92885 0.203691 2.84084 -0.111002 -0.0652271 
-0.438024 -8.50224 -0.0838277 2.71554 -0.12387 -0.0917668 
-0.237193 -8.84368 0.0961236 2.81196 -0.0744189 -0.0690804 
-0.0915223 -9.13972 0.0599511 2.91569 -0.0163849 -0.0837038 
-0.0682259 -8.7113 -0.162356 2.76907 -0.0266255 -0.0556868 
-0.27028 -8.56681 -0.235703 2.74321 -0.0773744 -0.0831355 
-0.0860786 -8.65008 0.0388499 2.75783 -0.0320534 -0.0565681 
-0.297404 -9.04243 0.0537735 2.90739 -0.0717396 -0.0818137 
-0.362695 -9.21204 0.118828 2.93838 -0.0976609 -0.0660331 
-0.657427 -8.95204 0.0816975 2.86913 -0.182267 -0.0949287 
-0.272546 -9.36635 0.203989 2.97198 -0.0838825 -0.0726185 
-0.597665 -9.35663 -0.103535 2.99259 -0.176917 -0.0923222 
-0.47249 -9.43717 0.324246 2.98691 -0.128424 -0.0774563 
-0.669528 -9.22558 0.00334357 2.96039 -0.195772 -0.0811821 
-0.899597 -9.19667 0.00204236 2.93832 -0.259226 -0.0923308 
-0.453595 -9.41636 0.204172 3.02991 -0.132939 -0.0689107 
-0.285929 -9.26588 0.068473 2.97654 -0.0622281 -0.0859955 
-0.369708 -8.83698 0.379174 2.83674 -0.10517 -0.0623251 
-0.783768 -7.97324 0.167273 2.55549 -0.209489 -0.0929789 
-0.807078 -6.50936 0.504029 2.08294 -0.241298 -0.0641383 
-1.97191 -2.8187 0.549532 0.907597 -0.594798 -0.10206 
-0.420117 -0.444009 0.754373 0.146987 -0.104613 -0.0302284 
-0.0855379 0.234941 0.52827 -0.0180433 -0.0086068 -0.0301302 
-0.0746756 0.0922549 0.418454 0.015399 0.00321177 -0.0229473 
-0.0376931 0.19046 0.45514 0.010364 0.00781344 -0.0297616 
-0.177405 0.126883 0.282423 -0.0052916 -0.0164846 -0.0396365 
0.0129168 -0.154783 0.490509 0.09005 -0.00322925 -0.0168091 
-0.0601281 -0.068843 0.475673 0.0396758 0.0158941 -0.0340922 
-0.102995 -0.118052 0.943615 0.0913853 -0.0257049 -0.0121585 
-0.161305 -0.0527679 0.161183 0.0443596 -0.0236785 -0.0432048 
0.043478 0.20673 0.942215 -0.000591065 0.017494 -0.0186625 
-0.0934453 1.03149 0.339633 -0.289542 0.00633025 -0.0419779 
0.0473239 -0.0590255 0.496797 0.0507139 0.0359774 -0.0147304 
-0.0730236 0.350874 0.497569 -0.0639124 0.00108861 -0.0405616 
0.0440811 0.477875 0.674518 -0.109224 0.022527 -0.0116248 
-0.126675 -0.0680909 0.644019 0.0719523 -0.0283726 -0.0317295 
0.0233461 0.32581 0.574158 -0.0828658 0.0231533 -0.023001 
-0.105087 0.258136 0.527668 -0.0385616 -0.0193317 -0.0345263 
-0.00602093 0.330575 0.524718 -0.0846125 0.0237227 -0.0277064 
-0.139889 0.170184 0.354203 -0.0181358 -0.0164747 -0.0414445 
-0.0246476 0.156666 0.580885 -0.0354543 0.0127875 -0.0260774 
0.0837759 0.168303 0.551125 -0.000677951 0.024187 -0.00882961 
-0.0355826 0.286383 0.405457 -0.0627627 0.00573619 -0.0308259 
-0.0595161 0.085865 0.633603 0.022278 -0.017893 -0.0119546 
-0.0483221 0.202008 0.422572 -0.0406156 0.0109743 -0.0369583 
0.0254066 0.239036 0.606313 -0.0267397 0.0124357 -0.0148148 
-0.0530483 0.281195 0.440489 -0.056557 0.00401983 -0.0353823 
0.0629045 0.232307 0.593591 -0.0330751 0.0196346 -0.00951443 
-0.0975548 0.252382 0.40414 -0.040699 -0.0107738 -0.0370324 
0.0546461 0.280256 0.538616 -0.0449317 0.0215395 -0.0102851 
-0.0660271 0.204549 0.511733 -0.022613 -0.0108183 -0.0326517 
0.0590664 0.167445 0.560548 -0.00939056 0.0197917 -0.0133939 
-0.104989 0.183416 0.49737 -0.0108444 -0.0156697 -0.0380437 
0.0601058 0.257256 0.526478 -0.0562765 0.0314093 -0.0167906 
-0.0688711 0.193475 0.50252 -0.0189784 -0.00521061 -0.0333302 
0.0321575 0.298953 0.455467 -0.0697194 0.0285173 -0.0240451 
-0.0146804 0.180275 0.490984 -0.00478767 -0.00573649 -0.0205573 
-0.0405445 0.214538 0.454166 -0.0463903 0.00675469 -0.0302557 
0.017321 0.181331 0.542612 -0.00569556 0.00862145 -0.0193244 
-0.0425292 0.296782 0.434978 -0.0690061 0.0151052 -0.0347053 
0.0148721 0.166815 0.483356 -0.0121035 0.00959967 -0.0195861 
-0.0952556 0.263851 0.405664 -0.0608958 0.00243051 -0.0399023 
0.031563 0.23609 0.51741 -0.0266033 0.0144823 -0.0139146 
-0.0776637 0.25058 0.423363 -0.0452766 -0.0041246 -0.0402786 
0.0747755 0.239882 0.608675 -0.034895 0.0253584 -0.0118245 
-0.13466 0.242723 0.401275 -0.0387314 -0.0157406 -0.0421851 
0.0487663 0.198243 0.551071 -0.0342055 0.0256698 -0.0178101 
-0.0959878 0.175362 0.44814 -0.0202725 -0.00289601 -0.0417254 
0.0671577 0.277207 0.464046 -0.0613878 0.0350202 -0.0172027 
-0.132111 0.216365 0.417418 -0.0241063 -0.021608 -0.0377342 
0.117962 0.286937 0.559207 -0.0638508 0.046745 -0.0143194 
-0.0797427 0.161877 0.5034 -0.00354331 -0.0101408 -0.0342394 
-0.0217463 0.231657 0.514287 -0.0526358 0.017564 -0.0263885 
