-0.0597593 ,0.0336983 ,57326 ,0.154314 ,0.286518 ,0.0249694 ,
-0.0597604 ,0.0337049 ,57335 ,0.154453 ,0.286369 ,0.0248698 ,
-0.0597551 ,0.0337015 ,57340 ,0.15435 ,0.286304 ,0.0250847 ,
-0.059754 ,0.0337119 ,57328 ,0.154409 ,0.286282 ,0.0250912 ,
-0.0597756 ,0.0337033 ,57331 ,0.1544 ,0.286102 ,0.0249942 ,
-0.0597747 ,0.0337002 ,57326 ,0.154419 ,0.286435 ,0.0247763 ,
-0.0551864 ,0.0362848 ,55314 ,0.157434 ,0.295724 ,0.0268974 ,
-0.0382772 ,0.0416977 ,52460 ,0.15205 ,0.296203 ,0.0315701 ,
-0.0313341 ,0.0390813 ,53580 ,0.157512 ,0.289805 ,0.00899377 ,
-0.0287249 ,0.043536 ,52511 ,0.15902 ,0.295269 ,0.00852535 ,
-0.0179177 ,0.0483405 ,50413 ,0.153531 ,0.295377 ,0.0140818 ,
-0.00671607 ,0.0494348 ,50252 ,0.154379 ,0.289751 ,-0.00136708 ,
0.00607962 ,0.0551254 ,48854 ,0.156384 ,0.291998 ,-0.00707526 ,
0.00945408 ,0.0556257 ,49229 ,0.157306 ,0.2883 ,-0.0132325 ,
0.0146413 ,0.0581636 ,47284 ,0.157513 ,0.297678 ,-0.0124275 ,
0.0246768 ,0.0595658 ,46676 ,0.157181 ,0.291416 ,-0.0202402 ,
0.0305513 ,0.0613348 ,46779 ,0.158879 ,0.290084 ,-0.0280772 ,
0.0405175 ,0.0673062 ,45345 ,0.158394 ,0.291993 ,-0.034748 ,
0.0460595 ,0.0672093 ,45176 ,0.158807 ,0.28989 ,-0.0401242 ,
0.050497 ,0.0699229 ,44753 ,0.16121 ,0.292986 ,-0.0456247 ,
0.0554263 ,0.072878 ,44185 ,0.160439 ,0.293772 ,-0.047375 ,
0.061324 ,0.0734092 ,43933 ,0.15995 ,0.292807 ,-0.0509663 ,
0.0695172 ,0.0771482 ,43259 ,0.161133 ,0.297496 ,-0.0566046 ,
0.0736902 ,0.0787344 ,43089 ,0.159699 ,0.296709 ,-0.0568889 ,
0.0777376 ,0.079076 ,42924 ,0.160116 ,0.296956 ,-0.0602079 ,
0.0807644 ,0.0814623 ,42628 ,0.160864 ,0.297118 ,-0.0645799 ,
0.0837655 ,0.0835221 ,42549 ,0.160331 ,0.292233 ,-0.0705725 ,
0.0895666 ,0.0849915 ,42469 ,0.163501 ,0.290136 ,-0.0846453 ,
0.0919125 ,0.0868135 ,42373 ,0.163947 ,0.289811 ,-0.0877774 ,
0.0946923 ,0.088099 ,42311 ,0.163709 ,0.289358 ,-0.0897037 ,
0.0972675 ,0.089098 ,42234 ,0.164008 ,0.289746 ,-0.0939513 ,
0.0992463 ,0.0907684 ,42154 ,0.163786 ,0.289489 ,-0.0970872 ,
0.104257 ,0.0930173 ,42136 ,0.164155 ,0.288266 ,-0.102996 ,
0.105967 ,0.0933973 ,42086 ,0.164739 ,0.288199 ,-0.105975 ,
0.107717 ,0.094541 ,42039 ,0.164914 ,0.288589 ,-0.10893 ,
0.110056 ,0.0956007 ,42040 ,0.164825 ,0.28782 ,-0.112016 ,
0.111418 ,0.0960739 ,42016 ,0.164815 ,0.287005 ,-0.11491 ,
0.114474 ,0.0980882 ,42017 ,0.165263 ,0.286506 ,-0.119973 ,
0.115651 ,0.0983404 ,42002 ,0.165415 ,0.287215 ,-0.122399 ,
0.116594 ,0.099046 ,41991 ,0.165398 ,0.286684 ,-0.12474 ,
0.117692 ,0.100025 ,42009 ,0.165479 ,0.286911 ,-0.127167 ,
0.118845 ,0.10043 ,42019 ,0.165657 ,0.286465 ,-0.129736 ,
0.120697 ,0.101679 ,42042 ,0.165733 ,0.285866 ,-0.135017 ,
0.121492 ,0.102365 ,42064 ,0.166048 ,0.285381 ,-0.136517 ,
0.122152 ,0.102304 ,42038 ,0.166054 ,0.285771 ,-0.139026 ,
0.122826 ,0.102803 ,42067 ,0.166447 ,0.285089 ,-0.140654 ,
0.123628 ,0.10343 ,42083 ,0.166146 ,0.285333 ,-0.14329 ,
0.124806 ,0.103493 ,42081 ,0.166289 ,0.285476 ,-0.147664 ,
0.12531 ,0.10385 ,42112 ,0.166223 ,0.285297 ,-0.149955 ,
0.125748 ,0.103788 ,42118 ,0.166399 ,0.284461 ,-0.151548 ,
0.126232 ,0.103436 ,42095 ,0.166572 ,0.284665 ,-0.153322 ,
0.12679 ,0.103657 ,42116 ,0.166399 ,0.284772 ,-0.155862 ,
0.127643 ,0.103654 ,42125 ,0.166901 ,0.284451 ,-0.159374 ,
0.128076 ,0.103782 ,42140 ,0.167019 ,0.284135 ,-0.161256 ,
0.128184 ,0.103863 ,42145 ,0.167016 ,0.283957 ,-0.162831 ,
0.128725 ,0.103865 ,42148 ,0.166686 ,0.284533 ,-0.164549 ,
0.129123 ,0.103728 ,42149 ,0.166626 ,0.284313 ,-0.167202 ,
0.129599 ,0.103837 ,42165 ,0.166798 ,0.284353 ,-0.169861 ,
0.129857 ,0.103421 ,42142 ,0.167273 ,0.283754 ,-0.171436 ,
0.130053 ,0.103422 ,42173 ,0.167235 ,0.2839 ,-0.172683 ,
0.13038 ,0.103673 ,42159 ,0.166881 ,0.283944 ,-0.17491 ,
0.130633 ,0.103419 ,42173 ,0.166993 ,0.284412 ,-0.175906 ,
0.130974 ,0.103187 ,42177 ,0.166953 ,0.284054 ,-0.178923 ,
0.131089 ,0.103389 ,42175 ,0.16705 ,0.284039 ,-0.181075 ,
0.131009 ,0.102704 ,42176 ,0.167319 ,0.283855 ,-0.181296 ,
0.131435 ,0.102829 ,42162 ,0.167105 ,0.284055 ,-0.185059 ,
0.13132 ,0.102548 ,42170 ,0.167081 ,0.283783 ,-0.18559 ,
0.131412 ,0.102571 ,42171 ,0.167155 ,0.283386 ,-0.186678 ,
0.131406 ,0.102617 ,42164 ,0.167459 ,0.283217 ,-0.187508 ,
0.13138 ,0.102545 ,42152 ,0.167507 ,0.283683 ,-0.188028 ,
0.131362 ,0.10229 ,42168 ,0.167464 ,0.283092 ,-0.190184 ,
0.131413 ,0.102285 ,42152 ,0.16746 ,0.28398 ,-0.190624 ,
0.13135 ,0.101995 ,42148 ,0.167778 ,0.283426 ,-0.193167 ,
0.131405 ,0.101976 ,42142 ,0.167697 ,0.283536 ,-0.194145 ,
0.131486 ,0.101768 ,42140 ,0.167434 ,0.284062 ,-0.195099 ,
0.131215 ,0.101486 ,42135 ,0.16745 ,0.283884 ,-0.195488 ,
0.131269 ,0.101524 ,42156 ,0.167497 ,0.283974 ,-0.198422 ,
0.13114 ,0.101185 ,42158 ,0.16744 ,0.283536 ,-0.19928 ,
0.130968 ,0.100736 ,42155 ,0.167901 ,0.283375 ,-0.199599 ,
0.130986 ,0.10085 ,42170 ,0.167969 ,0.282957 ,-0.200984 ,
0.131057 ,0.100978 ,42161 ,0.168167 ,0.282803 ,-0.201578 ,
0.130713 ,0.100238 ,42152 ,0.167862 ,0.283919 ,-0.203708 ,
0.130802 ,0.100168 ,42155 ,0.167528 ,0.284326 ,-0.204652 ,
0.130651 ,0.100211 ,42130 ,0.168062 ,0.283778 ,-0.20498 ,
0.130519 ,0.100208 ,42144 ,0.167992 ,0.283239 ,-0.205773 ,
0.13049 ,0.099761 ,42139 ,0.167717 ,0.28382 ,-0.206526 ,
0.130251 ,0.0995319 ,42122 ,0.167966 ,0.283286 ,-0.208299 ,
0.130236 ,0.0995445 ,42111 ,0.167959 ,0.283434 ,-0.209197 ,
0.130086 ,0.0993057 ,42125 ,0.168003 ,0.283015 ,-0.209579 ,
0.12989 ,0.0991046 ,42113 ,0.167758 ,0.283478 ,-0.210505 ,
0.129883 ,0.0988465 ,42127 ,0.167983 ,0.28321 ,-0.211169 ,
0.129895 ,0.0985034 ,42114 ,0.167868 ,0.283331 ,-0.212672 ,
0.129795 ,0.0983618 ,42121 ,0.167792 ,0.28313 ,-0.213148 ,
0.129774 ,0.0982385 ,42103 ,0.167996 ,0.283245 ,-0.214016 ,
0.129661 ,0.0981872 ,42106 ,0.167956 ,0.283195 ,-0.214186 ,
0.12953 ,0.0981281 ,42101 ,0.167969 ,0.283372 ,-0.214066 ,
0.12942 ,0.097902 ,42097 ,0.167867 ,0.283422 ,-0.216075 ,
0.129299 ,0.0978541 ,42102 ,0.167993 ,0.282825 ,-0.216378 ,
0.129287 ,0.0977713 ,42083 ,0.167919 ,0.283424 ,-0.216963 ,
0.129244 ,0.0976924 ,42077 ,0.167986 ,0.282984 ,-0.217257 ,
0.129145 ,0.0976031 ,42085 ,0.167931 ,0.28325 ,-0.217983 ,
0.129092 ,0.0973375 ,42061 ,0.168271 ,0.283034 ,-0.218611 ,
0.12899 ,0.0972228 ,42067 ,0.16776 ,0.283021 ,-0.219316 ,
0.128929 ,0.0971055 ,42052 ,0.167818 ,0.283766 ,-0.219804 ,
0.128878 ,0.0970551 ,42041 ,0.168074 ,0.283211 ,-0.220067 ,
0.128905 ,0.0970326 ,42044 ,0.168154 ,0.282881 ,-0.220577 ,
0.128754 ,0.0968603 ,42042 ,0.167974 ,0.283279 ,-0.222117 ,
0.128714 ,0.0968182 ,42034 ,0.167897 ,0.283427 ,-0.221994 ,
0.128639 ,0.0968107 ,42034 ,0.167729 ,0.283542 ,-0.222476 ,
0.128681 ,0.096749 ,42037 ,0.167766 ,0.283722 ,-0.222809 ,
0.128525 ,0.0967055 ,42024 ,0.168229 ,0.283296 ,-0.223024 ,
0.128486 ,0.0966136 ,42032 ,0.168199 ,0.283046 ,-0.223872 ,
0.12844 ,0.0965175 ,42025 ,0.168222 ,0.283393 ,-0.223784 ,
0.128317 ,0.0964621 ,42037 ,0.168032 ,0.282722 ,-0.224387 ,
0.12833 ,0.0964231 ,42024 ,0.168066 ,0.282983 ,-0.224994 ,
0.12826 ,0.0963379 ,42021 ,0.16813 ,0.282954 ,-0.225229 ,
0.128042 ,0.0962763 ,42013 ,0.168218 ,0.283255 ,-0.225931 ,
0.12807 ,0.0961924 ,42013 ,0.168128 ,0.283446 ,-0.22609 ,
0.127988 ,0.0961219 ,42013 ,0.167956 ,0.283217 ,-0.226514 ,
0.127864 ,0.0961347 ,42006 ,0.168017 ,0.28334 ,-0.226968 ,
0.127883 ,0.0960335 ,41997 ,0.167862 ,0.283393 ,-0.227204 ,
0.127804 ,0.0959711 ,41989 ,0.168335 ,0.282988 ,-0.227336 ,
0.12777 ,0.095959 ,41989 ,0.168104 ,0.283225 ,-0.227769 ,
0.127788 ,0.0958893 ,41992 ,0.168221 ,0.283112 ,-0.228249 ,
0.127762 ,0.0958107 ,41993 ,0.168136 ,0.283089 ,-0.228779 ,
0.127652 ,0.095836 ,41992 ,0.167968 ,0.28327 ,-0.228773 ,
0.127762 ,0.0956842 ,41988 ,0.16808 ,0.283168 ,-0.230064 ,
0.127667 ,0.0956419 ,41982 ,0.168129 ,0.283665 ,-0.229746 ,
0.12756 ,0.0956603 ,41994 ,0.168199 ,0.283341 ,-0.229868 ,
0.127612 ,0.0956087 ,41988 ,0.168273 ,0.28293 ,-0.230161 ,
0.127443 ,0.0955314 ,41998 ,0.168001 ,0.283184 ,-0.23074 ,
0.127428 ,0.0955191 ,41998 ,0.168186 ,0.283211 ,-0.230536 ,
0.127429 ,0.0954984 ,42002 ,0.168063 ,0.283053 ,-0.231039 ,
0.127348 ,0.0954481 ,42006 ,0.168012 ,0.283508 ,-0.231731 ,
0.127268 ,0.0953568 ,41990 ,0.168395 ,0.282964 ,-0.231788 ,
0.127192 ,0.0951484 ,41984 ,0.168398 ,0.283157 ,-0.231564 ,
0.127164 ,0.0950634 ,41990 ,0.168299 ,0.282935 ,-0.231757 ,
0.127087 ,0.0949246 ,42004 ,0.168141 ,0.283378 ,-0.231957 ,
0.127046 ,0.0948026 ,41990 ,0.168394 ,0.283188 ,-0.232116 ,
0.127115 ,0.0947226 ,41989 ,0.168299 ,0.283217 ,-0.232337 ,
0.126924 ,0.0945867 ,41995 ,0.168106 ,0.283489 ,-0.232564 ,
0.126977 ,0.0944398 ,42000 ,0.167943 ,0.28305 ,-0.232814 ,
0.126885 ,0.0943496 ,41983 ,0.168246 ,0.283149 ,-0.232713 ,
0.126811 ,0.0942366 ,41994 ,0.16808 ,0.282753 ,-0.232972 ,
0.126794 ,0.0941139 ,42003 ,0.168259 ,0.28239 ,-0.233458 ,
0.12668 ,0.0938596 ,42003 ,0.168522 ,0.282518 ,-0.233504 ,
0.126692 ,0.0938238 ,41989 ,0.168409 ,0.283026 ,-0.233658 ,
0.126667 ,0.0938088 ,41990 ,0.168474 ,0.282392 ,-0.233737 ,
0.126678 ,0.0937427 ,41989 ,0.168355 ,0.282594 ,-0.234233 ,
0.126618 ,0.0937151 ,41975 ,0.168576 ,0.282823 ,-0.234681 ,
0.126651 ,0.0936532 ,41988 ,0.168303 ,0.282155 ,-0.234629 ,
0.126582 ,0.0936128 ,41959 ,0.16831 ,0.282782 ,-0.23453 ,
0.126557 ,0.093584 ,41977 ,0.168259 ,0.283057 ,-0.234622 ,
0.126581 ,0.0935524 ,41977 ,0.168151 ,0.282802 ,-0.235044 ,
0.126616 ,0.093544 ,41975 ,0.168011 ,0.282897 ,-0.235302 ,
0.126438 ,0.0935175 ,41965 ,0.168164 ,0.283117 ,-0.235203 ,
0.126539 ,0.0934474 ,41964 ,0.168295 ,0.283319 ,-0.235599 ,
0.126568 ,0.0934327 ,41959 ,0.168064 ,0.283262 ,-0.235802 ,
0.126449 ,0.0934559 ,41965 ,0.168163 ,0.28334 ,-0.235695 ,
0.126425 ,0.0934423 ,41963 ,0.168272 ,0.283327 ,-0.236218 ,
0.126405 ,0.0933724 ,41961 ,0.168335 ,0.283001 ,-0.236342 ,
0.126345 ,0.0933796 ,41962 ,0.168252 ,0.282578 ,-0.236501 ,
0.12641 ,0.0933748 ,41968 ,0.168211 ,0.282817 ,-0.236445 ,
0.126459 ,0.0933397 ,41965 ,0.168166 ,0.282953 ,-0.236355 ,
0.126296 ,0.093349 ,41967 ,0.168155 ,0.282856 ,-0.236409 ,
0.126358 ,0.0933089 ,41958 ,0.168324 ,0.283126 ,-0.236838 ,
0.126364 ,0.0932839 ,41965 ,0.168171 ,0.283004 ,-0.23714 ,
0.126251 ,0.0932611 ,41963 ,0.16814 ,0.28312 ,-0.237142 ,
0.126248 ,0.0932342 ,41974 ,0.168238 ,0.28276 ,-0.236714 ,
0.126288 ,0.0931835 ,41968 ,0.168352 ,0.282833 ,-0.23701 ,
0.12623 ,0.0931174 ,41977 ,0.167927 ,0.283331 ,-0.237092 ,
0.126205 ,0.0931079 ,41981 ,0.168166 ,0.282636 ,-0.23719 ,
0.126249 ,0.0930481 ,41987 ,0.168116 ,0.283042 ,-0.237634 ,
0.126249 ,0.0930217 ,41967 ,0.168222 ,0.282865 ,-0.237225 ,
0.126156 ,0.0930096 ,41961 ,0.168295 ,0.28294 ,-0.237431 ,
0.126242 ,0.0929362 ,41964 ,0.168224 ,0.282966 ,-0.237399 ,
0.12621 ,0.0928946 ,41964 ,0.168226 ,0.283025 ,-0.237696 ,
0.126143 ,0.092856 ,41975 ,0.168013 ,0.283331 ,-0.238306 ,
0.126175 ,0.0928372 ,41964 ,0.168272 ,0.282515 ,-0.237734 ,
0.126198 ,0.0928028 ,41963 ,0.168203 ,0.283149 ,-0.238415 ,
0.126111 ,0.0927539 ,41972 ,0.168146 ,0.282873 ,-0.23834 ,
0.126139 ,0.0927362 ,41961 ,0.168055 ,0.283306 ,-0.238135 ,
0.12614 ,0.0927164 ,41966 ,0.168065 ,0.283006 ,-0.238853 ,
0.126174 ,0.0926957 ,41975 ,0.168145 ,0.283073 ,-0.238467 ,
0.126137 ,0.0926517 ,41955 ,0.168114 ,0.283422 ,-0.238522 ,
0.126064 ,0.0926264 ,41970 ,0.168331 ,0.282851 ,-0.238814 ,
0.12611 ,0.0925934 ,41961 ,0.168197 ,0.282992 ,-0.238792 ,
0.126107 ,0.0925857 ,41947 ,0.168134 ,0.283037 ,-0.238656 ,
0.126098 ,0.0925489 ,41962 ,0.168149 ,0.283082 ,-0.238807 ,
0.126074 ,0.0925542 ,41952 ,0.168478 ,0.2827 ,-0.238506 ,
0.126033 ,0.0925067 ,41949 ,0.168244 ,0.282687 ,-0.239237 ,
0.126049 ,0.0924965 ,41953 ,0.168311 ,0.282687 ,-0.239209 ,
0.126021 ,0.0924948 ,41947 ,0.168439 ,0.282863 ,-0.238555 ,
0.12603 ,0.0924712 ,41963 ,0.168302 ,0.2826 ,-0.238955 ,
0.126009 ,0.0924549 ,41952 ,0.168294 ,0.282825 ,-0.238762 ,
0.125978 ,0.09242 ,41946 ,0.168212 ,0.283094 ,-0.239319 ,
0.125949 ,0.0924053 ,41962 ,0.168173 ,0.282921 ,-0.239209 ,
0.125963 ,0.0923948 ,41951 ,0.168274 ,0.28313 ,-0.239248 ,
0.125956 ,0.0923836 ,41951 ,0.168223 ,0.282854 ,-0.239257 ,
0.125919 ,0.0923634 ,41940 ,0.168351 ,0.282986 ,-0.239676 ,
0.125918 ,0.0923599 ,41933 ,0.16814 ,0.283197 ,-0.239913 ,
0.125901 ,0.0923436 ,41944 ,0.168355 ,0.283072 ,-0.239677 ,
0.125925 ,0.0923519 ,41948 ,0.168084 ,0.283406 ,-0.23942 ,
0.125877 ,0.0923567 ,41933 ,0.16849 ,0.282767 ,-0.239365 ,
0.125838 ,0.0923374 ,41945 ,0.168473 ,0.28269 ,-0.239725 ,
0.125822 ,0.0923333 ,41946 ,0.168467 ,0.282811 ,-0.239727 ,
0.125827 ,0.0923313 ,41952 ,0.168286 ,0.282719 ,-0.239716 ,
0.125827 ,0.0923402 ,41942 ,0.168511 ,0.282725 ,-0.239416 ,
0.125833 ,0.0923358 ,41945 ,0.168339 ,0.282875 ,-0.2397 ,
0.125773 ,0.0923636 ,41957 ,0.16839 ,0.28254 ,-0.23946 ,
0.125778 ,0.0923738 ,41951 ,0.168468 ,0.282585 ,-0.239433 ,
0.125792 ,0.0923759 ,41954 ,0.168403 ,0.282612 ,-0.239511 ,
0.125771 ,0.0923538 ,41956 ,0.168365 ,0.282616 ,-0.239602 ,
0.125752 ,0.0923583 ,41959 ,0.168435 ,0.282468 ,-0.239744 ,
0.125774 ,0.0923703 ,41979 ,0.168233 ,0.282259 ,-0.239839 ,
0.125768 ,0.0923634 ,41965 ,0.168517 ,0.282276 ,-0.23979 ,
0.125771 ,0.0923525 ,41975 ,0.168296 ,0.282507 ,-0.239884 ,
0.125789 ,0.092324 ,41963 ,0.168296 ,0.282773 ,-0.239716 ,
0.125781 ,0.0923091 ,41963 ,0.168392 ,0.28265 ,-0.239854 ,
0.125781 ,0.092285 ,41953 ,0.16828 ,0.282416 ,-0.239725 ,
0.125755 ,0.0922725 ,41952 ,0.168491 ,0.282268 ,-0.239345 ,
0.125757 ,0.092255 ,41945 ,0.168607 ,0.28224 ,-0.239486 ,
0.125747 ,0.0922292 ,41933 ,0.168297 ,0.282451 ,-0.239735 ,
0.125787 ,0.0922228 ,41910 ,0.168532 ,0.282903 ,-0.239789 ,
0.125741 ,0.0921844 ,41918 ,0.168508 ,0.282514 ,-0.239367 ,
0.125748 ,0.0921737 ,41913 ,0.168528 ,0.282624 ,-0.239304 ,
0.125734 ,0.0921652 ,41922 ,0.168511 ,0.28237 ,-0.239716 ,
0.125739 ,0.0921682 ,41936 ,0.168296 ,0.282553 ,-0.239836 ,
0.125747 ,0.0921451 ,41923 ,0.16841 ,0.282527 ,-0.239549 ,
0.125732 ,0.0921266 ,41929 ,0.168371 ,0.282509 ,-0.23939 ,
0.125733 ,0.092159 ,41921 ,0.168321 ,0.282573 ,-0.239414 ,
0.125703 ,0.0922143 ,41921 ,0.16864 ,0.282527 ,-0.239915 ,
0.12576 ,0.0922609 ,41915 ,0.168482 ,0.282732 ,-0.239571 ,
0.125782 ,0.0922487 ,41918 ,0.168487 ,0.282738 ,-0.239794 ,
0.125766 ,0.0922593 ,41928 ,0.168382 ,0.282621 ,-0.23982 ,
0.125736 ,0.0923548 ,41935 ,0.168668 ,0.282548 ,-0.239966 ,
0.125745 ,0.0923961 ,41937 ,0.168445 ,0.282464 ,-0.240273 ,
0.125756 ,0.0923758 ,41937 ,0.16844 ,0.282943 ,-0.240043 ,
0.125763 ,0.092363 ,41935 ,0.168487 ,0.282554 ,-0.239901 ,
0.125771 ,0.0924687 ,41939 ,0.168438 ,0.28313 ,-0.24019 ,
0.125763 ,0.0924785 ,41940 ,0.168451 ,0.282834 ,-0.24043 ,
0.125759 ,0.0924747 ,41945 ,0.16841 ,0.28277 ,-0.240359 ,
0.12574 ,0.0924671 ,41936 ,0.168498 ,0.282722 ,-0.240192 ,
0.125739 ,0.0924597 ,41949 ,0.16844 ,0.282697 ,-0.240112 ,
0.125708 ,0.0924685 ,41955 ,0.168538 ,0.282356 ,-0.239964 ,
0.125708 ,0.0924728 ,41951 ,0.16854 ,0.282471 ,-0.240104 ,
0.125695 ,0.0924696 ,41947 ,0.168632 ,0.28252 ,-0.240058 ,
0.125672 ,0.0924646 ,41942 ,0.168702 ,0.282416 ,-0.239816 ,
0.125671 ,0.0924538 ,41938 ,0.168579 ,0.282696 ,-0.240289 ,
0.125648 ,0.092439 ,41933 ,0.168546 ,0.282494 ,-0.239875 ,
0.125622 ,0.09244 ,41934 ,0.168732 ,0.282235 ,-0.23989 ,
0.125641 ,0.092429 ,41935 ,0.168565 ,0.28245 ,-0.240125 ,
0.125636 ,0.0924191 ,41937 ,0.16836 ,0.282517 ,-0.24005 ,
0.125646 ,0.0924006 ,41933 ,0.168675 ,0.282565 ,-0.240129 ,
0.125648 ,0.0923687 ,41942 ,0.168296 ,0.282264 ,-0.24022 ,
0.125654 ,0.0923677 ,41945 ,0.168379 ,0.28216 ,-0.239987 ,
0.12564 ,0.0923579 ,41941 ,0.168587 ,0.281968 ,-0.240307 ,
0.125636 ,0.092328 ,41939 ,0.168496 ,0.28232 ,-0.240286 ,
0.125648 ,0.0923107 ,41952 ,0.168405 ,0.281994 ,-0.239982 ,
0.12566 ,0.0922902 ,41950 ,0.168412 ,0.282317 ,-0.239962 ,
0.125661 ,0.0922726 ,41946 ,0.168304 ,0.282429 ,-0.240044 ,
0.125646 ,0.0922722 ,41954 ,0.168342 ,0.282316 ,-0.240065 ,
0.125649 ,0.0922593 ,41941 ,0.168319 ,0.282476 ,-0.240282 ,
0.125644 ,0.0922179 ,41938 ,0.168828 ,0.281993 ,-0.239716 ,
0.125654 ,0.0922026 ,41954 ,0.168528 ,0.28206 ,-0.239798 ,
0.125675 ,0.0921664 ,41925 ,0.168545 ,0.282766 ,-0.240078 ,
0.125657 ,0.0921396 ,41938 ,0.168547 ,0.28244 ,-0.240064 ,
0.125657 ,0.092101 ,41934 ,0.16854 ,0.282521 ,-0.240375 ,
0.125659 ,0.092029 ,41938 ,0.168265 ,0.282782 ,-0.240437 ,
0.125658 ,0.0919636 ,41929 ,0.168223 ,0.283284 ,-0.240441 ,
0.125648 ,0.0918816 ,41932 ,0.168331 ,0.283232 ,-0.240613 ,
0.125643 ,0.0918582 ,41934 ,0.168401 ,0.283345 ,-0.240863 ,
0.125667 ,0.0918625 ,41938 ,0.16837 ,0.28335 ,-0.240914 ,
0.125666 ,0.0918971 ,41940 ,0.168286 ,0.283216 ,-0.240551 ,
0.125671 ,0.0919028 ,41929 ,0.168109 ,0.283341 ,-0.24085 ,
0.125677 ,0.0919301 ,41936 ,0.168147 ,0.283129 ,-0.240618 ,
0.125675 ,0.0919557 ,41927 ,0.168467 ,0.28285 ,-0.240579 ,
0.12568 ,0.0919626 ,41929 ,0.168005 ,0.283533 ,-0.240712 ,
0.125656 ,0.0919822 ,41936 ,0.168257 ,0.28285 ,-0.240533 ,
0.125651 ,0.0919861 ,41942 ,0.168414 ,0.282705 ,-0.24039 ,
0.125644 ,0.0919809 ,41945 ,0.168395 ,0.282986 ,-0.240646 ,
0.125657 ,0.0919865 ,41944 ,0.168289 ,0.283222 ,-0.240691 ,
0.125665 ,0.0920057 ,41942 ,0.168026 ,0.283298 ,-0.240484 ,
0.125665 ,0.0920455 ,41938 ,0.168263 ,0.283075 ,-0.24043 ,
0.12564 ,0.0920693 ,41950 ,0.168534 ,0.282559 ,-0.240376 ,
0.125647 ,0.0920693 ,41946 ,0.16835 ,0.282814 ,-0.240492 ,
0.125652 ,0.0920701 ,41950 ,0.168193 ,0.283229 ,-0.240602 ,
0.125663 ,0.0920783 ,41956 ,0.16824 ,0.283003 ,-0.240299 ,
0.125644 ,0.0920887 ,41947 ,0.168224 ,0.283084 ,-0.240311 ,
0.125623 ,0.0921162 ,41955 ,0.168393 ,0.282466 ,-0.240302 ,
0.125622 ,0.0920937 ,41939 ,0.168386 ,0.282793 ,-0.240278 ,
0.125628 ,0.0920712 ,41941 ,0.168158 ,0.28336 ,-0.240613 ,
0.125631 ,0.0920782 ,41936 ,0.16834 ,0.283118 ,-0.240581 ,
0.12562 ,0.0920658 ,41946 ,0.168286 ,0.283216 ,-0.240928 ,
0.12563 ,0.0920405 ,41941 ,0.168217 ,0.282856 ,-0.240682 ,
0.125588 ,0.0919985 ,41940 ,0.168347 ,0.283248 ,-0.240695 ,
0.125575 ,0.0919522 ,41939 ,0.168501 ,0.283533 ,-0.24097 ,
0.125612 ,0.0918882 ,41943 ,0.168396 ,0.283313 ,-0.240932 ,
0.125666 ,0.0915601 ,41961 ,0.168367 ,0.282568 ,-0.240154 ,
0.125756 ,0.091443 ,41947 ,0.168459 ,0.282345 ,-0.239972 ,
0.125976 ,0.0916875 ,41910 ,0.168115 ,0.28331 ,-0.240806 ,
0.126036 ,0.0921322 ,41808 ,0.168477 ,0.283097 ,-0.240914 ,
0.125901 ,0.091444 ,41683 ,0.168409 ,0.283673 ,-0.241231 ,
0.126324 ,0.092451 ,41352 ,0.168341 ,0.283484 ,-0.241422 ,
0.126031 ,0.0914416 ,41126 ,0.168871 ,0.283283 ,-0.241268 ,
0.126159 ,0.0915411 ,40870 ,0.168739 ,0.283383 ,-0.240689 ,
0.126281 ,0.091393 ,40631 ,0.168975 ,0.28361 ,-0.240963 ,
0.126403 ,0.0911006 ,40329 ,0.169159 ,0.284448 ,-0.241472 ,
0.126393 ,0.0908245 ,39778 ,0.168928 ,0.28446 ,-0.241415 ,
0.126532 ,0.0913781 ,39501 ,0.169267 ,0.284792 ,-0.241197 ,
0.126533 ,0.0910937 ,39196 ,0.169104 ,0.285092 ,-0.24129 ,
0.126654 ,0.0916122 ,38905 ,0.169455 ,0.285188 ,-0.241215 ,
0.126528 ,0.0915361 ,38613 ,0.16963 ,0.285671 ,-0.241088 ,
0.12655 ,0.091074 ,38059 ,0.169261 ,0.287049 ,-0.241136 ,
0.126539 ,0.0911919 ,37838 ,0.169289 ,0.286681 ,-0.241117 ,
0.126519 ,0.0909425 ,37577 ,0.169293 ,0.287531 ,-0.241084 ,
0.126584 ,0.0910015 ,37318 ,0.16958 ,0.287667 ,-0.241244 ,
0.126445 ,0.09071 ,37077 ,0.170105 ,0.287106 ,-0.24122 ,
0.126492 ,0.0911466 ,36630 ,0.16991 ,0.288609 ,-0.241847 ,
0.126476 ,0.0911683 ,36448 ,0.169575 ,0.289154 ,-0.241888 ,
0.126471 ,0.0908943 ,36262 ,0.169732 ,0.289266 ,-0.241272 ,
0.126776 ,0.0916684 ,36061 ,0.170102 ,0.288399 ,-0.241055 ,
0.126796 ,0.0917457 ,35726 ,0.170261 ,0.288641 ,-0.240668 ,
0.126631 ,0.0912373 ,35539 ,0.170576 ,0.288843 ,-0.240696 ,
0.126632 ,0.0922691 ,35390 ,0.16995 ,0.289418 ,-0.241477 ,
0.126338 ,0.0922274 ,35244 ,0.170111 ,0.290434 ,-0.240802 ,
0.126038 ,0.0929142 ,35096 ,0.170401 ,0.290228 ,-0.240682 ,
0.126594 ,0.093862 ,34888 ,0.170496 ,0.290842 ,-0.240798 ,
0.126576 ,0.0937302 ,34888 ,0.170555 ,0.289809 ,-0.240387 ,
0.126608 ,0.0934598 ,34932 ,0.16959 ,0.290665 ,-0.240849 ,
0.126824 ,0.092859 ,35136 ,0.170128 ,0.28974 ,-0.24055 ,
0.126998 ,0.0925588 ,35431 ,0.170168 ,0.289829 ,-0.241101 ,
0.127014 ,0.0919738 ,36239 ,0.169599 ,0.289885 ,-0.242574 ,
0.126939 ,0.0911676 ,36774 ,0.169595 ,0.288439 ,-0.242451 ,
0.126714 ,0.091255 ,37255 ,0.169827 ,0.287491 ,-0.24192 ,
0.126648 ,0.0915515 ,37751 ,0.169358 ,0.287694 ,-0.242763 ,
0.126719 ,0.0915811 ,38280 ,0.169361 ,0.285828 ,-0.242295 ,
0.126405 ,0.0914926 ,39181 ,0.169864 ,0.284843 ,-0.241949 ,
0.126188 ,0.0909525 ,39605 ,0.169191 ,0.285289 ,-0.242037 ,
0.125962 ,0.0910335 ,39942 ,0.16997 ,0.283613 ,-0.242182 ,
0.125885 ,0.0913917 ,40300 ,0.16934 ,0.283632 ,-0.241836 ,
0.125879 ,0.09138 ,40621 ,0.168162 ,0.285088 ,-0.243131 ,
0.125533 ,0.0920914 ,41111 ,0.168632 ,0.284264 ,-0.24253 ,
0.125586 ,0.0921789 ,41314 ,0.168911 ,0.283244 ,-0.241999 ,
0.125469 ,0.0912333 ,41452 ,0.168748 ,0.282676 ,-0.241508 ,
0.125586 ,0.091708 ,41572 ,0.168463 ,0.283699 ,-0.242282 ,
0.125489 ,0.0922172 ,41724 ,0.16854 ,0.282484 ,-0.241212 ,
0.125267 ,0.0915283 ,41860 ,0.168031 ,0.283371 ,-0.242143 ,
0.125161 ,0.0913803 ,41898 ,0.168919 ,0.282609 ,-0.241465 ,
0.125136 ,0.0909681 ,41940 ,0.168445 ,0.283368 ,-0.241787 ,
0.125183 ,0.0912434 ,41973 ,0.168519 ,0.282435 ,-0.241159 ,
0.125191 ,0.0916619 ,42003 ,0.168539 ,0.283276 ,-0.2416 ,
0.125078 ,0.091333 ,42033 ,0.168446 ,0.282526 ,-0.241166 ,
0.125105 ,0.0913935 ,42022 ,0.168449 ,0.282432 ,-0.240956 ,
0.12512 ,0.0914807 ,42024 ,0.168405 ,0.282642 ,-0.241629 ,
0.125126 ,0.0915283 ,42016 ,0.168946 ,0.282415 ,-0.241481 ,
0.125109 ,0.0915196 ,42016 ,0.168834 ,0.282193 ,-0.241347 ,
0.125134 ,0.0915216 ,42018 ,0.168749 ,0.282124 ,-0.241048 ,
0.125128 ,0.0915308 ,42007 ,0.168717 ,0.282615 ,-0.24128 ,
0.125125 ,0.0915641 ,42013 ,0.168967 ,0.282329 ,-0.241772 ,
0.125127 ,0.091592 ,42008 ,0.168893 ,0.28236 ,-0.241622 ,
0.125141 ,0.0916408 ,42016 ,0.168673 ,0.28291 ,-0.241987 ,
0.125116 ,0.0916202 ,42001 ,0.168906 ,0.28276 ,-0.241704 ,
0.125118 ,0.0916093 ,41997 ,0.169007 ,0.282259 ,-0.241789 ,
0.125113 ,0.0916217 ,41976 ,0.168828 ,0.282843 ,-0.241842 ,
0.125104 ,0.0916001 ,41987 ,0.169106 ,0.282485 ,-0.241819 ,
0.125112 ,0.091581 ,41968 ,0.16889 ,0.282541 ,-0.241423 ,
0.125126 ,0.0915856 ,41972 ,0.168872 ,0.28271 ,-0.241507 ,
0.125137 ,0.0915493 ,41958 ,0.168927 ,0.282892 ,-0.241442 ,
0.125146 ,0.0915059 ,41959 ,0.168864 ,0.282678 ,-0.241794 ,
0.125185 ,0.0914866 ,41974 ,0.1688 ,0.282563 ,-0.241237 ,
0.125171 ,0.0914621 ,41972 ,0.168931 ,0.282512 ,-0.241496 ,
0.125226 ,0.0913381 ,41957 ,0.168839 ,0.282543 ,-0.241365 ,
0.125216 ,0.0913225 ,41949 ,0.168942 ,0.282619 ,-0.241355 ,
0.125203 ,0.0913115 ,41940 ,0.168904 ,0.282885 ,-0.241426 ,
0.125218 ,0.0912826 ,41932 ,0.168668 ,0.283175 ,-0.24139 ,
0.125266 ,0.0912763 ,41943 ,0.168724 ,0.282621 ,-0.240894 ,
0.125259 ,0.091239 ,41936 ,0.168796 ,0.282541 ,-0.241029 ,
0.125278 ,0.0912061 ,41960 ,0.168398 ,0.282646 ,-0.240946 ,
0.125265 ,0.0911795 ,41958 ,0.168797 ,0.28215 ,-0.241005 ,
0.125278 ,0.0911691 ,41946 ,0.168968 ,0.282299 ,-0.241124 ,
0.125306 ,0.0911429 ,41940 ,0.168887 ,0.282493 ,-0.241222 ,
0.125295 ,0.0911289 ,41952 ,0.168716 ,0.28241 ,-0.241444 ,
0.125298 ,0.091128 ,41944 ,0.168681 ,0.282547 ,-0.241509 ,
0.125278 ,0.0911077 ,41931 ,0.16877 ,0.282127 ,-0.241276 ,
0.125301 ,0.0910752 ,41948 ,0.168728 ,0.282367 ,-0.241189 ,
0.125326 ,0.0910269 ,41939 ,0.168759 ,0.282264 ,-0.24149 ,
0.125334 ,0.0909886 ,41941 ,0.168486 ,0.282422 ,-0.241501 ,
0.12535 ,0.0909773 ,41926 ,0.168799 ,0.28257 ,-0.241521 ,
0.125367 ,0.0909568 ,41930 ,0.168519 ,0.282959 ,-0.240943 ,
0.12538 ,0.0909713 ,41922 ,0.168621 ,0.282597 ,-0.241117 ,
0.125402 ,0.0909886 ,41925 ,0.168667 ,0.282699 ,-0.241004 ,
0.125393 ,0.0910017 ,41934 ,0.16862 ,0.282461 ,-0.2411 ,
0.125403 ,0.0910033 ,41919 ,0.168715 ,0.282499 ,-0.241134 ,
0.125403 ,0.091002 ,41927 ,0.168826 ,0.282428 ,-0.240982 ,
0.125429 ,0.091045 ,41923 ,0.168989 ,0.282416 ,-0.241362 ,
0.125478 ,0.0911096 ,41893 ,0.16883 ,0.283385 ,-0.241786 ,
0.125512 ,0.091138 ,41902 ,0.16876 ,0.283541 ,-0.241398 ,
0.125535 ,0.0911645 ,41909 ,0.168649 ,0.283573 ,-0.241671 ,
0.12554 ,0.0911837 ,41906 ,0.168582 ,0.283691 ,-0.241914 ,
0.125553 ,0.0912223 ,41908 ,0.168453 ,0.284011 ,-0.241822 ,
0.125573 ,0.0912883 ,41942 ,0.168344 ,0.283418 ,-0.241969 ,
0.125573 ,0.0913416 ,41945 ,0.168439 ,0.282919 ,-0.241455 ,
0.125602 ,0.0913955 ,41933 ,0.168648 ,0.28269 ,-0.241425 ,
0.125645 ,0.0914519 ,41929 ,0.168496 ,0.282478 ,-0.240979 ,
0.125641 ,0.0914942 ,41935 ,0.168645 ,0.28253 ,-0.241047 ,
0.125709 ,0.0915528 ,41941 ,0.168428 ,0.282695 ,-0.241157 ,
0.125705 ,0.0916004 ,41943 ,0.168771 ,0.282409 ,-0.241228 ,
0.125712 ,0.0915985 ,41919 ,0.168772 ,0.282737 ,-0.24134 ,
0.125688 ,0.0915941 ,41934 ,0.168558 ,0.282722 ,-0.241139 ,
0.125682 ,0.0916247 ,41935 ,0.168719 ,0.282499 ,-0.241284 ,
0.125686 ,0.0917126 ,41934 ,0.16887 ,0.282483 ,-0.241345 ,
0.125697 ,0.0917184 ,41935 ,0.168862 ,0.282492 ,-0.241413 ,
0.125677 ,0.091715 ,41938 ,0.169032 ,0.282607 ,-0.241505 ,
0.125677 ,0.091701 ,41942 ,0.168912 ,0.282482 ,-0.241147 ,
0.125676 ,0.0917484 ,41941 ,0.168894 ,0.282498 ,-0.241435 ,
0.125669 ,0.0917964 ,41935 ,0.168751 ,0.282935 ,-0.241462 ,
0.125658 ,0.0918062 ,41927 ,0.168928 ,0.283107 ,-0.241411 ,
0.125657 ,0.0918016 ,41942 ,0.16882 ,0.282674 ,-0.241658 ,
0.125657 ,0.0917997 ,41938 ,0.168842 ,0.282712 ,-0.241882 ,
0.125669 ,0.0918099 ,41932 ,0.168703 ,0.282688 ,-0.241774 ,
0.125645 ,0.0918111 ,41926 ,0.168718 ,0.283081 ,-0.241518 ,
0.125655 ,0.0918292 ,41929 ,0.168682 ,0.283073 ,-0.241456 ,
0.125639 ,0.0918279 ,41925 ,0.168743 ,0.282758 ,-0.241597 ,
0.12563 ,0.0918314 ,41935 ,0.168688 ,0.282788 ,-0.241467 ,
0.125632 ,0.0918388 ,41933 ,0.16865 ,0.282844 ,-0.241567 ,
0.125646 ,0.0918421 ,41937 ,0.168666 ,0.283178 ,-0.241141 ,
0.125629 ,0.0918307 ,41931 ,0.168616 ,0.282952 ,-0.242108 ,
0.125617 ,0.0918476 ,41939 ,0.1686 ,0.282902 ,-0.241412 ,
0.125623 ,0.0918685 ,41936 ,0.168478 ,0.283171 ,-0.241522 ,
0.125621 ,0.0918675 ,41943 ,0.16852 ,0.283039 ,-0.241555 ,
0.125597 ,0.091889 ,41939 ,0.168643 ,0.283273 ,-0.24151 ,
0.125589 ,0.0918884 ,41943 ,0.168473 ,0.283327 ,-0.241931 ,
0.125606 ,0.0918986 ,41943 ,0.168688 ,0.28306 ,-0.241319 ,
0.125592 ,0.0918978 ,41933 ,0.168592 ,0.283271 ,-0.241786 ,
0.125607 ,0.0918986 ,41940 ,0.168689 ,0.282974 ,-0.241573 ,
0.125592 ,0.0919093 ,41947 ,0.168581 ,0.283107 ,-0.241611 ,
0.125578 ,0.0919139 ,41934 ,0.16871 ,0.283364 ,-0.241555 ,
0.125557 ,0.0919279 ,41941 ,0.168797 ,0.283254 ,-0.24163 ,
0.125615 ,0.0919084 ,41934 ,0.168487 ,0.283581 ,-0.24141 ,
0.125599 ,0.0919147 ,41935 ,0.168449 ,0.2838 ,-0.241294 ,
0.125601 ,0.091926 ,41946 ,0.168439 ,0.283505 ,-0.241486 ,
0.125598 ,0.0919211 ,41919 ,0.168427 ,0.283688 ,-0.241665 ,
0.125586 ,0.0919211 ,41929 ,0.168538 ,0.283679 ,-0.241643 ,
0.125576 ,0.091919 ,41927 ,0.168671 ,0.283559 ,-0.241531 ,
0.125568 ,0.0919348 ,41934 ,0.168722 ,0.283349 ,-0.241474 ,
0.125583 ,0.0919391 ,41926 ,0.168682 ,0.283111 ,-0.241195 ,
0.125572 ,0.0919318 ,41942 ,0.168679 ,0.283203 ,-0.24143 ,
0.125589 ,0.0919285 ,41936 ,0.168532 ,0.28345 ,-0.241494 ,
0.125575 ,0.091924 ,41939 ,0.168518 ,0.283458 ,-0.241295 ,
0.125569 ,0.0919343 ,41942 ,0.168552 ,0.283668 ,-0.24143 ,
0.125586 ,0.0919403 ,41941 ,0.168512 ,0.283599 ,-0.241417 ,
0.125581 ,0.0919479 ,41948 ,0.168396 ,0.283368 ,-0.241256 ,
0.12556 ,0.0919551 ,41943 ,0.168361 ,0.283549 ,-0.241202 ,
0.125562 ,0.0919385 ,41931 ,0.16849 ,0.283619 ,-0.241533 ,
0.125551 ,0.0919642 ,41935 ,0.168576 ,0.283534 ,-0.241039 ,
0.125525 ,0.0919672 ,41938 ,0.168554 ,0.282964 ,-0.24165 ,
0.125524 ,0.0919693 ,41936 ,0.168389 ,0.283855 ,-0.241403 ,
0.125519 ,0.0919714 ,41945 ,0.168546 ,0.283732 ,-0.241411 ,
0.125513 ,0.0919715 ,41930 ,0.168747 ,0.283479 ,-0.24143 ,
0.125507 ,0.0919835 ,41932 ,0.168691 ,0.28291 ,-0.241217 ,
0.125514 ,0.0919705 ,41932 ,0.168578 ,0.283614 ,-0.241257 ,
0.1255 ,0.0919886 ,41936 ,0.168422 ,0.283455 ,-0.241343 ,
0.1255 ,0.0919855 ,41928 ,0.168538 ,0.2838 ,-0.241323 ,
0.125496 ,0.0919827 ,41920 ,0.168773 ,0.283206 ,-0.241311 ,
0.125519 ,0.0919811 ,41919 ,0.168617 ,0.283828 ,-0.240949 ,
0.125527 ,0.0919809 ,41931 ,0.168612 ,0.283462 ,-0.241124 ,
0.12554 ,0.0919944 ,41924 ,0.168502 ,0.28326 ,-0.240808 ,
0.125529 ,0.0919913 ,41932 ,0.168475 ,0.28366 ,-0.241081 ,
0.125541 ,0.0920002 ,41926 ,0.168466 ,0.283483 ,-0.24086 ,
0.125548 ,0.091997 ,41924 ,0.16832 ,0.283548 ,-0.241023 ,
0.12554 ,0.0920432 ,41941 ,0.168456 ,0.283255 ,-0.241276 ,
0.125551 ,0.0920691 ,41931 ,0.16844 ,0.282965 ,-0.241245 ,
0.12554 ,0.0920666 ,41941 ,0.168522 ,0.283206 ,-0.240956 ,
0.125551 ,0.0920786 ,41925 ,0.168505 ,0.283186 ,-0.241126 ,
0.125563 ,0.0920791 ,41945 ,0.168579 ,0.282557 ,-0.240967 ,
0.125559 ,0.0921104 ,41940 ,0.168572 ,0.282727 ,-0.240771 ,
0.125568 ,0.0921222 ,41945 ,0.16835 ,0.283116 ,-0.240546 ,
0.125558 ,0.092137 ,41945 ,0.168474 ,0.282783 ,-0.240653 ,
0.125576 ,0.0921287 ,41950 ,0.168314 ,0.282904 ,-0.240586 ,
0.125568 ,0.0921291 ,41951 ,0.168625 ,0.282783 ,-0.240503 ,
0.12556 ,0.0921342 ,41947 ,0.168568 ,0.282851 ,-0.240735 ,
0.125561 ,0.0921383 ,41940 ,0.168531 ,0.282668 ,-0.240747 ,
0.12558 ,0.0921292 ,41944 ,0.168454 ,0.282873 ,-0.240703 ,
0.125594 ,0.0921232 ,41945 ,0.168308 ,0.282771 ,-0.240727 ,
0.125591 ,0.0921341 ,41949 ,0.168517 ,0.282599 ,-0.240653 ,
0.125603 ,0.0921316 ,41953 ,0.168489 ,0.282859 ,-0.240941 ,
0.12561 ,0.092121 ,41949 ,0.168446 ,0.282997 ,-0.240952 ,
0.125625 ,0.0921196 ,41950 ,0.168278 ,0.283175 ,-0.240859 ,
0.125619 ,0.0921225 ,41944 ,0.168639 ,0.28286 ,-0.240598 ,
0.125613 ,0.0921114 ,41936 ,0.168377 ,0.282783 ,-0.240821 ,
0.125618 ,0.0921346 ,41943 ,0.168648 ,0.282566 ,-0.240595 ,
0.125612 ,0.0921186 ,41949 ,0.168409 ,0.28303 ,-0.240838 ,
0.12563 ,0.0921189 ,41949 ,0.168388 ,0.282424 ,-0.240666 ,
0.125624 ,0.0921077 ,41947 ,0.168495 ,0.282771 ,-0.24103 ,
0.125649 ,0.0921052 ,41953 ,0.168545 ,0.282602 ,-0.240692 ,
0.125644 ,0.0921085 ,41956 ,0.168442 ,0.282672 ,-0.240682 ,
0.12565 ,0.0921096 ,41948 ,0.16837 ,0.282626 ,-0.240494 ,
0.125648 ,0.0921133 ,41949 ,0.168648 ,0.282682 ,-0.240431 ,
0.125638 ,0.0921153 ,41948 ,0.168679 ,0.282804 ,-0.240535 ,
0.125642 ,0.0921118 ,41951 ,0.168606 ,0.282332 ,-0.240576 ,
0.125658 ,0.0920974 ,41939 ,0.168362 ,0.282971 ,-0.240771 ,
0.125645 ,0.0920972 ,41950 ,0.168595 ,0.282453 ,-0.240591 ,
0.125654 ,0.0921049 ,41938 ,0.168826 ,0.282404 ,-0.240414 ,
0.125659 ,0.0920984 ,41944 ,0.168557 ,0.282903 ,-0.240642 ,
0.12567 ,0.0920801 ,41941 ,0.168319 ,0.283033 ,-0.24077 ,
0.125661 ,0.092102 ,41946 ,0.168488 ,0.283039 ,-0.240745 ,
0.12565 ,0.0920979 ,41940 ,0.168692 ,0.282542 ,-0.240492 ,
0.125671 ,0.0920819 ,41945 ,0.168377 ,0.282904 ,-0.240941 ,
0.125655 ,0.092084 ,41941 ,0.168548 ,0.28245 ,-0.240594 ,
0.125663 ,0.0920909 ,41926 ,0.168581 ,0.282658 ,-0.240488 ,
0.125671 ,0.0920792 ,41941 ,0.168661 ,0.282568 ,-0.240302 ,
0.125659 ,0.0920868 ,41932 ,0.1687 ,0.282522 ,-0.240608 ,
0.125665 ,0.0920973 ,41938 ,0.168792 ,0.28246 ,-0.240517 ,
0.12568 ,0.0920742 ,41927 ,0.168584 ,0.282868 ,-0.240592 ,
0.125667 ,0.0920906 ,41929 ,0.168603 ,0.282851 ,-0.240514 ,
0.125657 ,0.092089 ,41933 ,0.168846 ,0.282198 ,-0.240494 ,
0.12567 ,0.0920765 ,41923 ,0.168498 ,0.282836 ,-0.240444 ,
0.125669 ,0.0920782 ,41930 ,0.168627 ,0.282485 ,-0.24044 ,
0.125666 ,0.0920719 ,41934 ,0.168569 ,0.282658 ,-0.240702 ,
0.125666 ,0.0920831 ,41915 ,0.168837 ,0.282521 ,-0.240836 ,
0.125666 ,0.0921015 ,41932 ,0.168601 ,0.282404 ,-0.240609 ,
0.125691 ,0.0921079 ,41926 ,0.168627 ,0.282556 ,-0.240248 ,
0.125689 ,0.0921271 ,41929 ,0.168686 ,0.282438 ,-0.240301 ,
0.125668 ,0.0921408 ,41932 ,0.168737 ,0.282584 ,-0.240529 ,
0.125702 ,0.0921564 ,41928 ,0.168635 ,0.282481 ,-0.240332 ,
0.125693 ,0.0921808 ,41940 ,0.168701 ,0.28234 ,-0.24065 ,
0.12571 ,0.0922145 ,41939 ,0.168766 ,0.282365 ,-0.240457 ,
0.125715 ,0.0922275 ,41958 ,0.168642 ,0.282412 ,-0.240275 ,
0.125721 ,0.0922591 ,41953 ,0.168758 ,0.282421 ,-0.240852 ,
0.125725 ,0.0922803 ,41940 ,0.168762 ,0.282501 ,-0.240827 ,
0.125745 ,0.0922963 ,41945 ,0.168426 ,0.282792 ,-0.240804 ,
0.125737 ,0.0923076 ,41951 ,0.168584 ,0.282678 ,-0.240852 ,
0.125744 ,0.0923266 ,41946 ,0.168698 ,0.282666 ,-0.24061 ,
0.125751 ,0.0923134 ,41934 ,0.168685 ,0.282821 ,-0.240472 ,
0.125764 ,0.092309 ,41947 ,0.168619 ,0.282831 ,-0.24079 ,
0.125758 ,0.0923242 ,41953 ,0.168383 ,0.28279 ,-0.240557 ,
0.125752 ,0.0923126 ,41950 ,0.168604 ,0.282944 ,-0.240861 ,
0.125767 ,0.0923183 ,41946 ,0.168652 ,0.282848 ,-0.240543 ,
0.125765 ,0.0923215 ,41964 ,0.168514 ,0.282376 ,-0.24068 ,
0.125768 ,0.0923111 ,41961 ,0.168511 ,0.282897 ,-0.240445 ,
0.125794 ,0.0923162 ,41945 ,0.168582 ,0.282807 ,-0.240182 ,
0.125775 ,0.0923176 ,41952 ,0.168603 ,0.282819 ,-0.240515 ,
0.125784 ,0.0923161 ,41947 ,0.168598 ,0.28262 ,-0.239984 ,
0.125769 ,0.0923086 ,41963 ,0.168628 ,0.282401 ,-0.24058 ,
0.125771 ,0.0923175 ,41978 ,0.168407 ,0.282394 ,-0.240298 ,
0.125798 ,0.0923037 ,41956 ,0.16831 ,0.283042 ,-0.239986 ,
0.125766 ,0.0923174 ,41954 ,0.168687 ,0.282594 ,-0.24043 ,
0.125771 ,0.09229 ,41945 ,0.168618 ,0.282903 ,-0.240558 ,
0.125739 ,0.0922984 ,41960 ,0.168794 ,0.282348 ,-0.240511 ,
0.125769 ,0.0923016 ,41938 ,0.168718 ,0.282795 ,-0.240204 ,
0.12575 ,0.0922942 ,41942 ,0.16848 ,0.28286 ,-0.24037 ,
0.125751 ,0.0922824 ,41944 ,0.16858 ,0.282632 ,-0.240317 ,
0.125736 ,0.0922774 ,41938 ,0.168645 ,0.282625 ,-0.240331 ,
0.125718 ,0.0922377 ,41943 ,0.168414 ,0.282763 ,-0.240587 ,
0.125696 ,0.0922227 ,41940 ,0.168886 ,0.282356 ,-0.240402 ,
0.125711 ,0.0922004 ,41945 ,0.168641 ,0.2824 ,-0.240433 ,
0.125717 ,0.0922037 ,41949 ,0.168597 ,0.282366 ,-0.240421 ,
0.125721 ,0.0922018 ,41948 ,0.168673 ,0.282575 ,-0.240062 ,
0.125732 ,0.0922182 ,41973 ,0.168462 ,0.282582 ,-0.239759 ,
0.125762 ,0.0922386 ,41980 ,0.168264 ,0.282483 ,-0.239249 ,
0.125743 ,0.0922201 ,41985 ,0.168131 ,0.282981 ,-0.239708 ,
0.125751 ,0.0922325 ,41988 ,0.1681 ,0.282565 ,-0.239637 ,
0.125774 ,0.0922505 ,42010 ,0.168056 ,0.282358 ,-0.239004 ,
0.12578 ,0.0922547 ,42016 ,0.167988 ,0.282502 ,-0.238678 ,
0.125781 ,0.0922543 ,42013 ,0.168074 ,0.282649 ,-0.238586 ,
0.125791 ,0.092226 ,42027 ,0.167879 ,0.282625 ,-0.238274 ,
0.125809 ,0.092212 ,42020 ,0.167804 ,0.282952 ,-0.238083 ,
0.125794 ,0.0921866 ,42017 ,0.167817 ,0.282896 ,-0.238104 ,
0.125798 ,0.092145 ,42014 ,0.167785 ,0.283086 ,-0.237989 ,
0.125776 ,0.0921083 ,42007 ,0.167841 ,0.283014 ,-0.238033 ,
0.125769 ,0.0921088 ,42021 ,0.167637 ,0.283257 ,-0.238425 ,
0.12577 ,0.0920925 ,42017 ,0.167409 ,0.283634 ,-0.238587 ,
0.125836 ,0.0921188 ,42000 ,0.167777 ,0.283097 ,-0.238566 ,
0.125802 ,0.0920533 ,41996 ,0.167768 ,0.283115 ,-0.238661 ,
0.125834 ,0.0919407 ,42006 ,0.16777 ,0.283324 ,-0.238632 ,
0.125882 ,0.0917511 ,41991 ,0.167939 ,0.283449 ,-0.239096 ,
0.125905 ,0.0916055 ,41984 ,0.167977 ,0.282965 ,-0.238427 ,
0.125497 ,0.0916088 ,41926 ,0.167943 ,0.28273 ,-0.238529 ,
0.125434 ,0.0915963 ,41797 ,0.167915 ,0.28266 ,-0.238865 ,
0.125543 ,0.0918387 ,41653 ,0.167879 ,0.28337 ,-0.238907 ,
0.12531 ,0.0915257 ,41433 ,0.168344 ,0.282715 ,-0.238592 ,
0.12526 ,0.0923852 ,41131 ,0.167896 ,0.284137 ,-0.239393 ,
0.125309 ,0.0912743 ,40446 ,0.168104 ,0.283637 ,-0.239252 ,
0.125439 ,0.0913524 ,40055 ,0.168132 ,0.284861 ,-0.239356 ,
0.125716 ,0.091731 ,39662 ,0.168677 ,0.284375 ,-0.239528 ,
0.125746 ,0.0916837 ,39246 ,0.168262 ,0.285551 ,-0.239369 ,
0.125778 ,0.0921064 ,38836 ,0.16839 ,0.285373 ,-0.239817 ,
0.126119 ,0.092313 ,38063 ,0.168625 ,0.286596 ,-0.239905 ,
0.12603 ,0.0915354 ,37707 ,0.168589 ,0.286787 ,-0.239871 ,
0.126374 ,0.0917948 ,37385 ,0.168987 ,0.287067 ,-0.239309 ,
0.126585 ,0.0917263 ,37046 ,0.168502 ,0.288608 ,-0.240348 ,
0.126487 ,0.0914894 ,36742 ,0.168831 ,0.289025 ,-0.240345 ,
0.126592 ,0.0916719 ,36187 ,0.169126 ,0.288963 ,-0.240128 ,
0.126776 ,0.0918123 ,35962 ,0.16962 ,0.288695 ,-0.2404 ,
0.126818 ,0.0916473 ,35739 ,0.169258 ,0.289833 ,-0.240545 ,
0.126921 ,0.092159 ,35509 ,0.169104 ,0.289538 ,-0.240838 ,
0.127044 ,0.0924263 ,35299 ,0.16978 ,0.289376 ,-0.239833 ,
0.126797 ,0.0918924 ,34924 ,0.169407 ,0.290337 ,-0.239748 ,
0.126785 ,0.0920343 ,34739 ,0.169892 ,0.290663 ,-0.240027 ,
0.12667 ,0.0912367 ,34620 ,0.170022 ,0.290636 ,-0.240013 ,
0.126815 ,0.091689 ,34471 ,0.169971 ,0.290979 ,-0.239909 ,
0.126783 ,0.0918142 ,34348 ,0.169449 ,0.291066 ,-0.240658 ,
0.126648 ,0.0918148 ,34109 ,0.169238 ,0.292189 ,-0.240519 ,
0.126655 ,0.091463 ,33988 ,0.169834 ,0.291821 ,-0.241167 ,
0.12666 ,0.0918002 ,33891 ,0.170223 ,0.290816 ,-0.239921 ,
0.126634 ,0.0921918 ,33799 ,0.169812 ,0.292388 ,-0.240386 ,
0.126567 ,0.0923737 ,33734 ,0.17003 ,0.290912 ,-0.23993 ,
0.126604 ,0.0922834 ,33562 ,0.17052 ,0.291115 ,-0.239369 ,
0.126612 ,0.0927095 ,33535 ,0.169616 ,0.292674 ,-0.240486 ,
0.126506 ,0.0924578 ,33472 ,0.17059 ,0.291256 ,-0.239408 ,
0.126418 ,0.092596 ,33407 ,0.170417 ,0.29156 ,-0.240205 ,
0.126327 ,0.0922953 ,33341 ,0.170309 ,0.290898 ,-0.239239 ,
0.126445 ,0.0927827 ,33200 ,0.170168 ,0.292011 ,-0.239927 ,
0.126503 ,0.0925344 ,33176 ,0.169954 ,0.292638 ,-0.240153 ,
0.12639 ,0.0925715 ,33121 ,0.16996 ,0.292875 ,-0.240222 ,
0.126242 ,0.0931688 ,33021 ,0.170394 ,0.291983 ,-0.239839 ,
0.126102 ,0.0929566 ,33002 ,0.170174 ,0.291347 ,-0.239047 ,
0.126148 ,0.0950988 ,32914 ,0.16992 ,0.292123 ,-0.239086 ,
0.126346 ,0.0957861 ,32910 ,0.170304 ,0.291805 ,-0.239006 ,
0.126445 ,0.0956806 ,32931 ,0.170418 ,0.290942 ,-0.238604 ,
0.126493 ,0.0948554 ,33037 ,0.170037 ,0.2915 ,-0.239308 ,
0.126796 ,0.0944265 ,33545 ,0.17 ,0.291213 ,-0.239901 ,
0.126567 ,0.0933843 ,33913 ,0.169357 ,0.29299 ,-0.239444 ,
0.126515 ,0.0931032 ,34400 ,0.170292 ,0.29087 ,-0.242669 ,
0.126683 ,0.093249 ,34985 ,0.1706 ,0.2902 ,-0.242973 ,
0.126421 ,0.0931418 ,35668 ,0.170294 ,0.28918 ,-0.242562 ,
0.126292 ,0.0920666 ,36944 ,0.16931 ,0.288611 ,-0.244055 ,
0.126125 ,0.0926091 ,37533 ,0.169429 ,0.287774 ,-0.243466 ,
0.126007 ,0.092885 ,38144 ,0.169453 ,0.286847 ,-0.243579 ,
0.125994 ,0.0922553 ,38682 ,0.169892 ,0.285726 ,-0.243696 ,
0.1256 ,0.0920372 ,39229 ,0.169148 ,0.284914 ,-0.243289 ,
0.125337 ,0.0920827 ,40127 ,0.16915 ,0.285033 ,-0.243742 ,
0.12526 ,0.0925045 ,40408 ,0.168843 ,0.285127 ,-0.244202 ,
0.125183 ,0.0924313 ,40737 ,0.168868 ,0.284044 ,-0.243074 ,
0.125121 ,0.0918407 ,41069 ,0.168674 ,0.283612 ,-0.243255 ,
0.125144 ,0.0919885 ,41275 ,0.168279 ,0.284587 ,-0.244003 ,
0.124809 ,0.0913155 ,41610 ,0.168884 ,0.283133 ,-0.242724 ,
0.124742 ,0.0912227 ,41722 ,0.168534 ,0.283576 ,-0.243313 ,
0.124769 ,0.0919419 ,41772 ,0.16852 ,0.283549 ,-0.243394 ,
0.124774 ,0.092059 ,41884 ,0.168356 ,0.283901 ,-0.243405 ,
0.124682 ,0.0913199 ,41953 ,0.168557 ,0.282683 ,-0.243125 ,
0.124666 ,0.0920214 ,41995 ,0.169097 ,0.282808 ,-0.242676 ,
0.124599 ,0.0916401 ,42036 ,0.168352 ,0.283548 ,-0.243161 ,
0.124555 ,0.0914318 ,42015 ,0.169103 ,0.282685 ,-0.242621 ,
0.12458 ,0.0914689 ,42033 ,0.168881 ,0.282781 ,-0.242617 ,
0.124624 ,0.0915786 ,42049 ,0.168375 ,0.28378 ,-0.243106 ,
0.124569 ,0.0916239 ,42042 ,0.168472 ,0.283779 ,-0.243132 ,
0.124573 ,0.0916184 ,42047 ,0.168552 ,0.283508 ,-0.242879 ,
0.124677 ,0.0916267 ,42065 ,0.168397 ,0.282663 ,-0.24294 ,
0.124757 ,0.091647 ,42047 ,0.168397 ,0.282264 ,-0.242481 ,
0.124757 ,0.0916605 ,42052 ,0.168668 ,0.282534 ,-0.242386 ,
0.124857 ,0.0917043 ,42036 ,0.168669 ,0.282498 ,-0.242409 ,
0.124936 ,0.0916915 ,42009 ,0.168975 ,0.282243 ,-0.242295 ,
0.124932 ,0.0917042 ,42002 ,0.168985 ,0.282551 ,-0.242531 ,
0.124988 ,0.0918835 ,42000 ,0.168648 ,0.283551 ,-0.242597 ,
0.125052 ,0.0921055 ,42000 ,0.16847 ,0.282479 ,-0.241937 ,
0.1251 ,0.0919303 ,42003 ,0.168242 ,0.283176 ,-0.242564 ,
0.125098 ,0.091866 ,42002 ,0.16804 ,0.283607 ,-0.242637 ,
0.125109 ,0.0919563 ,41987 ,0.168438 ,0.282965 ,-0.242572 ,
0.125265 ,0.0922196 ,41968 ,0.168672 ,0.282654 ,-0.242092 ,
0.125278 ,0.0921946 ,41942 ,0.169034 ,0.283 ,-0.242109 ,
0.125221 ,0.0920064 ,41963 ,0.168824 ,0.282373 ,-0.24198 ,
0.125262 ,0.0920523 ,41948 ,0.168726 ,0.282592 ,-0.242004 ,
0.125312 ,0.0920177 ,41952 ,0.168521 ,0.282454 ,-0.242022 ,
0.125347 ,0.0919568 ,41946 ,0.168835 ,0.282365 ,-0.242284 ,
0.125322 ,0.0919373 ,41950 ,0.168764 ,0.282237 ,-0.242031 ,
0.125346 ,0.0919364 ,41947 ,0.168543 ,0.282407 ,-0.242399 ,
