-0.184733 ,-0.0582785 ,15387 ,0.00486336 ,-0.0134242 ,0.265942 ,
-0.184734 ,-0.058272 ,15396 ,0.00500313 ,-0.0135731 ,0.265843 ,
-0.184729 ,-0.0582754 ,15401 ,0.00489975 ,-0.0136379 ,0.266058 ,
-0.184728 ,-0.058265 ,15389 ,0.00495908 ,-0.0136596 ,0.266064 ,
-0.184749 ,-0.0582735 ,15392 ,0.00494987 ,-0.0138403 ,0.265967 ,
-0.184749 ,-0.0582766 ,15387 ,0.0049689 ,-0.0135071 ,0.265749 ,
-0.18016 ,-0.055692 ,13375 ,0.00798354 ,-0.00421759 ,0.26787 ,
-0.163251 ,-0.0502792 ,10521 ,0.00259997 ,-0.00373924 ,0.272543 ,
-0.156308 ,-0.0528956 ,11641 ,0.00806165 ,-0.0101374 ,0.249967 ,
-0.153699 ,-0.0484408 ,10572 ,0.0095696 ,-0.00467268 ,0.249498 ,
-0.142892 ,-0.0436364 ,8474 ,0.00408122 ,-0.00456483 ,0.255055 ,
-0.13169 ,-0.0425421 ,8313 ,0.00492858 ,-0.0101911 ,0.239606 ,
-0.118894 ,-0.0368514 ,6915 ,0.00693382 ,-0.0079441 ,0.233898 ,
-0.11552 ,-0.0363512 ,7290 ,0.00785536 ,-0.0116416 ,0.227741 ,
-0.110333 ,-0.0338132 ,5345 ,0.00806249 ,-0.00226425 ,0.228545 ,
-0.100297 ,-0.0324111 ,4737 ,0.00773086 ,-0.00852573 ,0.220733 ,
-0.0944225 ,-0.0306421 ,4840 ,0.00942896 ,-0.00985838 ,0.212896 ,
-0.0844564 ,-0.0246706 ,3406 ,0.00894361 ,-0.007949 ,0.206225 ,
-0.0789143 ,-0.0247676 ,3237 ,0.00935707 ,-0.0100523 ,0.200849 ,
-0.0744769 ,-0.0220539 ,2814 ,0.0117601 ,-0.00695551 ,0.195348 ,
-0.0695476 ,-0.0190989 ,2246 ,0.0109886 ,-0.00616942 ,0.193598 ,
-0.0636498 ,-0.0185677 ,1994 ,0.0104997 ,-0.00713511 ,0.190007 ,
-0.0554566 ,-0.0148286 ,1320 ,0.0116827 ,-0.00244575 ,0.184368 ,
-0.0512836 ,-0.0132424 ,1150 ,0.0102488 ,-0.00323323 ,0.184084 ,
-0.0472363 ,-0.0129009 ,985 ,0.0106655 ,-0.00298547 ,0.180765 ,
-0.0442094 ,-0.0105145 ,689 ,0.0114135 ,-0.00282382 ,0.176393 ,
-0.0412083 ,-0.00845473 ,610 ,0.0108811 ,-0.00770849 ,0.1704 ,
-0.0354073 ,-0.00698533 ,530 ,0.0140506 ,-0.00980636 ,0.156328 ,
-0.0330613 ,-0.0051634 ,434 ,0.014497 ,-0.0101305 ,0.153196 ,
-0.0302816 ,-0.00387791 ,372 ,0.0142583 ,-0.0105841 ,0.151269 ,
-0.0277064 ,-0.00287888 ,295 ,0.0145575 ,-0.0101956 ,0.147022 ,
-0.0257275 ,-0.00120844 ,215 ,0.014336 ,-0.0104529 ,0.143886 ,
-0.0207169 ,0.00104043 ,197 ,0.0147048 ,-0.011676 ,0.137977 ,
-0.0190072 ,0.00142046 ,147 ,0.0152888 ,-0.0117433 ,0.134998 ,
-0.0172566 ,0.00256419 ,100 ,0.0154636 ,-0.0113528 ,0.132043 ,
-0.0149175 ,0.0036238 ,101 ,0.0153752 ,-0.0121218 ,0.128957 ,
-0.0135555 ,0.00409699 ,77 ,0.0153651 ,-0.0129368 ,0.126063 ,
-0.0105003 ,0.00611132 ,78 ,0.0158132 ,-0.0134357 ,0.121 ,
-0.00932329 ,0.00636352 ,63 ,0.0159647 ,-0.0127266 ,0.118574 ,
-0.00837971 ,0.00706912 ,52 ,0.015948 ,-0.0132574 ,0.116233 ,
-0.00728205 ,0.00804843 ,70 ,0.016029 ,-0.0130306 ,0.113806 ,
-0.00612897 ,0.00845294 ,80 ,0.0162063 ,-0.0134769 ,0.111237 ,
-0.0042765 ,0.00970188 ,103 ,0.0162829 ,-0.0140759 ,0.105956 ,
-0.00348166 ,0.0103884 ,125 ,0.0165977 ,-0.0145613 ,0.104456 ,
-0.00282144 ,0.0103276 ,99 ,0.0166042 ,-0.0141713 ,0.101947 ,
-0.00214747 ,0.0108265 ,128 ,0.0169971 ,-0.0148531 ,0.100319 ,
-0.00134559 ,0.0114529 ,144 ,0.0166957 ,-0.0146092 ,0.0976832 ,
-0.000167594 ,0.0115157 ,142 ,0.0168388 ,-0.0144658 ,0.0933095 ,
0.000336419 ,0.0118728 ,173 ,0.0167726 ,-0.0146449 ,0.091018 ,
0.000774211 ,0.0118116 ,179 ,0.0169486 ,-0.0154808 ,0.0894251 ,
0.00125842 ,0.011459 ,156 ,0.0171214 ,-0.0152771 ,0.087651 ,
0.00181594 ,0.0116804 ,177 ,0.0169487 ,-0.0151703 ,0.0851108 ,
0.00266929 ,0.0116773 ,186 ,0.0174505 ,-0.0154906 ,0.0815995 ,
0.00310167 ,0.0118056 ,201 ,0.0175688 ,-0.0158072 ,0.0797173 ,
0.0032099 ,0.0118862 ,206 ,0.0175657 ,-0.0159854 ,0.0781418 ,
0.00375148 ,0.0118877 ,209 ,0.0172355 ,-0.0154088 ,0.0764241 ,
0.00414928 ,0.0117514 ,210 ,0.0171762 ,-0.0156292 ,0.0737714 ,
0.00462476 ,0.0118601 ,226 ,0.0173475 ,-0.0155892 ,0.0711118 ,
0.00488328 ,0.0114439 ,203 ,0.017823 ,-0.0161884 ,0.0695366 ,
0.00507892 ,0.0114456 ,234 ,0.0177843 ,-0.0160423 ,0.0682898 ,
0.00540591 ,0.0116958 ,220 ,0.0174309 ,-0.0159976 ,0.0660626 ,
0.0056595 ,0.011442 ,234 ,0.0175427 ,-0.0155301 ,0.0650666 ,
0.00599975 ,0.0112101 ,238 ,0.0175031 ,-0.0158881 ,0.0620495 ,
0.0061153 ,0.0114117 ,236 ,0.0175998 ,-0.0159028 ,0.0598983 ,
0.00603497 ,0.0107276 ,237 ,0.0178688 ,-0.016087 ,0.0596774 ,
0.00646093 ,0.0108517 ,223 ,0.0176551 ,-0.0158865 ,0.0559137 ,
0.00634636 ,0.0105714 ,231 ,0.0176308 ,-0.0161589 ,0.0553828 ,
0.00643852 ,0.0105945 ,232 ,0.0177045 ,-0.0165558 ,0.0542947 ,
0.00643176 ,0.0106399 ,225 ,0.0180088 ,-0.0167246 ,0.0534651 ,
0.00640634 ,0.0105684 ,213 ,0.0180572 ,-0.0162589 ,0.0529454 ,
0.00638797 ,0.0103127 ,229 ,0.0180133 ,-0.01685 ,0.0507887 ,
0.00643964 ,0.0103077 ,213 ,0.0180095 ,-0.0159617 ,0.0503488 ,
0.00637596 ,0.0100181 ,209 ,0.0183277 ,-0.0165158 ,0.0478056 ,
0.00643152 ,0.00999942 ,203 ,0.0182469 ,-0.0164057 ,0.0468284 ,
0.00651216 ,0.00979097 ,201 ,0.0179837 ,-0.0158796 ,0.0458743 ,
0.00624124 ,0.00950869 ,196 ,0.0179996 ,-0.016058 ,0.0454853 ,
0.00629543 ,0.00954681 ,217 ,0.0180466 ,-0.0159679 ,0.0425513 ,
0.00616621 ,0.00920819 ,219 ,0.0179898 ,-0.0164057 ,0.0416927 ,
0.00599429 ,0.00875919 ,216 ,0.0184506 ,-0.0165669 ,0.0413741 ,
0.00601177 ,0.00887336 ,231 ,0.0185189 ,-0.0169848 ,0.039989 ,
0.00608363 ,0.00900156 ,222 ,0.0187169 ,-0.0171391 ,0.0393947 ,
0.00573865 ,0.00826075 ,213 ,0.0184116 ,-0.0160226 ,0.0372648 ,
0.00582815 ,0.00819103 ,216 ,0.018078 ,-0.0156162 ,0.0363214 ,
0.00567765 ,0.00823383 ,191 ,0.0186115 ,-0.0161635 ,0.0359932 ,
0.00554563 ,0.00823113 ,205 ,0.0185417 ,-0.0167024 ,0.0351995 ,
0.00551626 ,0.00778411 ,200 ,0.0182673 ,-0.0161216 ,0.034447 ,
0.00527742 ,0.00755502 ,183 ,0.0185155 ,-0.0166557 ,0.0326742 ,
0.0052624 ,0.00756765 ,172 ,0.0185092 ,-0.0165074 ,0.031776 ,
0.00511254 ,0.0073288 ,186 ,0.0185529 ,-0.0169269 ,0.0313935 ,
0.00491655 ,0.00712775 ,174 ,0.0183076 ,-0.0164641 ,0.0304677 ,
0.00490899 ,0.00686969 ,188 ,0.0185327 ,-0.0167316 ,0.0298042 ,
0.00492148 ,0.00652657 ,175 ,0.0184183 ,-0.0166107 ,0.0283013 ,
0.00482068 ,0.00638489 ,182 ,0.0183415 ,-0.0168119 ,0.0278247 ,
0.00480006 ,0.00626163 ,164 ,0.0185462 ,-0.016697 ,0.0269568 ,
0.00468701 ,0.00621033 ,167 ,0.0185055 ,-0.0167464 ,0.0267869 ,
0.00455641 ,0.00615128 ,162 ,0.0185186 ,-0.0165702 ,0.0269068 ,
0.00444658 ,0.00592518 ,158 ,0.0184163 ,-0.0165195 ,0.0248976 ,
0.0043255 ,0.00587727 ,163 ,0.0185425 ,-0.0171172 ,0.0245953 ,
0.00431356 ,0.00579444 ,144 ,0.0184684 ,-0.0165176 ,0.0240097 ,
0.00426995 ,0.00571557 ,138 ,0.0185353 ,-0.0169576 ,0.023716 ,
0.00417122 ,0.00562623 ,146 ,0.0184812 ,-0.0166923 ,0.0229902 ,
0.00411787 ,0.00536064 ,122 ,0.0188212 ,-0.0169077 ,0.0223619 ,
0.00401573 ,0.00524589 ,128 ,0.0183098 ,-0.0169208 ,0.0216567 ,
0.00395507 ,0.00512864 ,113 ,0.018368 ,-0.0161754 ,0.0211694 ,
0.00390465 ,0.00507827 ,102 ,0.0186241 ,-0.016731 ,0.0209064 ,
0.00393086 ,0.00505573 ,105 ,0.0187036 ,-0.0170604 ,0.0203959 ,
0.00378029 ,0.00488343 ,103 ,0.0185239 ,-0.0166628 ,0.0188558 ,
0.00374016 ,0.00484134 ,95 ,0.0184469 ,-0.016515 ,0.018979 ,
0.00366548 ,0.00483384 ,95 ,0.0182786 ,-0.0164 ,0.0184965 ,
0.00370678 ,0.00477211 ,98 ,0.0183155 ,-0.01622 ,0.0181642 ,
0.00355089 ,0.00472868 ,85 ,0.0187792 ,-0.0166454 ,0.0179488 ,
0.00351254 ,0.0046367 ,93 ,0.0187489 ,-0.0168963 ,0.0171005 ,
0.00346571 ,0.00454064 ,86 ,0.0187721 ,-0.0165485 ,0.0171894 ,
0.00334344 ,0.00448526 ,98 ,0.0185815 ,-0.0172197 ,0.0165862 ,
0.00335639 ,0.00444625 ,85 ,0.0186159 ,-0.0169586 ,0.015979 ,
0.00328567 ,0.00436104 ,82 ,0.0186796 ,-0.0169874 ,0.0157439 ,
0.00306847 ,0.00429946 ,74 ,0.0187681 ,-0.0166867 ,0.0150421 ,
0.00309629 ,0.00421556 ,74 ,0.018678 ,-0.0164961 ,0.0148829 ,
0.00301451 ,0.00414501 ,74 ,0.0185057 ,-0.016725 ,0.0144593 ,
0.00289017 ,0.00415783 ,67 ,0.0185667 ,-0.0166016 ,0.0140046 ,
0.00290889 ,0.00405663 ,58 ,0.0184119 ,-0.0165486 ,0.0137686 ,
0.00282994 ,0.00399422 ,50 ,0.0188849 ,-0.0169534 ,0.013637 ,
0.00279605 ,0.00398219 ,50 ,0.0186535 ,-0.0167172 ,0.013204 ,
0.00281453 ,0.00391242 ,53 ,0.0187707 ,-0.0168298 ,0.0127239 ,
0.00278774 ,0.00383385 ,54 ,0.0186854 ,-0.0168525 ,0.0121943 ,
0.00267824 ,0.00385913 ,53 ,0.0185177 ,-0.0166723 ,0.0122001 ,
0.00278793 ,0.00370733 ,49 ,0.0186301 ,-0.0167735 ,0.0109085 ,
0.00269357 ,0.00366509 ,43 ,0.0186792 ,-0.0162766 ,0.0112269 ,
0.00258642 ,0.00368345 ,55 ,0.0187488 ,-0.0166006 ,0.0111049 ,
0.00263774 ,0.00363187 ,49 ,0.0188229 ,-0.0170117 ,0.010812 ,
0.00246872 ,0.00355459 ,59 ,0.0185511 ,-0.0167582 ,0.0102332 ,
0.0024545 ,0.00354226 ,59 ,0.0187355 ,-0.0167313 ,0.0104367 ,
0.00245556 ,0.00352151 ,63 ,0.018613 ,-0.0168892 ,0.00993428 ,
0.00237423 ,0.00347124 ,67 ,0.0185622 ,-0.016434 ,0.0092417 ,
0.00229382 ,0.00337997 ,51 ,0.0189451 ,-0.0169778 ,0.00918469 ,
0.00221809 ,0.00317152 ,45 ,0.0189478 ,-0.0167847 ,0.00940893 ,
0.00219021 ,0.00308652 ,51 ,0.018849 ,-0.0170069 ,0.00921571 ,
0.00211331 ,0.00294778 ,65 ,0.0186911 ,-0.0165638 ,0.00901556 ,
0.00207225 ,0.00282579 ,51 ,0.0189438 ,-0.0167544 ,0.00885686 ,
0.00214092 ,0.00274575 ,50 ,0.0188483 ,-0.0167247 ,0.0086358 ,
0.00195029 ,0.00260986 ,56 ,0.0186556 ,-0.0164533 ,0.0084085 ,
0.00200312 ,0.00246296 ,61 ,0.0184928 ,-0.0168918 ,0.00815878 ,
0.00191121 ,0.00237269 ,44 ,0.0187957 ,-0.0167925 ,0.00826045 ,
0.00183725 ,0.0022597 ,55 ,0.0186298 ,-0.0171888 ,0.00800079 ,
0.00182009 ,0.00213702 ,64 ,0.0188084 ,-0.0175516 ,0.0075149 ,
0.00170625 ,0.00188272 ,64 ,0.0190713 ,-0.0174244 ,0.00746905 ,
0.00171772 ,0.0018469 ,50 ,0.0189589 ,-0.0169157 ,0.00731462 ,
0.00169333 ,0.00183191 ,51 ,0.0190235 ,-0.0175497 ,0.00723602 ,
0.00170424 ,0.00176588 ,50 ,0.0189052 ,-0.0173475 ,0.00674003 ,
0.00164393 ,0.00173826 ,36 ,0.0191261 ,-0.0171192 ,0.00629178 ,
0.00167729 ,0.00167633 ,49 ,0.0188529 ,-0.0177872 ,0.00634435 ,
0.00160814 ,0.00163596 ,20 ,0.0188595 ,-0.0171594 ,0.00644335 ,
0.00158348 ,0.00160717 ,38 ,0.0188085 ,-0.0168849 ,0.00635121 ,
0.00160675 ,0.00157553 ,38 ,0.0187009 ,-0.0171401 ,0.00592864 ,
0.00164206 ,0.00156714 ,36 ,0.0185603 ,-0.0170445 ,0.0056712 ,
0.0014645 ,0.00154068 ,26 ,0.0187133 ,-0.016825 ,0.00577027 ,
0.0015656 ,0.00147051 ,25 ,0.0188448 ,-0.016623 ,0.00537409 ,
0.00159417 ,0.0014558 ,20 ,0.0186137 ,-0.0166797 ,0.0051706 ,
0.00147549 ,0.00147905 ,26 ,0.018713 ,-0.0166016 ,0.00527781 ,
0.00145162 ,0.0014654 ,24 ,0.018822 ,-0.0166152 ,0.00475516 ,
0.00143092 ,0.00139554 ,22 ,0.0188848 ,-0.0169405 ,0.00463114 ,
0.00137145 ,0.00140279 ,23 ,0.0188017 ,-0.0173636 ,0.00447246 ,
0.00143631 ,0.00139792 ,29 ,0.0187604 ,-0.0171245 ,0.00452785 ,
0.00148493 ,0.00136279 ,26 ,0.0187162 ,-0.0169889 ,0.00461825 ,
0.00132214 ,0.0013721 ,28 ,0.0187048 ,-0.0170857 ,0.00456397 ,
0.00138373 ,0.00133209 ,19 ,0.018874 ,-0.0168163 ,0.00413511 ,
0.00138991 ,0.00130707 ,26 ,0.0187208 ,-0.0169378 ,0.00383327 ,
0.00127746 ,0.00128424 ,24 ,0.0186897 ,-0.0168215 ,0.00383091 ,
0.00127385 ,0.00125731 ,35 ,0.0187878 ,-0.0171823 ,0.00425906 ,
0.00131369 ,0.00120659 ,29 ,0.0189018 ,-0.0171088 ,0.00396281 ,
0.00125599 ,0.0011405 ,38 ,0.0184767 ,-0.0166112 ,0.00388079 ,
0.00123144 ,0.00113106 ,42 ,0.0187153 ,-0.0173055 ,0.00378264 ,
0.00127515 ,0.00107121 ,48 ,0.0186653 ,-0.0168996 ,0.00333877 ,
0.00127552 ,0.00104482 ,28 ,0.0187717 ,-0.0170765 ,0.00374795 ,
0.00118221 ,0.00103273 ,22 ,0.018845 ,-0.0170021 ,0.00354232 ,
0.00126821 ,0.000959337 ,25 ,0.0187736 ,-0.0169763 ,0.00357449 ,
0.00123639 ,0.000917747 ,25 ,0.0187755 ,-0.0169168 ,0.00327742 ,
0.00116923 ,0.000879101 ,36 ,0.0185628 ,-0.0166105 ,0.00266737 ,
0.00120097 ,0.000860319 ,25 ,0.0188219 ,-0.0174267 ,0.0032389 ,
0.00122443 ,0.000825896 ,24 ,0.0187532 ,-0.0167928 ,0.00255809 ,
0.00113731 ,0.000777068 ,33 ,0.0186961 ,-0.0170692 ,0.00263341 ,
0.0011647 ,0.000759305 ,22 ,0.0186044 ,-0.0166357 ,0.00283827 ,
0.00116615 ,0.000739589 ,27 ,0.0186149 ,-0.0169363 ,0.00211987 ,
0.00119981 ,0.000718875 ,36 ,0.0186951 ,-0.0168691 ,0.00250636 ,
0.00116347 ,0.000674844 ,16 ,0.0186635 ,-0.0165204 ,0.00245083 ,
0.00108979 ,0.000649577 ,31 ,0.0188804 ,-0.0170911 ,0.00215944 ,
0.00113591 ,0.000616544 ,22 ,0.0187468 ,-0.0169504 ,0.00218106 ,
0.00113292 ,0.00060887 ,8 ,0.0186842 ,-0.0169049 ,0.0023166 ,
0.00112404 ,0.000572006 ,23 ,0.0186988 ,-0.0168603 ,0.00216585 ,
0.00109966 ,0.00057738 ,13 ,0.0190275 ,-0.0172418 ,0.00246707 ,
0.00105931 ,0.000529812 ,10 ,0.0187937 ,-0.0172553 ,0.00173638 ,
0.00107476 ,0.000519597 ,14 ,0.0188604 ,-0.0172552 ,0.00176411 ,
0.00104726 ,0.000517958 ,8 ,0.0189884 ,-0.0170787 ,0.00241837 ,
0.00105586 ,0.000494313 ,24 ,0.0188516 ,-0.0173415 ,0.00201795 ,
0.00103508 ,0.000478022 ,13 ,0.0188438 ,-0.0171165 ,0.00221075 ,
0.00100421 ,0.000443112 ,7 ,0.018762 ,-0.0168477 ,0.0016541 ,
0.000975254 ,0.000428418 ,23 ,0.0187226 ,-0.0170208 ,0.00176443 ,
0.000989518 ,0.000417963 ,12 ,0.0188239 ,-0.0168124 ,0.00172511 ,
0.000981686 ,0.000406751 ,12 ,0.0187725 ,-0.0170876 ,0.00171569 ,
0.000945382 ,0.000386526 ,1 ,0.0189004 ,-0.0169556 ,0.00129677 ,
0.000944623 ,0.000383045 ,-6 ,0.01869 ,-0.016745 ,0.00105983 ,
0.000927298 ,0.000366765 ,5 ,0.0189045 ,-0.01687 ,0.00129559 ,
0.000950824 ,0.000375047 ,9 ,0.0186333 ,-0.0165361 ,0.00155338 ,
0.000902682 ,0.000379796 ,-6 ,0.0190397 ,-0.0171748 ,0.00160832 ,
0.000864109 ,0.000360509 ,6 ,0.0190228 ,-0.0172514 ,0.00124787 ,
0.000848614 ,0.000356415 ,7 ,0.0190169 ,-0.0171307 ,0.0012457 ,
0.000853215 ,0.000354408 ,13 ,0.0188362 ,-0.0172225 ,0.00125708 ,
0.000853333 ,0.000363313 ,3 ,0.0190605 ,-0.0172172 ,0.00155725 ,
0.000858888 ,0.000358923 ,6 ,0.018889 ,-0.0170664 ,0.00127278 ,
0.000799545 ,0.000386749 ,18 ,0.0189395 ,-0.0174021 ,0.00151258 ,
0.00080459 ,0.000396927 ,12 ,0.0190175 ,-0.0173569 ,0.00153959 ,
0.000817794 ,0.000399017 ,15 ,0.0189531 ,-0.0173303 ,0.00146224 ,
0.000796962 ,0.000376958 ,17 ,0.0189148 ,-0.0173258 ,0.00137099 ,
0.000777957 ,0.000381423 ,20 ,0.0189843 ,-0.0174737 ,0.00122896 ,
0.000800167 ,0.000393397 ,40 ,0.0187824 ,-0.0176825 ,0.00113387 ,
0.000794492 ,0.000386503 ,26 ,0.0190665 ,-0.0176656 ,0.00118334 ,
0.000797593 ,0.00037568 ,36 ,0.0188459 ,-0.0174347 ,0.00108929 ,
0.000815158 ,0.000347159 ,24 ,0.0188455 ,-0.0171691 ,0.00125732 ,
0.000807231 ,0.000332234 ,24 ,0.0189413 ,-0.0172924 ,0.00111928 ,
0.000807237 ,0.000308106 ,14 ,0.0188299 ,-0.0175262 ,0.00124816 ,
0.000780907 ,0.000295633 ,13 ,0.0190408 ,-0.0176738 ,0.00162839 ,
0.000782785 ,0.00027815 ,6 ,0.0191565 ,-0.017702 ,0.00148691 ,
0.000772932 ,0.000252341 ,-6 ,0.0188469 ,-0.0174912 ,0.00123793 ,
0.000813625 ,0.000245974 ,-29 ,0.0190813 ,-0.0170385 ,0.00118429 ,
0.000766871 ,0.00020758 ,-21 ,0.0190582 ,-0.0174279 ,0.00160599 ,
0.00077429 ,0.000196823 ,-26 ,0.0190776 ,-0.0173176 ,0.00166931 ,
0.000759755 ,0.00018838 ,-17 ,0.019061 ,-0.0175718 ,0.0012573 ,
0.000765056 ,0.000191301 ,-3 ,0.0188456 ,-0.017389 ,0.00113706 ,
0.000773552 ,0.000168216 ,-16 ,0.0189599 ,-0.0174144 ,0.00142386 ,
0.00075814 ,0.000149745 ,-10 ,0.0189208 ,-0.0174328 ,0.00158263 ,
0.00075926 ,0.0001821 ,-18 ,0.0188705 ,-0.0173684 ,0.00155933 ,
0.000729159 ,0.000237421 ,-18 ,0.01919 ,-0.0174144 ,0.00105797 ,
0.000786587 ,0.000284072 ,-24 ,0.0190318 ,-0.0172104 ,0.00140176 ,
0.000808613 ,0.000271815 ,-21 ,0.0190372 ,-0.0172034 ,0.00117856 ,
0.000791976 ,0.000282404 ,-11 ,0.0189322 ,-0.017321 ,0.0011533 ,
0.000762572 ,0.000377943 ,-4 ,0.0192178 ,-0.017394 ,0.00100717 ,
0.000771011 ,0.000419273 ,-2 ,0.0189944 ,-0.0174775 ,0.000700279 ,
0.000781972 ,0.000398926 ,-2 ,0.0189902 ,-0.0169988 ,0.000929926 ,
0.00078909 ,0.000386139 ,-4 ,0.0190364 ,-0.0173876 ,0.00107177 ,
0.00079686 ,0.00049185 ,0 ,0.0189878 ,-0.016812 ,0.000783098 ,
0.000788688 ,0.000501644 ,1 ,0.0190003 ,-0.0171079 ,0.000543163 ,
0.000785279 ,0.000497828 ,6 ,0.0189597 ,-0.0171717 ,0.000614316 ,
0.00076592 ,0.000490289 ,-3 ,0.019048 ,-0.0172202 ,0.000781059 ,
0.000765586 ,0.000482892 ,10 ,0.0189902 ,-0.0172445 ,0.000860929 ,
0.000734375 ,0.000491624 ,16 ,0.0190882 ,-0.0175856 ,0.00100914 ,
0.000734009 ,0.000495972 ,12 ,0.01909 ,-0.0174704 ,0.00086941 ,
0.000721133 ,0.000492756 ,8 ,0.0191819 ,-0.0174214 ,0.000914758 ,
0.000698301 ,0.00048777 ,3 ,0.0192513 ,-0.0175258 ,0.00115704 ,
0.000697485 ,0.000476909 ,-1 ,0.0191283 ,-0.0172464 ,0.00068358 ,
0.000674003 ,0.000462149 ,-6 ,0.0190953 ,-0.0174476 ,0.00109778 ,
0.000647994 ,0.000463114 ,-5 ,0.0192819 ,-0.0177067 ,0.00108257 ,
0.000667075 ,0.000452122 ,-4 ,0.0191149 ,-0.0174922 ,0.000847632 ,
0.000662241 ,0.000442242 ,-2 ,0.0189099 ,-0.0174249 ,0.000922543 ,
0.000672384 ,0.000423732 ,-6 ,0.0192248 ,-0.0173772 ,0.000844242 ,
0.000673868 ,0.000391831 ,3 ,0.018846 ,-0.0176777 ,0.000752725 ,
0.000680083 ,0.000390794 ,6 ,0.0189283 ,-0.0177821 ,0.000985505 ,
0.000666196 ,0.000381 ,2 ,0.0191372 ,-0.0179737 ,0.000666214 ,
0.000661827 ,0.000351168 ,0 ,0.0190454 ,-0.0176217 ,0.000687488 ,
0.000674458 ,0.000333842 ,13 ,0.0189546 ,-0.017948 ,0.000990652 ,
0.000686211 ,0.000313377 ,11 ,0.0189617 ,-0.0176252 ,0.00101148 ,
0.000686872 ,0.000295743 ,7 ,0.0188537 ,-0.0175126 ,0.000928709 ,
0.000671866 ,0.000295337 ,15 ,0.0188919 ,-0.017626 ,0.000907804 ,
0.000674818 ,0.00028244 ,2 ,0.0188685 ,-0.0174659 ,0.000690599 ,
0.000670486 ,0.000241001 ,-1 ,0.0193779 ,-0.0179494 ,0.00125708 ,
0.000679701 ,0.000225753 ,15 ,0.0190773 ,-0.0178823 ,0.00117509 ,
0.000700694 ,0.000189581 ,-14 ,0.0190947 ,-0.0171763 ,0.00089525 ,
0.000683274 ,0.000162763 ,-1 ,0.0190969 ,-0.0175016 ,0.000909482 ,
0.000683122 ,0.000124108 ,-5 ,0.0190901 ,-0.0174209 ,0.00059778 ,
0.000685031 ,5.21709e-05 ,-1 ,0.0188146 ,-0.0171604 ,0.000535818 ,
0.000683808 ,-1.32305e-05 ,-10 ,0.0187726 ,-0.0166578 ,0.000531504 ,
0.000674593 ,-9.52671e-05 ,-7 ,0.018881 ,-0.01671 ,0.000359655 ,
0.00066909 ,-0.000118649 ,-5 ,0.0189512 ,-0.0165966 ,0.000110083 ,
0.000692965 ,-0.000114386 ,-1 ,0.0189198 ,-0.0165923 ,5.91039e-05 ,
0.000692099 ,-7.9775e-05 ,1 ,0.0188359 ,-0.0167257 ,0.000422059 ,
0.000697495 ,-7.40791e-05 ,-10 ,0.0186589 ,-0.016601 ,0.000122751 ,
0.000702842 ,-4.6716e-05 ,-3 ,0.0186965 ,-0.0168128 ,0.000354846 ,
0.00070097 ,-2.11681e-05 ,-12 ,0.0190165 ,-0.0170914 ,0.000394219 ,
0.000706367 ,-1.42309e-05 ,-10 ,0.018555 ,-0.0164092 ,0.000260819 ,
0.000681665 ,5.35622e-06 ,-3 ,0.0188065 ,-0.0170919 ,0.000440155 ,
0.000677103 ,9.21526e-06 ,3 ,0.0189634 ,-0.0172368 ,0.000583032 ,
0.000670262 ,4.06773e-06 ,6 ,0.0189445 ,-0.0169555 ,0.00032709 ,
0.000683091 ,9.63874e-06 ,5 ,0.0188383 ,-0.0167195 ,0.000282249 ,
0.000690814 ,2.88218e-05 ,3 ,0.0185753 ,-0.0166437 ,0.00048922 ,
0.000690848 ,6.86926e-05 ,-1 ,0.0188125 ,-0.0168673 ,0.000542719 ,
0.000666015 ,9.24158e-05 ,11 ,0.0190834 ,-0.017383 ,0.000597465 ,
0.00067348 ,9.24504e-05 ,7 ,0.0188994 ,-0.0171279 ,0.000481167 ,
0.000678356 ,9.3267e-05 ,11 ,0.0187427 ,-0.0167129 ,0.000371359 ,
0.000689139 ,0.00010143 ,17 ,0.0187896 ,-0.0169387 ,0.000674424 ,
0.000670456 ,0.00011188 ,8 ,0.0187739 ,-0.0168582 ,0.000661531 ,
0.000648945 ,0.000139329 ,16 ,0.0189426 ,-0.017476 ,0.000671432 ,
0.000648076 ,0.000116849 ,0 ,0.0189356 ,-0.0171489 ,0.000694744 ,
0.000654563 ,9.4362e-05 ,2 ,0.0187082 ,-0.0165822 ,0.00035983 ,
0.000657134 ,0.000101307 ,-3 ,0.0188895 ,-0.0168239 ,0.000392437 ,
0.000646144 ,8.89925e-05 ,7 ,0.018836 ,-0.0167257 ,4.48606e-05 ,
0.000655918 ,6.36752e-05 ,2 ,0.0187664 ,-0.0170864 ,0.000291058 ,
0.000613852 ,2.16769e-05 ,1 ,0.018897 ,-0.0166942 ,0.000278063 ,
0.000601094 ,-2.46395e-05 ,0 ,0.0190506 ,-0.0164085 ,3.43729e-06 ,
0.000638514 ,-8.86985e-05 ,4 ,0.0189461 ,-0.0166284 ,4.05615e-05 ,
0.000691838 ,-0.000416798 ,22 ,0.0189172 ,-0.017374 ,0.000818692 ,
0.00078179 ,-0.000533882 ,8 ,0.0190087 ,-0.0175972 ,0.00100114 ,
0.0010024 ,-0.000289386 ,-29 ,0.0186652 ,-0.0166322 ,0.000167281 ,
0.00106254 ,0.00015539 ,-131 ,0.0190263 ,-0.0168449 ,5.87853e-05 ,
0.000927149 ,-0.000532845 ,-256 ,0.0189592 ,-0.0162693 ,-0.00025842 ,
0.00135041 ,0.000474122 ,-587 ,0.0188904 ,-0.0164575 ,-0.000449111 ,
0.00105724 ,-0.000535233 ,-813 ,0.0194209 ,-0.0166591 ,-0.000294921 ,
0.00118495 ,-0.000435804 ,-1069 ,0.0192892 ,-0.0165591 ,0.000284259 ,
0.00130668 ,-0.000583845 ,-1308 ,0.0195243 ,-0.0163315 ,1.02717e-05 ,
0.00142944 ,-0.000876296 ,-1610 ,0.0197089 ,-0.0154941 ,-0.000498695 ,
0.00141869 ,-0.00115232 ,-2161 ,0.0194775 ,-0.015482 ,-0.00044165 ,
0.00155842 ,-0.000598768 ,-2438 ,0.0198164 ,-0.0151501 ,-0.000223887 ,
0.00155962 ,-0.000883114 ,-2743 ,0.0196542 ,-0.0148497 ,-0.000316591 ,
0.00168015 ,-0.000364652 ,-3034 ,0.0200046 ,-0.0147536 ,-0.000241749 ,
0.00155373 ,-0.000440737 ,-3326 ,0.0201796 ,-0.0142713 ,-0.000115152 ,
0.00157607 ,-0.000902831 ,-3880 ,0.0198104 ,-0.0128932 ,-0.000162691 ,
0.00156525 ,-0.000784972 ,-4101 ,0.0198385 ,-0.013261 ,-0.000144487 ,
0.00154515 ,-0.0010344 ,-4362 ,0.0198425 ,-0.0124106 ,-0.000111405 ,
0.0016098 ,-0.000975339 ,-4621 ,0.0201296 ,-0.0122745 ,-0.000271239 ,
0.00147136 ,-0.0012669 ,-4862 ,0.0206544 ,-0.0128357 ,-0.000247447 ,
0.00151793 ,-0.000830213 ,-5309 ,0.0204596 ,-0.0113333 ,-0.000873601 ,
0.00150247 ,-0.000808555 ,-5491 ,0.0201244 ,-0.0107879 ,-0.000914877 ,
0.00149679 ,-0.00108254 ,-5677 ,0.0202819 ,-0.0106756 ,-0.000298865 ,
0.00180196 ,-0.000308446 ,-5878 ,0.0206521 ,-0.0115425 ,-8.24366e-05 ,
0.00182166 ,-0.000231203 ,-6213 ,0.0208105 ,-0.0113009 ,0.000305244 ,
0.00165678 ,-0.000739587 ,-6400 ,0.0211259 ,-0.0110989 ,0.000276845 ,
0.00165784 ,0.000292226 ,-6549 ,0.0204993 ,-0.0105243 ,-0.000503629 ,
0.00136456 ,0.000250576 ,-6695 ,0.0206606 ,-0.00950757 ,0.000170773 ,
0.00106414 ,0.000937371 ,-6843 ,0.0209505 ,-0.00971417 ,0.000291257 ,
0.00162015 ,0.00188512 ,-7051 ,0.0210461 ,-0.00909968 ,0.000174812 ,
0.00160263 ,0.00175332 ,-7051 ,0.0211045 ,-0.0101332 ,0.000586417 ,
0.00163457 ,0.00148291 ,-7007 ,0.0201401 ,-0.0092765 ,0.000123965 ,
0.00184969 ,0.000882189 ,-6803 ,0.0206776 ,-0.0102021 ,0.000422609 ,
0.00202399 ,0.000581941 ,-6508 ,0.0207176 ,-0.010113 ,-0.00012834 ,
0.00203996 ,-3.06314e-06 ,-5700 ,0.0201483 ,-0.0100566 ,-0.00160131 ,
0.00196555 ,-0.000809219 ,-5165 ,0.0201449 ,-0.0115028 ,-0.00147768 ,
0.00173981 ,-0.000721866 ,-4684 ,0.0203772 ,-0.0124504 ,-0.000946878 ,
0.00167388 ,-0.000425366 ,-4188 ,0.019908 ,-0.0122476 ,-0.00179036 ,
0.00174471 ,-0.000395711 ,-3659 ,0.0199105 ,-0.014114 ,-0.00132164 ,
0.00143068 ,-0.000484286 ,-2758 ,0.0204142 ,-0.0150993 ,-0.000976223 ,
0.0012138 ,-0.00102437 ,-2334 ,0.0197407 ,-0.0146533 ,-0.00106382 ,
0.000988413 ,-0.000943404 ,-1997 ,0.0205199 ,-0.0163291 ,-0.0012087 ,
0.00091073 ,-0.000585169 ,-1639 ,0.0198899 ,-0.0163101 ,-0.000862786 ,
0.000905537 ,-0.000596858 ,-1318 ,0.0187121 ,-0.014854 ,-0.00215816 ,
0.000559183 ,0.000114531 ,-828 ,0.0191821 ,-0.0156781 ,-0.00155661 ,
0.000612645 ,0.000202 ,-625 ,0.0194605 ,-0.0166978 ,-0.00102589 ,
0.000495397 ,-0.000743546 ,-487 ,0.0192976 ,-0.0172663 ,-0.000534552 ,
0.000612314 ,-0.000268817 ,-367 ,0.0190126 ,-0.0162429 ,-0.00130883 ,
0.000514921 ,0.000240391 ,-215 ,0.0190902 ,-0.0174581 ,-0.000238954 ,
0.000293558 ,-0.000448574 ,-79 ,0.0185812 ,-0.0165711 ,-0.00117014 ,
0.000187195 ,-0.000596576 ,-41 ,0.0194683 ,-0.0173333 ,-0.000492336 ,
0.000162393 ,-0.00100877 ,1 ,0.0189945 ,-0.0165742 ,-0.00081359 ,
0.000208793 ,-0.000733431 ,34 ,0.0190693 ,-0.017507 ,-0.000185842 ,
0.000217377 ,-0.000314965 ,64 ,0.0190889 ,-0.0166655 ,-0.000627155 ,
0.000104334 ,-0.000643859 ,94 ,0.0189957 ,-0.0174164 ,-0.000192825 ,
0.000131276 ,-0.00058339 ,83 ,0.0189988 ,-0.01751 ,1.69651e-05 ,
0.000145937 ,-0.000496165 ,85 ,0.0189544 ,-0.0173002 ,-0.000655621 ,
0.000152495 ,-0.000448519 ,77 ,0.0194962 ,-0.0175266 ,-0.000507752 ,
0.000135397 ,-0.000457252 ,77 ,0.0193838 ,-0.0177492 ,-0.000374073 ,
0.000159854 ,-0.000455272 ,79 ,0.0192986 ,-0.0178179 ,-7.50376e-05 ,
0.000154508 ,-0.000446009 ,68 ,0.0192669 ,-0.0173264 ,-0.000307408 ,
0.00015069 ,-0.000412804 ,74 ,0.0195167 ,-0.017613 ,-0.000799386 ,
0.000152895 ,-0.000384832 ,69 ,0.0194428 ,-0.0175823 ,-0.000648673 ,
0.000166928 ,-0.000336077 ,77 ,0.019223 ,-0.0170315 ,-0.00101431 ,
0.000142504 ,-0.000356651 ,62 ,0.0194557 ,-0.0171817 ,-0.000731484 ,
0.000144417 ,-0.000367508 ,58 ,0.0195563 ,-0.0176827 ,-0.000815787 ,
0.000138766 ,-0.000355123 ,37 ,0.0193778 ,-0.0170993 ,-0.000868903 ,
0.000129744 ,-0.000376723 ,48 ,0.0196553 ,-0.0174566 ,-0.000846132 ,
0.000138432 ,-0.000395891 ,29 ,0.0194401 ,-0.0174011 ,-0.000450316 ,
0.000152347 ,-0.000391228 ,33 ,0.0194221 ,-0.0172322 ,-0.000534211 ,
0.000162979 ,-0.000427588 ,19 ,0.0194771 ,-0.0170499 ,-0.000468572 ,
0.00017203 ,-0.000470963 ,20 ,0.0194139 ,-0.0172643 ,-0.000821155 ,
0.000211531 ,-0.000490275 ,35 ,0.0193498 ,-0.0173787 ,-0.000263552 ,
0.0001974 ,-0.000514783 ,33 ,0.0194804 ,-0.01743 ,-0.000522779 ,
0.000251668 ,-0.000638745 ,18 ,0.019389 ,-0.0173989 ,-0.000392328 ,
0.00024185 ,-0.00065439 ,10 ,0.0194917 ,-0.0173231 ,-0.000382088 ,
0.000228855 ,-0.000665384 ,1 ,0.0194541 ,-0.0170564 ,-0.000452657 ,
0.000244238 ,-0.00069421 ,-7 ,0.0192173 ,-0.0167671 ,-0.000417152 ,
0.000292087 ,-0.000700569 ,4 ,0.0192739 ,-0.0173213 ,7.9292e-05 ,
0.000285027 ,-0.000737897 ,-3 ,0.0193457 ,-0.0174014 ,-5.64372e-05 ,
0.000304396 ,-0.000770796 ,21 ,0.0189482 ,-0.0172957 ,2.74954e-05 ,
0.000291626 ,-0.000797387 ,19 ,0.0193466 ,-0.0177921 ,-3.1572e-05 ,
0.000304542 ,-0.000807783 ,7 ,0.0195182 ,-0.0176425 ,-0.000151005 ,
0.000331856 ,-0.000833961 ,1 ,0.0194365 ,-0.0174487 ,-0.000249212 ,
0.000321059 ,-0.000847933 ,13 ,0.0192658 ,-0.0175322 ,-0.000470532 ,
0.000323885 ,-0.000848851 ,5 ,0.0192306 ,-0.0173953 ,-0.000536022 ,
0.000304501 ,-0.000869196 ,-8 ,0.0193199 ,-0.0178147 ,-0.000303219 ,
0.00032726 ,-0.000901626 ,9 ,0.0192782 ,-0.0175745 ,-0.000216114 ,
0.000352563 ,-0.000949926 ,0 ,0.0193092 ,-0.0176778 ,-0.000516513 ,
0.000359693 ,-0.000988242 ,2 ,0.0190356 ,-0.0175195 ,-0.000528353 ,
0.000376481 ,-0.000999527 ,-13 ,0.0193484 ,-0.0173715 ,-0.000548263 ,
0.000392787 ,-0.0010201 ,-9 ,0.0190686 ,-0.0169831 ,2.95687e-05 ,
0.000406277 ,-0.00100558 ,-17 ,0.0191708 ,-0.0173451 ,-0.000144056 ,
0.000427732 ,-0.000988275 ,-14 ,0.0192171 ,-0.0172434 ,-3.07535e-05 ,
0.000419553 ,-0.000975165 ,-5 ,0.0191697 ,-0.0174814 ,-0.00012743 ,
0.000428808 ,-0.00097352 ,-20 ,0.0192647 ,-0.0174429 ,-0.000160553 ,
0.000428978 ,-0.00097484 ,-12 ,0.0193757 ,-0.0175136 ,-9.40101e-06 ,
0.000455355 ,-0.000931885 ,-16 ,0.0195387 ,-0.0175262 ,-0.000388721 ,
0.00050369 ,-0.000867281 ,-46 ,0.0193798 ,-0.016557 ,-0.000813084 ,
0.000537768 ,-0.000838812 ,-37 ,0.0193095 ,-0.0164005 ,-0.000424707 ,
0.000561105 ,-0.000812393 ,-30 ,0.019199 ,-0.0163689 ,-0.000697826 ,
0.000565674 ,-0.000793127 ,-33 ,0.0191316 ,-0.0162507 ,-0.000940757 ,
0.000578717 ,-0.00075451 ,-31 ,0.0190029 ,-0.015931 ,-0.000848543 ,
0.000599477 ,-0.000688557 ,3 ,0.0188934 ,-0.0165237 ,-0.000996014 ,
0.000599485 ,-0.000635271 ,6 ,0.018989 ,-0.0170227 ,-0.000482385 ,
0.000628335 ,-0.000581407 ,-6 ,0.0191982 ,-0.0172519 ,-0.000452214 ,
0.000671119 ,-0.000524929 ,-10 ,0.019046 ,-0.0174639 ,-5.56418e-06 ,
0.000667402 ,-0.000482701 ,-4 ,0.0191951 ,-0.0174121 ,-7.38547e-05 ,
0.000735636 ,-0.000424078 ,2 ,0.0189773 ,-0.017247 ,-0.00018407 ,
0.000730925 ,-0.000376429 ,4 ,0.0193207 ,-0.0175326 ,-0.000254731 ,
0.000738055 ,-0.000378404 ,-20 ,0.0193216 ,-0.0172051 ,-0.000367342 ,
0.000714138 ,-0.000382803 ,-5 ,0.0191073 ,-0.0172195 ,-0.000165747 ,
0.00070814 ,-0.000352188 ,-4 ,0.019269 ,-0.0174426 ,-0.000310706 ,
0.000712388 ,-0.000264236 ,-5 ,0.0194201 ,-0.0174585 ,-0.000372495 ,
0.000722776 ,-0.000258424 ,-4 ,0.0194114 ,-0.0174498 ,-0.000440054 ,
0.000703296 ,-0.000261906 ,-1 ,0.0195815 ,-0.0173349 ,-0.000531623 ,
0.000702796 ,-0.00027582 ,3 ,0.019462 ,-0.0174604 ,-0.000174372 ,
0.000701867 ,-0.00022847 ,2 ,0.0194442 ,-0.0174442 ,-0.000461954 ,
0.000695032 ,-0.000180433 ,-4 ,0.0193008 ,-0.0170069 ,-0.000489461 ,
0.000683746 ,-0.000170676 ,-12 ,0.0194777 ,-0.0168353 ,-0.000438501 ,
0.000682688 ,-0.000175211 ,3 ,0.0193698 ,-0.0172675 ,-0.000684856 ,
0.000683185 ,-0.000177199 ,-1 ,0.0193915 ,-0.0172296 ,-0.000909258 ,
0.000695272 ,-0.00016695 ,-7 ,0.0192526 ,-0.0172543 ,-0.000800506 ,
0.000670861 ,-0.000165757 ,-13 ,0.0192674 ,-0.0168607 ,-0.0005454 ,
0.000681118 ,-0.000147643 ,-10 ,0.0192317 ,-0.0168694 ,-0.000483081 ,
0.000664724 ,-0.000148954 ,-14 ,0.0192923 ,-0.0171842 ,-0.000624039 ,
0.000655825 ,-0.000145497 ,-4 ,0.0192373 ,-0.0171539 ,-0.000494471 ,
0.000658581 ,-0.000138036 ,-6 ,0.0192001 ,-0.0170978 ,-0.000594003 ,
0.000672327 ,-0.000134727 ,-2 ,0.0192162 ,-0.0167634 ,-0.000168017 ,
0.000654909 ,-0.000146129 ,-8 ,0.0191659 ,-0.0169896 ,-0.0011354 ,
0.000643104 ,-0.000129277 ,0 ,0.0191494 ,-0.0170401 ,-0.000439206 ,
0.000648666 ,-0.00010838 ,-3 ,0.0190274 ,-0.0167706 ,-0.000549489 ,
0.000647056 ,-0.000109319 ,4 ,0.0190699 ,-0.0169031 ,-0.000581793 ,
0.000622883 ,-8.7826e-05 ,0 ,0.0191927 ,-0.0166692 ,-0.000536844 ,
0.00061482 ,-8.84621e-05 ,4 ,0.0190225 ,-0.016615 ,-0.000957582 ,
0.000631859 ,-7.82337e-05 ,4 ,0.019238 ,-0.0168818 ,-0.000346419 ,
0.000617998 ,-7.90902e-05 ,-6 ,0.0191419 ,-0.0166704 ,-0.000812826 ,
0.000633465 ,-7.82498e-05 ,1 ,0.0192384 ,-0.0169676 ,-0.000599908 ,
0.000617874 ,-6.75668e-05 ,8 ,0.0191307 ,-0.0168352 ,-0.000638101 ,
0.000604058 ,-6.29855e-05 ,-5 ,0.0192597 ,-0.0165776 ,-0.000582087 ,
0.00058343 ,-4.90046e-05 ,2 ,0.0193466 ,-0.0166883 ,-0.000656788 ,
0.000641018 ,-6.84075e-05 ,-5 ,0.0190372 ,-0.016361 ,-0.000436665 ,
0.000625432 ,-6.21161e-05 ,-4 ,0.0189991 ,-0.0161424 ,-0.000320529 ,
0.000627 ,-5.08406e-05 ,7 ,0.0189887 ,-0.0164368 ,-0.000512521 ,
0.000624368 ,-5.57118e-05 ,-20 ,0.0189763 ,-0.0162534 ,-0.000691519 ,
0.000611888 ,-5.57264e-05 ,-10 ,0.0190876 ,-0.0162625 ,-0.000669676 ,
0.000602314 ,-5.78957e-05 ,-12 ,0.0192212 ,-0.0163826 ,-0.000558197 ,
0.000593914 ,-4.20385e-05 ,-5 ,0.0192722 ,-0.0165926 ,-0.000501279 ,
0.000609537 ,-3.77794e-05 ,-13 ,0.0192321 ,-0.0168306 ,-0.000222096 ,
0.000598326 ,-4.5019e-05 ,3 ,0.0192292 ,-0.0167393 ,-0.000457085 ,
0.000614795 ,-4.83841e-05 ,-3 ,0.019082 ,-0.0164918 ,-0.000521361 ,
0.000601221 ,-5.2878e-05 ,0 ,0.0190673 ,-0.0164843 ,-0.000321696 ,
0.000595016 ,-4.25313e-05 ,3 ,0.0191015 ,-0.0162742 ,-0.000457376 ,
0.000611858 ,-3.65953e-05 ,2 ,0.0190616 ,-0.016343 ,-0.000444283 ,
0.000606917 ,-2.89852e-05 ,9 ,0.0189458 ,-0.0165734 ,-0.000283425 ,
0.000585767 ,-2.17203e-05 ,4 ,0.0189112 ,-0.0163933 ,-0.000229479 ,
0.000588552 ,-3.84005e-05 ,-8 ,0.0190396 ,-0.0163233 ,-0.000559712 ,
0.000577039 ,-1.26502e-05 ,-4 ,0.0191256 ,-0.0164082 ,-6.61093e-05 ,
0.000551498 ,-9.70681e-06 ,-1 ,0.0191036 ,-0.0169779 ,-0.000676897 ,
0.000550598 ,-7.55947e-06 ,-3 ,0.0189386 ,-0.0160874 ,-0.00042981 ,
0.000545198 ,-5.42595e-06 ,6 ,0.019096 ,-0.0162097 ,-0.000437968 ,
0.000539566 ,-5.39878e-06 ,-9 ,0.0192964 ,-0.0164633 ,-0.000457244 ,
0.000532958 ,6.65245e-06 ,-7 ,0.0192409 ,-0.0170315 ,-0.000244387 ,
0.000540306 ,-6.35766e-06 ,-7 ,0.0191274 ,-0.0163278 ,-0.00028367 ,
0.00052601 ,1.17683e-05 ,-3 ,0.0189713 ,-0.0164867 ,-0.000369577 ,
0.000525914 ,8.66299e-06 ,-11 ,0.0190881 ,-0.0161423 ,-0.000350251 ,
0.000522093 ,5.79663e-06 ,-19 ,0.0193227 ,-0.0167359 ,-0.000338064 ,
0.000545614 ,4.25901e-06 ,-20 ,0.0191664 ,-0.0161138 ,2.41028e-05 ,
0.000552761 ,4.04751e-06 ,-8 ,0.0191613 ,-0.0164797 ,-0.000151007 ,
0.000566295 ,1.75385e-05 ,-15 ,0.0190519 ,-0.0166824 ,0.000164785 ,
0.000555314 ,1.44704e-05 ,-7 ,0.0190245 ,-0.0162822 ,-0.000108013 ,
0.000567385 ,2.33356e-05 ,-13 ,0.0190162 ,-0.0164594 ,0.000113387 ,
0.000574508 ,2.01152e-05 ,-15 ,0.0188694 ,-0.016394 ,-4.98468e-05 ,
0.000565655 ,6.63758e-05 ,2 ,0.0190053 ,-0.0166866 ,-0.000302711 ,
0.00057751 ,9.22381e-05 ,-8 ,0.0189896 ,-0.0169764 ,-0.000271698 ,
0.000566 ,8.97467e-05 ,2 ,0.0190722 ,-0.0167362 ,1.67472e-05 ,
0.0005769 ,0.000101747 ,-14 ,0.0190547 ,-0.016756 ,-0.000153405 ,
0.000588983 ,0.000102242 ,6 ,0.0191287 ,-0.0173851 ,6.22206e-06 ,
0.000585352 ,0.000133558 ,1 ,0.0191222 ,-0.0172149 ,0.000201826 ,
0.000594135 ,0.000145381 ,6 ,0.0189 ,-0.0168258 ,0.000426598 ,
0.000583791 ,0.00016015 ,6 ,0.0190234 ,-0.0171586 ,0.000319575 ,
0.000601659 ,0.000151806 ,11 ,0.0188635 ,-0.0170382 ,0.000387475 ,
0.000593893 ,0.000152198 ,12 ,0.0191744 ,-0.0171586 ,0.000469573 ,
0.000585913 ,0.000157323 ,8 ,0.019118 ,-0.0170911 ,0.0002379 ,
0.000586796 ,0.000161457 ,1 ,0.019081 ,-0.0172736 ,0.000226107 ,
0.000606066 ,0.00015234 ,5 ,0.0190038 ,-0.0170693 ,0.00026993 ,
0.000620333 ,0.000146329 ,6 ,0.0188582 ,-0.0171711 ,0.000245816 ,
0.000616873 ,0.000157215 ,10 ,0.0190672 ,-0.0173428 ,0.000319752 ,
0.000629608 ,0.000154712 ,14 ,0.0190383 ,-0.0170834 ,3.22264e-05 ,
0.000636352 ,0.000144163 ,10 ,0.0189958 ,-0.016945 ,2.11748e-05 ,
0.000651155 ,0.000142759 ,11 ,0.0188274 ,-0.0167665 ,0.000113873 ,
0.00064531 ,0.000145621 ,5 ,0.0191883 ,-0.0170816 ,0.000375072 ,
0.000638955 ,0.000134574 ,-3 ,0.0189264 ,-0.0171585 ,0.000152053 ,
0.000644025 ,0.000157754 ,4 ,0.0191974 ,-0.0173758 ,0.000377821 ,
0.00063814 ,0.000141693 ,10 ,0.0189592 ,-0.016912 ,0.000134633 ,
0.0006559 ,0.00014201 ,10 ,0.0189381 ,-0.0175178 ,0.000306585 ,
0.000649833 ,0.000130842 ,8 ,0.0190447 ,-0.0171706 ,-5.72086e-05 ,
0.000674897 ,0.000128366 ,14 ,0.0190948 ,-0.0173399 ,0.00028058 ,
0.000670437 ,0.000131684 ,17 ,0.0189919 ,-0.0172703 ,0.000291449 ,
0.00067656 ,0.000132726 ,9 ,0.0189198 ,-0.0173159 ,0.00047915 ,
0.000674172 ,0.000136472 ,10 ,0.0191981 ,-0.01726 ,0.000542384 ,
0.000664549 ,0.000138451 ,9 ,0.0192285 ,-0.0171378 ,0.000438434 ,
0.000667828 ,0.000134953 ,12 ,0.0191559 ,-0.0176102 ,0.000397479 ,
0.000683672 ,0.000120527 ,0 ,0.018912 ,-0.016971 ,0.000201551 ,
0.000671266 ,0.000120377 ,11 ,0.0191445 ,-0.0174892 ,0.000381556 ,
0.000680335 ,0.000128017 ,-1 ,0.019376 ,-0.0175382 ,0.000558941 ,
0.000685436 ,0.000121563 ,5 ,0.0191065 ,-0.0170393 ,0.000331418 ,
0.000696581 ,0.000103284 ,2 ,0.0188685 ,-0.016909 ,0.000202593 ,
0.000686705 ,0.000125149 ,7 ,0.0190378 ,-0.0169028 ,0.000227726 ,
0.000675705 ,0.000121052 ,1 ,0.0192417 ,-0.0173998 ,0.000480864 ,
0.000697063 ,0.000105004 ,6 ,0.018927 ,-0.0170378 ,3.20334e-05 ,
0.000681097 ,0.000107114 ,2 ,0.0190975 ,-0.0174916 ,0.000378984 ,
0.000688792 ,0.000114082 ,-13 ,0.0191312 ,-0.0172836 ,0.000485379 ,
0.000697578 ,0.000102391 ,2 ,0.0192103 ,-0.0173736 ,0.0006712 ,
0.000685354 ,0.000109908 ,-7 ,0.01925 ,-0.0174202 ,0.000364895 ,
0.000690728 ,0.000120479 ,-1 ,0.0193422 ,-0.0174818 ,0.000456186 ,
0.000706324 ,9.7347e-05 ,-12 ,0.0191339 ,-0.0170742 ,0.000381245 ,
0.000693638 ,0.000113769 ,-10 ,0.0191531 ,-0.0170911 ,0.000458947 ,
0.000682731 ,0.000112118 ,-6 ,0.019396 ,-0.0177437 ,0.000479299 ,
0.000696545 ,9.96225e-05 ,-16 ,0.0190479 ,-0.0171063 ,0.000528581 ,
0.00069515 ,0.000101377 ,-9 ,0.0191768 ,-0.0174568 ,0.000532904 ,
0.000691996 ,9.50885e-05 ,-5 ,0.0191191 ,-0.0172838 ,0.000270819 ,
0.000692644 ,0.000106257 ,-24 ,0.0193872 ,-0.0174207 ,0.000137355 ,
0.000692361 ,0.000124661 ,-7 ,0.0191504 ,-0.0175377 ,0.000363871 ,
0.000717579 ,0.000131005 ,-13 ,0.0191765 ,-0.0173861 ,0.00072478 ,
0.000714703 ,0.000150213 ,-10 ,0.0192355 ,-0.0175042 ,0.000672143 ,
0.000694171 ,0.000163929 ,-7 ,0.019287 ,-0.0173582 ,0.000443871 ,
0.000728045 ,0.000179502 ,-11 ,0.019185 ,-0.0174614 ,0.000641299 ,
0.0007192 ,0.00020399 ,1 ,0.0192512 ,-0.0176019 ,0.000323118 ,
0.000736412 ,0.000237646 ,0 ,0.0193161 ,-0.0175769 ,0.000516289 ,
0.000741087 ,0.000250632 ,19 ,0.0191921 ,-0.0175302 ,0.000698007 ,
0.000746895 ,0.000282195 ,14 ,0.0193078 ,-0.0175205 ,0.000121213 ,
0.000751332 ,0.000303459 ,1 ,0.0193115 ,-0.0174409 ,0.000145864 ,
0.000771148 ,0.000319446 ,6 ,0.0189755 ,-0.0171494 ,0.000169416 ,
0.000762768 ,0.000330766 ,12 ,0.0191338 ,-0.0172639 ,0.000120817 ,
0.0007701 ,0.000349735 ,7 ,0.0192475 ,-0.0172756 ,0.000363224 ,
0.000776925 ,0.000336497 ,-5 ,0.0192343 ,-0.0171211 ,0.000500613 ,
0.000789653 ,0.00033214 ,8 ,0.0191692 ,-0.0171114 ,0.000183091 ,
0.000784449 ,0.00034734 ,14 ,0.0189329 ,-0.0171518 ,0.000416399 ,
0.000778256 ,0.000335787 ,11 ,0.0191541 ,-0.0169979 ,0.000111546 ,
0.000793195 ,0.000341489 ,7 ,0.0192018 ,-0.0170935 ,0.000430046 ,
0.00079133 ,0.000344594 ,25 ,0.0190634 ,-0.0175655 ,0.000293303 ,
0.000794161 ,0.000334292 ,22 ,0.0190611 ,-0.0170452 ,0.00052843 ,
0.000819976 ,0.000339326 ,6 ,0.0191316 ,-0.017135 ,0.000791199 ,
0.000800992 ,0.000340703 ,13 ,0.0191524 ,-0.017123 ,0.000457605 ,
0.000810216 ,0.000339202 ,8 ,0.019148 ,-0.0173216 ,0.000989476 ,
0.000794961 ,0.000331714 ,24 ,0.0191778 ,-0.0175407 ,0.000392658 ,
0.00079724 ,0.000340597 ,39 ,0.0189564 ,-0.0175475 ,0.000675459 ,
0.000824325 ,0.000326822 ,17 ,0.0188598 ,-0.0169001 ,0.000986906 ,
0.000792338 ,0.000340521 ,15 ,0.0192372 ,-0.0173481 ,0.000543489 ,
0.000796691 ,0.000313149 ,6 ,0.0191682 ,-0.0170394 ,0.000414753 ,
0.000764985 ,0.000321571 ,21 ,0.0193442 ,-0.0175938 ,0.000461973 ,
0.000795175 ,0.000324768 ,-1 ,0.0192673 ,-0.0171468 ,0.000769105 ,
0.000776472 ,0.00031731 ,3 ,0.0190296 ,-0.017082 ,0.000603373 ,
0.000777508 ,0.000305561 ,5 ,0.0191295 ,-0.0173099 ,0.000656006 ,
0.000762078 ,0.000300574 ,-1 ,0.0191952 ,-0.0173166 ,0.000641876 ,
0.000744127 ,0.00026082 ,4 ,0.0189634 ,-0.0171785 ,0.000385917 ,
0.000722197 ,0.000245804 ,1 ,0.0194357 ,-0.0175859 ,0.000571277 ,
0.000736748 ,0.00022357 ,6 ,0.0191905 ,-0.0175415 ,0.000539538 ,
0.000743171 ,0.000226849 ,10 ,0.0191468 ,-0.0175761 ,0.000552402 ,
0.000747326 ,0.000224948 ,9 ,0.0192225 ,-0.0173673 ,0.000911099 ,
0.000758086 ,0.000241314 ,34 ,0.0190121 ,-0.0173603 ,0.00121361 ,
0.000788536 ,0.000261767 ,41 ,0.0188136 ,-0.0174594 ,0.00172367 ,
0.000768665 ,0.000243219 ,46 ,0.0186809 ,-0.0169611 ,0.00126526 ,
0.00077677 ,0.000255593 ,49 ,0.0186495 ,-0.0173771 ,0.00133572 ,
0.000799965 ,0.00027365 ,71 ,0.0186061 ,-0.0175842 ,0.00196897 ,
0.000805797 ,0.000277887 ,77 ,0.0185381 ,-0.0174401 ,0.00229519 ,
0.000806779 ,0.000277414 ,74 ,0.0186234 ,-0.0172931 ,0.00238651 ,
0.000816935 ,0.000249094 ,88 ,0.0184292 ,-0.017317 ,0.00269925 ,
0.000835444 ,0.000235132 ,81 ,0.0183537 ,-0.01699 ,0.00288974 ,
0.000820595 ,0.000209731 ,78 ,0.0183663 ,-0.0170457 ,0.00286887 ,
0.000824246 ,0.000168123 ,75 ,0.0183344 ,-0.0168554 ,0.00298414 ,
0.000801941 ,0.000131454 ,68 ,0.0183904 ,-0.0169278 ,0.0029404 ,
0.000795076 ,0.000131961 ,82 ,0.0181869 ,-0.0166846 ,0.00254769 ,
0.000795803 ,0.000115674 ,78 ,0.0179588 ,-0.0163083 ,0.00238619 ,
0.000861757 ,0.000141912 ,61 ,0.018327 ,-0.0168452 ,0.00240657 ,
0.00082812 ,7.6403e-05 ,57 ,0.0183179 ,-0.016827 ,0.00231244 ,
0.000859825 ,-3.61504e-05 ,67 ,0.0183193 ,-0.0166179 ,0.00234054 ,
0.000907972 ,-0.000225717 ,52 ,0.0184889 ,-0.0164928 ,0.00187656 ,
0.000930676 ,-0.000371317 ,45 ,0.0185271 ,-0.0169765 ,0.00254594 ,
0.000523536 ,-0.000368099 ,-13 ,0.0184931 ,-0.0172122 ,0.00244376 ,
0.000460407 ,-0.00038058 ,-142 ,0.0184652 ,-0.017282 ,0.00210767 ,
0.00056911 ,-0.000138146 ,-286 ,0.0184285 ,-0.0165721 ,0.00206643 ,
0.000335672 ,-0.000451181 ,-506 ,0.0188934 ,-0.0172266 ,0.00238131 ,
0.000286506 ,0.00040838 ,-808 ,0.018446 ,-0.0158046 ,0.00158007 ,
0.000334888 ,-0.000702597 ,-1493 ,0.0186542 ,-0.0163047 ,0.00172139 ,
0.000465259 ,-0.000624476 ,-1884 ,0.0186816 ,-0.0150812 ,0.00161672 ,
0.000742102 ,-0.000245887 ,-2277 ,0.0192267 ,-0.0155665 ,0.00144452 ,
0.000771963 ,-0.000293125 ,-2693 ,0.0188114 ,-0.0143906 ,0.00160379 ,
0.000803921 ,0.000129587 ,-3103 ,0.0189401 ,-0.0145686 ,0.00115596 ,
0.00114555 ,0.000336095 ,-3876 ,0.0191747 ,-0.0133457 ,0.00106818 ,
0.00105611 ,-0.000441412 ,-4232 ,0.0191385 ,-0.0131547 ,0.00110187 ,
0.00139996 ,-0.000182028 ,-4554 ,0.0195372 ,-0.0128746 ,0.00166383 ,
0.00161112 ,-0.000250514 ,-4893 ,0.0190513 ,-0.0113343 ,0.000625062 ,
0.00151275 ,-0.000487497 ,-5197 ,0.0193812 ,-0.0109173 ,0.000627588 ,
0.00161799 ,-0.000304932 ,-5752 ,0.0196754 ,-0.0109789 ,0.000844875 ,
0.00180204 ,-0.000164566 ,-5977 ,0.0201693 ,-0.0112469 ,0.000573346 ,
0.00184434 ,-0.000329525 ,-6200 ,0.0198076 ,-0.0101085 ,0.000428163 ,
0.0019475 ,0.000182146 ,-6430 ,0.0196541 ,-0.0104036 ,0.000135169 ,
0.00207055 ,0.000449452 ,-6640 ,0.0203296 ,-0.0105656 ,0.00113995 ,
0.00182336 ,-8.44574e-05 ,-7015 ,0.0199571 ,-0.00960535 ,0.00122533 ,
0.00181152 ,5.74558e-05 ,-7200 ,0.0204421 ,-0.00927841 ,0.000946347 ,
0.0016966 ,-0.00074013 ,-7319 ,0.0205721 ,-0.0093055 ,0.00095997 ,
0.00184081 ,-0.000287896 ,-7468 ,0.0205205 ,-0.00896252 ,0.00106439 ,
0.00180897 ,-0.000162652 ,-7591 ,0.0199992 ,-0.00887615 ,0.000315201 ,
0.00167442 ,-0.000162026 ,-7830 ,0.0197875 ,-0.00775253 ,0.000453705 ,
0.00168104 ,-0.000513873 ,-7951 ,0.0203836 ,-0.00812121 ,-0.000194437 ,
0.00168642 ,-0.000176669 ,-8048 ,0.0207729 ,-0.0091257 ,0.00105241 ,
0.00165981 ,0.000214914 ,-8140 ,0.0203614 ,-0.00755353 ,0.000587086 ,
0.00159308 ,0.00039684 ,-8205 ,0.0205802 ,-0.00903029 ,0.00104266 ,
0.00163033 ,0.000306578 ,-8377 ,0.0210699 ,-0.00882722 ,0.00160374 ,
0.00163836 ,0.000732659 ,-8404 ,0.0201654 ,-0.00726766 ,0.000486579 ,
0.00153221 ,0.000480956 ,-8467 ,0.0211396 ,-0.00868587 ,0.00156504 ,
0.00144411 ,0.000619129 ,-8532 ,0.020967 ,-0.00838204 ,0.000768289 ,
0.00135297 ,0.000318444 ,-8598 ,0.0208589 ,-0.00904384 ,0.00173386 ,
0.00147125 ,0.000805839 ,-8739 ,0.0207179 ,-0.00793118 ,0.00104558 ,
0.00152872 ,0.000557496 ,-8763 ,0.0205034 ,-0.00730346 ,0.000819949 ,
0.00141635 ,0.000594679 ,-8818 ,0.0205102 ,-0.00706675 ,0.000750888 ,
0.00126858 ,0.00119197 ,-8918 ,0.0209433 ,-0.00795906 ,0.00113385 ,
0.00112809 ,0.000979771 ,-8937 ,0.0207241 ,-0.00859536 ,0.0019262 ,
0.00117411 ,0.00312196 ,-9025 ,0.02047 ,-0.0078188 ,0.00188713 ,
0.00137234 ,0.00380926 ,-9029 ,0.0208534 ,-0.00813702 ,0.00196716 ,
0.00147086 ,0.00370373 ,-9008 ,0.020968 ,-0.00899974 ,0.00236881 ,
0.00151916 ,0.00287856 ,-8902 ,0.0205864 ,-0.00844214 ,0.00166523 ,
0.00182258 ,0.00244963 ,-8394 ,0.0205498 ,-0.00872895 ,0.00107241 ,
0.00159319 ,0.00140741 ,-8026 ,0.0199066 ,-0.0069517 ,0.00152881 ,
0.00154118 ,0.00112633 ,-7539 ,0.0208417 ,-0.00907231 ,-0.001696 ,
0.00170946 ,0.00127213 ,-6954 ,0.0211493 ,-0.00974185 ,-0.00200005 ,
0.00144671 ,0.00116492 ,-6271 ,0.0208434 ,-0.0107617 ,-0.00158944 ,
0.00131815 ,8.97689e-05 ,-4995 ,0.0198597 ,-0.0113309 ,-0.00308232 ,
0.00115119 ,0.000632236 ,-4406 ,0.0199786 ,-0.0121675 ,-0.00249266 ,
0.00103267 ,0.000908158 ,-3795 ,0.0200028 ,-0.0130947 ,-0.00260597 ,
0.00101986 ,0.000278443 ,-3257 ,0.0204421 ,-0.0142158 ,-0.00272263 ,
0.000626038 ,6.0345e-05 ,-2710 ,0.0196978 ,-0.0150281 ,-0.0023161 ,
0.000363077 ,0.000105852 ,-1812 ,0.0196995 ,-0.0149087 ,-0.00276854 ,
0.000286448 ,0.00052768 ,-1531 ,0.0193929 ,-0.014815 ,-0.00322853 ,
0.000209252 ,0.000454416 ,-1202 ,0.0194174 ,-0.0158978 ,-0.00210117 ,
0.000146928 ,-0.000136138 ,-870 ,0.0192237 ,-0.0163304 ,-0.00228151 ,
0.000170569 ,1.16878e-05 ,-664 ,0.0188292 ,-0.0153553 ,-0.00302991 ,
-0.000164927 ,-0.00066137 ,-329 ,0.019434 ,-0.0168087 ,-0.00175087 ,
-0.000232239 ,-0.000754168 ,-217 ,0.019084 ,-0.0163659 ,-0.0023401 ,
-0.000205021 ,-3.49607e-05 ,-167 ,0.01907 ,-0.0163926 ,-0.00242134 ,
-0.000199517 ,8.21835e-05 ,-55 ,0.0189058 ,-0.0160414 ,-0.00243164 ,
-0.00029214 ,-0.00065699 ,14 ,0.0191073 ,-0.0172587 ,-0.00215234 ,
-0.000307808 ,4.44956e-05 ,56 ,0.0196469 ,-0.0171339 ,-0.00170283 ,
-0.000374878 ,-0.000336721 ,97 ,0.0189022 ,-0.0163938 ,-0.00218819 ,
-0.000418432 ,-0.000545074 ,76 ,0.0196527 ,-0.0172567 ,-0.00164827 ,
-0.000393581 ,-0.000507977 ,94 ,0.0194306 ,-0.0171613 ,-0.00164412 ,
-0.000349417 ,-0.000398279 ,110 ,0.018925 ,-0.0161624 ,-0.00213339 ,
-0.00040461 ,-0.000352995 ,103 ,0.0190215 ,-0.016163 ,-0.0021592 ,
-0.000400475 ,-0.000358414 ,108 ,0.0191013 ,-0.0164339 ,-0.0019062 ,
-0.0002964 ,-0.000350187 ,126 ,0.0189467 ,-0.0172784 ,-0.00196726 ,
-0.000216544 ,-0.000329866 ,108 ,0.0189471 ,-0.0176777 ,-0.00150778 ,
-0.000216666 ,-0.000316404 ,113 ,0.0192175 ,-0.0174082 ,-0.00141335 ,
-0.000117341 ,-0.000272554 ,97 ,0.0192183 ,-0.0174441 ,-0.00143592 ,
-3.76989e-05 ,-0.000285362 ,70 ,0.0195244 ,-0.0176993 ,-0.0013217 ,
-4.19306e-05 ,-0.000272614 ,63 ,0.0195346 ,-0.0173914 ,-0.0015581 ,
1.36906e-05 ,-9.34015e-05 ,61 ,0.0191979 ,-0.0163905 ,-0.00162352 ,
7.80583e-05 ,0.00012861 ,61 ,0.0190202 ,-0.0174627 ,-0.000963751 ,
0.000126069 ,-4.65182e-05 ,64 ,0.018792 ,-0.016766 ,-0.00159057 ,
0.000124223 ,-0.000110822 ,63 ,0.0185903 ,-0.0163345 ,-0.00166399 ,
0.000135282 ,-2.05981e-05 ,48 ,0.018988 ,-0.0169769 ,-0.0015986 ,
0.000291283 ,0.000242723 ,29 ,0.0192216 ,-0.0172882 ,-0.0011187 ,
0.000304173 ,0.000217697 ,3 ,0.0195834 ,-0.0169419 ,-0.00113594 ,
0.000247442 ,2.95611e-05 ,24 ,0.0193738 ,-0.0175686 ,-0.00100691 ,
0.000288261 ,7.54648e-05 ,9 ,0.0192759 ,-0.0173504 ,-0.00103082 ,
0.000338296 ,4.08524e-05 ,13 ,0.0190707 ,-0.0174877 ,-0.00104941 ,
0.000373228 ,-2.00078e-05 ,7 ,0.0193845 ,-0.0175774 ,-0.00131074 ,
0.000347681 ,-3.951e-05 ,11 ,0.0193141 ,-0.0177048 ,-0.00105836 ,
0.000372573 ,-4.05036e-05 ,8 ,0.0190928 ,-0.0175346 ,-0.00142559 ,
