-0.947169 ,0.320359 ,-0.0155503, -0.426041 
0.320705 ,0.946637 ,-0.0320541, 0.322828 
0.00445168 ,-0.0353477 ,-0.999365, 0.136024 
0 ,0 ,0, 1 
-0.947168 ,0.32036 ,-0.0155503, -0.426041 
0.320706 ,0.946636 ,-0.0320541, 0.322828 
0.00445162 ,-0.0353477 ,-0.999365, 0.136024 
0 ,0 ,0, 1 
-0.947168 ,0.32036 ,-0.0155503, -0.426041 
0.320706 ,0.946636 ,-0.0320541, 0.322828 
0.00445162 ,-0.0353477 ,-0.999365, 0.136024 
0 ,0 ,0, 1 
-0.947169 ,0.320359 ,-0.0155503, -0.426041 
0.320705 ,0.946637 ,-0.0320541, 0.322828 
0.00445168 ,-0.0353477 ,-0.999365, 0.136024 
0 ,0 ,0, 1 
-0.947169 ,0.320357 ,-0.0155494, -0.426041 
0.320703 ,0.946637 ,-0.0320548, 0.322827 
0.00445061 ,-0.0353481 ,-0.999365, 0.136024 
0 ,0 ,0, 1 
-0.947169 ,0.320357 ,-0.0155503, -0.426041 
0.320703 ,0.946637 ,-0.0320541, 0.322828 
0.00445174 ,-0.0353477 ,-0.999365, 0.136024 
0 ,0 ,0, 1 
-0.94717 ,0.320355 ,-0.0155503, -0.426041 
0.320702 ,0.946638 ,-0.0320541, 0.322828 
0.0044518 ,-0.0353477 ,-0.999365, 0.136024 
0 ,0 ,0, 1 
-0.94717 ,0.320354 ,-0.0155503, -0.426041 
0.3207 ,0.946638 ,-0.0320541, 0.322828 
0.00445186 ,-0.0353477 ,-0.999365, 0.136024 
0 ,0 ,0, 1 
-0.94717 ,0.320354 ,-0.0155503, -0.426041 
0.3207 ,0.946638 ,-0.0320541, 0.322828 
0.00445186 ,-0.0353477 ,-0.999365, 0.136024 
0 ,0 ,0, 1 
-0.947171 ,0.320352 ,-0.0155494, -0.426041 
0.320698 ,0.946639 ,-0.0320548, 0.322827 
0.00445079 ,-0.0353481 ,-0.999365, 0.136024 
0 ,0 ,0, 1 
-0.947171 ,0.320352 ,-0.0155494, -0.426041 
0.320698 ,0.946639 ,-0.0320548, 0.322827 
0.00445079 ,-0.0353481 ,-0.999365, 0.136024 
0 ,0 ,0, 1 
-0.947171 ,0.32035 ,-0.0155503, -0.426041 
0.320697 ,0.946639 ,-0.0320541, 0.322828 
0.00445198 ,-0.0353477 ,-0.999365, 0.136024 
0 ,0 ,0, 1 
-0.947171 ,0.32035 ,-0.0155503, -0.426041 
0.320697 ,0.946639 ,-0.0320541, 0.322828 
0.00445198 ,-0.0353477 ,-0.999365, 0.136024 
0 ,0 ,0, 1 
-0.947172 ,0.32035 ,-0.0155494, -0.426041 
0.320697 ,0.946639 ,-0.0320548, 0.322827 
0.00445085 ,-0.0353481 ,-0.999365, 0.136024 
0 ,0 ,0, 1 
-0.947171 ,0.320352 ,-0.0155503, -0.426041 
0.320698 ,0.946639 ,-0.0320541, 0.322828 
0.00445198 ,-0.0353477 ,-0.999365, 0.136024 
0 ,0 ,0, 1 
-0.947171 ,0.32035 ,-0.0155503, -0.426041 
0.320697 ,0.946639 ,-0.0320541, 0.322828 
0.00445198 ,-0.0353477 ,-0.999365, 0.136024 
0 ,0 ,0, 1 
-0.947172 ,0.32035 ,-0.0155494, -0.426041 
0.320697 ,0.946639 ,-0.0320548, 0.322827 
0.00445085 ,-0.0353481 ,-0.999365, 0.136024 
0 ,0 ,0, 1 
-0.947171 ,0.32035 ,-0.0155503, -0.426041 
0.320697 ,0.946639 ,-0.0320541, 0.322828 
0.00445198 ,-0.0353477 ,-0.999365, 0.136024 
0 ,0 ,0, 1 
-0.947171 ,0.32035 ,-0.0155503, -0.426041 
0.320697 ,0.946639 ,-0.0320541, 0.322828 
0.00445198 ,-0.0353477 ,-0.999365, 0.136024 
0 ,0 ,0, 1 
-0.947172 ,0.320348 ,-0.0155491, -0.426041 
0.320695 ,0.94664 ,-0.0320525, 0.322828 
0.00445141 ,-0.0353458 ,-0.999365, 0.136024 
0 ,0 ,0, 1 
-0.947172 ,0.320348 ,-0.0155491, -0.426041 
0.320695 ,0.94664 ,-0.0320525, 0.322828 
0.00445141 ,-0.0353458 ,-0.999365, 0.136024 
0 ,0 ,0, 1 
-0.947172 ,0.320348 ,-0.0155491, -0.426041 
0.320695 ,0.94664 ,-0.0320525, 0.322828 
0.00445141 ,-0.0353458 ,-0.999365, 0.136024 
0 ,0 ,0, 1 
-0.947172 ,0.320348 ,-0.0155481, -0.42604 
0.320695 ,0.94664 ,-0.0320533, 0.322828 
0.00445028 ,-0.0353462 ,-0.999365, 0.136024 
0 ,0 ,0, 1 
-0.947173 ,0.320347 ,-0.0155491, -0.426041 
0.320693 ,0.946641 ,-0.0320525, 0.322828 
0.00445147 ,-0.0353458 ,-0.999365, 0.136024 
0 ,0 ,0, 1 
-0.947173 ,0.320347 ,-0.0155491, -0.426041 
0.320693 ,0.946641 ,-0.0320525, 0.322828 
0.00445147 ,-0.0353458 ,-0.999365, 0.136024 
0 ,0 ,0, 1 
-0.947173 ,0.320347 ,-0.0155491, -0.426041 
0.320693 ,0.946641 ,-0.0320525, 0.322828 
0.00445147 ,-0.0353458 ,-0.999365, 0.136024 
0 ,0 ,0, 1 
-0.947173 ,0.320347 ,-0.0155491, -0.426041 
0.320693 ,0.946641 ,-0.0320525, 0.322828 
0.00445147 ,-0.0353458 ,-0.999365, 0.136024 
0 ,0 ,0, 1 
-0.947173 ,0.320345 ,-0.0155491, -0.426041 
0.320691 ,0.946641 ,-0.0320525, 0.322828 
0.00445153 ,-0.0353457 ,-0.999365, 0.136024 
0 ,0 ,0, 1 
-0.947173 ,0.320345 ,-0.0155491, -0.426041 
0.320691 ,0.946641 ,-0.0320525, 0.322828 
0.00445153 ,-0.0353457 ,-0.999365, 0.136024 
0 ,0 ,0, 1 
-0.947173 ,0.320345 ,-0.0155491, -0.426041 
0.320691 ,0.946641 ,-0.0320525, 0.322828 
0.00445153 ,-0.0353457 ,-0.999365, 0.136024 
0 ,0 ,0, 1 
-0.947174 ,0.320344 ,-0.0155491, -0.426041 
0.32069 ,0.946642 ,-0.0320525, 0.322828 
0.00445159 ,-0.0353457 ,-0.999365, 0.136024 
0 ,0 ,0, 1 
-0.947174 ,0.320344 ,-0.0155491, -0.426041 
0.32069 ,0.946642 ,-0.0320525, 0.322828 
0.00445159 ,-0.0353457 ,-0.999365, 0.136024 
0 ,0 ,0, 1 
-0.947174 ,0.320344 ,-0.0155491, -0.426041 
0.32069 ,0.946642 ,-0.0320525, 0.322828 
0.00445159 ,-0.0353457 ,-0.999365, 0.136024 
0 ,0 ,0, 1 
-0.947174 ,0.320342 ,-0.0155491, -0.426041 
0.320688 ,0.946642 ,-0.0320525, 0.322828 
0.00445165 ,-0.0353457 ,-0.999365, 0.136024 
0 ,0 ,0, 1 
-0.947174 ,0.320342 ,-0.0155491, -0.426041 
0.320688 ,0.946642 ,-0.0320525, 0.322828 
0.00445165 ,-0.0353457 ,-0.999365, 0.136024 
0 ,0 ,0, 1 
-0.947174 ,0.320342 ,-0.0155491, -0.426041 
0.320688 ,0.946642 ,-0.0320525, 0.322828 
0.00445165 ,-0.0353457 ,-0.999365, 0.136024 
0 ,0 ,0, 1 
-0.947174 ,0.320342 ,-0.0155491, -0.426041 
0.320688 ,0.946642 ,-0.0320525, 0.322828 
0.00445165 ,-0.0353457 ,-0.999365, 0.136024 
0 ,0 ,0, 1 
-0.947168 ,0.320361 ,-0.015524, -0.426031 
0.320706 ,0.946635 ,-0.0320796, 0.322819 
0.00441848 ,-0.0353635 ,-0.999365, 0.136012 
0 ,0 ,0, 1 
