1.52488e+07 -3.94542e+06 9.37042e+06 -348130 -2.0369e+06 -61357 
1.52469e+07 -3.83554e+06 9.38459e+06 -333355 -2.04559e+06 -58761 
1.52469e+07 -3.83554e+06 9.38459e+06 -333355 -2.04559e+06 -58761 
1.53082e+07 -3.86085e+06 9.44346e+06 -325894 -2.05494e+06 -54670 
1.51263e+07 -3.8929e+06 9.28e+06 -343137 -2.01904e+06 -64361 
1.51263e+07 -3.8929e+06 9.28e+06 -343137 -2.01904e+06 -64361 
1.52887e+07 -4.02369e+06 9.51431e+06 -332432 -2.04606e+06 -58389 
1.51969e+07 -3.84639e+06 9.26664e+06 -347717 -2.02945e+06 -63150 
1.52903e+07 -3.95082e+06 9.40625e+06 -333385 -2.03676e+06 -62014 
1.52538e+07 -3.84452e+06 9.37348e+06 -339945 -2.04365e+06 -59894 
1.5227e+07 -3.95115e+06 9.35583e+06 -334035 -2.02884e+06 -64111 
1.52587e+07 -3.87926e+06 9.31321e+06 -328454 -2.051e+06 -58151 
1.5167e+07 -3.90029e+06 9.39354e+06 -340710 -2.01248e+06 -66641 
1.52875e+07 -3.9646e+06 9.41457e+06 -331171 -2.04146e+06 -57840 
1.5194e+07 -3.87567e+06 9.34714e+06 -344773 -2.02373e+06 -65750 
1.52861e+07 -3.9654e+06 9.45488e+06 -327937 -2.03497e+06 -58608 
1.52784e+07 -3.88791e+06 9.34332e+06 -339317 -2.04422e+06 -60542 
1.52314e+07 -3.97628e+06 9.34235e+06 -328510 -2.02404e+06 -64187 
1.52837e+07 -3.90449e+06 9.47256e+06 -335766 -2.04266e+06 -58713 
1.52087e+07 -3.92022e+06 9.3712e+06 -338966 -2.01293e+06 -67288 
1.53224e+07 -3.96475e+06 9.4304e+06 -332409 -2.04997e+06 -55872 
1.52471e+07 -3.918e+06 9.40699e+06 -344794 -2.03162e+06 -63429 
1.52839e+07 -3.96639e+06 9.39768e+06 -328053 -2.04922e+06 -57391 
1.51747e+07 -3.87873e+06 9.34446e+06 -346729 -2.02548e+06 -66018 
1.52909e+07 -3.96944e+06 9.42934e+06 -335406 -2.03494e+06 -61872 
1.52655e+07 -3.87354e+06 9.42896e+06 -344532 -2.04382e+06 -59797 
1.52963e+07 -3.96418e+06 9.40967e+06 -337222 -2.03377e+06 -63891 
1.52851e+07 -3.86392e+06 9.38783e+06 -332387 -2.05492e+06 -56518 
1.523e+07 -3.9406e+06 9.28388e+06 -340414 -2.02372e+06 -68471 
1.52499e+07 -3.93276e+06 9.35563e+06 -329426 -2.04023e+06 -58418 
1.51803e+07 -3.85274e+06 9.28452e+06 -341238 -2.01803e+06 -67223 
1.52831e+07 -3.9347e+06 9.48243e+06 -324944 -2.03833e+06 -56123 
1.52499e+07 -3.90725e+06 9.38869e+06 -341877 -2.03635e+06 -63463 
1.53148e+07 -3.95433e+06 9.4305e+06 -326214 -2.04034e+06 -58218 
1.52534e+07 -3.87332e+06 9.29982e+06 -337261 -2.04375e+06 -60999 
1.52619e+07 -3.96379e+06 9.40189e+06 -337839 -2.02093e+06 -66485 
1.52788e+07 -3.91323e+06 9.37428e+06 -340922 -2.0467e+06 -57108 
1.52165e+07 -3.90928e+06 9.41674e+06 -337580 -2.02341e+06 -65023 
