0.134712 -0.0333422 -0.178878 0.00141493 0.0365729 -0.0132987 
0.269044 -0.0447071 -0.354921 -0.00119454 0.0712794 -0.0260289 
0.403375 -0.0560721 -0.530965 -0.00380401 0.105986 -0.0387592 
0.549965 -0.0724991 -0.695234 -0.00350012 0.142663 -0.0505 
0.660185 -0.0953365 -0.892197 -0.00413106 0.175122 -0.0647406 
0.635695 -0.0848311 -0.910281 -0.00617713 0.171009 -0.0656825 
0.644064 -0.122461 -0.884338 0.00549597 0.173492 -0.0655767 
0.634074 -0.124631 -0.907929 0.0036623 0.173625 -0.0666097 
0.630502 -0.142625 -0.915371 0.00795542 0.176151 -0.0681771 
0.655992 -0.132949 -0.896674 0.00525915 0.179227 -0.0668772 
0.676136 -0.144601 -0.881506 0.0105298 0.183586 -0.0665541 
0.670131 -0.115715 -0.921726 0.0028113 0.180804 -0.0665244 
0.664149 -0.126496 -0.896346 0.00723478 0.182248 -0.0673393 
0.663581 -0.129254 -0.894681 0.00852307 0.181126 -0.0665199 
0.651624 -0.135485 -0.89995 0.00960319 0.181348 -0.067886 
0.663443 -0.138332 -0.88014 0.0114245 0.183805 -0.0666152 
0.667394 -0.140062 -0.874119 0.0097074 0.186393 -0.0670385 
0.680266 -0.15526 -0.884356 0.0170982 0.188168 -0.0663926 
0.679524 -0.143236 -0.872759 0.0122101 0.187664 -0.0665483 
0.68247 -0.152143 -0.867946 0.0161107 0.190743 -0.066834 
0.689721 -0.152011 -0.872844 0.0152481 0.190044 -0.0661777 
0.683458 -0.158026 -0.860109 0.0158604 0.190554 -0.066864 
0.693953 -0.156045 -0.849042 0.0151605 0.188802 -0.0653425 
0.672149 -0.150889 -0.874662 0.011725 0.185421 -0.0671176 
0.688584 -0.160732 -0.863036 0.0153694 0.186178 -0.0658125 
0.677213 -0.142491 -0.863323 0.00719145 0.18382 -0.0667225 
0.687049 -0.151727 -0.862788 0.0116131 0.186494 -0.0666904 
0.687304 -0.131233 -0.864758 0.00430709 0.18544 -0.0664608 
0.698362 -0.143607 -0.876873 0.00965773 0.189311 -0.0668164 
0.69017 -0.136271 -0.891613 0.00875937 0.185703 -0.0662302 
0.673128 -0.132112 -0.920501 0.00853848 0.185554 -0.0679606 
0.670493 -0.126215 -0.905948 0.0089147 0.183773 -0.0664318 
0.663442 -0.13488 -0.905776 0.0097492 0.18526 -0.0679482 
0.6804 -0.137627 -0.876453 0.0130162 0.187215 -0.0656501 
0.681101 -0.125739 -0.887614 0.00786424 0.186761 -0.0661261 
0.69741 -0.147948 -0.864141 0.015202 0.19127 -0.0657893 
0.696538 -0.143654 -0.885771 0.0109756 0.189377 -0.0659887 
0.689813 -0.14409 -0.880161 0.0118877 0.189831 -0.0664028 
