0.673562 -0.166711 -0.894391 0.00707466 0.182865 -0.0664934 
0.671657 -0.0568249 -0.880217 -0.0130473 0.173532 -0.0636513 
0.671657 -0.0568249 -0.880217 -0.0130473 0.173532 -0.0636513 
0.732948 -0.0821348 -0.821348 0.00151945 0.183385 -0.0587042 
0.551101 -0.114187 -0.984812 -0.00315472 0.162295 -0.071203 
0.55111 -0.114184 -0.984812 -0.00315566 0.162298 -0.0712029 
0.713505 -0.244977 -0.750501 0.0453182 0.185949 -0.0631219 
0.621708 -0.0676736 -0.998173 -0.0222157 0.174198 -0.0688166 
0.715083 -0.172106 -0.85856 0.022985 0.196015 -0.0665411 
0.678552 -0.0658058 -0.891324 -0.0166361 0.177676 -0.0647033 
0.651831 -0.172443 -0.908974 0.0231976 0.184092 -0.0695877 
0.683479 -0.100549 -0.951601 0.00672566 0.172038 -0.0629732 
0.5918 -0.121576 -0.871273 -9.82934e-05 0.18142 -0.072891 
0.712243 -0.185895 -0.850236 0.0294265 0.190402 -0.0624442 
0.618767 -0.0969595 -0.917667 -0.0112355 0.17879 -0.0715339 
0.710927 -0.186681 -0.809927 0.0323043 0.196374 -0.0632339 
0.703233 -0.109196 -0.921491 -0.00185997 0.184978 -0.0650896 
0.656158 -0.197569 -0.922461 0.036856 0.190299 -0.0696616 
0.708532 -0.125775 -0.792251 0.00498575 0.187878 -0.0632225 
0.633499 -0.141493 -0.893603 0.00826753 0.194186 -0.0729623 
0.747185 -0.18602 -0.834413 0.0279912 0.192881 -0.0599523 
0.671915 -0.139271 -0.857815 0.00120136 0.187525 -0.0685215 
0.708636 -0.187664 -0.867128 0.0333568 0.181538 -0.0620537 
0.59951 -0.0999968 -0.920349 -0.0121921 0.170976 -0.0720984 
0.715676 -0.190708 -0.835472 0.0264898 0.197969 -0.0664367 
0.690326 -0.0948138 -0.835848 -0.0128986 0.181089 -0.0645022 
0.721098 -0.185452 -0.855142 0.0233098 0.200897 -0.0683612 
0.709911 -0.0851927 -0.876976 -0.00317344 0.17627 -0.0609054 
0.654797 -0.16187 -0.980924 0.0145611 0.19033 -0.0738768 
0.674719 -0.154029 -0.909176 0.021998 0.179929 -0.0635053 
0.605115 -0.0740147 -0.980286 -0.014003 0.180342 -0.0731543 
0.707926 -0.155971 -0.782376 0.0251909 0.191992 -0.0607171 
0.674654 -0.128519 -0.876118 0.000999086 0.183707 -0.0684875 
0.739586 -0.175601 -0.834306 0.0308959 0.200105 -0.0623862 
0.678225 -0.0945886 -0.964983 -0.00376162 0.17766 -0.0658851 
0.686661 -0.18506 -0.862921 0.0226857 0.202887 -0.0714708 
0.703567 -0.134503 -0.890527 0.00405899 0.182525 -0.0617138 
0.641029 -0.1307 -0.848067 0.00555946 0.185977 -0.070558 
