-0.00803912 ,-0.00696339 ,0.0804 ,11.0672 ,1.03803 ,0.0385559 ,
-0.00803912 ,-0.00696339 ,0.0804 ,11.0672 ,1.03803 ,0.0385559 ,
-0.00803912 ,-0.00696339 ,0.0804 ,11.0672 ,1.03803 ,0.0385559 ,
-0.00803912 ,-0.00696339 ,0.0804 ,11.0672 ,1.03803 ,0.0385559 ,
-0.00803912 ,-0.00696339 ,0.0804 ,11.0672 ,1.03803 ,0.0385559 ,
-0.00803912 ,-0.00696339 ,0.0804 ,11.0672 ,1.03803 ,0.0385559 ,
-0.00803912 ,-0.00696339 ,0.0804 ,11.0672 ,1.03803 ,0.0385559 ,
-0.00803912 ,-0.00696339 ,0.0804 ,11.0672 ,1.03803 ,0.0385559 ,
-0.00803912 ,-0.00696339 ,0.0804 ,11.0672 ,1.03803 ,0.0385559 ,
-0.00803912 ,-0.00696339 ,0.0804 ,11.0672 ,1.03803 ,0.0385559 ,
-0.00803912 ,-0.00696339 ,0.0804 ,11.0672 ,1.03803 ,0.0385559 ,
-0.00803912 ,-0.00696339 ,0.0804 ,11.0672 ,1.03803 ,0.0385559 ,
-0.00803912 ,-0.00696339 ,0.0804 ,11.0672 ,1.03803 ,0.0385559 ,
-0.00803912 ,-0.00696339 ,0.0804 ,11.0672 ,1.03803 ,0.0385559 ,
-0.00803912 ,-0.00696339 ,0.0804 ,11.0672 ,1.03803 ,0.0385559 ,
-0.00803912 ,-0.00696339 ,0.0804 ,11.0672 ,1.03803 ,0.0385559 ,
-0.00803912 ,-0.00696339 ,0.0804 ,11.0672 ,1.03803 ,0.0385559 ,
-0.00803912 ,-0.00696339 ,0.0804 ,11.0672 ,1.03803 ,0.0385559 ,
-0.00803912 ,-0.00696339 ,0.0804 ,11.0672 ,1.03803 ,0.0385559 ,
-0.00803912 ,-0.00696339 ,0.0804 ,11.0672 ,1.03803 ,0.0385559 ,
-0.00803912 ,-0.00696339 ,0.0804 ,11.0672 ,1.03803 ,0.0385559 ,
-0.00803912 ,-0.00696339 ,0.0804 ,11.0672 ,1.03803 ,0.0385559 ,
-0.00803912 ,-0.00696339 ,0.0804 ,11.0672 ,1.03803 ,0.0385559 ,
-0.00803912 ,-0.00696339 ,0.0804 ,11.0672 ,1.03803 ,0.0385559 ,
-0.00803912 ,-0.00696339 ,0.0804 ,11.0672 ,1.03803 ,0.0385559 ,
-0.00803912 ,-0.00696339 ,0.0804 ,11.0672 ,1.03803 ,0.0385559 ,
-0.00803912 ,-0.00696339 ,0.0804 ,11.0672 ,1.03803 ,0.0385559 ,
-0.00803912 ,-0.00696339 ,0.0804 ,11.0672 ,1.03803 ,0.0385559 ,
-0.00803912 ,-0.00696339 ,0.0804 ,11.0672 ,1.03803 ,0.0385559 ,
-0.00803912 ,-0.00696339 ,0.0804 ,11.0672 ,1.03803 ,0.0385559 ,
-0.00803912 ,-0.00696339 ,0.0804 ,11.0672 ,1.03803 ,0.0385559 ,
-0.00803912 ,-0.00696339 ,0.0804 ,11.0672 ,1.03803 ,0.0385559 ,
-0.00803912 ,-0.00696339 ,0.0804 ,11.0672 ,1.03803 ,0.0385559 ,
-0.00803912 ,-0.00696339 ,0.0804 ,11.0672 ,1.03803 ,0.0385559 ,
-0.00803912 ,-0.00696339 ,0.0804 ,11.0672 ,1.03803 ,0.0385559 ,
-0.00803912 ,-0.00696339 ,0.0804 ,11.0672 ,1.03803 ,0.0385559 ,
-0.00803912 ,-0.00696339 ,0.0804 ,11.0672 ,1.03803 ,0.0385559 ,
-0.00803912 ,-0.00696339 ,0.0804 ,11.0672 ,1.03803 ,0.0385559 ,
