-221.5 0 91 1.5708 
45 0 91 -4.37114e-08 
-33.5 0 101 1.5708 
-31.5 0 101 1.5708 
-29.5 0 101 1.5708 
-27.5 0 101 1.5708 
-27.5 0 101 1.5708 
-27.5 0 101 1.5708 
-26.5 0 101 1.5708 
62.5 0 101 1.5708 
42.5546 0 51 -0.785398 
-40.2828 0 -349 -0.471239 
69.5 0 101 1.5708 
70 0 31 1.94707e-07 
-30.0129 0 -339 -0.471239 
74.5 0 101 1.5708 
76.5 0 101 1.5708 
-37.9026 0 -409 -0.471239 
79.5 0 101 1.5708 
78.5 0 101 1.5708 
-37.473 0 -319 -0.471239 
-65.7124 0 -439 -0.471239 
-37.473 0 -319 -0.471239 
-37.473 0 -319 -0.471239 
-65.7124 0 -439 -0.471239 
-37.473 0 -319 -0.471239 
-37.473 0 -319 -0.471239 
-37.473 0 -319 -0.471239 
-37.473 0 -319 -0.471239 
-37.473 0 -319 -0.471239 
-60.7124 0 -439 -0.471239 
-60.7124 0 -439 -0.471239 
-58.7124 0 -439 -0.471239 
-56.7124 0 -439 -0.471239 
-54.7124 0 -439 -0.471239 
-51.7124 0 -439 -0.471239 
-49.7124 0 -439 -0.471239 
-48.7124 0 -439 -0.471239 
-46.7124 0 -439 -0.471239 
-44.7124 0 -439 -0.471239 
-44.7124 0 -439 -0.471239 
-42.7124 0 -439 -0.471239 
-40.7124 0 -439 -0.471239 
-40.7124 0 -439 -0.471239 
-38.7124 0 -439 -0.471239 
-37.7124 0 -439 -0.471239 
-36.7124 0 -439 -0.471239 
-34.7124 0 -439 -0.471239 
-33.7124 0 -439 -0.471239 
-33.7124 0 -439 -0.471239 
-30.7124 0 -439 -0.471239 
-30.7124 0 -439 -0.471239 
-29.7124 0 -439 -0.471239 
-28.7124 0 -439 -0.471239 
-27.7124 0 -439 -0.471239 
-26.7124 0 -439 -0.471239 
-25.7124 0 -439 -0.471239 
-25.7124 0 -439 -0.471239 
-24.7124 0 -439 -0.471239 
-23.7124 0 -439 -0.471239 
-22.7124 0 -439 -0.471239 
-22.7124 0 -439 -0.471239 
-21.7124 0 -439 -0.471239 
-21.7124 0 -439 -0.471239 
-20.7124 0 -439 -0.471239 
-20.7124 0 -439 -0.471239 
-19.7124 0 -439 -0.471239 
-18.7124 0 -439 -0.471239 
-18.7124 0 -439 -0.471239 
-17.7124 0 -439 -0.471239 
-16.7124 0 -439 -0.471239 
-15.7124 0 -439 -0.471239 
-15.7124 0 -439 -0.471239 
-15.7124 0 -439 -0.471239 
-14.7124 0 -439 -0.471239 
-13.7124 0 -439 -0.471239 
-14.7124 0 -439 -0.471239 
-13.7124 0 -439 -0.471239 
-13.7124 0 -439 -0.471239 
-12.7124 0 -439 -0.471239 
-12.7124 0 -439 -0.471239 
-12.7124 0 -439 -0.471239 
-12.7124 0 -439 -0.471239 
-12.7124 0 -439 -0.471239 
-12.7124 0 -439 -0.471239 
-12.7124 0 -439 -0.471239 
-12.7124 0 -439 -0.471239 
-12.7124 0 -439 -0.471239 
-11.7124 0 -439 -0.471239 
-11.7124 0 -439 -0.471239 
-11.7124 0 -439 -0.471239 
-10.7124 0 -439 -0.471239 
-10.7124 0 -439 -0.471239 
-10.7124 0 -439 -0.471239 
-10.7124 0 -439 -0.471239 
-9.7124 0 -439 -0.471239 
-10.7124 0 -439 -0.471239 
-9.7124 0 -439 -0.471239 
-9.7124 0 -439 -0.471239 
-9.7124 0 -439 -0.471239 
-9.7124 0 -439 -0.471239 
-9.7124 0 -439 -0.471239 
-9.7124 0 -439 -0.471239 
-9.7124 0 -439 -0.471239 
-9.7124 0 -439 -0.471239 
-9.7124 0 -439 -0.471239 
-8.7124 0 -439 -0.471239 
-9.7124 0 -439 -0.471239 
-9.7124 0 -439 -0.471239 
-8.7124 0 -439 -0.471239 
-8.7124 0 -439 -0.471239 
-8.7124 0 -439 -0.471239 
-9.7124 0 -439 -0.471239 
-8.7124 0 -439 -0.471239 
-8.7124 0 -439 -0.471239 
-8.7124 0 -439 -0.471239 
-8.7124 0 -439 -0.471239 
-8.7124 0 -439 -0.471239 
-8.7124 0 -439 -0.471239 
-8.7124 0 -439 -0.471239 
-7.7124 0 -439 -0.471239 
-7.7124 0 -439 -0.471239 
-7.7124 0 -439 -0.471239 
-7.7124 0 -439 -0.471239 
-6.7124 0 -439 -0.471239 
-6.7124 0 -439 -0.471239 
-7.7124 0 -439 -0.471239 
-7.7124 0 -439 -0.471239 
-7.7124 0 -439 -0.471239 
-7.7124 0 -439 -0.471239 
-6.7124 0 -439 -0.471239 
-7.7124 0 -439 -0.471239 
-7.7124 0 -439 -0.471239 
-6.7124 0 -439 -0.471239 
-7.7124 0 -439 -0.471239 
-6.7124 0 -439 -0.471239 
-7.7124 0 -439 -0.471239 
-6.7124 0 -439 -0.471239 
-6.7124 0 -439 -0.471239 
-6.7124 0 -439 -0.471239 
-6.7124 0 -439 -0.471239 
-6.7124 0 -439 -0.471239 
-6.7124 0 -439 -0.471239 
-6.7124 0 -439 -0.471239 
-6.7124 0 -439 -0.471239 
-6.7124 0 -439 -0.471239 
-6.7124 0 -439 -0.471239 
-6.7124 0 -439 -0.471239 
-6.7124 0 -439 -0.471239 
-6.7124 0 -439 -0.471239 
-6.7124 0 -439 -0.471239 
-6.7124 0 -439 -0.471239 
-5.7124 0 -439 -0.471239 
-6.7124 0 -439 -0.471239 
-5.7124 0 -439 -0.471239 
-6.7124 0 -439 -0.471239 
-6.7124 0 -439 -0.471239 
-6.7124 0 -439 -0.471239 
-6.7124 0 -439 -0.471239 
-6.7124 0 -439 -0.471239 
-6.7124 0 -439 -0.471239 
-6.7124 0 -439 -0.471239 
-6.7124 0 -439 -0.471239 
-6.7124 0 -439 -0.471239 
-6.7124 0 -439 -0.471239 
-7.7124 0 -439 -0.471239 
-6.7124 0 -439 -0.471239 
-6.7124 0 -439 -0.471239 
-6.7124 0 -439 -0.471239 
-6.7124 0 -439 -0.471239 
-6.7124 0 -439 -0.471239 
-6.7124 0 -439 -0.471239 
-6.7124 0 -439 -0.471239 
-6.7124 0 -439 -0.471239 
-6.7124 0 -439 -0.471239 
-6.7124 0 -439 -0.471239 
-6.7124 0 -439 -0.471239 
-6.7124 0 -439 -0.471239 
-6.7124 0 -439 -0.471239 
-6.7124 0 -439 -0.471239 
-6.7124 0 -439 -0.471239 
-6.7124 0 -439 -0.471239 
-7.7124 0 -439 -0.471239 
-7.7124 0 -439 -0.471239 
-6.7124 0 -439 -0.471239 
-6.7124 0 -439 -0.471239 
-7.7124 0 -439 -0.471239 
-7.7124 0 -439 -0.471239 
-7.7124 0 -439 -0.471239 
-6.7124 0 -439 -0.471239 
-7.7124 0 -439 -0.471239 
-7.7124 0 -439 -0.471239 
-7.7124 0 -439 -0.471239 
-7.7124 0 -439 -0.471239 
-7.7124 0 -439 -0.471239 
-7.7124 0 -439 -0.471239 
-7.7124 0 -439 -0.471239 
-7.7124 0 -439 -0.471239 
-7.7124 0 -439 -0.471239 
-7.7124 0 -439 -0.471239 
-7.7124 0 -439 -0.471239 
-7.7124 0 -439 -0.471239 
-7.7124 0 -439 -0.471239 
-7.7124 0 -439 -0.471239 
-7.7124 0 -439 -0.471239 
-7.7124 0 -439 -0.471239 
-7.7124 0 -439 -0.471239 
-7.7124 0 -439 -0.471239 
-8.7124 0 -439 -0.471239 
-8.7124 0 -439 -0.471239 
-7.7124 0 -439 -0.471239 
-7.7124 0 -439 -0.471239 
-7.7124 0 -439 -0.471239 
-8.7124 0 -439 -0.471239 
-8.7124 0 -439 -0.471239 
-8.7124 0 -439 -0.471239 
-8.7124 0 -439 -0.471239 
-8.7124 0 -439 -0.471239 
-8.7124 0 -439 -0.471239 
-8.7124 0 -439 -0.471239 
-8.7124 0 -439 -0.471239 
-7.7124 0 -439 -0.471239 
-8.7124 0 -439 -0.471239 
-8.7124 0 -439 -0.471239 
-8.7124 0 -439 -0.471239 
-8.7124 0 -439 -0.471239 
-8.7124 0 -439 -0.471239 
-8.7124 0 -439 -0.471239 
-8.7124 0 -439 -0.471239 
-8.7124 0 -439 -0.471239 
-8.7124 0 -439 -0.471239 
-8.7124 0 -439 -0.471239 
-8.7124 0 -439 -0.471239 
-8.7124 0 -439 -0.471239 
-9.7124 0 -439 -0.471239 
-8.7124 0 -439 -0.471239 
-8.7124 0 -439 -0.471239 
-8.7124 0 -439 -0.471239 
-8.7124 0 -439 -0.471239 
-8.7124 0 -439 -0.471239 
-8.7124 0 -439 -0.471239 
-8.7124 0 -439 -0.471239 
-8.7124 0 -439 -0.471239 
-8.7124 0 -439 -0.471239 
-8.7124 0 -439 -0.471239 
-8.7124 0 -439 -0.471239 
-8.7124 0 -439 -0.471239 
-8.7124 0 -439 -0.471239 
-8.7124 0 -439 -0.471239 
-7.7124 0 -439 -0.471239 
-8.7124 0 -439 -0.471239 
-7.7124 0 -439 -0.471239 
-7.7124 0 -439 -0.471239 
-7.7124 0 -439 -0.471239 
13.9871 0 -339 -0.471239 
16.2571 0 -329 -0.471239 
29.8768 0 -269 -0.471239 
29.8768 0 -269 -0.471239 
29.8768 0 -269 -0.471239 
58.6044 0 -259 -0.314159 
58.6044 0 -259 -0.314159 
57.0593 0 -269 -0.314159 
58.6044 0 -259 -0.314159 
57.0593 0 -269 -0.314159 
57.0593 0 -269 -0.314159 
55.5142 0 -279 -0.314159 
55.5142 0 -279 -0.314159 
58.0593 0 -269 -0.314159 
56.5142 0 -279 -0.314159 
54.5142 0 -279 -0.314159 
52.5142 0 -279 -0.314159 
52.5142 0 -279 -0.314159 
52.0593 0 -269 -0.314159 
51.0593 0 -269 -0.314159 
49.0593 0 -269 -0.314159 
48.0593 0 -269 -0.314159 
47.0593 0 -269 -0.314159 
45.0593 0 -269 -0.314159 
44.0593 0 -269 -0.314159 
43.0593 0 -269 -0.314159 
44.6044 0 -259 -0.314159 
41.0593 0 -269 -0.314159 
40.0593 0 -269 -0.314159 
39.0593 0 -269 -0.314159 
40.6044 0 -259 -0.314159 
37.0593 0 -269 -0.314159 
37.0593 0 -269 -0.314159 
36.0593 0 -269 -0.314159 
35.0593 0 -269 -0.314159 
36.6044 0 -259 -0.314159 
35.6044 0 -259 -0.314159 
33.0593 0 -269 -0.314159 
34.6044 0 -259 -0.314159 
33.6044 0 -259 -0.314159 
31.0593 0 -269 -0.314159 
31.6044 0 -259 -0.314159 
29.0593 0 -269 -0.314159 
29.0593 0 -269 -0.314159 
28.0593 0 -269 -0.314159 
28.0593 0 -269 -0.314159 
28.0593 0 -269 -0.314159 
27.0593 0 -269 -0.314159 
27.0593 0 -269 -0.314159 
26.0593 0 -269 -0.314159 
26.0593 0 -269 -0.314159 
23.5142 0 -279 -0.314159 
23.5142 0 -279 -0.314159 
25.0593 0 -269 -0.314159 
25.0593 0 -269 -0.314159 
25.0593 0 -269 -0.314159 
22.5142 0 -279 -0.314159 
24.0593 0 -269 -0.314159 
24.0593 0 -269 -0.314159 
21.5142 0 -279 -0.314159 
21.5142 0 -279 -0.314159 
21.5142 0 -279 -0.314159 
21.5142 0 -279 -0.314159 
20.5142 0 -279 -0.314159 
20.5142 0 -279 -0.314159 
19.5142 0 -279 -0.314159 
19.5142 0 -279 -0.314159 
19.5142 0 -279 -0.314159 
19.5142 0 -279 -0.314159 
19.5142 0 -279 -0.314159 
19.5142 0 -279 -0.314159 
16.9691 0 -289 -0.314159 
16.9691 0 -289 -0.314159 
16.9691 0 -289 -0.314159 
18.5142 0 -279 -0.314159 
18.5142 0 -279 -0.314159 
16.9691 0 -289 -0.314159 
14.4241 0 -299 -0.314159 
14.4241 0 -299 -0.314159 
14.4241 0 -299 -0.314159 
14.4241 0 -299 -0.314159 
14.4241 0 -299 -0.314159 
14.4241 0 -299 -0.314159 
14.4241 0 -299 -0.314159 
14.4241 0 -299 -0.314159 
14.4241 0 -299 -0.314159 
13.4241 0 -299 -0.314159 
14.4241 0 -299 -0.314159 
14.4241 0 -299 -0.314159 
11.879 0 -309 -0.314159 
11.879 0 -309 -0.314159 
14.4241 0 -299 -0.314159 
11.879 0 -309 -0.314159 
11.879 0 -309 -0.314159 
11.879 0 -309 -0.314159 
11.879 0 -309 -0.314159 
11.879 0 -309 -0.314159 
9.33389 0 -319 -0.314159 
9.33389 0 -319 -0.314159 
9.33389 0 -319 -0.314159 
10.3339 0 -319 -0.314159 
7.78882 0 -329 -0.314159 
7.78882 0 -329 -0.314159 
7.78882 0 -329 -0.314159 
7.78882 0 -329 -0.314159 
7.78882 0 -329 -0.314159 
7.78882 0 -329 -0.314159 
7.78882 0 -329 -0.314159 
7.78882 0 -329 -0.314159 
7.78882 0 -329 -0.314159 
7.78882 0 -329 -0.314159 
7.78882 0 -329 -0.314159 
6.24371 0 -339 -0.314159 
6.24371 0 -339 -0.314159 
6.24371 0 -339 -0.314159 
6.24371 0 -339 -0.314159 
6.24371 0 -339 -0.314159 
6.24371 0 -339 -0.314159 
6.24371 0 -339 -0.314159 
6.24371 0 -339 -0.314159 
2.15356 0 -359 -0.314159 
4.69864 0 -349 -0.314159 
4.69864 0 -349 -0.314159 
4.69864 0 -349 -0.314159 
4.69864 0 -349 -0.314159 
4.69864 0 -349 -0.314159 
0.608459 0 -369 -0.314159 
3.15356 0 -359 -0.314159 
0.608459 0 -369 -0.314159 
3.15356 0 -359 -0.314159 
3.15356 0 -359 -0.314159 
3.15356 0 -359 -0.314159 
3.15356 0 -359 -0.314159 
3.15356 0 -359 -0.314159 
1.60846 0 -369 -0.314159 
3.15356 0 -359 -0.314159 
4.15356 0 -359 -0.314159 
1.60846 0 -369 -0.314159 
1.60846 0 -369 -0.314159 
1.60846 0 -369 -0.314159 
6.69864 0 -349 -0.314159 
6.69864 0 -349 -0.314159 
1.60846 0 -369 -0.314159 
6.69864 0 -349 -0.314159 
6.69864 0 -349 -0.314159 
9.24371 0 -339 -0.314159 
6.69864 0 -349 -0.314159 
6.69864 0 -349 -0.314159 
0.063385 0 -379 -0.314159 
0.063385 0 -379 -0.314159 
-5.02679 0 -399 -0.314159 
6.69864 0 -349 -0.314159 
-5.02679 0 -399 -0.314159 
5.15356 0 -359 -0.314159 
0.063385 0 -379 -0.314159 
-5.02679 0 -399 -0.314159 
-5.02679 0 -399 -0.314159 
-5.02679 0 -399 -0.314159 
-5.02679 0 -399 -0.314159 
-5.02679 0 -399 -0.314159 
-5.02679 0 -399 -0.314159 
-6.02679 0 -399 -0.314159 
-5.02679 0 -399 -0.314159 
-5.02679 0 -399 -0.314159 
-5.02679 0 -399 -0.314159 
-5.02679 0 -399 -0.314159 
-5.02679 0 -399 -0.314159 
-6.02679 0 -399 -0.314159 
-5.02679 0 -399 -0.314159 
-6.02679 0 -399 -0.314159 
-5.02679 0 -399 -0.314159 
-5.02679 0 -399 -0.314159 
-5.02679 0 -399 -0.314159 
-5.02679 0 -399 -0.314159 
-4.02679 0 -399 -0.314159 
-5.02679 0 -399 -0.314159 
-5.02679 0 -399 -0.314159 
-5.02679 0 -399 -0.314159 
-5.02679 0 -399 -0.314159 
-5.02679 0 -399 -0.314159 
-5.02679 0 -399 -0.314159 
-6.02679 0 -399 -0.314159 
-5.02679 0 -399 -0.314159 
-6.02679 0 -399 -0.314159 
-5.02679 0 -399 -0.314159 
-6.02679 0 -399 -0.314159 
-5.02679 0 -399 -0.314159 
-5.02679 0 -399 -0.314159 
-5.02679 0 -399 -0.314159 
-6.02679 0 -399 -0.314159 
-5.02679 0 -399 -0.314159 
-6.02679 0 -399 -0.314159 
-6.02679 0 -399 -0.314159 
-7.02679 0 -399 -0.314159 
-6.02679 0 -399 -0.314159 
-6.02679 0 -399 -0.314159 
-6.02679 0 -399 -0.314159 
-6.02679 0 -399 -0.314159 
-7.02679 0 -399 -0.314159 
-7.02679 0 -399 -0.314159 
-7.02679 0 -399 -0.314159 
-8.02679 0 -399 -0.314159 
-7.02679 0 -399 -0.314159 
-7.02679 0 -399 -0.314159 
-7.02679 0 -399 -0.314159 
-6.02679 0 -399 -0.314159 
-7.02679 0 -399 -0.314159 
-8.02679 0 -399 -0.314159 
-7.02679 0 -399 -0.314159 
-7.02679 0 -399 -0.314159 
-7.02679 0 -399 -0.314159 
-8.02679 0 -399 -0.314159 
-8.02679 0 -399 -0.314159 
-8.02679 0 -399 -0.314159 
-8.02679 0 -399 -0.314159 
-7.02679 0 -399 -0.314159 
-8.02679 0 -399 -0.314159 
-7.02679 0 -399 -0.314159 
-8.02679 0 -399 -0.314159 
-7.02679 0 -399 -0.314159 
-7.02679 0 -399 -0.314159 
-7.02679 0 -399 -0.314159 
-7.02679 0 -399 -0.314159 
-7.02679 0 -399 -0.314159 
-7.02679 0 -399 -0.314159 
-7.02679 0 -399 -0.314159 
-7.02679 0 -399 -0.314159 
-7.02679 0 -399 -0.314159 
-7.02679 0 -399 -0.314159 
-7.02679 0 -399 -0.314159 
-7.02679 0 -399 -0.314159 
-7.02679 0 -399 -0.314159 
-7.02679 0 -399 -0.314159 
-7.02679 0 -399 -0.314159 
-7.02679 0 -399 -0.314159 
-7.02679 0 -399 -0.314159 
-7.02679 0 -399 -0.314159 
-7.02679 0 -399 -0.314159 
-7.02679 0 -399 -0.314159 
-6.02679 0 -399 -0.314159 
-6.02679 0 -399 -0.314159 
-6.02679 0 -399 -0.314159 
-6.02679 0 -399 -0.314159 
-6.02679 0 -399 -0.314159 
-6.02679 0 -399 -0.314159 
-6.02679 0 -399 -0.314159 
-6.02679 0 -399 -0.314159 
-6.02679 0 -399 -0.314159 
-6.02679 0 -399 -0.314159 
-6.02679 0 -399 -0.314159 
-6.02679 0 -399 -0.314159 
-6.02679 0 -399 -0.314159 
-6.02679 0 -399 -0.314159 
-7.02679 0 -399 -0.314159 
-6.02679 0 -399 -0.314159 
-6.02679 0 -399 -0.314159 
-7.02679 0 -399 -0.314159 
-7.02679 0 -399 -0.314159 
-7.02679 0 -399 -0.314159 
-7.02679 0 -399 -0.314159 
-7.02679 0 -399 -0.314159 
-7.02679 0 -399 -0.314159 
-7.02679 0 -399 -0.314159 
-7.02679 0 -399 -0.314159 
-7.02679 0 -399 -0.314159 
-7.02679 0 -399 -0.314159 
-7.02679 0 -399 -0.314159 
-7.02679 0 -399 -0.314159 
-7.02679 0 -399 -0.314159 
-7.02679 0 -399 -0.314159 
-7.02679 0 -399 -0.314159 
-7.02679 0 -399 -0.314159 
-7.02679 0 -399 -0.314159 
-7.02679 0 -399 -0.314159 
-7.02679 0 -399 -0.314159 
-7.02679 0 -399 -0.314159 
-7.02679 0 -399 -0.314159 
-7.02679 0 -399 -0.314159 
-7.02679 0 -399 -0.314159 
-7.02679 0 -399 -0.314159 
-7.02679 0 -399 -0.314159 
-7.02679 0 -399 -0.314159 
-7.02679 0 -399 -0.314159 
-7.02679 0 -399 -0.314159 
-7.02679 0 -399 -0.314159 
-7.02679 0 -399 -0.314159 
-7.02679 0 -399 -0.314159 
-7.02679 0 -399 -0.314159 
-7.02679 0 -399 -0.314159 
-6.02679 0 -399 -0.314159 
-7.02679 0 -399 -0.314159 
-7.02679 0 -399 -0.314159 
-6.02679 0 -399 -0.314159 
-7.02679 0 -399 -0.314159 
-6.02679 0 -399 -0.314159 
-7.02679 0 -399 -0.314159 
-7.02679 0 -399 -0.314159 
-6.02679 0 -399 -0.314159 
-6.02679 0 -399 -0.314159 
-7.02679 0 -399 -0.314159 
-6.02679 0 -399 -0.314159 
-7.02679 0 -399 -0.314159 
-7.02679 0 -399 -0.314159 
-6.02679 0 -399 -0.314159 
-6.02679 0 -399 -0.314159 
-6.02679 0 -399 -0.314159 
-6.02679 0 -399 -0.314159 
-7.02679 0 -399 -0.314159 
-7.02679 0 -399 -0.314159 
-6.02679 0 -399 -0.314159 
-6.02679 0 -399 -0.314159 
-7.02679 0 -399 -0.314159 
-6.02679 0 -399 -0.314159 
-6.02679 0 -399 -0.314159 
-6.02679 0 -399 -0.314159 
-6.02679 0 -399 -0.314159 
-6.02679 0 -399 -0.314159 
-6.02679 0 -399 -0.314159 
-6.02679 0 -399 -0.314159 
-6.02679 0 -399 -0.314159 
-6.02679 0 -399 -0.314159 
-6.02679 0 -399 -0.314159 
-6.02679 0 -399 -0.314159 
-6.02679 0 -399 -0.314159 
-5.02679 0 -399 -0.314159 
-6.02679 0 -399 -0.314159 
-6.02679 0 -399 -0.314159 
-6.02679 0 -399 -0.314159 
-6.02679 0 -399 -0.314159 
-6.02679 0 -399 -0.314159 
-6.02679 0 -399 -0.314159 
-6.02679 0 -399 -0.314159 
-6.02679 0 -399 -0.314159 
-6.02679 0 -399 -0.314159 
-6.02679 0 -399 -0.314159 
-6.02679 0 -399 -0.314159 
-6.02679 0 -399 -0.314159 
-6.02679 0 -399 -0.314159 
-6.02679 0 -399 -0.314159 
-6.02679 0 -399 -0.314159 
-6.02679 0 -399 -0.314159 
-6.02679 0 -399 -0.314159 
-6.02679 0 -399 -0.314159 
-6.02679 0 -399 -0.314159 
-7.02679 0 -399 -0.314159 
-7.02679 0 -399 -0.314159 
-6.02679 0 -399 -0.314159 
-7.02679 0 -399 -0.314159 
-7.02679 0 -399 -0.314159 
-7.02679 0 -399 -0.314159 
-7.02679 0 -399 -0.314159 
-7.02679 0 -399 -0.314159 
-7.02679 0 -399 -0.314159 
-7.02679 0 -399 -0.314159 
-7.02679 0 -399 -0.314159 
-7.02679 0 -399 -0.314159 
-7.02679 0 -399 -0.314159 
-7.02679 0 -399 -0.314159 
-7.02679 0 -399 -0.314159 
-7.02679 0 -399 -0.314159 
-7.02679 0 -399 -0.314159 
-7.02679 0 -399 -0.314159 
-7.02679 0 -399 -0.314159 
-7.02679 0 -399 -0.314159 
-7.02679 0 -399 -0.314159 
-7.02679 0 -399 -0.314159 
-7.02679 0 -399 -0.314159 
-7.02679 0 -399 -0.314159 
-7.02679 0 -399 -0.314159 
-7.02679 0 -399 -0.314159 
-7.02679 0 -399 -0.314159 
-8.02679 0 -399 -0.314159 
-8.02679 0 -399 -0.314159 
-7.02679 0 -399 -0.314159 
-8.02679 0 -399 -0.314159 
-7.02679 0 -399 -0.314159 
-8.02679 0 -399 -0.314159 
-7.02679 0 -399 -0.314159 
-7.02679 0 -399 -0.314159 
-8.02679 0 -399 -0.314159 
-8.02679 0 -399 -0.314159 
-8.02679 0 -399 -0.314159 
-8.02679 0 -399 -0.314159 
-8.02679 0 -399 -0.314159 
-8.02679 0 -399 -0.314159 
-8.02679 0 -399 -0.314159 
-8.02679 0 -399 -0.314159 
-8.02679 0 -399 -0.314159 
-8.02679 0 -399 -0.314159 
-8.02679 0 -399 -0.314159 
-8.02679 0 -399 -0.314159 
-7.02679 0 -399 -0.314159 
-7.02679 0 -399 -0.314159 
-7.02679 0 -399 -0.314159 
-7.02679 0 -399 -0.314159 
-7.02679 0 -399 -0.314159 
-7.02679 0 -399 -0.314159 
-7.02679 0 -399 -0.314159 
-7.02679 0 -399 -0.314159 
-7.02679 0 -399 -0.314159 
-7.02679 0 -399 -0.314159 
-7.02679 0 -399 -0.314159 
-7.02679 0 -399 -0.314159 
-7.02679 0 -399 -0.314159 
-7.02679 0 -399 -0.314159 
-7.02679 0 -399 -0.314159 
-7.02679 0 -399 -0.314159 
-7.02679 0 -399 -0.314159 
-7.02679 0 -399 -0.314159 
-7.02679 0 -399 -0.314159 
-7.02679 0 -399 -0.314159 
-7.02679 0 -399 -0.314159 
-7.02679 0 -399 -0.314159 
-7.02679 0 -399 -0.314159 
-7.02679 0 -399 -0.314159 
-7.02679 0 -399 -0.314159 
-7.02679 0 -399 -0.314159 
-7.02679 0 -399 -0.314159 
-7.02679 0 -399 -0.314159 
-7.02679 0 -399 -0.314159 
-7.02679 0 -399 -0.314159 
-7.02679 0 -399 -0.314159 
-7.02679 0 -399 -0.314159 
-7.02679 0 -399 -0.314159 
-7.02679 0 -399 -0.314159 
-7.02679 0 -399 -0.314159 
-7.02679 0 -399 -0.314159 
-7.02679 0 -399 -0.314159 
-7.02679 0 -399 -0.314159 
-7.02679 0 -399 -0.314159 
-7.02679 0 -399 -0.314159 
-7.02679 0 -399 -0.314159 
-7.02679 0 -399 -0.314159 
-7.02679 0 -399 -0.314159 
-7.02679 0 -399 -0.314159 
-6.02679 0 -399 -0.314159 
-7.02679 0 -399 -0.314159 
-7.02679 0 -399 -0.314159 
-7.02679 0 -399 -0.314159 
-7.02679 0 -399 -0.314159 
-7.02679 0 -399 -0.314159 
-7.02679 0 -399 -0.314159 
-7.02679 0 -399 -0.314159 
-7.02679 0 -399 -0.314159 
-7.02679 0 -399 -0.314159 
-7.02679 0 -399 -0.314159 
-7.02679 0 -399 -0.314159 
-7.02679 0 -399 -0.314159 
-7.02679 0 -399 -0.314159 
3.78882 0 -329 -0.314159 
6.87897 0 -309 -0.314159 
6.87897 0 -309 -0.314159 
6.87897 0 -309 -0.314159 
13.0593 0 -269 -0.314159 
19.2397 0 -229 -0.314159 
19.2397 0 -229 -0.314159 
19.2397 0 -229 -0.314159 
20.7847 0 -219 -0.314159 
20.7847 0 -219 -0.314159 
45.5794 0 -219 -0.15708 
45.5794 0 -219 -0.15708 
44.7972 0 -229 -0.15708 
44.7972 0 -229 -0.15708 
44.7972 0 -229 -0.15708 
44.7972 0 -229 -0.15708 
44.7972 0 -229 -0.15708 
44.0151 0 -239 -0.15708 
44.0151 0 -239 -0.15708 
44.0151 0 -239 -0.15708 
44.7972 0 -229 -0.15708 
42.7972 0 -229 -0.15708 
40.7972 0 -229 -0.15708 
38.7972 0 -229 -0.15708 
38.7972 0 -229 -0.15708 
38.5794 0 -219 -0.15708 
35.7972 0 -229 -0.15708 
34.7972 0 -229 -0.15708 
34.5794 0 -219 -0.15708 
8.78473 0 -219 -0.314159 
7.78473 0 -219 -0.314159 
6.78473 0 -219 -0.314159 
5.78473 0 -219 -0.314159 
5.78473 0 -219 -0.314159 
4.78473 0 -219 -0.314159 
3.78473 0 -219 -0.314159 
2.78473 0 -219 -0.314159 
-0.30542 0 -239 -0.314159 
-1.30542 0 -239 -0.314159 
-7.48578 0 -279 -0.314159 
26.5794 0 -219 -0.15708 
26.5794 0 -219 -0.15708 
2.78473 0 -219 -0.314159 
27.5794 0 -219 -0.15708 
0.69458 0 -239 -0.314159 
3.78473 0 -219 -0.314159 
27.5794 0 -219 -0.15708 
2.23965 0 -229 -0.314159 
2.78473 0 -219 -0.314159 
1.23965 0 -229 -0.314159 
-3.85052 0 -249 -0.314159 
-2.76035 0 -229 -0.314159 
-11.0309 0 -289 -0.314159 
-12.0309 0 -289 -0.314159 
-14.0309 0 -289 -0.314159 
-15.5759 0 -299 -0.314159 
-20.6661 0 -319 -0.314159 
-18.0309 0 -289 -0.314159 
-16.0309 0 -289 -0.314159 
-20.121 0 -309 -0.314159 
-28.8464 0 -359 -0.314159 
-33.4817 0 -389 -0.314159 
-37.0268 0 -399 -0.314159 
-25.6661 0 -319 -0.314159 
-21.0309 0 -289 -0.314159 
-21.0309 0 -289 -0.314159 
-20.4858 0 -279 -0.314159 
14.3616 0 -209 -0.15708 
15.7695 8.8892 -209 -0.15708 
15.7695 8.8892 -209 -0.15708 
14.9873 8.8892 -219 -0.15708 
15.9873 8.8892 -219 -0.15708 
15.2052 8.8892 -229 -0.15708 
16.2052 8.8892 -229 -0.15708 
17.2052 8.8892 -229 -0.15708 
18.2052 8.8892 -229 -0.15708 
17.423 8.8892 -239 -0.15708 
17.423 8.8892 -239 -0.15708 
16.423 8.8892 -239 -0.15708 
16.423 8.8892 -239 -0.15708 
16.423 8.8892 -239 -0.15708 
15.423 8.8892 -239 -0.15708 
15.423 8.8892 -239 -0.15708 
16.2052 8.8892 -229 -0.15708 
15.423 8.8892 -239 -0.15708 
14.423 8.8892 -239 -0.15708 
14.423 8.8892 -239 -0.15708 
14.2052 8.8892 -229 -0.15708 
-10.4341 8.55951 -219 -0.314159 
-12.9792 8.55951 -229 -0.314159 
-15.9792 8.55951 -229 -0.314159 
-24.1595 8.55951 -269 -0.314159 
-22.0694 8.55951 -249 -0.314159 
-22.0694 8.55951 -249 -0.314159 
-24.0694 8.55951 -249 -0.314159 
-30.2497 8.55951 -289 -0.314159 
-32.7948 8.55951 -299 -0.314159 
-36.885 8.55951 -319 -0.314159 
-42.0653 8.55951 -359 -0.314159 
-36.9751 8.55951 -339 -0.314159 
-36.9751 8.55951 -339 -0.314159 
-35.9751 8.55951 -339 -0.314159 
-28.2497 8.55951 -289 -0.314159 
-27.2497 8.55951 -289 -0.314159 
-26.2497 8.55951 -289 -0.314159 
-26.2497 8.55951 -289 -0.314159 
-28.885 8.55951 -319 -0.314159 
-16.6144 8.55951 -259 -0.314159 
15.423 8.8892 -239 -0.15708 
15.6408 8.8892 -249 -0.15708 
16.8587 8.8892 -259 -0.15708 
19.0765 8.8892 -269 -0.15708 
20.2943 8.8892 -279 -0.15708 
23.2943 8.8892 -279 -0.15708 
25.5121 8.8892 -289 -0.15708 
25.9478 8.8892 -309 -0.15708 
26.9478 8.8892 -309 -0.15708 
27.1656 8.8892 -319 -0.15708 
26.3834 8.8892 -329 -0.15708 
26.1656 8.8892 -319 -0.15708 
27.9478 8.8892 -309 -0.15708 
26.1656 8.8892 -319 -0.15708 
25.1656 8.8892 -319 -0.15708 
25.1656 8.8892 -319 -0.15708 
23.1656 8.8892 -319 -0.15708 
23.1656 8.8892 -319 -0.15708 
20.3834 8.8892 -329 -0.15708 
21.1656 8.8892 -319 -0.15708 
19.3834 8.8892 -329 -0.15708 
20.1656 8.8892 -319 -0.15708 
19.1656 8.8892 -319 -0.15708 
15.6013 8.8892 -339 -0.15708 
14.3834 8.8892 -329 -0.15708 
12.3834 8.8892 -329 -0.15708 
13.1656 8.8892 -319 -0.15708 
11.1656 8.8892 -319 -0.15708 
10.1656 8.8892 -319 -0.15708 
10.1656 8.8892 -319 -0.15708 
9.1656 8.8892 -319 -0.15708 
7.1656 8.8892 -319 -0.15708 
7.1656 8.8892 -319 -0.15708 
6.1656 8.8892 -319 -0.15708 
3.38343 8.8892 -329 -0.15708 
2.38343 8.8892 -329 -0.15708 
1.38343 8.8892 -329 -0.15708 
2.1656 8.8892 -319 -0.15708 
2.94777 8.8892 -309 -0.15708 
2.94777 8.8892 -309 -0.15708 
1.94777 8.8892 -309 -0.15708 
5.51213 8.8892 -289 -0.15708 
9.07646 8.8892 -269 -0.15708 
9.85865 8.8892 -259 -0.15708 
6.29429 8.8892 -279 -0.15708 
-0.0522347 8.8892 -309 -0.15708 
-5.39873 8.8892 -339 -0.15708 
-8.1809 8.8892 -349 -0.15708 
-9.96306 8.8892 -359 -0.15708 
-10.9631 8.8892 -359 -0.15708 
-10.9631 8.8892 -359 -0.15708 
-12.7453 8.8892 -369 -0.15708 
-12.9631 8.8892 -359 -0.15708 
-13.9631 8.8892 -359 -0.15708 
-14.7453 8.8892 -369 -0.15708 
-15.7453 8.8892 -369 -0.15708 
-15.7453 8.8892 -369 -0.15708 
-17.5274 8.8892 -379 -0.15708 
-17.5274 8.8892 -379 -0.15708 
-17.5274 8.8892 -379 -0.15708 
-19.5274 8.8892 -379 -0.15708 
-18.5274 8.8892 -379 -0.15708 
-18.5274 8.8892 -379 -0.15708 
-18.5274 8.8892 -379 -0.15708 
-17.5274 8.8892 -379 -0.15708 
-17.5274 8.8892 -379 -0.15708 
-16.5274 8.8892 -379 -0.15708 
-16.5274 8.8892 -379 -0.15708 
-15.5274 8.8892 -379 -0.15708 
-15.5274 8.8892 -379 -0.15708 
-15.5274 8.8892 -379 -0.15708 
-14.5274 8.8892 -379 -0.15708 
-13.5274 8.8892 -379 -0.15708 
-13.5274 8.8892 -379 -0.15708 
-13.5274 8.8892 -379 -0.15708 
-13.5274 8.8892 -379 -0.15708 
-13.5274 8.8892 -379 -0.15708 
-12.5274 8.8892 -379 -0.15708 
-12.5274 8.8892 -379 -0.15708 
-11.5274 8.8892 -379 -0.15708 
-11.5274 8.8892 -379 -0.15708 
-11.5274 8.8892 -379 -0.15708 
-10.5274 8.8892 -379 -0.15708 
-11.5274 8.8892 -379 -0.15708 
-11.5274 8.8892 -379 -0.15708 
-10.5274 8.8892 -379 -0.15708 
-10.5274 8.8892 -379 -0.15708 
-10.5274 8.8892 -379 -0.15708 
-9.52742 8.8892 -379 -0.15708 
-10.5274 8.8892 -379 -0.15708 
-9.52742 8.8892 -379 -0.15708 
-9.52742 8.8892 -379 -0.15708 
-9.52742 8.8892 -379 -0.15708 
-8.52742 8.8892 -379 -0.15708 
27 9 -149 7.54979e-08 
27 9 -149 7.54979e-08 
40.5316 8.88919 -49 0.15708 
32 9 -159 7.54979e-08 
34 9 -159 7.54979e-08 
37 9 -159 7.54979e-08 
40 9 -159 7.54979e-08 
41 9 -159 7.54979e-08 
43 9 -159 7.54979e-08 
44 9 -159 7.54979e-08 
55.5316 8.88919 -49 0.15708 
40 9 -159 7.54979e-08 
36 9 -159 7.54979e-08 
46.5316 8.88919 -49 0.15708 
45.5316 8.88919 -49 0.15708 
40.5316 8.88919 -49 0.15708 
36.5316 8.88919 -49 0.15708 
33.5316 8.88919 -49 0.15708 
28.5316 8.88919 -49 0.15708 
24.5316 8.88919 -49 0.15708 
26.0045 8.55951 0.999992 0.314159 
24.3805 8.01906 21 0.471239 
24.3805 8.01906 21 0.471239 
23.1106 8.01906 31 0.471239 
23.8406 8.01906 41 0.471239 
-11.5 0 101 1.5708 
-14.5 0 101 1.5708 
-14.5 0 101 1.5708 
-16.5 0 101 1.5708 
-18.5 0 101 1.5708 
-21.5 0 101 1.5708 
-24.5 0 101 1.5708 
-27.5 0 101 1.5708 
-74.5274 8.8892 -379 -0.15708 
-78.5274 8.8892 -379 -0.15708 
-75.5274 8.8892 -379 -0.15708 
-73.5274 8.8892 -379 -0.15708 
-75.5274 8.8892 -379 -0.15708 
-73.5274 8.8892 -379 -0.15708 
-71.5274 8.8892 -379 -0.15708 
-72.5274 8.8892 -379 -0.15708 
-71.5274 8.8892 -379 -0.15708 
-70.5274 8.8892 -379 -0.15708 
-69.5274 8.8892 -379 -0.15708 
-64.5274 8.8892 -379 -0.15708 
-63.5274 8.8892 -379 -0.15708 
-59.5274 8.8892 -379 -0.15708 
-24.8316 5.29007 81 -0.942478 
-12.5 0 101 1.5708 
-12.5 0 101 1.5708 
-11.5 0 101 1.5708 
-8.5 0 101 1.5708 
27.8406 8.01906 41 0.471239 
28.8406 8.01906 41 0.471239 
28.8406 8.01906 41 0.471239 
31.1106 8.01906 31 0.471239 
31.1106 8.01906 31 0.471239 
32.3805 8.01906 21 0.471239 
33.3805 8.01906 21 0.471239 
30.1106 8.01906 31 0.471239 
32.3805 8.01906 21 0.471239 
32.3805 8.01906 21 0.471239 
30.3805 8.01906 21 0.471239 
27.8406 8.01906 41 0.471239 
27.8406 8.01906 41 0.471239 
-12.5 0 101 1.5708 
-12.5 0 101 1.5708 
-15.5 0 101 1.5708 
-19.5 0 101 1.5708 
-20.5 0 101 1.5708 
-35.4749 6.36396 81 -0.785398 
-112.246 8.55951 -399 -0.314159 
-114.246 8.55951 -399 -0.314159 
-118.246 8.55951 -399 -0.314159 
-122.246 8.55951 -399 -0.314159 
-119.246 8.55951 -399 -0.314159 
-119.246 8.55951 -399 -0.314159 
-122.246 8.55951 -399 -0.314159 
-121.246 8.55951 -399 -0.314159 
-121.246 8.55951 -399 -0.314159 
-117.246 8.55951 -399 -0.314159 
-22.5 0 101 1.5708 
-34.8316 5.29007 81 -0.942478 
-18.5 0 101 1.5708 
-14.5 0 101 1.5708 
22.5707 8.01906 51 0.471239 
23.8406 8.01906 41 0.471239 
27.1106 8.01906 31 0.471239 
29.3805 8.01906 21 0.471239 
27.0045 8.55951 0.999992 0.314159 
30.0045 8.55951 0.999992 0.314159 
29.0045 8.55951 0.999992 0.314159 
31.9672 8.88919 -29 0.15708 
29.9672 8.88919 -29 0.15708 
32.0045 8.55951 0.999992 0.314159 
30.0045 8.55951 0.999992 0.314159 
30.3805 8.01906 21 0.471239 
28.1106 8.01906 31 0.471239 
27.3693 8.55951 31 0.31416 
27.8406 8.01906 41 0.471239 
26.5707 8.01906 51 0.471239 
23.5707 8.01906 51 0.471239 
-12.5 0 101 1.5708 
-13.5 0 101 1.5708 
-16.5 0 101 1.5708 
-18.5 0 101 1.5708 
-106.246 8.55951 -399 -0.314159 
-110.246 8.55951 -399 -0.314159 
-118.246 8.55951 -399 -0.314159 
-112.246 8.55951 -399 -0.314159 
-108.246 8.55951 -399 -0.314159 
-110.246 8.55951 -399 -0.314159 
-111.246 8.55951 -399 -0.314159 
-109.246 8.55951 -399 -0.314159 
-109.246 8.55951 -399 -0.314159 
-110.246 8.55951 -399 -0.314159 
-110.246 8.55951 -399 -0.314159 
-109.246 8.55951 -399 -0.314159 
-108.246 8.55951 -399 -0.314159 
-101.246 8.55951 -399 -0.314159 
-14.5 0 101 1.5708 
18.8242 8.55951 41 0.31416 
18.8242 8.55951 41 0.31416 
20.3693 8.55951 31 0.31416 
26.1106 8.01906 31 0.471239 
25.1106 8.01906 31 0.471239 
26.0045 8.55951 0.999992 0.314159 
21.9672 8.88919 -29 0.15708 
25.9672 8.88919 -29 0.15708 
18 9 -109 1.94707e-07 
27.9672 8.88919 -29 0.15708 
29.0045 8.55951 0.999992 0.314159 
28.0045 8.55951 0.999992 0.314159 
26.0045 8.55951 0.999992 0.314159 
25.1106 8.01906 31 0.471239 
21.4595 8.55951 11 0.314159 
19.9144 8.55951 21 0.31416 
18.3693 8.55951 31 0.31416 
18.3693 8.55951 31 0.31416 
18.3693 8.55951 31 0.31416 
16.8242 8.55951 41 0.31416 
15.2791 8.55951 51 0.314159 
15.2791 8.55951 51 0.314159 
-19.5 0 101 1.5708 
-22.5 0 101 1.5708 
-22.5 0 101 1.5708 
-109.246 8.55951 -399 -0.314159 
-112.246 8.55951 -399 -0.314159 
-113.246 8.55951 -399 -0.314159 
-118.246 8.55951 -399 -0.314159 
-120.246 8.55951 -399 -0.314159 
-122.246 8.55951 -399 -0.314159 
-126.246 8.55951 -399 -0.314159 
-125.246 8.55951 -399 -0.314159 
-123.246 8.55951 -399 -0.314159 
-125.246 8.55951 -399 -0.314159 
-122.246 8.55951 -399 -0.314159 
-112.246 8.55951 -399 -0.314159 
-114.246 8.55951 -399 -0.314159 
-37.0104 6.36396 71 -0.785398 
-19.5 0 101 1.5708 
16.2791 8.55951 51 0.314159 
19.3693 8.55951 31 0.31416 
18.3693 8.55951 31 0.31416 
22.4595 8.55951 11 0.314159 
24.0045 8.55951 0.999992 0.314159 
26.0045 8.55951 0.999992 0.314159 
23.9672 8.88919 -29 0.15708 
27.9672 8.88919 -29 0.15708 
21 9 -109 1.94707e-07 
21 9 -109 1.94707e-07 
16 9 -109 1.94707e-07 
-22.7453 8.8892 -369 -0.15708 
-21.9631 8.8892 -359 -0.15708 
9 9 -109 1.94707e-07 
6 9 -99 1.94707e-07 
5 9 -99 1.94707e-07 
1 9 -99 1.94707e-07 
1.75236e-06 9 -99 1.94707e-07 
-0.999998 9 -99 1.94707e-07 
9.96724 8.88919 -29 0.15708 
-0.999998 9 -99 1.94707e-07 
2 9 -99 1.94707e-07 
12.9672 8.88919 -29 0.15708 
10.9672 8.88919 -29 0.15708 
11.9672 8.88919 -29 0.15708 
11.9672 8.88919 -29 0.15708 
11.9672 8.88919 -29 0.15708 
1 9 -99 1.94707e-07 
12.9672 8.88919 -29 0.15708 
-0.999998 9 -99 1.94707e-07 
10.9672 8.88919 -29 0.15708 
11.9672 8.88919 -29 0.15708 
9.96724 8.88919 -29 0.15708 
6.96724 8.88919 -29 0.15708 
6.96724 8.88919 -29 0.15708 
4.96724 8.88919 -29 0.15708 
8.45947 8.55951 11 0.314159 
9.45947 8.55951 11 0.314159 
9.45947 8.55951 11 0.314159 
12.4595 8.55951 11 0.314159 
8.9144 8.55951 21 0.31416 
9.9144 8.55951 21 0.31416 
9.36929 8.55951 31 0.31416 
7.36929 8.55951 31 0.31416 
9.36929 8.55951 31 0.31416 
9.36929 8.55951 31 0.31416 
7.82422 8.55951 41 0.31416 
7.27914 8.55951 51 0.314159 
8.27914 8.55951 51 0.314159 
-26.5 0 101 1.5708 
-111.246 8.55951 -399 -0.314159 
-113.246 8.55951 -399 -0.314159 
-117.246 8.55951 -399 -0.314159 
-119.246 8.55951 -399 -0.314159 
-122.246 8.55951 -399 -0.314159 
-124.246 8.55951 -399 -0.314159 
-126.246 8.55951 -399 -0.314159 
-128.246 8.55951 -399 -0.314159 
-132.246 8.55951 -399 -0.314159 
-132.246 8.55951 -399 -0.314159 
-122.246 8.55951 -399 -0.314159 
-118.246 8.55951 -399 -0.314159 
-111.246 8.55951 -399 -0.314159 
-23.5 0 101 1.5708 
7.27914 8.55951 51 0.314159 
9.36929 8.55951 31 0.31416 
9.36929 8.55951 31 0.31416 
11.9144 8.55951 21 0.31416 
13.4595 8.55951 11 0.314159 
10.9672 8.88919 -29 0.15708 
-30.1809 8.8892 -349 -0.15708 
-27.9631 8.8892 -359 -0.15708 
-22.9631 8.8892 -359 -0.15708 
-21.9631 8.8892 -359 -0.15708 
-25.1809 8.8892 -349 -0.15708 
-26.3987 8.8892 -339 -0.15708 
-28.1809 8.8892 -349 -0.15708 
-73.2456 8.55951 -399 -0.314159 
-33.3987 8.8892 -339 -0.15708 
-34.3987 8.8892 -339 -0.15708 
-34.3987 8.8892 -339 -0.15708 
-31.3987 8.8892 -339 -0.15708 
-30.3987 8.8892 -339 -0.15708 
-28.3987 8.8892 -339 -0.15708 
-27.3987 8.8892 -339 -0.15708 
7 9 -99 1.94707e-07 
-26.1809 8.8892 -349 -0.15708 
11 9 -109 1.94707e-07 
11 9 -109 1.94707e-07 
-22.9631 8.8892 -359 -0.15708 
16 9 -99 1.94707e-07 
16 9 -109 1.94707e-07 
16 9 -109 1.94707e-07 
18 9 -109 1.94707e-07 
18 9 -109 1.94707e-07 
18 9 -109 1.94707e-07 
18 9 -109 1.94707e-07 
-16.7453 8.8892 -369 -0.15708 
-19.7453 8.8892 -369 -0.15708 
-17.9631 8.8892 -359 -0.15708 
-16.7453 8.8892 -369 -0.15708 
-20.9631 8.8892 -359 -0.15708 
-19.9631 8.8892 -359 -0.15708 
-21.9631 8.8892 -359 -0.15708 
-21.9631 8.8892 -359 -0.15708 
-22.9631 8.8892 -359 -0.15708 
-23.9631 8.8892 -359 -0.15708 
-21.9631 8.8892 -359 -0.15708 
-21.9631 8.8892 -359 -0.15708 
-21.9631 8.8892 -359 -0.15708 
-21.7453 8.8892 -369 -0.15708 
-20.7453 8.8892 -369 -0.15708 
-20.7453 8.8892 -369 -0.15708 
-20.5274 8.8892 -379 -0.15708 
17 9 -109 1.94707e-07 
-17.7453 8.8892 -369 -0.15708 
19 9 -109 1.94707e-07 
-16.5274 8.8892 -379 -0.15708 
-16.5274 8.8892 -379 -0.15708 
-15.5274 8.8892 -379 -0.15708 
-14.5274 8.8892 -379 -0.15708 
-13.5274 8.8892 -379 -0.15708 
-12.5274 8.8892 -379 -0.15708 
-12.5274 8.8892 -379 -0.15708 
-14.5274 8.8892 -379 -0.15708 
-12.5274 8.8892 -379 -0.15708 
-14.5274 8.8892 -379 -0.15708 
-13.5274 8.8892 -379 -0.15708 
-12.5274 8.8892 -379 -0.15708 
-13.5274 8.8892 -379 -0.15708 
-13.5274 8.8892 -379 -0.15708 
-12.5274 8.8892 -379 -0.15708 
-13.5274 8.8892 -379 -0.15708 
-12.5274 8.8892 -379 -0.15708 
-51.2456 8.55951 -399 -0.314159 
-12.5274 8.8892 -379 -0.15708 
-12.5274 8.8892 -379 -0.15708 
-11.5274 8.8892 -379 -0.15708 
-50.2456 8.55951 -399 -0.314159 
-50.2456 8.55951 -399 -0.314159 
-49.2456 8.55951 -399 -0.314159 
-49.2456 8.55951 -399 -0.314159 
-48.2456 8.55951 -399 -0.314159 
-48.2456 8.55951 -399 -0.314159 
-45.2456 8.55951 -399 -0.314159 
-47.2456 8.55951 -399 -0.314159 
-46.2456 8.55951 -399 -0.314159 
-6.52742 8.8892 -379 -0.15708 
-43.2456 8.55951 -399 -0.314159 
-41.2456 8.55951 -399 -0.314159 
-40.2456 8.55951 -399 -0.314159 
-37.2456 8.55951 -399 -0.314159 
-36.2456 8.55951 -399 -0.314159 
-35.2456 8.55951 -399 -0.314159 
-33.2456 8.55951 -399 -0.314159 
-31.2456 8.55951 -399 -0.314159 
-30.2456 8.55951 -399 -0.314159 
-30.2456 8.55951 -399 -0.314159 
-29.2456 8.55951 -399 -0.314159 
12.4726 8.8892 -379 -0.15708 
12.4726 8.8892 -379 -0.15708 
13.4726 8.8892 -379 -0.15708 
16.4726 8.8892 -379 -0.15708 
16.4726 8.8892 -379 -0.15708 
18.4726 8.8892 -379 -0.15708 
18.4726 8.8892 -379 -0.15708 
19.4726 8.8892 -379 -0.15708 
20.4726 8.8892 -379 -0.15708 
20.4726 8.8892 -379 -0.15708 
18.4726 8.8892 -379 -0.15708 
17.4726 8.8892 -379 -0.15708 
17.4726 8.8892 -379 -0.15708 
15.4726 8.8892 -379 -0.15708 
14.4726 8.8892 -379 -0.15708 
13.4726 8.8892 -379 -0.15708 
12.4726 8.8892 -379 -0.15708 
11.4726 8.8892 -379 -0.15708 
10.4726 8.8892 -379 -0.15708 
8.47258 8.8892 -379 -0.15708 
7.47258 8.8892 -379 -0.15708 
6.47258 8.8892 -379 -0.15708 
5.47258 8.8892 -379 -0.15708 
4.47258 8.8892 -379 -0.15708 
2.47258 8.8892 -379 -0.15708 
2.47258 8.8892 -379 -0.15708 
1.47258 8.8892 -379 -0.15708 
3.66266 22.7168 -379 -0.15708 
3.28839 26.6676 -379 -0.15708 
-27.121 33.287 -379 -0.314159 
-27.812 34.238 -379 -0.314159 
3.94778 43.4583 -379 -0.15708 
-22.8677 49.4549 -379 -0.314159 
5.98143 56.2982 -379 -0.15708 
-22.3226 54.2102 -379 -0.314159 
5.98143 56.2982 -379 -0.15708 
-22.3226 54.2102 -379 -0.314159 
4.98143 56.2982 -379 -0.15708 
4.98143 56.2982 -379 -0.15708 
4.98143 56.2982 -379 -0.15708 
6.98143 56.2982 -379 -0.15708 
5.98143 56.2982 -379 -0.15708 
4.98143 56.2982 -379 -0.15708 
6.98143 56.2982 -379 -0.15708 
4.98143 56.2982 -379 -0.15708 
3.98143 56.2982 -379 -0.15708 
4.98143 56.2982 -379 -0.15708 
3.98143 56.2982 -379 -0.15708 
2.98143 56.2982 -379 -0.15708 
1.98143 56.2982 -379 -0.15708 
0.981426 56.2982 -379 -0.15708 
-0.0185743 56.2982 -379 -0.15708 
-1.01857 56.2982 -379 -0.15708 
-3.01857 56.2982 -379 -0.15708 
-4.01857 56.2982 -379 -0.15708 
-5.01857 56.2982 -379 -0.15708 
-7.01857 56.2982 -379 -0.15708 
-8.01857 56.2982 -379 -0.15708 
-8.01857 56.2982 -379 -0.15708 
-10.0186 56.2982 -379 -0.15708 
-10.0186 56.2982 -379 -0.15708 
-11.0186 56.2982 -379 -0.15708 
-42.4128 54.2102 -399 -0.314159 
-13.0186 56.2982 -379 -0.15708 
-14.0186 56.2982 -379 -0.15708 
-15.0186 56.2982 -379 -0.15708 
-15.0186 56.2982 -379 -0.15708 
-16.0186 56.2982 -379 -0.15708 
-16.0186 56.2982 -379 -0.15708 
-45.8677 54.2102 -389 -0.314159 
-17.0186 56.2982 -379 -0.15708 
-47.4128 54.2102 -399 -0.314159 
-43.3226 54.2102 -379 -0.314159 
-16.0186 56.2982 -379 -0.15708 
-47.4128 54.2102 -399 -0.314159 
-16.0186 56.2982 -379 -0.15708 
-44.3226 54.2102 -379 -0.314159 
-17.0186 56.2982 -379 -0.15708 
-44.3226 54.2102 -379 -0.314159 
-15.0186 56.2982 -379 -0.15708 
-14.0186 56.2982 -379 -0.15708 
-15.0186 56.2982 -379 -0.15708 
-14.0186 56.2982 -379 -0.15708 
-13.0186 56.2982 -379 -0.15708 
-14.0186 56.2982 -379 -0.15708 
-12.0186 56.2982 -379 -0.15708 
-11.0186 56.2982 -379 -0.15708 
-11.0186 56.2982 -379 -0.15708 
-9.01857 56.2982 -379 -0.15708 
-10.0186 56.2982 -379 -0.15708 
18 57 -159 7.54979e-08 
18 57 -159 7.54979e-08 
39.8227 56.2982 -59 0.15708 
39.8227 56.2982 -59 0.15708 
18 57 -159 7.54979e-08 
53.9276 54.2102 -19 0.31416 
17 57 -159 7.54979e-08 
37.8227 56.2982 -59 0.15708 
37.8227 56.2982 -59 0.15708 
16 57 -159 7.54979e-08 
49.9021 50.7874 31 0.471239 
49.9021 50.7874 31 0.471239 
49.9021 50.7874 31 0.471239 
49.9021 50.7874 31 0.471239 
49.9021 50.7874 31 0.471239 
37.7472 54.2102 21 0.31416 
48.9021 50.7874 31 0.471239 
37.7472 54.2102 21 0.31416 
37.7472 54.2102 21 0.31416 
37.7472 54.2102 21 0.31416 
43.6322 50.7874 41 0.471239 
-88.4128 54.2102 -399 -0.314159 
-88.4128 54.2102 -399 -0.314159 
-94.4128 54.2102 -399 -0.314159 
-101.413 54.2102 -399 -0.314159 
-109.413 54.2102 -399 -0.314159 
-112.413 54.2102 -399 -0.314159 
-112.413 54.2102 -399 -0.314159 
-112.413 54.2102 -399 -0.314159 
-111.413 54.2102 -399 -0.314159 
-112.413 54.2102 -399 -0.314159 
-112.413 54.2102 -399 -0.314159 
-112.413 54.2102 -399 -0.314159 
-112.413 54.2102 -399 -0.314159 
-102.413 54.2102 -399 -0.314159 
-100.413 54.2102 -399 -0.314159 
-98.4128 54.2102 -399 -0.314159 
-91.4128 54.2102 -399 -0.314159 
-89.4128 54.2102 -399 -0.314159 
32.5 0 101 1.5708 
46.2861 40.3051 41 0.785399 
49.2861 40.3051 41 0.785399 
-69.4128 54.2102 -399 -0.314159 
-59.4128 54.2102 -399 -0.314159 
-64.4128 54.2102 -399 -0.314159 
34.3825 54.2102 -9 0.31416 
39.3825 54.2102 -9 0.31416 
41.3825 54.2102 -9 0.31416 
44.3825 54.2102 -9 0.31416 
48.442 50.7874 11 0.471239 
42.442 50.7874 11 0.471239 
43.442 50.7874 11 0.471239 
49.442 50.7874 11 0.471239 
48.442 50.7874 11 0.471239 
48.442 50.7874 11 0.471239 
45.442 50.7874 11 0.471239 
57.8216 40.3051 31 0.785398 
69.7451 25.8774 41 1.09956 
40.9021 50.7874 31 0.471239 
5.9307 40.3051 71 -0.785398 
-86.4128 54.2102 -399 -0.314159 
-90.8677 54.2102 -389 -0.314159 
-95.8677 54.2102 -389 -0.314159 
-99.8677 54.2102 -389 -0.314159 
-107.413 54.2102 -399 -0.314159 
-112.413 54.2102 -399 -0.314159 
-123.413 54.2102 -399 -0.314159 
-125.413 54.2102 -399 -0.314159 
-128.413 54.2102 -399 -0.314159 
-117.413 54.2102 -399 -0.314159 
-117.413 54.2102 -399 -0.314159 
-116.413 54.2102 -399 -0.314159 
-107.413 54.2102 -399 -0.314159 
-107.413 54.2102 -399 -0.314159 
-73.0186 56.2982 -379 -0.15708 
-65.0186 56.2982 -379 -0.15708 
-63.0186 56.2982 -379 -0.15708 
26.5 0 101 1.5708 
31.5 0 101 1.5708 
33.5 0 101 1.5708 
34.2021 54.2102 31 0.31416 
35.7472 54.2102 21 0.31416 
36.7472 54.2102 21 0.31416 
38.2923 54.2102 11 0.314159 
38.2923 54.2102 11 0.314159 
39.8374 54.2102 0.999992 0.314159 
40.8374 54.2102 0.999992 0.314159 
39.2923 54.2102 11 0.314159 
39.2923 54.2102 11 0.314159 
39.2923 54.2102 11 0.314159 
37.2021 54.2102 31 0.31416 
35.657 54.2102 41 0.31416 
34.657 54.2102 41 0.31416 
-0.069304 40.3051 71 -0.785398 
-60.0186 56.2982 -379 -0.15708 
-65.0186 56.2982 -379 -0.15708 
-72.0186 56.2982 -379 -0.15708 
-75.0186 56.2982 -379 -0.15708 
-80.0186 56.2982 -379 -0.15708 
-83.0186 56.2982 -379 -0.15708 
-84.0186 56.2982 -379 -0.15708 
-84.0186 56.2982 -379 -0.15708 
-82.0186 56.2982 -379 -0.15708 
-65.0186 56.2982 -379 -0.15708 
-65.0186 56.2982 -379 -0.15708 
-65.0186 56.2982 -379 -0.15708 
-65.0186 56.2982 -379 -0.15708 
-65.0186 56.2982 -379 -0.15708 
-65.0186 56.2982 -379 -0.15708 
-65.0186 56.2982 -379 -0.15708 
-65.0186 56.2982 -379 -0.15708 
-65.0186 56.2982 -379 -0.15708 
-65.0186 56.2982 -379 -0.15708 
-60.0186 56.2982 -379 -0.15708 
-56.0186 56.2982 -379 -0.15708 
-56.0186 56.2982 -379 -0.15708 
-52.0186 56.2982 -379 -0.15708 
-50.0186 56.2982 -379 -0.15708 
-45.0186 56.2982 -379 -0.15708 
-44.0186 56.2982 -379 -0.15708 
-42.0186 56.2982 -379 -0.15708 
-40.0186 56.2982 -379 -0.15708 
-39.0186 56.2982 -379 -0.15708 
-39.0186 56.2982 -379 -0.15708 
-37.0186 56.2982 -379 -0.15708 
-36.0186 56.2982 -379 -0.15708 
-34.0186 56.2982 -379 -0.15708 
-34.0186 56.2982 -379 -0.15708 
-33.0186 56.2982 -379 -0.15708 
52.5 0 101 1.5708 
52.5 0 101 1.5708 
53.5 0 101 1.5708 
54.5 0 101 1.5708 
58.2021 54.2102 31 0.31416 
58.2021 54.2102 31 0.31416 
58.7472 54.2102 21 0.31416 
59.2021 54.2102 31 0.31416 
59.7472 54.2102 21 0.31416 
59.7472 54.2102 21 0.31416 
59.7472 54.2102 21 0.31416 
49.5 0 101 1.5708 
46.5 0 101 1.5708 
33.0773 17.614 91 -1.25664 
-45.8759 54.2102 -169 -0.314159 
-25.9999 57 -379 1.94707e-07 
-32.9999 57 -379 1.94707e-07 
-39.9999 57 -379 1.94707e-07 
-46.9999 57 -379 1.94707e-07 
-54.9999 57 -379 1.94707e-07 
-58.9999 57 -379 1.94707e-07 
-59.9999 57 -379 1.94707e-07 
-62.9999 57 -379 1.94707e-07 
-58.9999 57 -379 1.94707e-07 
-58.9999 57 -379 1.94707e-07 
-57.9999 57 -379 1.94707e-07 
-58.9999 57 -379 1.94707e-07 
-56.9999 57 -379 1.94707e-07 
-53.9999 57 -379 1.94707e-07 
-53.9999 57 -379 1.94707e-07 
-48.9999 57 -379 1.94707e-07 
-47.9999 57 -379 1.94707e-07 
-40.9999 57 -379 1.94707e-07 
-40.9999 57 -379 1.94707e-07 
-38.9999 57 -379 1.94707e-07 
-34.9999 57 -379 1.94707e-07 
-32.9999 57 -379 1.94707e-07 
-31.9999 57 -379 1.94707e-07 
-28.9999 57 -379 1.94707e-07 
-27.9999 57 -379 1.94707e-07 
20.8522 56.2982 -379 0.15708 
21.8522 56.2982 -379 0.15708 
23.8522 56.2982 -379 0.15708 
24.8522 56.2982 -379 0.15708 
25.8522 56.2982 -379 0.15708 
26.8522 56.2982 -379 0.15708 
26.8522 56.2982 -379 0.15708 
27.8522 56.2982 -379 0.15708 
28.8522 56.2982 -379 0.15708 
29.8522 56.2982 -379 0.15708 
25.8522 56.2982 -379 0.15708 
24.8522 56.2982 -379 0.15708 
23.8522 56.2982 -379 0.15708 
21.8522 56.2982 -379 0.15708 
18.8522 56.2982 -379 0.15708 
16.8522 56.2982 -379 0.15708 
13.8522 56.2982 -379 0.15708 
13.8522 56.2982 -379 0.15708 
12.8522 56.2982 -379 0.15708 
9.8522 56.2982 -379 0.15708 
8.8522 56.2982 -379 0.15708 
6.8522 56.2982 -379 0.15708 
4.8522 56.2982 -379 0.15708 
3.8522 56.2982 -379 0.15708 
1.8522 56.2982 -379 0.15708 
0.852204 56.2982 -379 0.15708 
-0.147796 56.2982 -379 0.15708 
-1.1478 56.2982 -379 0.15708 
-2.1478 56.2982 -379 0.15708 
-2.1478 56.2982 -379 0.15708 
-4.1478 56.2982 -379 0.15708 
-4.1478 56.2982 -379 0.15708 
-5.1478 56.2982 -379 0.15708 
-6.1478 56.2982 -379 0.15708 
-7.1478 56.2982 -379 0.15708 
-7.1478 56.2982 -379 0.15708 
-8.1478 56.2982 -379 0.15708 
-7.1478 56.2982 -379 0.15708 
-7.1478 56.2982 -379 0.15708 
-8.1478 56.2982 -379 0.15708 
-8.1478 56.2982 -379 0.15708 
-8.1478 56.2982 -379 0.15708 
-8.1478 56.2982 -379 0.15708 
-8.1478 56.2982 -379 0.15708 
-9.1478 56.2982 -379 0.15708 
-9.1478 56.2982 -379 0.15708 
18.6408 54.2102 -399 0.31416 
18.6408 54.2102 -399 0.31416 
19.6408 54.2102 -399 0.31416 
22.6408 54.2102 -399 0.31416 
24.6408 54.2102 -399 0.31416 
26.6408 54.2102 -399 0.31416 
28.6408 54.2102 -399 0.31416 
30.6408 54.2102 -399 0.31416 
32.6408 54.2102 -399 0.31416 
34.6408 54.2102 -399 0.31416 
34.6408 54.2102 -399 0.31416 
34.6408 54.2102 -399 0.31416 
33.6408 54.2102 -399 0.31416 
25.5712 50.7874 -179 0.471239 
25.5712 50.7874 -179 0.471239 
25.3012 50.7874 -169 0.471239 
35.6408 54.2102 -399 0.31416 
35.5507 54.2102 -379 0.31416 
33.4605 54.2102 -359 0.31416 
-6.1478 56.2982 -379 0.15708 
-3.1478 56.2982 -379 0.15708 
-0.147796 56.2982 -379 0.15708 
3.8522 56.2982 -379 0.15708 
14.8522 56.2982 -379 0.15708 
16.8522 56.2982 -379 0.15708 
19.8522 56.2982 -379 0.15708 
22.8522 56.2982 -379 0.15708 
26.8522 56.2982 -379 0.15708 
28.8522 56.2982 -379 0.15708 
30.8522 56.2982 -379 0.15708 
30.8522 56.2982 -379 0.15708 
30.8522 56.2982 -379 0.15708 
33.8522 56.2982 -379 0.15708 
34.8522 56.2982 -379 0.15708 
34.8522 56.2982 -379 0.15708 
34.8522 56.2982 -379 0.15708 
33.8522 56.2982 -379 0.15708 
34.8522 56.2982 -379 0.15708 
34.8522 56.2982 -379 0.15708 
-9.99999 57 -99 1.94707e-07 
-7.99999 57 -99 1.94707e-07 
40.8522 56.2982 -379 0.15708 
41.8522 56.2982 -379 0.15708 
-0.999958 57 -279 1.94707e-07 
52.5 0 101 1.5708 
54.5 0 101 1.5708 
54.5 0 101 1.5708 
54.5 0 101 1.5708 
54.5 0 101 1.5708 
57.5 0 101 1.5708 
57.5 0 101 1.5708 
54.5 0 101 1.5708 
55.5 0 101 1.5708 
55.5 0 101 1.5708 
52.5 0 101 1.5708 
37.1048 25.8774 91 -1.09956 
-7.99996 57 -329 1.94707e-07 
35.8522 56.2982 -379 0.15708 
32.8522 56.2982 -379 0.15708 
31.8522 56.2982 -379 0.15708 
28.8522 56.2982 -379 0.15708 
24.8522 56.2982 -379 0.15708 
21.8522 56.2982 -379 0.15708 
19.8522 56.2982 -379 0.15708 
17.8522 56.2982 -379 0.15708 
-18.9999 57 -379 1.94707e-07 
51.5 0 101 1.5708 
49.5 0 101 1.5708 
51.5 0 101 1.5708 
50.5 0 101 1.5708 
49.5 0 101 1.5708 
49.5 0 101 1.5708 
47.5 0 101 1.5708 
45.5 0 101 1.5708 
11.2026 50.7874 81 -0.471239 
26.0018 40.3051 91 -0.785398 
54.5157 56.2982 -119 0.15708 
52.9513 56.2982 -99 0.15708 
57.5 0 101 1.5708 
52.9513 56.2982 -99 0.15708 
59.5 0 101 1.5708 
59.5 0 101 1.5708 
53.1692 56.2982 -89 0.15708 
59.5 0 101 1.5708 
52.9513 56.2982 -99 0.15708 
50.1692 56.2982 -89 0.15708 
53.387 56.2982 -79 0.15708 
51.1692 56.2982 -89 0.15708 
58.5 0 101 1.5708 
49.387 56.2982 -79 0.15708 
59.5 0 101 1.5708 
57.5 0 101 1.5708 
59.5 0 101 1.5708 
59.5 0 101 1.5708 
48.6048 56.2982 -69 0.15708 
62.5 0 101 1.5708 
62.5 0 101 1.5708 
63.5 0 101 1.5708 
62.5 0 101 1.5708 
8.00007 57 -379 1.94707e-07 
63.5 0 101 1.5708 
59.5 0 101 1.5708 
37.0018 40.3051 91 -0.785398 
52.5 0 101 1.5708 
73.4521 33.5037 31 0.942478 
-37.0186 56.2982 -379 -0.15708 
-39.0186 56.2982 -379 -0.15708 
-43.0186 56.2982 -379 -0.15708 
-43.0186 56.2982 -379 -0.15708 
-5.99996 57 -259 1.94707e-07 
-40.0186 56.2982 -379 -0.15708 
-36.0186 56.2982 -379 -0.15708 
5 57 91 -4.37114e-08 
-0.999958 57 -249 1.94707e-07 
-21.0186 56.2982 -379 -0.15708 
57.5 0 101 1.5708 
-7.01857 56.2982 -379 -0.15708 
-22.0186 56.2982 -379 -0.15708 
8.00004 57 -249 1.94707e-07 
-21.0186 56.2982 -379 -0.15708 
-19.0186 56.2982 -379 -0.15708 
49.0177 54.2102 -39 0.314159 
-19.0186 56.2982 -379 -0.15708 
-17.0186 56.2982 -379 -0.15708 
-17.0186 56.2982 -379 -0.15708 
-11.0186 56.2982 -379 -0.15708 
-17.0186 56.2982 -379 -0.15708 
-16.0186 56.2982 -379 -0.15708 
-13.0186 56.2982 -379 -0.15708 
12.0001 57 -379 1.94707e-07 
12.0001 57 -379 1.94707e-07 
-13.0186 56.2982 -379 -0.15708 
-12.0186 56.2982 -379 -0.15708 
15.0001 57 -379 1.94707e-07 
-12.0186 56.2982 -379 -0.15708 
16.0001 57 -379 1.94707e-07 
16.0001 57 -379 1.94707e-07 
17.0001 57 -379 1.94707e-07 
17.0001 57 -379 1.94707e-07 
17.0001 57 -379 1.94707e-07 
17.0001 57 -379 1.94707e-07 
16.0001 57 -379 1.94707e-07 
17.0001 57 -379 1.94707e-07 
15.0001 57 -379 1.94707e-07 
15.0001 57 -379 1.94707e-07 
17.0001 57 -379 1.94707e-07 
17.0001 57 -379 1.94707e-07 
17.0001 57 -379 1.94707e-07 
16.0001 57 -379 1.94707e-07 
17.0001 57 -379 1.94707e-07 
18.0001 57 -379 1.94707e-07 
19.0001 57 -379 1.94707e-07 
20.0001 57 -379 1.94707e-07 
19.0001 57 -379 1.94707e-07 
20.0001 57 -379 1.94707e-07 
19.0001 57 -379 1.94707e-07 
19.0001 57 -379 1.94707e-07 
19.0001 57 -379 1.94707e-07 
19.0001 57 -379 1.94707e-07 
18.0001 57 -379 1.94707e-07 
17.0001 57 -379 1.94707e-07 
17.0001 57 -379 1.94707e-07 
16.0001 57 -379 1.94707e-07 
17.0001 57 -379 1.94707e-07 
15.0001 57 -379 1.94707e-07 
17.0001 57 -379 1.94707e-07 
16.0001 57 -379 1.94707e-07 
18.0001 57 -379 1.94707e-07 
17.0001 57 -379 1.94707e-07 
17.0001 57 -379 1.94707e-07 
19.0001 57 -379 1.94707e-07 
19.0001 57 -379 1.94707e-07 
21.0001 57 -379 1.94707e-07 
18.0001 57 -379 1.94707e-07 
21.0001 57 -379 1.94707e-07 
20.0001 57 -379 1.94707e-07 
21.0001 57 -379 1.94707e-07 
21.0001 57 -379 1.94707e-07 
20.0001 57 -379 1.94707e-07 
20.0001 57 -379 1.94707e-07 
19.0001 57 -379 1.94707e-07 
20.0001 57 -379 1.94707e-07 
20.0001 57 -379 1.94707e-07 
21.0001 57 -379 1.94707e-07 
19.0001 57 -379 1.94707e-07 
19.0001 57 -379 1.94707e-07 
19.0001 57 -379 1.94707e-07 
19.0001 57 -379 1.94707e-07 
21.0001 57 -379 1.94707e-07 
19.0001 57 -379 1.94707e-07 
19.0001 57 -379 1.94707e-07 
21.0001 57 -379 1.94707e-07 
22.0001 57 -379 1.94707e-07 
22.0001 57 -379 1.94707e-07 
21.0001 57 -379 1.94707e-07 
21.0001 57 -379 1.94707e-07 
23.0001 57 -379 1.94707e-07 
23.0001 57 -379 1.94707e-07 
24.0001 57 -379 1.94707e-07 
24.0001 57 -379 1.94707e-07 
23.0001 57 -379 1.94707e-07 
22.0001 57 -379 1.94707e-07 
23.0001 57 -379 1.94707e-07 
22.0001 57 -379 1.94707e-07 
24.0001 57 -379 1.94707e-07 
23.0001 57 -379 1.94707e-07 
24.0001 57 -379 1.94707e-07 
25.0001 57 -379 1.94707e-07 
25.0001 57 -379 1.94707e-07 
24.0001 57 -379 1.94707e-07 
25.0001 57 -369 1.94707e-07 
25.0001 57 -379 1.94707e-07 
26.0001 57 -379 1.94707e-07 
26.0001 57 -379 1.94707e-07 
27.0001 57 -369 1.94707e-07 
25.0001 57 -379 1.94707e-07 
25.0001 57 -379 1.94707e-07 
26.0001 57 -379 1.94707e-07 
26.0001 57 -379 1.94707e-07 
26.0001 57 -369 1.94707e-07 
27 57 -359 7.54979e-08 
26 57 -349 7.54979e-08 
27 57 -339 1.94707e-07 
27 57 -329 1.94707e-07 
25 57 -339 1.94707e-07 
26 57 -339 1.94707e-07 
25 57 -329 1.94707e-07 
24 57 -319 1.94707e-07 
24 57 -319 1.94707e-07 
23 57 -329 1.94707e-07 
24 57 -319 1.94707e-07 
69.1981 54.2102 -79 0.31416 
93.3572 40.3051 21 0.785399 
80.7918 50.7874 -39 0.471239 
68.7432 54.2102 -89 0.31416 
101.497 33.5037 21 0.942478 
93.8927 40.3051 11 0.785399 
100.497 33.5037 21 0.942478 
57.5157 56.2982 -119 0.15708 
20 57 -309 1.94707e-07 
21 57 -319 1.94707e-07 
26 57 -299 1.94707e-07 
54.5157 56.2982 -119 0.15708 
24 57 -259 1.94707e-07 
22 57 -269 1.94707e-07 
21 57 -269 1.94707e-07 
23 57 -189 1.94707e-07 
-6.01857 56.2982 -379 -0.15708 
23 57 -169 7.54979e-08 
26 57 -259 1.94707e-07 
21 57 -259 1.94707e-07 
24 57 -259 1.94707e-07 
23 57 -179 1.94707e-07 
23 57 -179 1.94707e-07 
25 57 -259 1.94707e-07 
25 57 -259 1.94707e-07 
26 57 -259 1.94707e-07 
30 57 -249 1.94707e-07 
25 57 -249 1.94707e-07 
23 57 -249 1.94707e-07 
23 57 -239 1.94707e-07 
22 57 -239 1.94707e-07 
22 57 -239 1.94707e-07 
21 57 -239 1.94707e-07 
21 57 -239 1.94707e-07 
19 57 -229 1.94707e-07 
18 57 -229 1.94707e-07 
16 57 -229 1.94707e-07 
-12.0186 56.2982 -379 -0.15708 
-11.0186 56.2982 -379 -0.15708 
22 57 -219 1.94707e-07 
24 57 -219 1.94707e-07 
26 57 -219 1.94707e-07 
29 57 -209 1.94707e-07 
35 57 -209 1.94707e-07 
20.5458 56.2982 -359 -0.15708 
32.021 56.2982 -289 -0.15708 
28.2388 56.2982 -299 -0.15708 
39.1497 56.2982 -249 -0.15708 
40.1497 56.2982 -249 -0.15708 
34.5853 56.2982 -269 -0.15708 
31.5853 56.2982 -269 -0.15708 
29.8031 56.2982 -279 -0.15708 
27.8031 56.2982 -279 -0.15708 
23.8031 56.2982 -279 -0.15708 
20.8031 56.2982 -279 -0.15708 
18.021 56.2982 -289 -0.15708 
16.021 56.2982 -289 -0.15708 
12.2388 56.2982 -299 -0.15708 
12.021 56.2982 -289 -0.15708 
9.23878 56.2982 -299 -0.15708 
6.45661 56.2982 -309 -0.15708 
5.45661 56.2982 -309 -0.15708 
4.45661 56.2982 -309 -0.15708 
3.45661 56.2982 -309 -0.15708 
-0.107716 56.2982 -329 -0.15708 
-1.10772 56.2982 -329 -0.15708 
-0.325551 56.2982 -319 -0.15708 
-2.10772 56.2982 -329 -0.15708 
-3.88988 56.2982 -339 -0.15708 
-3.88988 56.2982 -339 -0.15708 
-3.10772 56.2982 -329 -0.15708 
-4.88988 56.2982 -339 -0.15708 
-4.10772 56.2982 -329 -0.15708 
-5.88988 56.2982 -339 -0.15708 
-6.88988 56.2982 -339 -0.15708 
-6.10772 56.2982 -329 -0.15708 
-6.10772 56.2982 -329 -0.15708 
-7.88988 56.2982 -339 -0.15708 
-10.4542 56.2982 -359 -0.15708 
-10.4542 56.2982 -359 -0.15708 
-10.4542 56.2982 -359 -0.15708 
-10.4542 56.2982 -359 -0.15708 
-9.67205 56.2982 -349 -0.15708 
-11.4542 56.2982 -359 -0.15708 
-11.4542 56.2982 -359 -0.15708 
-11.4542 56.2982 -359 -0.15708 
-10.672 56.2982 -349 -0.15708 
-11.4542 56.2982 -359 -0.15708 
-13.0186 56.2982 -379 -0.15708 
-11.4542 56.2982 -359 -0.15708 
-13.0186 56.2982 -379 -0.15708 
-12.2364 56.2982 -369 -0.15708 
-13.0186 56.2982 -379 -0.15708 
-13.0186 56.2982 -379 -0.15708 
-13.0186 56.2982 -379 -0.15708 
-8.88988 56.2982 -339 -0.15708 
-13.0186 56.2982 -379 -0.15708 
-10.4542 56.2982 -359 -0.15708 
-10.4542 56.2982 -359 -0.15708 
-10.4542 56.2982 -359 -0.15708 
-12.0186 56.2982 -379 -0.15708 
-13.0186 56.2982 -379 -0.15708 
-13.0186 56.2982 -379 -0.15708 
-13.0186 56.2982 -379 -0.15708 
-13.0186 56.2982 -379 -0.15708 
-13.0186 56.2982 -379 -0.15708 
-14.0186 56.2982 -379 -0.15708 
-14.0186 56.2982 -379 -0.15708 
-14.0186 56.2982 -379 -0.15708 
-14.0186 56.2982 -379 -0.15708 
-14.0186 56.2982 -379 -0.15708 
-14.0186 56.2982 -379 -0.15708 
-14.0186 56.2982 -379 -0.15708 
-15.0186 56.2982 -379 -0.15708 
-15.0186 56.2982 -379 -0.15708 
