541.5 263 225 -0 
275 418.5 15 1.5708 
353.5 309 25 -0 
351.5 315 25 -0 
349.5 320 25 -0 
347.5 322 25 -0 
347.5 323 25 -0 
347.5 323 25 -0 
346.5 324 25 -0 
257.5 455 25 -0 
277.445 435.555 1551.39 -0.785398 
360.283 255.296 43074.8 -1.09956 
250.5 456 25 -0 
250 419.5 75 1.5708 
350.013 257.751 41210.9 -1.09956 
245.5 455 25 -0 
243.5 459 25 -0 
357.903 225.566 55123.7 -1.09956 
240.5 455 25 -0 
241.5 466 25 -0 
357.473 289.661 37606.8 -1.09956 
385.712 236.201 61704.6 -1.09956 
357.473 289.661 37606.8 -1.09956 
357.473 289.661 37606.8 -1.09956 
385.712 236.201 61704.6 -1.09956 
357.473 289.661 37606.8 -1.09956 
357.473 289.661 37606.8 -1.09956 
357.473 289.661 37606.8 -1.09956 
357.473 289.661 37606.8 -1.09956 
357.473 289.661 37606.8 -1.09956 
380.712 236.201 61704.6 -1.09956 
380.712 236.201 61704.6 -1.09956 
378.712 236.201 61704.6 -1.09956 
376.712 236.201 61704.6 -1.09956 
374.712 236.201 61704.6 -1.09956 
371.712 236.201 61704.6 -1.09956 
369.712 236.201 61704.6 -1.09956 
368.712 236.201 61704.6 -1.09956 
366.712 236.201 61704.6 -1.09956 
364.712 236.201 61704.6 -1.09956 
364.712 236.201 61704.6 -1.09956 
362.712 236.201 61704.6 -1.09956 
360.712 236.201 61704.6 -1.09956 
360.712 236.201 61704.6 -1.09956 
358.712 236.201 61704.6 -1.09956 
357.712 236.201 61704.6 -1.09956 
356.712 236.201 61704.6 -1.09956 
354.712 236.201 61704.6 -1.09956 
353.712 236.201 61704.6 -1.09956 
353.712 236.201 61704.6 -1.09956 
350.712 236.201 61704.6 -1.09956 
350.712 236.201 61704.6 -1.09956 
349.712 236.201 61704.6 -1.09956 
348.712 236.201 61704.6 -1.09956 
347.712 236.201 61704.6 -1.09956 
346.712 236.201 61704.6 -1.09956 
345.712 236.201 61704.6 -1.09956 
345.712 236.201 61704.6 -1.09956 
344.712 236.201 61704.6 -1.09956 
343.712 236.201 61704.6 -1.09956 
342.712 236.201 61704.6 -1.09956 
342.712 236.201 61704.6 -1.09956 
341.712 236.201 61704.6 -1.09956 
341.712 236.201 61704.6 -1.09956 
340.712 236.201 61704.6 -1.09956 
340.712 236.201 61704.6 -1.09956 
339.712 236.201 61704.6 -1.09956 
338.712 236.201 61704.6 -1.09956 
338.712 236.201 61704.6 -1.09956 
337.712 236.201 61704.6 -1.09956 
336.712 236.201 61704.6 -1.09956 
335.712 236.201 61704.6 -1.09956 
335.712 236.201 61704.6 -1.09956 
335.712 236.201 61704.6 -1.09956 
334.712 236.201 61704.6 -1.09956 
333.712 236.201 61704.6 -1.09956 
334.712 236.201 61704.6 -1.09956 
333.712 236.201 61704.6 -1.09956 
333.712 236.201 61704.6 -1.09956 
332.712 236.201 61704.6 -1.09956 
332.712 236.201 61704.6 -1.09956 
332.712 236.201 61704.6 -1.09956 
332.712 236.201 61704.6 -1.09956 
332.712 236.201 61704.6 -1.09956 
332.712 236.201 61704.6 -1.09956 
332.712 236.201 61704.6 -1.09956 
332.712 236.201 61704.6 -1.09956 
332.712 236.201 61704.6 -1.09956 
331.712 236.201 61704.6 -1.09956 
331.712 236.201 61704.6 -1.09956 
331.712 236.201 61704.6 -1.09956 
330.712 236.201 61704.6 -1.09956 
330.712 236.201 61704.6 -1.09956 
330.712 236.201 61704.6 -1.09956 
330.712 236.201 61704.6 -1.09956 
329.712 236.201 61704.6 -1.09956 
330.712 236.201 61704.6 -1.09956 
329.712 236.201 61704.6 -1.09956 
329.712 236.201 61704.6 -1.09956 
329.712 236.201 61704.6 -1.09956 
329.712 236.201 61704.6 -1.09956 
329.712 236.201 61704.6 -1.09956 
329.712 236.201 61704.6 -1.09956 
329.712 236.201 61704.6 -1.09956 
329.712 236.201 61704.6 -1.09956 
329.712 236.201 61704.6 -1.09956 
328.712 236.201 61704.6 -1.09956 
329.712 236.201 61704.6 -1.09956 
329.712 236.201 61704.6 -1.09956 
328.712 236.201 61704.6 -1.09956 
328.712 236.201 61704.6 -1.09956 
328.712 236.201 61704.6 -1.09956 
329.712 236.201 61704.6 -1.09956 
328.712 236.201 61704.6 -1.09956 
328.712 236.201 61704.6 -1.09956 
328.712 236.201 61704.6 -1.09956 
328.712 236.201 61704.6 -1.09956 
328.712 236.201 61704.6 -1.09956 
328.712 236.201 61704.6 -1.09956 
328.712 236.201 61704.6 -1.09956 
327.712 236.201 61704.6 -1.09956 
327.712 236.201 61704.6 -1.09956 
327.712 236.201 61704.6 -1.09956 
327.712 236.201 61704.6 -1.09956 
326.712 236.201 61704.6 -1.09956 
326.712 236.201 61704.6 -1.09956 
327.712 236.201 61704.6 -1.09956 
327.712 236.201 61704.6 -1.09956 
327.712 236.201 61704.6 -1.09956 
327.712 236.201 61704.6 -1.09956 
326.712 236.201 61704.6 -1.09956 
327.712 236.201 61704.6 -1.09956 
327.712 236.201 61704.6 -1.09956 
326.712 236.201 61704.6 -1.09956 
327.712 236.201 61704.6 -1.09956 
326.712 236.201 61704.6 -1.09956 
327.712 236.201 61704.6 -1.09956 
326.712 236.201 61704.6 -1.09956 
326.712 236.201 61704.6 -1.09956 
326.712 236.201 61704.6 -1.09956 
326.712 236.201 61704.6 -1.09956 
326.712 236.201 61704.6 -1.09956 
326.712 236.201 61704.6 -1.09956 
326.712 236.201 61704.6 -1.09956 
326.712 236.201 61704.6 -1.09956 
326.712 236.201 61704.6 -1.09956 
326.712 236.201 61704.6 -1.09956 
326.712 236.201 61704.6 -1.09956 
326.712 236.201 61704.6 -1.09956 
326.712 236.201 61704.6 -1.09956 
326.712 236.201 61704.6 -1.09956 
326.712 236.201 61704.6 -1.09956 
325.712 236.201 61704.6 -1.09956 
326.712 236.201 61704.6 -1.09956 
325.712 236.201 61704.6 -1.09956 
326.712 236.201 61704.6 -1.09956 
326.712 236.201 61704.6 -1.09956 
326.712 236.201 61704.6 -1.09956 
326.712 236.201 61704.6 -1.09956 
326.712 236.201 61704.6 -1.09956 
326.712 236.201 61704.6 -1.09956 
326.712 236.201 61704.6 -1.09956 
326.712 236.201 61704.6 -1.09956 
326.712 236.201 61704.6 -1.09956 
326.712 236.201 61704.6 -1.09956 
327.712 236.201 61704.6 -1.09956 
326.712 236.201 61704.6 -1.09956 
326.712 236.201 61704.6 -1.09956 
326.712 236.201 61704.6 -1.09956 
326.712 236.201 61704.6 -1.09956 
326.712 236.201 61704.6 -1.09956 
326.712 236.201 61704.6 -1.09956 
326.712 236.201 61704.6 -1.09956 
326.712 236.201 61704.6 -1.09956 
326.712 236.201 61704.6 -1.09956 
326.712 236.201 61704.6 -1.09956 
326.712 236.201 61704.6 -1.09956 
326.712 236.201 61704.6 -1.09956 
326.712 236.201 61704.6 -1.09956 
326.712 236.201 61704.6 -1.09956 
326.712 236.201 61704.6 -1.09956 
326.712 236.201 61704.6 -1.09956 
327.712 236.201 61704.6 -1.09956 
327.712 236.201 61704.6 -1.09956 
326.712 236.201 61704.6 -1.09956 
326.712 236.201 61704.6 -1.09956 
327.712 236.201 61704.6 -1.09956 
327.712 236.201 61704.6 -1.09956 
327.712 236.201 61704.6 -1.09956 
326.712 236.201 61704.6 -1.09956 
327.712 236.201 61704.6 -1.09956 
327.712 236.201 61704.6 -1.09956 
327.712 236.201 61704.6 -1.09956 
327.712 236.201 61704.6 -1.09956 
327.712 236.201 61704.6 -1.09956 
327.712 236.201 61704.6 -1.09956 
327.712 236.201 61704.6 -1.09956 
327.712 236.201 61704.6 -1.09956 
327.712 236.201 61704.6 -1.09956 
327.712 236.201 61704.6 -1.09956 
327.712 236.201 61704.6 -1.09956 
327.712 236.201 61704.6 -1.09956 
327.712 236.201 61704.6 -1.09956 
327.712 236.201 61704.6 -1.09956 
327.712 236.201 61704.6 -1.09956 
327.712 236.201 61704.6 -1.09956 
327.712 236.201 61704.6 -1.09956 
327.712 236.201 61704.6 -1.09956 
328.712 236.201 61704.6 -1.09956 
328.712 236.201 61704.6 -1.09956 
327.712 236.201 61704.6 -1.09956 
327.712 236.201 61704.6 -1.09956 
327.712 236.201 61704.6 -1.09956 
328.712 236.201 61704.6 -1.09956 
328.712 236.201 61704.6 -1.09956 
328.712 236.201 61704.6 -1.09956 
328.712 236.201 61704.6 -1.09956 
328.712 236.201 61704.6 -1.09956 
328.712 236.201 61704.6 -1.09956 
328.712 236.201 61704.6 -1.09956 
328.712 236.201 61704.6 -1.09956 
327.712 236.201 61704.6 -1.09956 
328.712 236.201 61704.6 -1.09956 
328.712 236.201 61704.6 -1.09956 
328.712 236.201 61704.6 -1.09956 
328.712 236.201 61704.6 -1.09956 
328.712 236.201 61704.6 -1.09956 
328.712 236.201 61704.6 -1.09956 
328.712 236.201 61704.6 -1.09956 
328.712 236.201 61704.6 -1.09956 
328.712 236.201 61704.6 -1.09956 
328.712 236.201 61704.6 -1.09956 
328.712 236.201 61704.6 -1.09956 
328.712 236.201 61704.6 -1.09956 
329.712 236.201 61704.6 -1.09956 
328.712 236.201 61704.6 -1.09956 
328.712 236.201 61704.6 -1.09956 
328.712 236.201 61704.6 -1.09956 
328.712 236.201 61704.6 -1.09956 
328.712 236.201 61704.6 -1.09956 
328.712 236.201 61704.6 -1.09956 
328.712 236.201 61704.6 -1.09956 
328.712 236.201 61704.6 -1.09956 
328.712 236.201 61704.6 -1.09956 
328.712 236.201 61704.6 -1.09956 
328.712 236.201 61704.6 -1.09956 
328.712 236.201 61704.6 -1.09956 
328.712 236.201 61704.6 -1.09956 
328.712 236.201 61704.6 -1.09956 
327.712 236.201 61704.6 -1.09956 
328.712 236.201 61704.6 -1.09956 
327.712 236.201 61704.6 -1.09956 
327.712 236.201 61704.6 -1.09956 
327.712 236.201 61704.6 -1.09956 
306.013 280.751 41210.9 -1.09956 
303.743 285.206 39388.3 -1.09956 
290.123 311.936 29318 -1.09956 
290.123 311.936 29318 -1.09956 
290.123 311.936 29318 -1.09956 
261.396 305.432 13069 -1.25664 
261.396 305.432 13069 -1.25664 
262.941 300.677 13785.1 -1.25664 
261.396 305.432 13069 -1.25664 
262.941 300.677 13785.1 -1.25664 
262.941 300.677 13785.1 -1.25664 
264.486 295.922 14520.4 -1.25664 
264.486 295.922 14520.4 -1.25664 
261.941 300.677 13785.1 -1.25664 
263.486 295.922 14520.4 -1.25664 
265.486 295.922 14520.4 -1.25664 
267.486 295.922 14520.4 -1.25664 
267.486 295.922 14520.4 -1.25664 
267.941 300.677 13785.1 -1.25664 
268.941 300.677 13785.1 -1.25664 
270.941 300.677 13785.1 -1.25664 
271.941 300.677 13785.1 -1.25664 
272.941 300.677 13785.1 -1.25664 
274.941 300.677 13785.1 -1.25664 
275.941 300.677 13785.1 -1.25664 
276.941 300.677 13785.1 -1.25664 
275.396 305.432 13069 -1.25664 
278.941 300.677 13785.1 -1.25664 
279.941 300.677 13785.1 -1.25664 
280.941 300.677 13785.1 -1.25664 
279.396 305.432 13069 -1.25664 
282.941 300.677 13785.1 -1.25664 
282.941 300.677 13785.1 -1.25664 
283.941 300.677 13785.1 -1.25664 
284.941 300.677 13785.1 -1.25664 
283.396 305.432 13069 -1.25664 
284.396 305.432 13069 -1.25664 
286.941 300.677 13785.1 -1.25664 
285.396 305.432 13069 -1.25664 
286.396 305.432 13069 -1.25664 
288.941 300.677 13785.1 -1.25664 
288.396 305.432 13069 -1.25664 
290.941 300.677 13785.1 -1.25664 
290.941 300.677 13785.1 -1.25664 
291.941 300.677 13785.1 -1.25664 
291.941 300.677 13785.1 -1.25664 
291.941 300.677 13785.1 -1.25664 
292.941 300.677 13785.1 -1.25664 
292.941 300.677 13785.1 -1.25664 
293.941 300.677 13785.1 -1.25664 
293.941 300.677 13785.1 -1.25664 
296.486 295.922 14520.4 -1.25664 
296.486 295.922 14520.4 -1.25664 
294.941 300.677 13785.1 -1.25664 
294.941 300.677 13785.1 -1.25664 
294.941 300.677 13785.1 -1.25664 
297.486 295.922 14520.4 -1.25664 
295.941 300.677 13785.1 -1.25664 
295.941 300.677 13785.1 -1.25664 
298.486 295.922 14520.4 -1.25664 
298.486 295.922 14520.4 -1.25664 
298.486 295.922 14520.4 -1.25664 
298.486 295.922 14520.4 -1.25664 
299.486 295.922 14520.4 -1.25664 
299.486 295.922 14520.4 -1.25664 
300.486 295.922 14520.4 -1.25664 
300.486 295.922 14520.4 -1.25664 
300.486 295.922 14520.4 -1.25664 
300.486 295.922 14520.4 -1.25664 
300.486 295.922 14520.4 -1.25664 
300.486 295.922 14520.4 -1.25664 
303.031 291.166 15274.7 -1.25664 
303.031 291.166 15274.7 -1.25664 
303.031 291.166 15274.7 -1.25664 
301.486 295.922 14520.4 -1.25664 
301.486 295.922 14520.4 -1.25664 
303.031 291.166 15274.7 -1.25664 
305.576 286.411 16048.2 -1.25664 
305.576 286.411 16048.2 -1.25664 
305.576 286.411 16048.2 -1.25664 
305.576 286.411 16048.2 -1.25664 
305.576 286.411 16048.2 -1.25664 
305.576 286.411 16048.2 -1.25664 
305.576 286.411 16048.2 -1.25664 
305.576 286.411 16048.2 -1.25664 
305.576 286.411 16048.2 -1.25664 
306.576 286.411 16048.2 -1.25664 
305.576 286.411 16048.2 -1.25664 
305.576 286.411 16048.2 -1.25664 
308.121 281.656 16840.7 -1.25664 
308.121 281.656 16840.7 -1.25664 
305.576 286.411 16048.2 -1.25664 
308.121 281.656 16840.7 -1.25664 
308.121 281.656 16840.7 -1.25664 
308.121 281.656 16840.7 -1.25664 
308.121 281.656 16840.7 -1.25664 
308.121 281.656 16840.7 -1.25664 
310.666 276.9 17652.3 -1.25664 
310.666 276.9 17652.3 -1.25664 
310.666 276.9 17652.3 -1.25664 
309.666 276.9 17652.3 -1.25664 
312.211 272.145 18483.1 -1.25664 
312.211 272.145 18483.1 -1.25664 
312.211 272.145 18483.1 -1.25664 
312.211 272.145 18483.1 -1.25664 
312.211 272.145 18483.1 -1.25664 
312.211 272.145 18483.1 -1.25664 
312.211 272.145 18483.1 -1.25664 
312.211 272.145 18483.1 -1.25664 
312.211 272.145 18483.1 -1.25664 
312.211 272.145 18483.1 -1.25664 
312.211 272.145 18483.1 -1.25664 
313.756 267.39 19332.9 -1.25664 
313.756 267.39 19332.9 -1.25664 
313.756 267.39 19332.9 -1.25664 
313.756 267.39 19332.9 -1.25664 
313.756 267.39 19332.9 -1.25664 
313.756 267.39 19332.9 -1.25664 
313.756 267.39 19332.9 -1.25664 
313.756 267.39 19332.9 -1.25664 
317.846 257.879 21089.9 -1.25664 
315.301 262.635 20201.9 -1.25664 
315.301 262.635 20201.9 -1.25664 
315.301 262.635 20201.9 -1.25664 
315.301 262.635 20201.9 -1.25664 
315.301 262.635 20201.9 -1.25664 
319.392 253.124 21997 -1.25664 
316.846 257.879 21089.9 -1.25664 
319.392 253.124 21997 -1.25664 
316.846 257.879 21089.9 -1.25664 
316.846 257.879 21089.9 -1.25664 
316.846 257.879 21089.9 -1.25664 
316.846 257.879 21089.9 -1.25664 
316.846 257.879 21089.9 -1.25664 
318.392 253.124 21997 -1.25664 
316.846 257.879 21089.9 -1.25664 
315.846 257.879 21089.9 -1.25664 
318.392 253.124 21997 -1.25664 
318.392 253.124 21997 -1.25664 
318.392 253.124 21997 -1.25664 
313.301 262.635 20201.9 -1.25664 
313.301 262.635 20201.9 -1.25664 
318.392 253.124 21997 -1.25664 
313.301 262.635 20201.9 -1.25664 
313.301 262.635 20201.9 -1.25664 
310.756 267.39 19332.9 -1.25664 
313.301 262.635 20201.9 -1.25664 
313.301 262.635 20201.9 -1.25664 
319.937 248.369 22923.2 -1.25664 
319.937 248.369 22923.2 -1.25664 
325.027 238.858 24833 -1.25664 
313.301 262.635 20201.9 -1.25664 
325.027 238.858 24833 -1.25664 
314.846 257.879 21089.9 -1.25664 
319.937 248.369 22923.2 -1.25664 
325.027 238.858 24833 -1.25664 
325.027 238.858 24833 -1.25664 
325.027 238.858 24833 -1.25664 
325.027 238.858 24833 -1.25664 
325.027 238.858 24833 -1.25664 
325.027 238.858 24833 -1.25664 
326.027 238.858 24833 -1.25664 
325.027 238.858 24833 -1.25664 
325.027 238.858 24833 -1.25664 
325.027 238.858 24833 -1.25664 
325.027 238.858 24833 -1.25664 
325.027 238.858 24833 -1.25664 
326.027 238.858 24833 -1.25664 
325.027 238.858 24833 -1.25664 
326.027 238.858 24833 -1.25664 
325.027 238.858 24833 -1.25664 
325.027 238.858 24833 -1.25664 
325.027 238.858 24833 -1.25664 
325.027 238.858 24833 -1.25664 
324.027 238.858 24833 -1.25664 
325.027 238.858 24833 -1.25664 
325.027 238.858 24833 -1.25664 
325.027 238.858 24833 -1.25664 
325.027 238.858 24833 -1.25664 
325.027 238.858 24833 -1.25664 
325.027 238.858 24833 -1.25664 
326.027 238.858 24833 -1.25664 
325.027 238.858 24833 -1.25664 
326.027 238.858 24833 -1.25664 
325.027 238.858 24833 -1.25664 
326.027 238.858 24833 -1.25664 
325.027 238.858 24833 -1.25664 
325.027 238.858 24833 -1.25664 
325.027 238.858 24833 -1.25664 
326.027 238.858 24833 -1.25664 
325.027 238.858 24833 -1.25664 
326.027 238.858 24833 -1.25664 
326.027 238.858 24833 -1.25664 
327.027 238.858 24833 -1.25664 
326.027 238.858 24833 -1.25664 
326.027 238.858 24833 -1.25664 
326.027 238.858 24833 -1.25664 
326.027 238.858 24833 -1.25664 
327.027 238.858 24833 -1.25664 
327.027 238.858 24833 -1.25664 
327.027 238.858 24833 -1.25664 
328.027 238.858 24833 -1.25664 
327.027 238.858 24833 -1.25664 
327.027 238.858 24833 -1.25664 
327.027 238.858 24833 -1.25664 
326.027 238.858 24833 -1.25664 
327.027 238.858 24833 -1.25664 
328.027 238.858 24833 -1.25664 
327.027 238.858 24833 -1.25664 
327.027 238.858 24833 -1.25664 
327.027 238.858 24833 -1.25664 
328.027 238.858 24833 -1.25664 
328.027 238.858 24833 -1.25664 
328.027 238.858 24833 -1.25664 
328.027 238.858 24833 -1.25664 
327.027 238.858 24833 -1.25664 
328.027 238.858 24833 -1.25664 
327.027 238.858 24833 -1.25664 
328.027 238.858 24833 -1.25664 
327.027 238.858 24833 -1.25664 
327.027 238.858 24833 -1.25664 
327.027 238.858 24833 -1.25664 
327.027 238.858 24833 -1.25664 
327.027 238.858 24833 -1.25664 
327.027 238.858 24833 -1.25664 
327.027 238.858 24833 -1.25664 
327.027 238.858 24833 -1.25664 
327.027 238.858 24833 -1.25664 
327.027 238.858 24833 -1.25664 
327.027 238.858 24833 -1.25664 
327.027 238.858 24833 -1.25664 
327.027 238.858 24833 -1.25664 
327.027 238.858 24833 -1.25664 
327.027 238.858 24833 -1.25664 
327.027 238.858 24833 -1.25664 
327.027 238.858 24833 -1.25664 
327.027 238.858 24833 -1.25664 
327.027 238.858 24833 -1.25664 
327.027 238.858 24833 -1.25664 
326.027 238.858 24833 -1.25664 
326.027 238.858 24833 -1.25664 
326.027 238.858 24833 -1.25664 
326.027 238.858 24833 -1.25664 
326.027 238.858 24833 -1.25664 
326.027 238.858 24833 -1.25664 
326.027 238.858 24833 -1.25664 
326.027 238.858 24833 -1.25664 
326.027 238.858 24833 -1.25664 
326.027 238.858 24833 -1.25664 
326.027 238.858 24833 -1.25664 
326.027 238.858 24833 -1.25664 
326.027 238.858 24833 -1.25664 
326.027 238.858 24833 -1.25664 
327.027 238.858 24833 -1.25664 
326.027 238.858 24833 -1.25664 
326.027 238.858 24833 -1.25664 
327.027 238.858 24833 -1.25664 
327.027 238.858 24833 -1.25664 
327.027 238.858 24833 -1.25664 
327.027 238.858 24833 -1.25664 
327.027 238.858 24833 -1.25664 
327.027 238.858 24833 -1.25664 
327.027 238.858 24833 -1.25664 
327.027 238.858 24833 -1.25664 
327.027 238.858 24833 -1.25664 
327.027 238.858 24833 -1.25664 
327.027 238.858 24833 -1.25664 
327.027 238.858 24833 -1.25664 
327.027 238.858 24833 -1.25664 
327.027 238.858 24833 -1.25664 
327.027 238.858 24833 -1.25664 
327.027 238.858 24833 -1.25664 
327.027 238.858 24833 -1.25664 
327.027 238.858 24833 -1.25664 
327.027 238.858 24833 -1.25664 
327.027 238.858 24833 -1.25664 
327.027 238.858 24833 -1.25664 
327.027 238.858 24833 -1.25664 
327.027 238.858 24833 -1.25664 
327.027 238.858 24833 -1.25664 
327.027 238.858 24833 -1.25664 
327.027 238.858 24833 -1.25664 
327.027 238.858 24833 -1.25664 
327.027 238.858 24833 -1.25664 
327.027 238.858 24833 -1.25664 
327.027 238.858 24833 -1.25664 
327.027 238.858 24833 -1.25664 
327.027 238.858 24833 -1.25664 
327.027 238.858 24833 -1.25664 
326.027 238.858 24833 -1.25664 
327.027 238.858 24833 -1.25664 
327.027 238.858 24833 -1.25664 
326.027 238.858 24833 -1.25664 
327.027 238.858 24833 -1.25664 
326.027 238.858 24833 -1.25664 
327.027 238.858 24833 -1.25664 
327.027 238.858 24833 -1.25664 
326.027 238.858 24833 -1.25664 
326.027 238.858 24833 -1.25664 
327.027 238.858 24833 -1.25664 
326.027 238.858 24833 -1.25664 
327.027 238.858 24833 -1.25664 
327.027 238.858 24833 -1.25664 
326.027 238.858 24833 -1.25664 
326.027 238.858 24833 -1.25664 
326.027 238.858 24833 -1.25664 
326.027 238.858 24833 -1.25664 
327.027 238.858 24833 -1.25664 
327.027 238.858 24833 -1.25664 
326.027 238.858 24833 -1.25664 
326.027 238.858 24833 -1.25664 
327.027 238.858 24833 -1.25664 
326.027 238.858 24833 -1.25664 
326.027 238.858 24833 -1.25664 
326.027 238.858 24833 -1.25664 
326.027 238.858 24833 -1.25664 
326.027 238.858 24833 -1.25664 
326.027 238.858 24833 -1.25664 
326.027 238.858 24833 -1.25664 
326.027 238.858 24833 -1.25664 
326.027 238.858 24833 -1.25664 
326.027 238.858 24833 -1.25664 
326.027 238.858 24833 -1.25664 
326.027 238.858 24833 -1.25664 
325.027 238.858 24833 -1.25664 
326.027 238.858 24833 -1.25664 
326.027 238.858 24833 -1.25664 
326.027 238.858 24833 -1.25664 
326.027 238.858 24833 -1.25664 
326.027 238.858 24833 -1.25664 
326.027 238.858 24833 -1.25664 
326.027 238.858 24833 -1.25664 
326.027 238.858 24833 -1.25664 
326.027 238.858 24833 -1.25664 
326.027 238.858 24833 -1.25664 
326.027 238.858 24833 -1.25664 
326.027 238.858 24833 -1.25664 
326.027 238.858 24833 -1.25664 
326.027 238.858 24833 -1.25664 
326.027 238.858 24833 -1.25664 
326.027 238.858 24833 -1.25664 
326.027 238.858 24833 -1.25664 
326.027 238.858 24833 -1.25664 
326.027 238.858 24833 -1.25664 
327.027 238.858 24833 -1.25664 
327.027 238.858 24833 -1.25664 
326.027 238.858 24833 -1.25664 
327.027 238.858 24833 -1.25664 
327.027 238.858 24833 -1.25664 
327.027 238.858 24833 -1.25664 
327.027 238.858 24833 -1.25664 
327.027 238.858 24833 -1.25664 
327.027 238.858 24833 -1.25664 
327.027 238.858 24833 -1.25664 
327.027 238.858 24833 -1.25664 
327.027 238.858 24833 -1.25664 
327.027 238.858 24833 -1.25664 
327.027 238.858 24833 -1.25664 
327.027 238.858 24833 -1.25664 
327.027 238.858 24833 -1.25664 
327.027 238.858 24833 -1.25664 
327.027 238.858 24833 -1.25664 
327.027 238.858 24833 -1.25664 
327.027 238.858 24833 -1.25664 
327.027 238.858 24833 -1.25664 
327.027 238.858 24833 -1.25664 
327.027 238.858 24833 -1.25664 
327.027 238.858 24833 -1.25664 
327.027 238.858 24833 -1.25664 
327.027 238.858 24833 -1.25664 
327.027 238.858 24833 -1.25664 
328.027 238.858 24833 -1.25664 
328.027 238.858 24833 -1.25664 
327.027 238.858 24833 -1.25664 
328.027 238.858 24833 -1.25664 
327.027 238.858 24833 -1.25664 
328.027 238.858 24833 -1.25664 
327.027 238.858 24833 -1.25664 
327.027 238.858 24833 -1.25664 
328.027 238.858 24833 -1.25664 
328.027 238.858 24833 -1.25664 
328.027 238.858 24833 -1.25664 
328.027 238.858 24833 -1.25664 
328.027 238.858 24833 -1.25664 
328.027 238.858 24833 -1.25664 
328.027 238.858 24833 -1.25664 
328.027 238.858 24833 -1.25664 
328.027 238.858 24833 -1.25664 
328.027 238.858 24833 -1.25664 
328.027 238.858 24833 -1.25664 
328.027 238.858 24833 -1.25664 
327.027 238.858 24833 -1.25664 
327.027 238.858 24833 -1.25664 
327.027 238.858 24833 -1.25664 
327.027 238.858 24833 -1.25664 
327.027 238.858 24833 -1.25664 
327.027 238.858 24833 -1.25664 
327.027 238.858 24833 -1.25664 
327.027 238.858 24833 -1.25664 
327.027 238.858 24833 -1.25664 
327.027 238.858 24833 -1.25664 
327.027 238.858 24833 -1.25664 
327.027 238.858 24833 -1.25664 
327.027 238.858 24833 -1.25664 
327.027 238.858 24833 -1.25664 
327.027 238.858 24833 -1.25664 
327.027 238.858 24833 -1.25664 
327.027 238.858 24833 -1.25664 
327.027 238.858 24833 -1.25664 
327.027 238.858 24833 -1.25664 
327.027 238.858 24833 -1.25664 
327.027 238.858 24833 -1.25664 
327.027 238.858 24833 -1.25664 
327.027 238.858 24833 -1.25664 
327.027 238.858 24833 -1.25664 
327.027 238.858 24833 -1.25664 
327.027 238.858 24833 -1.25664 
327.027 238.858 24833 -1.25664 
327.027 238.858 24833 -1.25664 
327.027 238.858 24833 -1.25664 
327.027 238.858 24833 -1.25664 
327.027 238.858 24833 -1.25664 
327.027 238.858 24833 -1.25664 
327.027 238.858 24833 -1.25664 
327.027 238.858 24833 -1.25664 
327.027 238.858 24833 -1.25664 
327.027 238.858 24833 -1.25664 
327.027 238.858 24833 -1.25664 
327.027 238.858 24833 -1.25664 
327.027 238.858 24833 -1.25664 
327.027 238.858 24833 -1.25664 
327.027 238.858 24833 -1.25664 
327.027 238.858 24833 -1.25664 
327.027 238.858 24833 -1.25664 
327.027 238.858 24833 -1.25664 
326.027 238.858 24833 -1.25664 
327.027 238.858 24833 -1.25664 
327.027 238.858 24833 -1.25664 
327.027 238.858 24833 -1.25664 
327.027 238.858 24833 -1.25664 
327.027 238.858 24833 -1.25664 
327.027 238.858 24833 -1.25664 
327.027 238.858 24833 -1.25664 
327.027 238.858 24833 -1.25664 
327.027 238.858 24833 -1.25664 
327.027 238.858 24833 -1.25664 
327.027 238.858 24833 -1.25664 
327.027 238.858 24833 -1.25664 
327.027 238.858 24833 -1.25664 
316.211 272.145 18483.1 -1.25664 
313.121 281.656 16840.7 -1.25664 
313.121 281.656 16840.7 -1.25664 
313.121 281.656 16840.7 -1.25664 
306.941 300.677 13785.1 -1.25664 
300.76 319.698 11035.1 -1.25664 
300.76 319.698 11035.1 -1.25664 
300.76 319.698 11035.1 -1.25664 
299.215 324.453 10395.4 -1.25664 
299.215 324.453 10395.4 -1.25664 
274.421 318.501 2905.82 -1.41372 
274.421 318.501 2905.82 -1.41372 
275.203 313.562 3077.21 -1.41372 
275.203 313.562 3077.21 -1.41372 
275.203 313.562 3077.21 -1.41372 
275.203 313.562 3077.21 -1.41372 
275.203 313.562 3077.21 -1.41372 
275.985 308.624 3253.5 -1.41372 
275.985 308.624 3253.5 -1.41372 
275.985 308.624 3253.5 -1.41372 
275.203 313.562 3077.21 -1.41372 
277.203 313.562 3077.21 -1.41372 
279.203 313.562 3077.21 -1.41372 
281.203 313.562 3077.21 -1.41372 
281.203 313.562 3077.21 -1.41372 
281.421 318.501 2905.82 -1.41372 
284.203 313.562 3077.21 -1.41372 
285.203 313.562 3077.21 -1.41372 
285.421 318.501 2905.82 -1.41372 
311.215 324.453 10395.4 -1.25664 
312.215 324.453 10395.4 -1.25664 
313.215 324.453 10395.4 -1.25664 
314.215 324.453 10395.4 -1.25664 
314.215 324.453 10395.4 -1.25664 
315.215 324.453 10395.4 -1.25664 
316.215 324.453 10395.4 -1.25664 
317.215 324.453 10395.4 -1.25664 
320.305 314.943 11694 -1.25664 
321.305 314.943 11694 -1.25664 
327.486 295.922 14520.4 -1.25664 
293.421 318.501 2905.82 -1.41372 
293.421 318.501 2905.82 -1.41372 
317.215 324.453 10395.4 -1.25664 
292.421 318.501 2905.82 -1.41372 
319.305 314.943 11694 -1.25664 
316.215 324.453 10395.4 -1.25664 
292.421 318.501 2905.82 -1.41372 
317.76 319.698 11035.1 -1.25664 
317.215 324.453 10395.4 -1.25664 
318.76 319.698 11035.1 -1.25664 
323.851 310.187 12371.9 -1.25664 
322.76 319.698 11035.1 -1.25664 
331.031 291.166 15274.7 -1.25664 
332.031 291.166 15274.7 -1.25664 
334.031 291.166 15274.7 -1.25664 
335.576 286.411 16048.2 -1.25664 
340.666 276.9 17652.3 -1.25664 
338.031 291.166 15274.7 -1.25664 
336.031 291.166 15274.7 -1.25664 
340.121 281.656 16840.7 -1.25664 
348.846 257.879 21089.9 -1.25664 
353.482 243.614 23868.6 -1.25664 
357.027 238.858 24833 -1.25664 
345.666 276.9 17652.3 -1.25664 
341.031 291.166 15274.7 -1.25664 
341.031 291.166 15274.7 -1.25664 
340.486 295.922 14520.4 -1.25664 
305.638 323.439 2739.33 -1.41372 
305.638 323.439 2739.33 -1.41372 
305.638 323.439 2739.33 -1.41372 
306.421 318.501 2905.82 -1.41372 
305.421 318.501 2905.82 -1.41372 
306.203 313.562 3077.21 -1.41372 
305.203 313.562 3077.21 -1.41372 
304.203 313.562 3077.21 -1.41372 
303.203 313.562 3077.21 -1.41372 
303.985 308.624 3253.5 -1.41372 
303.985 308.624 3253.5 -1.41372 
304.985 308.624 3253.5 -1.41372 
304.985 308.624 3253.5 -1.41372 
304.985 308.624 3253.5 -1.41372 
305.985 308.624 3253.5 -1.41372 
305.985 308.624 3253.5 -1.41372 
305.203 313.562 3077.21 -1.41372 
305.985 308.624 3253.5 -1.41372 
306.985 308.624 3253.5 -1.41372 
306.985 308.624 3253.5 -1.41372 
307.203 313.562 3077.21 -1.41372 
333.215 324.453 10395.4 -1.25664 
335.76 319.698 11035.1 -1.25664 
338.76 319.698 11035.1 -1.25664 
346.941 300.677 13785.1 -1.25664 
344.851 310.187 12371.9 -1.25664 
344.851 310.187 12371.9 -1.25664 
346.851 310.187 12371.9 -1.25664 
353.031 291.166 15274.7 -1.25664 
355.576 286.411 16048.2 -1.25664 
359.666 276.9 17652.3 -1.25664 
364.846 257.879 21089.9 -1.25664 
359.756 267.39 19332.9 -1.25664 
359.756 267.39 19332.9 -1.25664 
358.756 267.39 19332.9 -1.25664 
351.031 291.166 15274.7 -1.25664 
350.031 291.166 15274.7 -1.25664 
349.031 291.166 15274.7 -1.25664 
349.031 291.166 15274.7 -1.25664 
351.666 276.9 17652.3 -1.25664 
339.396 305.432 13069 -1.25664 
305.985 308.624 3253.5 -1.41372 
305.767 303.685 3434.68 -1.41372 
304.549 298.747 3620.75 -1.41372 
302.331 293.808 3811.72 -1.41372 
301.114 288.87 4007.58 -1.41372 
298.114 288.87 4007.58 -1.41372 
295.896 283.932 4208.33 -1.41372 
295.46 274.055 4624.53 -1.41372 
294.46 274.055 4624.53 -1.41372 
294.242 269.116 4839.97 -1.41372 
295.024 264.178 5060.3 -1.41372 
295.242 269.116 4839.97 -1.41372 
293.46 274.055 4624.53 -1.41372 
295.242 269.116 4839.97 -1.41372 
296.242 269.116 4839.97 -1.41372 
296.242 269.116 4839.97 -1.41372 
298.242 269.116 4839.97 -1.41372 
298.242 269.116 4839.97 -1.41372 
301.024 264.178 5060.3 -1.41372 
300.242 269.116 4839.97 -1.41372 
302.024 264.178 5060.3 -1.41372 
301.242 269.116 4839.97 -1.41372 
302.242 269.116 4839.97 -1.41372 
305.807 259.239 5285.53 -1.41372 
307.024 264.178 5060.3 -1.41372 
309.024 264.178 5060.3 -1.41372 
308.242 269.116 4839.97 -1.41372 
310.242 269.116 4839.97 -1.41372 
311.242 269.116 4839.97 -1.41372 
311.242 269.116 4839.97 -1.41372 
312.242 269.116 4839.97 -1.41372 
314.242 269.116 4839.97 -1.41372 
314.242 269.116 4839.97 -1.41372 
315.242 269.116 4839.97 -1.41372 
318.024 264.178 5060.3 -1.41372 
319.024 264.178 5060.3 -1.41372 
320.024 264.178 5060.3 -1.41372 
319.242 269.116 4839.97 -1.41372 
318.46 274.055 4624.53 -1.41372 
318.46 274.055 4624.53 -1.41372 
319.46 274.055 4624.53 -1.41372 
315.896 283.932 4208.33 -1.41372 
312.331 293.808 3811.72 -1.41372 
311.549 298.747 3620.75 -1.41372 
315.114 288.87 4007.58 -1.41372 
321.46 274.055 4624.53 -1.41372 
326.807 259.239 5285.53 -1.41372 
329.589 254.301 5515.65 -1.41372 
331.371 249.362 5750.67 -1.41372 
332.371 249.362 5750.67 -1.41372 
332.371 249.362 5750.67 -1.41372 
334.153 244.424 5990.58 -1.41372 
334.371 249.362 5750.67 -1.41372 
335.371 249.362 5750.67 -1.41372 
336.153 244.424 5990.58 -1.41372 
337.153 244.424 5990.58 -1.41372 
337.153 244.424 5990.58 -1.41372 
338.935 239.486 6235.39 -1.41372 
338.935 239.486 6235.39 -1.41372 
338.935 239.486 6235.39 -1.41372 
340.935 239.486 6235.39 -1.41372 
339.935 239.486 6235.39 -1.41372 
339.935 239.486 6235.39 -1.41372 
339.935 239.486 6235.39 -1.41372 
338.935 239.486 6235.39 -1.41372 
338.935 239.486 6235.39 -1.41372 
337.935 239.486 6235.39 -1.41372 
337.935 239.486 6235.39 -1.41372 
336.935 239.486 6235.39 -1.41372 
336.935 239.486 6235.39 -1.41372 
336.935 239.486 6235.39 -1.41372 
335.935 239.486 6235.39 -1.41372 
334.935 239.486 6235.39 -1.41372 
334.935 239.486 6235.39 -1.41372 
334.935 239.486 6235.39 -1.41372 
334.935 239.486 6235.39 -1.41372 
334.935 239.486 6235.39 -1.41372 
333.935 239.486 6235.39 -1.41372 
333.935 239.486 6235.39 -1.41372 
332.935 239.486 6235.39 -1.41372 
332.935 239.486 6235.39 -1.41372 
332.935 239.486 6235.39 -1.41372 
331.935 239.486 6235.39 -1.41372 
332.935 239.486 6235.39 -1.41372 
332.935 239.486 6235.39 -1.41372 
331.935 239.486 6235.39 -1.41372 
331.935 239.486 6235.39 -1.41372 
331.935 239.486 6235.39 -1.41372 
330.935 239.486 6235.39 -1.41372 
331.935 239.486 6235.39 -1.41372 
330.935 239.486 6235.39 -1.41372 
330.935 239.486 6235.39 -1.41372 
330.935 239.486 6235.39 -1.41372 
329.935 239.486 6235.39 -1.41372 
293 351.5 255 1.5708 
293 351.5 255 1.5708 
280.876 402.454 741.027 1.41372 
288 346.5 265 1.5708 
286 346.5 265 1.5708 
283 346.5 265 1.5708 
280 346.5 265 1.5708 
279 346.5 265 1.5708 
277 346.5 265 1.5708 
276 346.5 265 1.5708 
265.876 402.454 741.027 1.41372 
280 346.5 265 1.5708 
284 346.5 265 1.5708 
274.876 402.454 741.027 1.41372 
275.876 402.454 741.027 1.41372 
280.876 402.454 741.027 1.41372 
284.876 402.454 741.027 1.41372 
287.876 402.454 741.027 1.41372 
292.876 402.454 741.027 1.41372 
296.876 402.454 741.027 1.41372 
296.777 429.07 1152.66 1.25664 
299.705 441.132 1564.86 1.09956 
299.705 441.132 1564.86 1.09956 
300.975 445.587 1226.18 1.09956 
300.245 450.042 928.72 1.09956 
340.5 459 25 -0 
343.5 463 25 -0 
343.5 464 25 -0 
345.5 465 25 -0 
347.5 468 25 -0 
350.5 471 25 -0 
353.5 477 25 -0 
356.5 479 25 -0 
395.935 239.486 6235.39 -1.41372 
399.935 239.486 6235.39 -1.41372 
396.935 239.486 6235.39 -1.41372 
394.935 239.486 6235.39 -1.41372 
396.935 239.486 6235.39 -1.41372 
394.935 239.486 6235.39 -1.41372 
392.935 239.486 6235.39 -1.41372 
393.935 239.486 6235.39 -1.41372 
392.935 239.486 6235.39 -1.41372 
391.935 239.486 6235.39 -1.41372 
390.935 239.486 6235.39 -1.41372 
385.935 239.486 6235.39 -1.41372 
384.935 239.486 6235.39 -1.41372 
380.935 239.486 6235.39 -1.41372 
352.113 471.653 423.763 -0.628319 
341.5 474 25 -0 
341.5 467 25 -0 
340.5 464 25 -0 
337.5 461 25 -0 
296.245 450.042 928.72 1.09956 
295.245 450.042 928.72 1.09956 
295.245 450.042 928.72 1.09956 
292.975 445.587 1226.18 1.09956 
292.975 445.587 1226.18 1.09956 
291.705 441.132 1564.86 1.09956 
290.705 441.132 1564.86 1.09956 
293.975 445.587 1226.18 1.09956 
291.705 441.132 1564.86 1.09956 
291.705 441.132 1564.86 1.09956 
293.705 441.132 1564.86 1.09956 
296.245 450.042 928.72 1.09956 
296.245 450.042 928.72 1.09956 
341.5 464 25 -0 
341.5 465 25 -0 
344.5 470 25 -0 
348.5 476 25 -0 
349.5 478 25 -0 
361.839 470.161 330.178 -0.785398 
435.027 238.858 24833 -1.25664 
437.027 238.858 24833 -1.25664 
441.027 238.858 24833 -1.25664 
445.027 238.858 24833 -1.25664 
442.027 238.858 24833 -1.25664 
442.027 238.858 24833 -1.25664 
445.027 238.858 24833 -1.25664 
444.027 238.858 24833 -1.25664 
444.027 238.858 24833 -1.25664 
440.027 238.858 24833 -1.25664 
351.5 479 25 -0 
362.113 471.653 423.763 -0.628319 
347.5 473 25 -0 
343.5 467 25 -0 
301.515 454.497 672.48 1.09956 
300.245 450.042 928.72 1.09956 
296.975 445.587 1226.18 1.09956 
294.705 441.132 1564.86 1.09956 
295.777 429.07 1152.66 1.25664 
292.777 429.07 1152.66 1.25664 
293.777 429.07 1152.66 1.25664 
289.441 412.331 579.337 1.41372 
291.441 412.331 579.337 1.41372 
290.777 429.07 1152.66 1.25664 
292.777 429.07 1152.66 1.25664 
293.705 441.132 1564.86 1.09956 
295.975 445.587 1226.18 1.09956 
295.412 443.335 608.47 1.25664 
296.245 450.042 928.72 1.09956 
297.515 454.497 672.48 1.09956 
300.515 454.497 672.48 1.09956 
341.5 463 25 -0 
342.5 463 25 -0 
345.5 468 25 -0 
347.5 474 25 -0 
429.027 238.858 24833 -1.25664 
433.027 238.858 24833 -1.25664 
441.027 238.858 24833 -1.25664 
435.027 238.858 24833 -1.25664 
431.027 238.858 24833 -1.25664 
433.027 238.858 24833 -1.25664 
434.027 238.858 24833 -1.25664 
432.027 238.858 24833 -1.25664 
432.027 238.858 24833 -1.25664 
433.027 238.858 24833 -1.25664 
433.027 238.858 24833 -1.25664 
432.027 238.858 24833 -1.25664 
431.027 238.858 24833 -1.25664 
424.027 238.858 24833 -1.25664 
343.5 470 25 -0 
303.957 448.091 465.271 1.25664 
303.957 448.091 465.271 1.25664 
302.412 443.335 608.47 1.25664 
297.975 445.587 1226.18 1.09956 
298.975 445.587 1226.18 1.09956 
296.777 429.07 1152.66 1.25664 
299.441 412.331 579.337 1.41372 
295.441 412.331 579.337 1.41372 
302 371.5 215 1.5708 
293.441 412.331 579.337 1.41372 
293.777 429.07 1152.66 1.25664 
294.777 429.07 1152.66 1.25664 
296.777 429.07 1152.66 1.25664 
298.975 445.587 1226.18 1.09956 
301.322 433.825 952.162 1.25664 
302.867 438.58 770.768 1.25664 
304.412 443.335 608.47 1.25664 
304.412 443.335 608.47 1.25664 
304.412 443.335 608.47 1.25664 
305.957 448.091 465.271 1.25664 
307.502 452.846 341.17 1.25664 
307.502 452.846 341.17 1.25664 
348.5 474 25 -0 
351.5 479 25 -0 
351.5 479 25 -0 
432.027 238.858 24833 -1.25664 
435.027 238.858 24833 -1.25664 
436.027 238.858 24833 -1.25664 
441.027 238.858 24833 -1.25664 
443.027 238.858 24833 -1.25664 
445.027 238.858 24833 -1.25664 
449.027 238.858 24833 -1.25664 
448.027 238.858 24833 -1.25664 
446.027 238.858 24833 -1.25664 
448.027 238.858 24833 -1.25664 
445.027 238.858 24833 -1.25664 
435.027 238.858 24833 -1.25664 
437.027 238.858 24833 -1.25664 
363.374 466.626 637.249 -0.785398 
348.5 474 25 -0 
306.502 452.846 341.17 1.25664 
303.412 443.335 608.47 1.25664 
304.412 443.335 608.47 1.25664 
300.322 433.825 952.162 1.25664 
298.777 429.07 1152.66 1.25664 
296.777 429.07 1152.66 1.25664 
297.441 412.331 579.337 1.41372 
293.441 412.331 579.337 1.41372 
299 371.5 215 1.5708 
299 371.5 215 1.5708 
304 371.5 215 1.5708 
344.153 244.424 5990.58 -1.41372 
343.371 249.362 5750.67 -1.41372 
311 371.5 215 1.5708 
314 376.5 205 1.5708 
315 376.5 205 1.5708 
319 376.5 205 1.5708 
320 376.5 205 1.5708 
321 376.5 205 1.5708 
311.441 412.331 579.337 1.41372 
321 376.5 205 1.5708 
318 376.5 205 1.5708 
308.441 412.331 579.337 1.41372 
310.441 412.331 579.337 1.41372 
309.441 412.331 579.337 1.41372 
309.441 412.331 579.337 1.41372 
309.441 412.331 579.337 1.41372 
319 376.5 205 1.5708 
308.441 412.331 579.337 1.41372 
321 376.5 205 1.5708 
310.441 412.331 579.337 1.41372 
309.441 412.331 579.337 1.41372 
311.441 412.331 579.337 1.41372 
314.441 412.331 579.337 1.41372 
314.441 412.331 579.337 1.41372 
316.441 412.331 579.337 1.41372 
314.322 433.825 952.162 1.25664 
313.322 433.825 952.162 1.25664 
313.322 433.825 952.162 1.25664 
310.322 433.825 952.162 1.25664 
313.867 438.58 770.768 1.25664 
312.867 438.58 770.768 1.25664 
313.412 443.335 608.47 1.25664 
315.412 443.335 608.47 1.25664 
313.412 443.335 608.47 1.25664 
313.412 443.335 608.47 1.25664 
314.957 448.091 465.271 1.25664 
315.502 452.846 341.17 1.25664 
314.502 452.846 341.17 1.25664 
355.5 479 25 -0 
434.027 238.858 24833 -1.25664 
436.027 238.858 24833 -1.25664 
440.027 238.858 24833 -1.25664 
442.027 238.858 24833 -1.25664 
445.027 238.858 24833 -1.25664 
447.027 238.858 24833 -1.25664 
449.027 238.858 24833 -1.25664 
451.027 238.858 24833 -1.25664 
455.027 238.858 24833 -1.25664 
455.027 238.858 24833 -1.25664 
445.027 238.858 24833 -1.25664 
441.027 238.858 24833 -1.25664 
434.027 238.858 24833 -1.25664 
352.5 479 25 -0 
315.502 452.846 341.17 1.25664 
313.412 443.335 608.47 1.25664 
313.412 443.335 608.47 1.25664 
310.867 438.58 770.768 1.25664 
309.322 433.825 952.162 1.25664 
310.441 412.331 579.337 1.41372 
351.589 254.301 5515.65 -1.41372 
349.371 249.362 5750.67 -1.41372 
344.371 249.362 5750.67 -1.41372 
343.371 249.362 5750.67 -1.41372 
346.589 254.301 5515.65 -1.41372 
347.807 259.239 5285.53 -1.41372 
349.589 254.301 5515.65 -1.41372 
396.027 238.858 24833 -1.25664 
354.807 259.239 5285.53 -1.41372 
355.807 259.239 5285.53 -1.41372 
355.807 259.239 5285.53 -1.41372 
352.807 259.239 5285.53 -1.41372 
351.807 259.239 5285.53 -1.41372 
349.807 259.239 5285.53 -1.41372 
348.807 259.239 5285.53 -1.41372 
313 376.5 205 1.5708 
347.589 254.301 5515.65 -1.41372 
309 371.5 215 1.5708 
309 371.5 215 1.5708 
344.371 249.362 5750.67 -1.41372 
304 376.5 205 1.5708 
304 371.5 215 1.5708 
304 371.5 215 1.5708 
302 371.5 215 1.5708 
302 371.5 215 1.5708 
302 371.5 215 1.5708 
302 371.5 215 1.5708 
338.153 244.424 5990.58 -1.41372 
341.153 244.424 5990.58 -1.41372 
339.371 249.362 5750.67 -1.41372 
338.153 244.424 5990.58 -1.41372 
342.371 249.362 5750.67 -1.41372 
341.371 249.362 5750.67 -1.41372 
343.371 249.362 5750.67 -1.41372 
343.371 249.362 5750.67 -1.41372 
344.371 249.362 5750.67 -1.41372 
345.371 249.362 5750.67 -1.41372 
343.371 249.362 5750.67 -1.41372 
343.371 249.362 5750.67 -1.41372 
343.371 249.362 5750.67 -1.41372 
343.153 244.424 5990.58 -1.41372 
342.153 244.424 5990.58 -1.41372 
342.153 244.424 5990.58 -1.41372 
341.935 239.486 6235.39 -1.41372 
303 371.5 215 1.5708 
339.153 244.424 5990.58 -1.41372 
301 371.5 215 1.5708 
337.935 239.486 6235.39 -1.41372 
337.935 239.486 6235.39 -1.41372 
336.935 239.486 6235.39 -1.41372 
335.935 239.486 6235.39 -1.41372 
334.935 239.486 6235.39 -1.41372 
333.935 239.486 6235.39 -1.41372 
333.935 239.486 6235.39 -1.41372 
335.935 239.486 6235.39 -1.41372 
333.935 239.486 6235.39 -1.41372 
335.935 239.486 6235.39 -1.41372 
334.935 239.486 6235.39 -1.41372 
333.935 239.486 6235.39 -1.41372 
334.935 239.486 6235.39 -1.41372 
334.935 239.486 6235.39 -1.41372 
333.935 239.486 6235.39 -1.41372 
334.935 239.486 6235.39 -1.41372 
333.935 239.486 6235.39 -1.41372 
374.027 238.858 24833 -1.25664 
333.935 239.486 6235.39 -1.41372 
333.935 239.486 6235.39 -1.41372 
332.935 239.486 6235.39 -1.41372 
373.027 238.858 24833 -1.25664 
373.027 238.858 24833 -1.25664 
372.027 238.858 24833 -1.25664 
372.027 238.858 24833 -1.25664 
371.027 238.858 24833 -1.25664 
371.027 238.858 24833 -1.25664 
368.027 238.858 24833 -1.25664 
370.027 238.858 24833 -1.25664 
369.027 238.858 24833 -1.25664 
327.935 239.486 6235.39 -1.41372 
366.027 238.858 24833 -1.25664 
364.027 238.858 24833 -1.25664 
363.027 238.858 24833 -1.25664 
360.027 238.858 24833 -1.25664 
359.027 238.858 24833 -1.25664 
358.027 238.858 24833 -1.25664 
356.027 238.858 24833 -1.25664 
354.027 238.858 24833 -1.25664 
353.027 238.858 24833 -1.25664 
353.027 238.858 24833 -1.25664 
352.027 238.858 24833 -1.25664 
308.935 239.486 6235.39 -1.41372 
308.935 239.486 6235.39 -1.41372 
307.935 239.486 6235.39 -1.41372 
304.935 239.486 6235.39 -1.41372 
304.935 239.486 6235.39 -1.41372 
302.935 239.486 6235.39 -1.41372 
302.935 239.486 6235.39 -1.41372 
301.935 239.486 6235.39 -1.41372 
300.935 239.486 6235.39 -1.41372 
300.935 239.486 6235.39 -1.41372 
302.935 239.486 6235.39 -1.41372 
303.935 239.486 6235.39 -1.41372 
303.935 239.486 6235.39 -1.41372 
305.935 239.486 6235.39 -1.41372 
306.935 239.486 6235.39 -1.41372 
307.935 239.486 6235.39 -1.41372 
308.935 239.486 6235.39 -1.41372 
309.935 239.486 6235.39 -1.41372 
310.935 239.486 6235.39 -1.41372 
312.935 239.486 6235.39 -1.41372 
313.935 239.486 6235.39 -1.41372 
314.935 239.486 6235.39 -1.41372 
315.935 239.486 6235.39 -1.41372 
316.935 239.486 6235.39 -1.41372 
318.935 239.486 6235.39 -1.41372 
318.935 239.486 6235.39 -1.41372 
319.935 239.486 6235.39 -1.41372 
319.935 239.486 6235.39 -1.41372 
320.935 239.486 6235.39 -1.41372 
357.937 248.369 22923.2 -1.25664 
358.937 248.369 22923.2 -1.25664 
322.935 239.486 6235.39 -1.41372 
358.937 248.369 22923.2 -1.25664 
322.935 239.486 6235.39 -1.41372 
359.937 248.369 22923.2 -1.25664 
322.935 239.486 6235.39 -1.41372 
359.937 248.369 22923.2 -1.25664 
323.935 239.486 6235.39 -1.41372 
323.935 239.486 6235.39 -1.41372 
323.935 239.486 6235.39 -1.41372 
321.935 239.486 6235.39 -1.41372 
322.935 239.486 6235.39 -1.41372 
323.935 239.486 6235.39 -1.41372 
321.935 239.486 6235.39 -1.41372 
323.935 239.486 6235.39 -1.41372 
324.935 239.486 6235.39 -1.41372 
323.935 239.486 6235.39 -1.41372 
324.935 239.486 6235.39 -1.41372 
325.935 239.486 6235.39 -1.41372 
326.935 239.486 6235.39 -1.41372 
327.935 239.486 6235.39 -1.41372 
328.935 239.486 6235.39 -1.41372 
329.935 239.486 6235.39 -1.41372 
331.935 239.486 6235.39 -1.41372 
332.935 239.486 6235.39 -1.41372 
333.935 239.486 6235.39 -1.41372 
335.935 239.486 6235.39 -1.41372 
336.935 239.486 6235.39 -1.41372 
336.935 239.486 6235.39 -1.41372 
338.935 239.486 6235.39 -1.41372 
338.935 239.486 6235.39 -1.41372 
339.935 239.486 6235.39 -1.41372 
380.027 238.858 24833 -1.25664 
341.935 239.486 6235.39 -1.41372 
342.935 239.486 6235.39 -1.41372 
343.935 239.486 6235.39 -1.41372 
343.935 239.486 6235.39 -1.41372 
344.935 239.486 6235.39 -1.41372 
344.935 239.486 6235.39 -1.41372 
383.482 243.614 23868.6 -1.25664 
345.935 239.486 6235.39 -1.41372 
385.027 238.858 24833 -1.25664 
380.937 248.369 22923.2 -1.25664 
344.935 239.486 6235.39 -1.41372 
385.027 238.858 24833 -1.25664 
344.935 239.486 6235.39 -1.41372 
381.937 248.369 22923.2 -1.25664 
345.935 239.486 6235.39 -1.41372 
381.937 248.369 22923.2 -1.25664 
343.935 239.486 6235.39 -1.41372 
342.935 239.486 6235.39 -1.41372 
343.935 239.486 6235.39 -1.41372 
342.935 239.486 6235.39 -1.41372 
341.935 239.486 6235.39 -1.41372 
342.935 239.486 6235.39 -1.41372 
340.935 239.486 6235.39 -1.41372 
339.935 239.486 6235.39 -1.41372 
339.935 239.486 6235.39 -1.41372 
337.935 239.486 6235.39 -1.41372 
338.935 239.486 6235.39 -1.41372 
302 346.5 265 1.5708 
302 346.5 265 1.5708 
289.094 397.516 829.214 1.41372 
289.094 397.516 829.214 1.41372 
302 346.5 265 1.5708 
283.686 419.559 1610.94 1.25664 
303 346.5 265 1.5708 
291.094 397.516 829.214 1.41372 
291.094 397.516 829.214 1.41372 
304 346.5 265 1.5708 
295.975 445.587 1226.18 1.09956 
295.975 445.587 1226.18 1.09956 
295.975 445.587 1226.18 1.09956 
295.975 445.587 1226.18 1.09956 
295.975 445.587 1226.18 1.09956 
299.867 438.58 770.768 1.25664 
296.975 445.587 1226.18 1.09956 
299.867 438.58 770.768 1.25664 
299.867 438.58 770.768 1.25664 
299.867 438.58 770.768 1.25664 
302.245 450.042 928.72 1.09956 
426.027 238.858 24833 -1.25664 
426.027 238.858 24833 -1.25664 
432.027 238.858 24833 -1.25664 
439.027 238.858 24833 -1.25664 
447.027 238.858 24833 -1.25664 
450.027 238.858 24833 -1.25664 
450.027 238.858 24833 -1.25664 
450.027 238.858 24833 -1.25664 
449.027 238.858 24833 -1.25664 
450.027 238.858 24833 -1.25664 
450.027 238.858 24833 -1.25664 
450.027 238.858 24833 -1.25664 
450.027 238.858 24833 -1.25664 
440.027 238.858 24833 -1.25664 
438.027 238.858 24833 -1.25664 
436.027 238.858 24833 -1.25664 
429.027 238.858 24833 -1.25664 
427.027 238.858 24833 -1.25664 
344.5 479 25 -0 
314.019 456.019 2158.47 0.785398 
311.019 456.019 2158.47 0.785398 
407.027 238.858 24833 -1.25664 
397.027 238.858 24833 -1.25664 
402.027 238.858 24833 -1.25664 
303.232 424.314 1372.25 1.25664 
298.232 424.314 1372.25 1.25664 
296.232 424.314 1372.25 1.25664 
293.232 424.314 1372.25 1.25664 
297.435 436.677 1944.77 1.09956 
303.435 436.677 1944.77 1.09956 
302.435 436.677 1944.77 1.09956 
296.435 436.677 1944.77 1.09956 
297.435 436.677 1944.77 1.09956 
297.435 436.677 1944.77 1.09956 
300.435 436.677 1944.77 1.09956 
302.483 452.484 2865.53 0.785398 
301.042 464.245 3383.71 0.471238 
304.975 445.587 1226.18 1.09956 
354.374 466.626 637.249 -0.785398 
424.027 238.858 24833 -1.25664 
428.482 243.614 23868.6 -1.25664 
433.482 243.614 23868.6 -1.25664 
437.482 243.614 23868.6 -1.25664 
445.027 238.858 24833 -1.25664 
450.027 238.858 24833 -1.25664 
461.027 238.858 24833 -1.25664 
463.027 238.858 24833 -1.25664 
466.027 238.858 24833 -1.25664 
455.027 238.858 24833 -1.25664 
455.027 238.858 24833 -1.25664 
454.027 238.858 24833 -1.25664 
445.027 238.858 24833 -1.25664 
445.027 238.858 24833 -1.25664 
401.935 239.486 6235.39 -1.41372 
393.935 239.486 6235.39 -1.41372 
391.935 239.486 6235.39 -1.41372 
350.5 479 25 -0 
345.5 479 25 -0 
343.5 479 25 -0 
303.412 443.335 608.47 1.25664 
301.867 438.58 770.768 1.25664 
300.867 438.58 770.768 1.25664 
299.322 433.825 952.162 1.25664 
299.322 433.825 952.162 1.25664 
297.777 429.07 1152.66 1.25664 
296.777 429.07 1152.66 1.25664 
298.322 433.825 952.162 1.25664 
298.322 433.825 952.162 1.25664 
298.322 433.825 952.162 1.25664 
300.412 443.335 608.47 1.25664 
301.957 448.091 465.271 1.25664 
302.957 448.091 465.271 1.25664 
360.374 466.626 637.249 -0.785398 
388.935 239.486 6235.39 -1.41372 
393.935 239.486 6235.39 -1.41372 
400.935 239.486 6235.39 -1.41372 
403.935 239.486 6235.39 -1.41372 
408.935 239.486 6235.39 -1.41372 
411.935 239.486 6235.39 -1.41372 
412.935 239.486 6235.39 -1.41372 
412.935 239.486 6235.39 -1.41372 
410.935 239.486 6235.39 -1.41372 
393.935 239.486 6235.39 -1.41372 
393.935 239.486 6235.39 -1.41372 
393.935 239.486 6235.39 -1.41372 
393.935 239.486 6235.39 -1.41372 
393.935 239.486 6235.39 -1.41372 
393.935 239.486 6235.39 -1.41372 
393.935 239.486 6235.39 -1.41372 
393.935 239.486 6235.39 -1.41372 
393.935 239.486 6235.39 -1.41372 
393.935 239.486 6235.39 -1.41372 
388.935 239.486 6235.39 -1.41372 
384.935 239.486 6235.39 -1.41372 
384.935 239.486 6235.39 -1.41372 
380.935 239.486 6235.39 -1.41372 
378.935 239.486 6235.39 -1.41372 
373.935 239.486 6235.39 -1.41372 
372.935 239.486 6235.39 -1.41372 
370.935 239.486 6235.39 -1.41372 
368.935 239.486 6235.39 -1.41372 
367.935 239.486 6235.39 -1.41372 
367.935 239.486 6235.39 -1.41372 
365.935 239.486 6235.39 -1.41372 
364.935 239.486 6235.39 -1.41372 
362.935 239.486 6235.39 -1.41372 
362.935 239.486 6235.39 -1.41372 
361.935 239.486 6235.39 -1.41372 
324.5 479 25 -0 
324.5 479 25 -0 
323.5 479 25 -0 
322.5 479 25 -0 
279.412 443.335 608.47 1.25664 
279.412 443.335 608.47 1.25664 
278.867 438.58 770.768 1.25664 
278.412 443.335 608.47 1.25664 
277.867 438.58 770.768 1.25664 
277.867 438.58 770.768 1.25664 
277.867 438.58 770.768 1.25664 
327.5 479 25 -0 
330.5 479 25 -0 
341.133 476.682 208.149 -0.314159 
383.49 348.23 7483.09 -1.25664 
346 236.5 485 1.5708 
353 236.5 485 1.5708 
360 236.5 485 1.5708 
367 236.5 485 1.5708 
375 236.5 485 1.5708 
379 236.5 485 1.5708 
380 236.5 485 1.5708 
383 236.5 485 1.5708 
379 236.5 485 1.5708 
379 236.5 485 1.5708 
378 236.5 485 1.5708 
379 236.5 485 1.5708 
377 236.5 485 1.5708 
374 236.5 485 1.5708 
374 236.5 485 1.5708 
369 236.5 485 1.5708 
368 236.5 485 1.5708 
361 236.5 485 1.5708 
361 236.5 485 1.5708 
359 236.5 485 1.5708 
355 236.5 485 1.5708 
353 236.5 485 1.5708 
352 236.5 485 1.5708 
349 236.5 485 1.5708 
348 236.5 485 1.5708 
308.065 239.486 6235.41 1.41372 
307.065 239.486 6235.41 1.41372 
305.065 239.486 6235.41 1.41372 
304.065 239.486 6235.41 1.41372 
303.065 239.486 6235.41 1.41372 
302.065 239.486 6235.41 1.41372 
302.065 239.486 6235.41 1.41372 
301.065 239.486 6235.41 1.41372 
300.065 239.486 6235.41 1.41372 
299.065 239.486 6235.41 1.41372 
303.065 239.486 6235.41 1.41372 
304.065 239.486 6235.41 1.41372 
305.065 239.486 6235.41 1.41372 
307.065 239.486 6235.41 1.41372 
310.065 239.486 6235.41 1.41372 
312.065 239.486 6235.41 1.41372 
315.065 239.486 6235.41 1.41372 
315.065 239.486 6235.41 1.41372 
316.065 239.486 6235.41 1.41372 
319.065 239.486 6235.41 1.41372 
320.065 239.486 6235.41 1.41372 
322.065 239.486 6235.41 1.41372 
324.065 239.486 6235.41 1.41372 
325.065 239.486 6235.41 1.41372 
327.065 239.486 6235.41 1.41372 
328.065 239.486 6235.41 1.41372 
329.065 239.486 6235.41 1.41372 
330.065 239.486 6235.41 1.41372 
331.065 239.486 6235.41 1.41372 
331.065 239.486 6235.41 1.41372 
333.065 239.486 6235.41 1.41372 
333.065 239.486 6235.41 1.41372 
334.065 239.486 6235.41 1.41372 
335.065 239.486 6235.41 1.41372 
336.065 239.486 6235.41 1.41372 
336.065 239.486 6235.41 1.41372 
337.065 239.486 6235.41 1.41372 
336.065 239.486 6235.41 1.41372 
336.065 239.486 6235.41 1.41372 
337.065 239.486 6235.41 1.41372 
337.065 239.486 6235.41 1.41372 
337.065 239.486 6235.41 1.41372 
337.065 239.486 6235.41 1.41372 
337.065 239.486 6235.41 1.41372 
338.065 239.486 6235.41 1.41372 
338.065 239.486 6235.41 1.41372 
318.973 238.858 24833 1.25664 
318.973 238.858 24833 1.25664 
317.973 238.858 24833 1.25664 
314.973 238.858 24833 1.25664 
312.973 238.858 24833 1.25664 
310.973 238.858 24833 1.25664 
308.973 238.858 24833 1.25664 
306.973 238.858 24833 1.25664 
304.973 238.858 24833 1.25664 
302.973 238.858 24833 1.25664 
302.973 238.858 24833 1.25664 
302.973 238.858 24833 1.25664 
303.973 238.858 24833 1.25664 
320.306 352.032 16995 1.09956 
320.306 352.032 16995 1.09956 
320.576 356.487 15831.9 1.09956 
301.973 238.858 24833 1.25664 
302.063 248.369 22923.3 1.25664 
304.154 257.879 21089.9 1.25664 
335.065 239.486 6235.41 1.41372 
332.065 239.486 6235.41 1.41372 
329.065 239.486 6235.41 1.41372 
325.065 239.486 6235.41 1.41372 
314.065 239.486 6235.41 1.41372 
312.065 239.486 6235.41 1.41372 
309.065 239.486 6235.41 1.41372 
306.065 239.486 6235.41 1.41372 
302.065 239.486 6235.41 1.41372 
300.065 239.486 6235.41 1.41372 
298.065 239.486 6235.41 1.41372 
298.065 239.486 6235.41 1.41372 
298.065 239.486 6235.41 1.41372 
295.065 239.486 6235.41 1.41372 
294.065 239.486 6235.41 1.41372 
294.065 239.486 6235.41 1.41372 
294.065 239.486 6235.41 1.41372 
295.065 239.486 6235.41 1.41372 
294.065 239.486 6235.41 1.41372 
294.065 239.486 6235.41 1.41372 
330 376.5 205 1.5708 
328 376.5 205 1.5708 
288.065 239.486 6235.41 1.41372 
287.065 239.486 6235.41 1.41372 
321 286.5 385 1.5708 
324.5 479 25 -0 
322.5 479 25 -0 
322.5 479 25 -0 
322.5 479 25 -0 
322.5 479 25 -0 
319.5 479 25 -0 
319.5 479 25 -0 
322.5 479 25 -0 
321.5 479 25 -0 
321.5 479 25 -0 
324.5 479 25 -0 
333.683 475.595 185.436 -0.471238 
328 261.5 435 1.5708 
293.065 239.486 6235.41 1.41372 
296.065 239.486 6235.41 1.41372 
297.065 239.486 6235.41 1.41372 
300.065 239.486 6235.41 1.41372 
304.065 239.486 6235.41 1.41372 
307.065 239.486 6235.41 1.41372 
309.065 239.486 6235.41 1.41372 
311.065 239.486 6235.41 1.41372 
339 236.5 485 1.5708 
325.5 479 25 -0 
327.5 479 25 -0 
325.5 479 25 -0 
326.5 479 25 -0 
327.5 479 25 -0 
327.5 479 25 -0 
329.5 479 25 -0 
331.5 479 25 -0 
334.675 467.862 151.092 -1.09956 
334.303 473.697 123.107 -0.785398 
274.401 367.885 1461.12 1.41372 
275.965 377.762 1230.9 1.41372 
319.5 479 25 -0 
275.965 377.762 1230.9 1.41372 
317.5 479 25 -0 
317.5 479 25 -0 
275.748 382.7 1123.14 1.41372 
317.5 479 25 -0 
275.965 377.762 1230.9 1.41372 
278.748 382.7 1123.14 1.41372 
275.53 387.639 1020.27 1.41372 
277.748 382.7 1123.14 1.41372 
318.5 479 25 -0 
279.53 387.639 1020.27 1.41372 
317.5 479 25 -0 
319.5 479 25 -0 
317.5 479 25 -0 
317.5 479 25 -0 
280.312 392.577 922.295 1.41372 
314.5 479 25 -0 
314.5 479 25 -0 
313.5 479 25 -0 
314.5 479 25 -0 
312 236.5 485 1.5708 
313.5 479 25 -0 
317.5 479 25 -0 
323.303 473.697 123.107 -0.785398 
324.5 479 25 -0 
292.662 456.958 3725.7 0.628318 
365.935 239.486 6235.39 -1.41372 
367.935 239.486 6235.39 -1.41372 
371.935 239.486 6235.39 -1.41372 
371.935 239.486 6235.39 -1.41372 
326 296.5 365 1.5708 
368.935 239.486 6235.39 -1.41372 
364.935 239.486 6235.39 -1.41372 
315 471.5 15 1.5708 
321 301.5 355 1.5708 
349.935 239.486 6235.39 -1.41372 
319.5 479 25 -0 
335.935 239.486 6235.39 -1.41372 
350.935 239.486 6235.39 -1.41372 
312 301.5 355 1.5708 
349.935 239.486 6235.39 -1.41372 
347.935 239.486 6235.39 -1.41372 
288.596 410.048 2145.61 1.25664 
347.935 239.486 6235.39 -1.41372 
345.935 239.486 6235.39 -1.41372 
345.935 239.486 6235.39 -1.41372 
339.935 239.486 6235.39 -1.41372 
345.935 239.486 6235.39 -1.41372 
344.935 239.486 6235.39 -1.41372 
341.935 239.486 6235.39 -1.41372 
308 236.5 485 1.5708 
308 236.5 485 1.5708 
341.935 239.486 6235.39 -1.41372 
340.935 239.486 6235.39 -1.41372 
305 236.5 485 1.5708 
340.935 239.486 6235.39 -1.41372 
304 236.5 485 1.5708 
304 236.5 485 1.5708 
303 236.5 485 1.5708 
303 236.5 485 1.5708 
303 236.5 485 1.5708 
303 236.5 485 1.5708 
304 236.5 485 1.5708 
303 236.5 485 1.5708 
305 236.5 485 1.5708 
305 236.5 485 1.5708 
303 236.5 485 1.5708 
303 236.5 485 1.5708 
303 236.5 485 1.5708 
304 236.5 485 1.5708 
303 236.5 485 1.5708 
302 236.5 485 1.5708 
301 236.5 485 1.5708 
300 236.5 485 1.5708 
301 236.5 485 1.5708 
300 236.5 485 1.5708 
301 236.5 485 1.5708 
301 236.5 485 1.5708 
301 236.5 485 1.5708 
301 236.5 485 1.5708 
302 236.5 485 1.5708 
303 236.5 485 1.5708 
303 236.5 485 1.5708 
304 236.5 485 1.5708 
303 236.5 485 1.5708 
305 236.5 485 1.5708 
303 236.5 485 1.5708 
304 236.5 485 1.5708 
302 236.5 485 1.5708 
303 236.5 485 1.5708 
303 236.5 485 1.5708 
301 236.5 485 1.5708 
301 236.5 485 1.5708 
299 236.5 485 1.5708 
302 236.5 485 1.5708 
299 236.5 485 1.5708 
300 236.5 485 1.5708 
299 236.5 485 1.5708 
299 236.5 485 1.5708 
300 236.5 485 1.5708 
300 236.5 485 1.5708 
301 236.5 485 1.5708 
300 236.5 485 1.5708 
300 236.5 485 1.5708 
299 236.5 485 1.5708 
301 236.5 485 1.5708 
301 236.5 485 1.5708 
301 236.5 485 1.5708 
301 236.5 485 1.5708 
299 236.5 485 1.5708 
301 236.5 485 1.5708 
301 236.5 485 1.5708 
299 236.5 485 1.5708 
298 236.5 485 1.5708 
298 236.5 485 1.5708 
299 236.5 485 1.5708 
299 236.5 485 1.5708 
297 236.5 485 1.5708 
297 236.5 485 1.5708 
296 236.5 485 1.5708 
296 236.5 485 1.5708 
297 236.5 485 1.5708 
298 236.5 485 1.5708 
297 236.5 485 1.5708 
298 236.5 485 1.5708 
296 236.5 485 1.5708 
297 236.5 485 1.5708 
296 236.5 485 1.5708 
295 236.5 485 1.5708 
295 236.5 485 1.5708 
296 236.5 485 1.5708 
295 241.5 475 1.5708 
295 236.5 485 1.5708 
294 236.5 485 1.5708 
294 236.5 485 1.5708 
293 241.5 475 1.5708 
295 236.5 485 1.5708 
295 236.5 485 1.5708 
294 236.5 485 1.5708 
294 236.5 485 1.5708 
294 241.5 475 1.5708 
293 246.5 465 1.5708 
294 251.5 455 1.5708 
293 256.5 445 1.5708 
293 261.5 435 1.5708 
295 256.5 445 1.5708 
294 256.5 445 1.5708 
295 261.5 435 1.5708 
296 266.5 425 1.5708 
296 266.5 425 1.5708 
297 261.5 435 1.5708 
296 266.5 425 1.5708 
268.416 391.027 3444.15 1.25664 
266.948 448.948 3672.61 0.785398 
265.086 414.402 4462.61 1.09956 
268.871 386.272 3816.53 1.25664 
264.617 454.019 4778.79 0.628318 
266.412 445.412 4579.68 0.785398 
265.617 454.019 4778.79 0.628318 
271.401 367.885 1461.11 1.41372 
300 271.5 415 1.5708 
299 266.5 425 1.5708 
294 276.5 405 1.5708 
274.401 367.885 1461.12 1.41372 
296 296.5 365 1.5708 
298 291.5 375 1.5708 
299 291.5 375 1.5708 
297 331.5 295 1.5708 
334.935 239.486 6235.39 -1.41372 
297 341.5 275 1.5708 
294 296.5 365 1.5708 
299 296.5 365 1.5708 
296 296.5 365 1.5708 
297 336.5 285 1.5708 
297 336.5 285 1.5708 
295 296.5 365 1.5708 
295 296.5 365 1.5708 
294 296.5 365 1.5708 
290 301.5 355 1.5708 
295 301.5 355 1.5708 
297 301.5 355 1.5708 
297 306.5 345 1.5708 
298 306.5 345 1.5708 
298 306.5 345 1.5708 
299 306.5 345 1.5708 
299 306.5 345 1.5708 
301 311.5 335 1.5708 
302 311.5 335 1.5708 
304 311.5 335 1.5708 
340.935 239.486 6235.39 -1.41372 
339.935 239.486 6235.39 -1.41372 
298 316.5 325 1.5708 
296 316.5 325 1.5708 
294 316.5 325 1.5708 
291 321.5 315 1.5708 
285 321.5 315 1.5708 
308.371 249.362 5750.67 -1.41372 
296.896 283.932 4208.33 -1.41372 
300.678 278.993 4413.99 -1.41372 
289.767 303.685 3434.68 -1.41372 
288.767 303.685 3434.68 -1.41372 
294.331 293.808 3811.72 -1.41372 
297.331 293.808 3811.72 -1.41372 
299.114 288.87 4007.58 -1.41372 
301.114 288.87 4007.58 -1.41372 
305.114 288.87 4007.58 -1.41372 
308.114 288.87 4007.58 -1.41372 
310.896 283.932 4208.33 -1.41372 
312.896 283.932 4208.33 -1.41372 
316.678 278.993 4413.99 -1.41372 
316.896 283.932 4208.33 -1.41372 
319.678 278.993 4413.99 -1.41372 
322.46 274.055 4624.53 -1.41372 
323.46 274.055 4624.53 -1.41372 
324.46 274.055 4624.53 -1.41372 
325.46 274.055 4624.53 -1.41372 
329.024 264.178 5060.3 -1.41372 
330.024 264.178 5060.3 -1.41372 
329.242 269.116 4839.97 -1.41372 
331.024 264.178 5060.3 -1.41372 
332.807 259.239 5285.53 -1.41372 
332.807 259.239 5285.53 -1.41372 
332.024 264.178 5060.3 -1.41372 
333.807 259.239 5285.53 -1.41372 
333.024 264.178 5060.3 -1.41372 
334.807 259.239 5285.53 -1.41372 
335.807 259.239 5285.53 -1.41372 
335.024 264.178 5060.3 -1.41372 
335.024 264.178 5060.3 -1.41372 
336.807 259.239 5285.53 -1.41372 
339.371 249.362 5750.67 -1.41372 
339.371 249.362 5750.67 -1.41372 
339.371 249.362 5750.67 -1.41372 
339.371 249.362 5750.67 -1.41372 
338.589 254.301 5515.65 -1.41372 
340.371 249.362 5750.67 -1.41372 
340.371 249.362 5750.67 -1.41372 
340.371 249.362 5750.67 -1.41372 
339.589 254.301 5515.65 -1.41372 
340.371 249.362 5750.67 -1.41372 
341.935 239.486 6235.39 -1.41372 
340.371 249.362 5750.67 -1.41372 
341.935 239.486 6235.39 -1.41372 
341.153 244.424 5990.58 -1.41372 
341.935 239.486 6235.39 -1.41372 
341.935 239.486 6235.39 -1.41372 
341.935 239.486 6235.39 -1.41372 
337.807 259.239 5285.53 -1.41372 
341.935 239.486 6235.39 -1.41372 
339.371 249.362 5750.67 -1.41372 
339.371 249.362 5750.67 -1.41372 
339.371 249.362 5750.67 -1.41372 
340.935 239.486 6235.39 -1.41372 
341.935 239.486 6235.39 -1.41372 
341.935 239.486 6235.39 -1.41372 
341.935 239.486 6235.39 -1.41372 
341.935 239.486 6235.39 -1.41372 
341.935 239.486 6235.39 -1.41372 
342.935 239.486 6235.39 -1.41372 
342.935 239.486 6235.39 -1.41372 
342.935 239.486 6235.39 -1.41372 
342.935 239.486 6235.39 -1.41372 
342.935 239.486 6235.39 -1.41372 
342.935 239.486 6235.39 -1.41372 
342.935 239.486 6235.39 -1.41372 
343.935 239.486 6235.39 -1.41372 
343.935 239.486 6235.39 -1.41372 
