1.72098e+07 -1.53872e+07 694724 -1.31122e+06 -2.14512e+06 68683 
1.72098e+07 -1.53872e+07 694724 -1.31122e+06 -2.14512e+06 68683 
1.72808e+07 -1.5411e+07 710544 -1.32745e+06 -2.14125e+06 60564 
1.32732e+07 -1.45242e+07 995912 -1.24272e+06 -2.01203e+06 97862 
1.32732e+07 -1.45242e+07 995912 -1.24272e+06 -2.01203e+06 97862 
1.35416e+07 -1.45835e+07 847607 -1.26716e+06 -2.03283e+06 92075 
1.83332e+07 -1.00923e+07 829617 -1.13103e+06 -2.14614e+06 15245 
1.82325e+07 -1.01016e+07 920262 -1.12398e+06 -2.13994e+06 14371 
1.84901e+07 -1.0163e+07 908873 -1.14487e+06 -2.15977e+06 11193 
1.71989e+07 -1.02574e+07 2.15048e+06 -1.13449e+06 -2.08842e+06 16667 
1.71989e+07 -1.02574e+07 2.15048e+06 -1.13449e+06 -2.08842e+06 16667 
1.73175e+07 -1.03156e+07 2.126e+06 -1.13529e+06 -2.10794e+06 23349 
1.73817e+07 -1.47887e+07 1.74518e+06 -1.28849e+06 -2.14339e+06 62504 
1.75315e+07 -1.48595e+07 1.65306e+06 -1.31268e+06 -2.14559e+06 54340 
1.74382e+07 -1.48697e+07 1.5682e+06 -1.29796e+06 -2.15288e+06 64297 
1.86907e+07 -1.26869e+07 1.74101e+06 -1.21485e+06 -2.18476e+06 28747 
1.8724e+07 -1.27328e+07 1.90659e+06 -1.23019e+06 -2.17437e+06 21007 
1.87977e+07 -1.27505e+07 1.74088e+06 -1.23031e+06 -2.18854e+06 25068 
1.83738e+07 -1.24399e+07 2.03321e+06 -1.20064e+06 -2.16676e+06 25456 
1.84728e+07 -1.25358e+07 1.98554e+06 -1.22304e+06 -2.16858e+06 20028 
1.85521e+07 -1.26028e+07 1.8967e+06 -1.22169e+06 -2.18862e+06 27405 
1.59652e+07 -8.57794e+06 1.12054e+06 -1.06916e+06 -2.07839e+06 23156 
1.59652e+07 -8.57794e+06 1.12054e+06 -1.06916e+06 -2.07839e+06 23156 
1.64186e+07 -8.51734e+06 1.22012e+06 -1.0957e+06 -2.10102e+06 15277 
1.89462e+07 -1.08769e+07 2.22096e+06 -1.11954e+06 -2.22355e+06 23983 
1.91718e+07 -1.09088e+07 2.12108e+06 -1.13786e+06 -2.24025e+06 16772 
1.91522e+07 -1.10036e+07 2.09848e+06 -1.15245e+06 -2.23245e+06 14362 
1.25963e+07 -1.45199e+07 -652260 -1.26703e+06 -2.00643e+06 103078 
1.25963e+07 -1.45199e+07 -652260 -1.26703e+06 -2.00643e+06 103078 
1.27767e+07 -1.45668e+07 -708947 -1.28905e+06 -2.01355e+06 95259 
1.27779e+07 -9.45793e+06 -1.29059e+06 -1.13601e+06 -2.02834e+06 53746 
1.27779e+07 -9.45793e+06 -1.29059e+06 -1.13601e+06 -2.02834e+06 53746 
1.28348e+07 -9.40188e+06 -1.15785e+06 -1.14331e+06 -2.0241e+06 51270 
1.46841e+07 -8.23987e+06 -366336 -1.10688e+06 -2.05572e+06 15517 
1.45139e+07 -8.3934e+06 -424228 -1.09812e+06 -2.0584e+06 21778 
1.4561e+07 -8.29134e+06 -441019 -1.0984e+06 -2.05386e+06 18768 
1.53388e+07 -1.12285e+07 -7.14456e+06 -1.21516e+06 -2.14915e+06 12523 
1.53388e+07 -1.12285e+07 -7.14456e+06 -1.21516e+06 -2.14915e+06 12523 
1.53388e+07 -1.12285e+07 -7.14456e+06 -1.21516e+06 -2.14915e+06 12523 
1.46167e+07 -1.30556e+07 -7.4232e+06 -1.38951e+06 -2.09092e+06 28314 
1.46167e+07 -1.30556e+07 -7.4232e+06 -1.38951e+06 -2.09092e+06 28314 
1.4596e+07 -1.30493e+07 -7.3625e+06 -1.38976e+06 -2.08684e+06 27815 
1.45279e+07 -1.30644e+07 -7.38736e+06 -1.38176e+06 -2.09003e+06 32061 
1.53223e+07 -1.26611e+07 -7.17293e+06 -1.33184e+06 -2.14377e+06 45413 
1.53223e+07 -1.26611e+07 -7.17293e+06 -1.33184e+06 -2.14377e+06 45413 
1.53801e+07 -1.26367e+07 -7.14419e+06 -1.33621e+06 -2.14421e+06 41687 
1.53904e+07 -1.26363e+07 -7.15942e+06 -1.34104e+06 -2.13894e+06 39597 
1.55667e+07 -1.19684e+07 -7.12338e+06 -1.26334e+06 -2.15861e+06 44367 
1.55667e+07 -1.19684e+07 -7.12338e+06 -1.26334e+06 -2.15861e+06 44367 
1.56476e+07 -1.19954e+07 -7.16173e+06 -1.27048e+06 -2.16246e+06 42056 
1.5476e+07 -1.18624e+07 -7.16182e+06 -1.24716e+06 -2.15155e+06 45511 
1.85522e+07 -1.45283e+07 -2.24944e+06 -1.2769e+06 -2.1855e+06 17730 
1.85522e+07 -1.45283e+07 -2.24944e+06 -1.2769e+06 -2.1855e+06 17730 
1.8639e+07 -1.47018e+07 -2.37023e+06 -1.28734e+06 -2.20671e+06 23547 
1.87106e+07 -1.46001e+07 -2.32475e+06 -1.28836e+06 -2.20143e+06 19780 
1.25777e+07 -1.53047e+07 -2.7821e+06 -1.38132e+06 -1.98415e+06 87377 
1.25777e+07 -1.53047e+07 -2.7821e+06 -1.38132e+06 -1.98415e+06 87377 
1.25277e+07 -1.52286e+07 -2.70823e+06 -1.38178e+06 -1.96834e+06 80180 
1.2629e+07 -1.52718e+07 -2.81336e+06 -1.38668e+06 -1.98188e+06 84101 
1.74113e+07 -9.3954e+06 -1.07998e+06 -1.1471e+06 -2.10727e+06 -22823 
1.74113e+07 -9.3954e+06 -1.07998e+06 -1.1471e+06 -2.10727e+06 -22823 
1.7394e+07 -9.42334e+06 -904975 -1.15397e+06 -2.09989e+06 -28723 
1.73423e+07 -9.42517e+06 -1.07386e+06 -1.14338e+06 -2.10627e+06 -20634 
1.46065e+07 -1.23329e+07 3.71775e+06 -1.16352e+06 -1.96494e+06 64943 
1.46065e+07 -1.23329e+07 3.71775e+06 -1.16352e+06 -1.96494e+06 64943 
1.47975e+07 -1.22625e+07 3.74568e+06 -1.18107e+06 -1.96458e+06 56817 
1.45999e+07 -1.23167e+07 3.70689e+06 -1.16441e+06 -1.96265e+06 63924 
1.45995e+07 -1.25304e+07 3.73449e+06 -1.16288e+06 -1.96708e+06 85334 
1.45995e+07 -1.25304e+07 3.73449e+06 -1.16288e+06 -1.96708e+06 85334 
1.46291e+07 -1.24553e+07 3.60698e+06 -1.17218e+06 -1.95448e+06 75541 
1.4475e+07 -1.24401e+07 3.75505e+06 -1.14836e+06 -1.95432e+06 87196 
1.84024e+07 -1.52713e+07 -1.02167e+06 -1.34276e+06 -2.17516e+06 59879 
1.84024e+07 -1.52713e+07 -1.02167e+06 -1.34276e+06 -2.17516e+06 59879 
1.8365e+07 -1.5187e+07 -1.19807e+06 -1.33484e+06 -2.167e+06 59926 
1.84546e+07 -1.52377e+07 -1.01108e+06 -1.34875e+06 -2.172e+06 56945 
1.18887e+07 -9.62338e+06 -431468 -1.14322e+06 -1.92708e+06 57325 
1.18887e+07 -9.62338e+06 -431468 -1.14322e+06 -1.92708e+06 57325 
1.17772e+07 -9.56906e+06 -334955 -1.11923e+06 -1.92894e+06 66065 
1.18551e+07 -9.61072e+06 -386244 -1.14184e+06 -1.92289e+06 57069 
1.26369e+07 -1.55028e+07 1.03287e+06 -1.31244e+06 -1.93217e+06 122485 
1.26369e+07 -1.55028e+07 1.03287e+06 -1.31244e+06 -1.93217e+06 122485 
1.22388e+07 -1.52668e+07 1.16608e+06 -1.26726e+06 -1.8987e+06 128312 
1.25255e+07 -1.54553e+07 1.0663e+06 -1.30421e+06 -1.9222e+06 122253 
