
-0.629230.77545-0.05252-0.063646
-0.77711-0.628860.0253910.031612
-0.0133380.0567910.9983-0.15309
0001


-0.62923	0.77545	-0.05252	-0.063646	
-0.77711	-0.62886	0.025391	0.031612	
-0.013338	0.056791	0.9983	-0.15309	
0	0	0	1	


-0.94786	0.31555	0.044652	-0.068685	
-0.31336	-0.94833	0.049814	0.050787	
0.058064	0.033224	0.99776	-0.038108	
0	0	0	1	


0.097421	0.98086	0.16862	-0.4411	
-0.94244	0.14537	-0.30113	0.60422	
-0.31988	-0.12957	0.93856	-0.057637	
0	0	0	1	


0.27201	-0.96229	0.0023595	0.066318	
0.94366	0.26626	-0.19648	-0.0071586	
0.18844	0.055669	0.98051	0.66059	
0	0	0	1	


-0.76306	0.54185	0.35233	-0.094786	
-0.51841	-0.83866	0.16703	0.026351	
0.38599	-0.055195	0.92085	-0.18736	
0	0	0	1	

