-0.66353 0 0.36693 0 0.88419 
-0.66327 0 0.36717 0 0.88143 
-0.663 0 0.3674 0 0.87867 
-0.66273 0 0.36764 0 0.8759 
-0.66246 0 0.36787 0 0.87313 
-0.66219 0 0.36811 0 0.87035 
-0.66192 0 0.36834 0 0.86757 
-0.66166 0 0.36857 0 0.86479 
-0.66139 0 0.36881 0 0.862 
-0.66112 0 0.36904 0 0.85921 
-0.66085 0 0.36927 0 0.85642 
-0.66057 0 0.3695 0 0.85362 
-0.6603 0 0.36973 0 0.85082 
-0.66003 0 0.36997 0 0.84801 
-0.65976 0 0.3702 0 0.8452 
-0.65949 0 0.37043 0 0.84239 
-0.65921 0 0.37065 0 0.83957 
-0.65894 0 0.37088 0 0.83675 
-0.65867 0 0.37111 0 0.83392 
-0.65839 0 0.37134 0 0.83109 
-0.65812 0 0.37157 0 0.82826 
-0.65784 0 0.37179 0 0.82542 
-0.65757 0 0.37202 0 0.82258 
-0.65729 0 0.37225 0 0.81974 
-0.65702 0 0.37247 0 0.81689 
-0.65674 0 0.3727 0 0.81403 
-0.65647 0 0.37292 0 0.81117 
-0.65619 0 0.37315 0 0.80831 
-0.65591 0 0.37337 0 0.80545 
-0.65563 0 0.37359 0 0.80258 
-0.65536 0 0.37382 0 0.79971 
-0.65508 0 0.37404 0 0.79683 
-0.6548 0 0.37426 0 0.79395 
-0.65452 0 0.37448 0 0.79106 
-0.65424 0 0.3747 0 0.78817 
-0.65396 0 0.37492 0 0.78528 
-0.65368 0 0.37514 0 0.78238 
-0.6534 0 0.37536 0 0.77948 
-0.65312 0 0.37558 0 0.77657 
-0.65284 0 0.3758 0 0.77366 
-0.65255 0 0.37602 0 0.77075 
-0.65227 0 0.37624 0 0.76783 
-0.65199 0 0.37645 0 0.76491 
-0.6517 0 0.37667 0 0.76198 
-0.65142 0 0.37688 0 0.75905 
-0.65114 0 0.3771 0 0.75611 
-0.65085 0 0.37731 0 0.75318 
-0.65057 0 0.37753 0 0.75023 
-0.65028 0 0.37774 0 0.74729 
-0.65 0 0.37795 0 0.74433 
-0.64971 0 0.37817 0 0.74138 
-0.64942 0 0.37838 0 0.73842 
-0.64914 0 0.37859 0 0.73545 
-0.64885 0 0.3788 0 0.73249 
-0.64856 0 0.37901 0 0.72951 
-0.64827 0 0.37922 0 0.72654 
-0.64799 0 0.37943 0 0.72356 
-0.6477 0 0.37964 0 0.72057 
-0.64741 0 0.37985 0 0.71758 
-0.64712 0 0.38005 0 0.71459 
-0.64683 0 0.38026 0 0.71159 
-0.64654 0 0.38047 0 0.70859 
-0.64625 0 0.38067 0 0.70558 
-0.64595 0 0.38088 0 0.70257 
-0.64566 0 0.38108 0 0.69956 
-0.64537 0 0.38129 0 0.69654 
-0.64508 0 0.38149 0 0.69351 
-0.64478 0 0.38169 0 0.69049 
-0.64449 0 0.3819 0 0.68746 
-0.6442 0 0.3821 0 0.68442 
-0.6439 0 0.3823 0 0.68138 
-0.64361 0 0.3825 0 0.67833 
-0.64331 0 0.3827 0 0.67528 
-0.64302 0 0.3829 0 0.67223 
-0.64272 0 0.3831 0 0.66917 
-0.64243 0 0.38329 0 0.66611 
-0.64213 0 0.38349 0 0.66304 
-0.64183 0 0.38369 0 0.65997 
-0.64153 0 0.38388 0 0.6569 
-0.64124 0 0.38408 0 0.65382 
-0.64094 0 0.38427 0 0.65074 
-0.64064 0 0.38447 0 0.64765 
-0.64034 0 0.38466 0 0.64455 
-0.64004 0 0.38485 0 0.64146 
-0.63974 0 0.38505 0 0.63836 
-0.63944 0 0.38524 0 0.63525 
-0.63914 0 0.38543 0 0.63214 
-0.63884 0 0.38562 0 0.62903 
-0.63853 0 0.38581 0 0.62591 
-0.63823 0 0.386 0 0.62278 
-0.63793 0 0.38618 0 0.61966 
-0.63763 0 0.38637 0 0.61652 
-0.63732 0 0.38656 0 0.61339 
-0.63702 0 0.38674 0 0.61025 
-0.63671 0 0.38693 0 0.6071 
-0.63641 0 0.38711 0 0.60395 
-0.6361 0 0.3873 0 0.6008 
-0.6358 0 0.38748 0 0.59764 
-0.63549 0 0.38766 0 0.59448 
-0.63519 0 0.38785 0 0.59131 
-0.63488 0 0.38803 0 0.58814 
-0.63457 0 0.38821 0 0.58496 
-0.63426 0 0.38839 0 0.58178 
-0.63396 0 0.38857 0 0.5786 
-0.63365 0 0.38874 0 0.57541 
-0.63334 0 0.38892 0 0.57222 
-0.63303 0 0.3891 0 0.56902 
-0.63272 0 0.38927 0 0.56582 
-0.63241 0 0.38945 0 0.56261 
-0.6321 0 0.38962 0 0.5594 
-0.63179 0 0.3898 0 0.55618 
-0.63147 0 0.38997 0 0.55296 
-0.63116 0 0.39014 0 0.54974 
-0.63085 0 0.39031 0 0.54651 
-0.63054 0 0.39048 0 0.54328 
-0.63022 0 0.39065 0 0.54004 
-0.62991 0 0.39082 0 0.5368 
-0.6296 0 0.39099 0 0.53355 
-0.62928 0 0.39116 0 0.5303 
-0.62897 0 0.39132 0 0.52705 
-0.62865 0 0.39149 0 0.52379 
-0.62833 0 0.39165 0 0.52052 
-0.62802 0 0.39182 0 0.51725 
-0.6277 0 0.39198 0 0.51398 
-0.62738 0 0.39214 0 0.51071 
-0.62707 0 0.39231 0 0.50742 
-0.62675 0 0.39247 0 0.50414 
-0.62643 0 0.39263 0 0.50085 
-0.62611 0 0.39279 0 0.49755 
-0.62579 0 0.39294 0 0.49426 
-0.62547 0 0.3931 0 0.49095 
-0.62515 0 0.39326 0 0.48765 
-0.62483 0 0.39341 0 0.48433 
-0.62451 0 0.39357 0 0.48102 
-0.62419 0 0.39372 0 0.4777 
-0.62387 0 0.39388 0 0.47437 
-0.62355 0 0.39403 0 0.47105 
-0.62322 0 0.39418 0 0.46771 
-0.6229 0 0.39433 0 0.46438 
-0.62258 0 0.39448 0 0.46103 
-0.62225 0 0.39463 0 0.45769 
-0.62193 0 0.39478 0 0.45434 
-0.6216 0 0.39492 0 0.45098 
-0.62128 0 0.39507 0 0.44763 
-0.62095 0 0.39522 0 0.44426 
-0.62063 0 0.39536 0 0.4409 
-0.6203 0 0.3955 0 0.43752 
-0.61997 0 0.39565 0 0.43415 
-0.61965 0 0.39579 0 0.43077 
-0.61932 0 0.39593 0 0.42739 
-0.61899 0 0.39607 0 0.424 
-0.61866 0 0.39621 0 0.42061 
-0.61833 0 0.39634 0 0.41721 
-0.61801 0 0.39648 0 0.41381 
-0.61768 0 0.39662 0 0.41041 
-0.61735 0 0.39675 0 0.407 
-0.61702 0 0.39688 0 0.40359 
-0.61669 0 0.39702 0 0.40017 
-0.61635 0 0.39715 0 0.39675 
-0.61602 0 0.39728 0 0.39333 
-0.61569 0 0.39741 0 0.3899 
-0.61536 0 0.39754 0 0.38646 
-0.61503 0 0.39767 0 0.38303 
-0.61469 0 0.39779 0 0.37959 
-0.61436 0 0.39792 0 0.37614 
-0.61403 0 0.39804 0 0.3727 
-0.61369 0 0.39817 0 0.36924 
-0.61336 0 0.39829 0 0.36579 
-0.61302 0 0.39841 0 0.36233 
-0.61269 0 0.39853 0 0.35886 
-0.61235 0 0.39865 0 0.3554 
-0.61202 0 0.39877 0 0.35193 
-0.61168 0 0.39889 0 0.34845 
-0.61134 0 0.39901 0 0.34497 
-0.61101 0 0.39912 0 0.34149 
-0.61067 0 0.39924 0 0.338 
-0.61033 0 0.39935 0 0.33451 
-0.60999 0 0.39946 0 0.33102 
-0.60965 0 0.39958 0 0.32752 
-0.60932 0 0.39969 0 0.32402 
-0.60898 0 0.3998 0 0.32052 
-0.60864 0 0.3999 0 0.31701 
-0.6083 0 0.40001 0 0.3135 
-0.60796 0 0.40012 0 0.30998 
-0.60762 0 0.40022 0 0.30646 
-0.60727 0 0.40033 0 0.30294 
-0.60693 0 0.40043 0 0.29942 
-0.60659 0 0.40053 0 0.29589 
-0.60625 0 0.40063 0 0.29236 
-0.60591 0 0.40073 0 0.28882 
-0.60557 0 0.40083 0 0.28528 
-0.60522 0 0.40093 0 0.28174 
-0.60488 0 0.40102 0 0.27819 
-0.60454 0 0.40112 0 0.27464 
-0.60419 0 0.40121 0 0.27109 
-0.60385 0 0.4013 0 0.26754 
-0.6035 0 0.40139 0 0.26398 
-0.60316 0 0.40148 0 0.26042 
-0.60281 0 0.40157 0 0.25685 
-0.60247 0 0.40166 0 0.25329 
-0.60212 0 0.40175 0 0.24971 
-0.60178 0 0.40183 0 0.24614 
-0.60143 0 0.40192 0 0.24256 
-0.60108 0 0.402 0 0.23898 
-0.60074 0 0.40209 0 0.2354 
-0.60039 0 0.40217 0 0.23182 
-0.60004 0 0.40225 0 0.22823 
-0.5997 0 0.40232 0 0.22464 
-0.59935 0 0.4024 0 0.22104 
-0.599 0 0.40248 0 0.21745 
-0.59865 0 0.40255 0 0.21385 
-0.5983 0 0.40263 0 0.21025 
-0.59795 0 0.4027 0 0.20664 
-0.5976 0 0.40277 0 0.20304 
-0.59726 0 0.40284 0 0.19943 
-0.59691 0 0.40291 0 0.19581 
-0.59656 0 0.40298 0 0.1922 
-0.59621 0 0.40305 0 0.18858 
-0.59586 0 0.40311 0 0.18496 
-0.59551 0 0.40318 0 0.18134 
-0.59515 0 0.40324 0 0.17772 
-0.5948 0 0.4033 0 0.17409 
-0.59445 0 0.40336 0 0.17046 
-0.5941 0 0.40342 0 0.16683 
-0.59375 0 0.40348 0 0.1632 
-0.5934 0 0.40353 0 0.15956 
-0.59305 0 0.40359 0 0.15593 
-0.59269 0 0.40364 0 0.15229 
-0.59234 0 0.4037 0 0.14865 
-0.59199 0 0.40375 0 0.145 
-0.59164 0 0.4038 0 0.14136 
-0.59128 0 0.40385 0 0.13771 
-0.59093 0 0.4039 0 0.13407 
-0.59058 0 0.40394 0 0.13042 
-0.59022 0 0.40399 0 0.12676 
-0.58987 0 0.40403 0 0.12311 
-0.58952 0 0.40408 0 0.11945 
-0.58916 0 0.40412 0 0.1158 
-0.58881 0 0.40416 0 0.11214 
-0.58845 0 0.4042 0 0.10848 
-0.5881 0 0.40424 0 0.10482 
-0.58774 0 0.40427 0 0.10116 
-0.58739 0 0.40431 0 0.097493 
-0.58703 0 0.40434 0 0.093828 
-0.58668 0 0.40437 0 0.090161 
-0.58633 0 0.4044 0 0.086494 
-0.58597 0 0.40443 0 0.082825 
-0.58561 0 0.40446 0 0.079155 
-0.58526 0 0.40449 0 0.075484 
-0.5849 0 0.40452 0 0.071812 
-0.58455 0 0.40454 0 0.068139 
-0.58419 0 0.40457 0 0.064465 
-0.58384 0 0.40459 0 0.060791 
-0.58348 0 0.40461 0 0.057115 
-0.58313 0 0.40463 0 0.053439 
-0.58277 0 0.40465 0 0.049762 
-0.58241 0 0.40466 0 0.046084 
-0.58206 0 0.40468 0 0.042406 
-0.5817 0 0.40469 0 0.038727 
-0.58135 0 0.40471 0 0.035048 
-0.58099 0 0.40472 0 0.031368 
-0.58063 0 0.40473 0 0.027688 
-0.58028 0 0.40474 0 0.024007 
-0.57992 0 0.40475 0 0.020326 
-0.57956 0 0.40475 0 0.016645 
-0.57921 0 0.40476 0 0.012963 
-0.57885 0 0.40476 0 0.0092817 
-0.5785 0 0.40477 0 0.0055999 
-0.57814 0 0.40477 0 0.0019181 
-0.57778 0 0.40477 0 -0.0017638 
-0.57743 0 0.40477 0 -0.0054457 
-0.57707 0 0.40476 0 -0.0091274 
-0.57671 0 0.40476 0 -0.012809 
-0.57636 0 0.40475 0 -0.016491 
-0.576 0 0.40475 0 -0.020172 
-0.57564 0 0.40474 0 -0.023853 
-0.57529 0 0.40473 0 -0.027534 
-0.57493 0 0.40472 0 -0.031214 
-0.57458 0 0.40471 0 -0.034894 
-0.57422 0 0.40469 0 -0.038573 
-0.57386 0 0.40468 0 -0.042252 
-0.57351 0 0.40466 0 -0.04593 
-0.57315 0 0.40465 0 -0.049608 
-0.5728 0 0.40463 0 -0.053285 
-0.57244 0 0.40461 0 -0.056961 
-0.57208 0 0.40459 0 -0.060637 
-0.57173 0 0.40457 0 -0.064312 
-0.57137 0 0.40454 0 -0.067985 
-0.57102 0 0.40452 0 -0.071658 
-0.57066 0 0.40449 0 -0.07533 
-0.57031 0 0.40446 0 -0.079001 
-0.56995 0 0.40444 0 -0.082671 
-0.5696 0 0.40441 0 -0.08634 
-0.56924 0 0.40437 0 -0.090008 
-0.56889 0 0.40434 0 -0.093674 
-0.56853 0 0.40431 0 -0.097339 
-0.56818 0 0.40427 0 -0.101 
-0.56782 0 0.40424 0 -0.10467 
-0.56747 0 0.4042 0 -0.10833 
-0.56711 0 0.40416 0 -0.11199 
-0.56676 0 0.40412 0 -0.11564 
-0.56641 0 0.40408 0 -0.1193 
-0.56641 0 0.40408 0 -0.1193 
-0.66353 0 0.36693 0 0.88419 
-0.66327 0 0.36717 0 0.88143 
-0.663 0 0.3674 0 0.87867 
-0.66273 0 0.36764 0 0.8759 
-0.66246 0 0.36787 0 0.87313 
-0.66219 0 0.36811 0 0.87035 
-0.66192 0 0.36834 0 0.86757 
-0.66166 0 0.36857 0 0.86479 
-0.66139 0 0.36881 0 0.862 
-0.66112 0 0.36904 0 0.85921 
-0.66085 0 0.36927 0 0.85642 
-0.66057 0 0.3695 0 0.85362 
-0.6603 0 0.36973 0 0.85082 
-0.66003 0 0.36997 0 0.84801 
-0.65976 0 0.3702 0 0.8452 
-0.65949 0 0.37043 0 0.84239 
-0.65921 0 0.37065 0 0.83957 
-0.65894 0 0.37088 0 0.83675 
-0.65867 0 0.37111 0 0.83392 
-0.65839 0 0.37134 0 0.83109 
-0.65812 0 0.37157 0 0.82826 
-0.65784 0 0.37179 0 0.82542 
-0.65757 0 0.37202 0 0.82258 
-0.65729 0 0.37225 0 0.81974 
-0.65702 0 0.37247 0 0.81689 
-0.65674 0 0.3727 0 0.81403 
-0.65647 0 0.37292 0 0.81117 
-0.65619 0 0.37315 0 0.80831 
-0.65591 0 0.37337 0 0.80545 
-0.65563 0 0.37359 0 0.80258 
-0.65536 0 0.37382 0 0.79971 
-0.65508 0 0.37404 0 0.79683 
-0.6548 0 0.37426 0 0.79395 
-0.65452 0 0.37448 0 0.79106 
-0.65424 0 0.3747 0 0.78817 
-0.65396 0 0.37492 0 0.78528 
-0.65368 0 0.37514 0 0.78238 
-0.6534 0 0.37536 0 0.77948 
-0.65312 0 0.37558 0 0.77657 
-0.65284 0 0.3758 0 0.77366 
-0.65255 0 0.37602 0 0.77075 
-0.65227 0 0.37624 0 0.76783 
-0.65199 0 0.37645 0 0.76491 
-0.6517 0 0.37667 0 0.76198 
-0.65142 0 0.37688 0 0.75905 
-0.65114 0 0.3771 0 0.75611 
-0.65085 0 0.37731 0 0.75318 
-0.65057 0 0.37753 0 0.75023 
-0.65028 0 0.37774 0 0.74729 
-0.65 0 0.37795 0 0.74433 
-0.64971 0 0.37817 0 0.74138 
-0.64942 0 0.37838 0 0.73842 
-0.64914 0 0.37859 0 0.73545 
-0.64885 0 0.3788 0 0.73249 
-0.64856 0 0.37901 0 0.72951 
-0.64827 0 0.37922 0 0.72654 
-0.64799 0 0.37943 0 0.72356 
-0.6477 0 0.37964 0 0.72057 
-0.64741 0 0.37985 0 0.71758 
-0.64712 0 0.38005 0 0.71459 
-0.64683 0 0.38026 0 0.71159 
-0.64654 0 0.38047 0 0.70859 
-0.64625 0 0.38067 0 0.70558 
-0.64595 0 0.38088 0 0.70257 
-0.64566 0 0.38108 0 0.69956 
-0.64537 0 0.38129 0 0.69654 
-0.64508 0 0.38149 0 0.69351 
-0.64478 0 0.38169 0 0.69049 
-0.64449 0 0.3819 0 0.68746 
-0.6442 0 0.3821 0 0.68442 
-0.6439 0 0.3823 0 0.68138 
-0.64361 0 0.3825 0 0.67833 
-0.64331 0 0.3827 0 0.67528 
-0.64302 0 0.3829 0 0.67223 
-0.64272 0 0.3831 0 0.66917 
-0.64243 0 0.38329 0 0.66611 
-0.64213 0 0.38349 0 0.66304 
-0.64183 0 0.38369 0 0.65997 
-0.64153 0 0.38388 0 0.6569 
-0.64124 0 0.38408 0 0.65382 
-0.64094 0 0.38427 0 0.65074 
-0.64064 0 0.38447 0 0.64765 
-0.64034 0 0.38466 0 0.64455 
-0.64004 0 0.38485 0 0.64146 
-0.63974 0 0.38505 0 0.63836 
-0.63944 0 0.38524 0 0.63525 
-0.63914 0 0.38543 0 0.63214 
-0.63884 0 0.38562 0 0.62903 
-0.63853 0 0.38581 0 0.62591 
-0.63823 0 0.386 0 0.62278 
-0.63793 0 0.38618 0 0.61966 
-0.63763 0 0.38637 0 0.61652 
-0.63732 0 0.38656 0 0.61339 
-0.63702 0 0.38674 0 0.61025 
-0.63671 0 0.38693 0 0.6071 
-0.63641 0 0.38711 0 0.60395 
-0.6361 0 0.3873 0 0.6008 
-0.6358 0 0.38748 0 0.59764 
-0.63549 0 0.38766 0 0.59448 
-0.63519 0 0.38785 0 0.59131 
-0.63488 0 0.38803 0 0.58814 
-0.63457 0 0.38821 0 0.58496 
-0.63426 0 0.38839 0 0.58178 
-0.63396 0 0.38857 0 0.5786 
-0.63365 0 0.38874 0 0.57541 
-0.63334 0 0.38892 0 0.57222 
-0.63303 0 0.3891 0 0.56902 
-0.63272 0 0.38927 0 0.56582 
-0.63241 0 0.38945 0 0.56261 
-0.6321 0 0.38962 0 0.5594 
-0.63179 0 0.3898 0 0.55618 
-0.63147 0 0.38997 0 0.55296 
-0.63116 0 0.39014 0 0.54974 
-0.63085 0 0.39031 0 0.54651 
-0.63054 0 0.39048 0 0.54328 
-0.63022 0 0.39065 0 0.54004 
-0.62991 0 0.39082 0 0.5368 
-0.6296 0 0.39099 0 0.53355 
-0.62928 0 0.39116 0 0.5303 
-0.62897 0 0.39132 0 0.52705 
-0.62865 0 0.39149 0 0.52379 
-0.62833 0 0.39165 0 0.52052 
-0.62802 0 0.39182 0 0.51725 
-0.6277 0 0.39198 0 0.51398 
-0.62738 0 0.39214 0 0.51071 
-0.62707 0 0.39231 0 0.50742 
-0.62675 0 0.39247 0 0.50414 
-0.62643 0 0.39263 0 0.50085 
-0.62611 0 0.39279 0 0.49755 
-0.62579 0 0.39294 0 0.49426 
-0.62547 0 0.3931 0 0.49095 
-0.62515 0 0.39326 0 0.48765 
-0.62483 0 0.39341 0 0.48433 
-0.62451 0 0.39357 0 0.48102 
-0.62419 0 0.39372 0 0.4777 
-0.62387 0 0.39388 0 0.47437 
-0.62355 0 0.39403 0 0.47105 
-0.62322 0 0.39418 0 0.46771 
-0.6229 0 0.39433 0 0.46438 
-0.62258 0 0.39448 0 0.46103 
-0.62225 0 0.39463 0 0.45769 
-0.62193 0 0.39478 0 0.45434 
-0.6216 0 0.39492 0 0.45098 
-0.62128 0 0.39507 0 0.44763 
-0.62095 0 0.39522 0 0.44426 
-0.62063 0 0.39536 0 0.4409 
-0.6203 0 0.3955 0 0.43752 
-0.61997 0 0.39565 0 0.43415 
-0.61965 0 0.39579 0 0.43077 
-0.61932 0 0.39593 0 0.42739 
-0.61899 0 0.39607 0 0.424 
-0.61866 0 0.39621 0 0.42061 
-0.61833 0 0.39634 0 0.41721 
-0.61801 0 0.39648 0 0.41381 
-0.61768 0 0.39662 0 0.41041 
-0.61735 0 0.39675 0 0.407 
-0.61702 0 0.39688 0 0.40359 
-0.61669 0 0.39702 0 0.40017 
-0.61635 0 0.39715 0 0.39675 
-0.61602 0 0.39728 0 0.39333 
-0.61569 0 0.39741 0 0.3899 
-0.61536 0 0.39754 0 0.38646 
-0.61503 0 0.39767 0 0.38303 
-0.61469 0 0.39779 0 0.37959 
-0.61436 0 0.39792 0 0.37614 
-0.61403 0 0.39804 0 0.3727 
-0.61369 0 0.39817 0 0.36924 
-0.61336 0 0.39829 0 0.36579 
-0.61302 0 0.39841 0 0.36233 
-0.61269 0 0.39853 0 0.35886 
-0.61235 0 0.39865 0 0.3554 
-0.61202 0 0.39877 0 0.35193 
-0.61168 0 0.39889 0 0.34845 
-0.61134 0 0.39901 0 0.34497 
-0.61101 0 0.39912 0 0.34149 
-0.61067 0 0.39924 0 0.338 
-0.61033 0 0.39935 0 0.33451 
-0.60999 0 0.39946 0 0.33102 
-0.60965 0 0.39958 0 0.32752 
-0.60932 0 0.39969 0 0.32402 
-0.60898 0 0.3998 0 0.32052 
-0.60864 0 0.3999 0 0.31701 
-0.6083 0 0.40001 0 0.3135 
-0.60796 0 0.40012 0 0.30998 
-0.60762 0 0.40022 0 0.30646 
-0.60727 0 0.40033 0 0.30294 
-0.60693 0 0.40043 0 0.29942 
-0.60659 0 0.40053 0 0.29589 
-0.60625 0 0.40063 0 0.29236 
-0.60591 0 0.40073 0 0.28882 
-0.60557 0 0.40083 0 0.28528 
-0.60522 0 0.40093 0 0.28174 
-0.60488 0 0.40102 0 0.27819 
-0.60454 0 0.40112 0 0.27464 
-0.60419 0 0.40121 0 0.27109 
-0.60385 0 0.4013 0 0.26754 
-0.6035 0 0.40139 0 0.26398 
-0.60316 0 0.40148 0 0.26042 
-0.60281 0 0.40157 0 0.25685 
-0.60247 0 0.40166 0 0.25329 
-0.60212 0 0.40175 0 0.24971 
-0.60178 0 0.40183 0 0.24614 
-0.60143 0 0.40192 0 0.24256 
-0.60108 0 0.402 0 0.23898 
-0.60108 0 0.402 0 0.23898 
-0.66353 0 0.36693 0 0.88419 
-0.66327 0 0.36717 0 0.88143 
-0.663 0 0.3674 0 0.87867 
-0.66273 0 0.36764 0 0.8759 
-0.66246 0 0.36787 0 0.87313 
-0.66219 0 0.36811 0 0.87035 
-0.66192 0 0.36834 0 0.86757 
-0.66166 0 0.36857 0 0.86479 
-0.66139 0 0.36881 0 0.862 
-0.66112 0 0.36904 0 0.85921 
-0.66085 0 0.36927 0 0.85642 
-0.66057 0 0.3695 0 0.85362 
-0.6603 0 0.36973 0 0.85082 
-0.66003 0 0.36997 0 0.84801 
-0.65976 0 0.3702 0 0.8452 
-0.65949 0 0.37043 0 0.84239 
-0.65921 0 0.37065 0 0.83957 
-0.65894 0 0.37088 0 0.83675 
-0.65867 0 0.37111 0 0.83392 
-0.65839 0 0.37134 0 0.83109 
-0.65812 0 0.37157 0 0.82826 
-0.65784 0 0.37179 0 0.82542 
-0.65757 0 0.37202 0 0.82258 
-0.65729 0 0.37225 0 0.81974 
-0.65702 0 0.37247 0 0.81689 
-0.65674 0 0.3727 0 0.81403 
-0.65647 0 0.37292 0 0.81117 
-0.65619 0 0.37315 0 0.80831 
-0.65591 0 0.37337 0 0.80545 
-0.65563 0 0.37359 0 0.80258 
-0.65536 0 0.37382 0 0.79971 
-0.65508 0 0.37404 0 0.79683 
-0.6548 0 0.37426 0 0.79395 
-0.65452 0 0.37448 0 0.79106 
-0.65424 0 0.3747 0 0.78817 
-0.65396 0 0.37492 0 0.78528 
-0.65368 0 0.37514 0 0.78238 
-0.6534 0 0.37536 0 0.77948 
-0.65312 0 0.37558 0 0.77657 
-0.65284 0 0.3758 0 0.77366 
-0.65255 0 0.37602 0 0.77075 
-0.65227 0 0.37624 0 0.76783 
-0.65199 0 0.37645 0 0.76491 
-0.6517 0 0.37667 0 0.76198 
-0.65142 0 0.37688 0 0.75905 
-0.65114 0 0.3771 0 0.75611 
-0.65085 0 0.37731 0 0.75318 
-0.65057 0 0.37753 0 0.75023 
-0.65028 0 0.37774 0 0.74729 
-0.65 0 0.37795 0 0.74433 
-0.64971 0 0.37817 0 0.74138 
-0.64942 0 0.37838 0 0.73842 
-0.64914 0 0.37859 0 0.73545 
-0.64885 0 0.3788 0 0.73249 
-0.64856 0 0.37901 0 0.72951 
-0.64827 0 0.37922 0 0.72654 
-0.64799 0 0.37943 0 0.72356 
-0.6477 0 0.37964 0 0.72057 
-0.64741 0 0.37985 0 0.71758 
-0.64712 0 0.38005 0 0.71459 
-0.64683 0 0.38026 0 0.71159 
-0.64654 0 0.38047 0 0.70859 
-0.64625 0 0.38067 0 0.70558 
-0.64595 0 0.38088 0 0.70257 
-0.64566 0 0.38108 0 0.69956 
-0.64537 0 0.38129 0 0.69654 
-0.64508 0 0.38149 0 0.69351 
-0.64478 0 0.38169 0 0.69049 
-0.64449 0 0.3819 0 0.68746 
-0.6442 0 0.3821 0 0.68442 
-0.6439 0 0.3823 0 0.68138 
-0.64361 0 0.3825 0 0.67833 
-0.64331 0 0.3827 0 0.67528 
-0.64302 0 0.3829 0 0.67223 
-0.64272 0 0.3831 0 0.66917 
-0.64243 0 0.38329 0 0.66611 
-0.64213 0 0.38349 0 0.66304 
-0.64183 0 0.38369 0 0.65997 
-0.64153 0 0.38388 0 0.6569 
-0.64124 0 0.38408 0 0.65382 
-0.64094 0 0.38427 0 0.65074 
-0.64064 0 0.38447 0 0.64765 
-0.64034 0 0.38466 0 0.64455 
-0.64004 0 0.38485 0 0.64146 
-0.63974 0 0.38505 0 0.63836 
-0.63944 0 0.38524 0 0.63525 
-0.63914 0 0.38543 0 0.63214 
-0.63884 0 0.38562 0 0.62903 
-0.63853 0 0.38581 0 0.62591 
-0.63823 0 0.386 0 0.62278 
-0.63793 0 0.38618 0 0.61966 
-0.63763 0 0.38637 0 0.61652 
-0.63732 0 0.38656 0 0.61339 
-0.63702 0 0.38674 0 0.61025 
-0.63671 0 0.38693 0 0.6071 
-0.63641 0 0.38711 0 0.60395 
-0.6361 0 0.3873 0 0.6008 
-0.6358 0 0.38748 0 0.59764 
-0.63549 0 0.38766 0 0.59448 
-0.63519 0 0.38785 0 0.59131 
-0.63488 0 0.38803 0 0.58814 
-0.63457 0 0.38821 0 0.58496 
-0.63426 0 0.38839 0 0.58178 
-0.63396 0 0.38857 0 0.5786 
-0.63365 0 0.38874 0 0.57541 
-0.63334 0 0.38892 0 0.57222 
-0.63303 0 0.3891 0 0.56902 
-0.63272 0 0.38927 0 0.56582 
-0.63241 0 0.38945 0 0.56261 
-0.6321 0 0.38962 0 0.5594 
-0.63179 0 0.3898 0 0.55618 
-0.63147 0 0.38997 0 0.55296 
-0.63116 0 0.39014 0 0.54974 
-0.63085 0 0.39031 0 0.54651 
-0.63054 0 0.39048 0 0.54328 
-0.63022 0 0.39065 0 0.54004 
-0.62991 0 0.39082 0 0.5368 
-0.6296 0 0.39099 0 0.53355 
-0.62928 0 0.39116 0 0.5303 
-0.62897 0 0.39132 0 0.52705 
-0.62865 0 0.39149 0 0.52379 
-0.62833 0 0.39165 0 0.52052 
-0.62802 0 0.39182 0 0.51725 
-0.6277 0 0.39198 0 0.51398 
-0.62738 0 0.39214 0 0.51071 
-0.62707 0 0.39231 0 0.50742 
-0.62675 0 0.39247 0 0.50414 
-0.62643 0 0.39263 0 0.50085 
-0.62611 0 0.39279 0 0.49755 
-0.62579 0 0.39294 0 0.49426 
-0.62547 0 0.3931 0 0.49095 
-0.62515 0 0.39326 0 0.48765 
-0.62483 0 0.39341 0 0.48433 
-0.62451 0 0.39357 0 0.48102 
-0.62419 0 0.39372 0 0.4777 
-0.62387 0 0.39388 0 0.47437 
-0.62355 0 0.39403 0 0.47105 
-0.62322 0 0.39418 0 0.46771 
-0.6229 0 0.39433 0 0.46438 
-0.62258 0 0.39448 0 0.46103 
-0.62225 0 0.39463 0 0.45769 
-0.62193 0 0.39478 0 0.45434 
-0.6216 0 0.39492 0 0.45098 
-0.62128 0 0.39507 0 0.44763 
-0.62095 0 0.39522 0 0.44426 
-0.62063 0 0.39536 0 0.4409 
-0.6203 0 0.3955 0 0.43752 
-0.61997 0 0.39565 0 0.43415 
-0.61965 0 0.39579 0 0.43077 
-0.61932 0 0.39593 0 0.42739 
-0.61899 0 0.39607 0 0.424 
-0.61866 0 0.39621 0 0.42061 
-0.61833 0 0.39634 0 0.41721 
-0.61801 0 0.39648 0 0.41381 
-0.61768 0 0.39662 0 0.41041 
-0.61735 0 0.39675 0 0.407 
-0.61702 0 0.39688 0 0.40359 
-0.61669 0 0.39702 0 0.40017 
-0.61635 0 0.39715 0 0.39675 
-0.61602 0 0.39728 0 0.39333 
-0.61569 0 0.39741 0 0.3899 
-0.61536 0 0.39754 0 0.38646 
-0.61503 0 0.39767 0 0.38303 
-0.61469 0 0.39779 0 0.37959 
-0.61436 0 0.39792 0 0.37614 
-0.61403 0 0.39804 0 0.3727 
-0.61369 0 0.39817 0 0.36924 
-0.61336 0 0.39829 0 0.36579 
-0.61302 0 0.39841 0 0.36233 
-0.61269 0 0.39853 0 0.35886 
-0.61235 0 0.39865 0 0.3554 
-0.61202 0 0.39877 0 0.35193 
-0.61168 0 0.39889 0 0.34845 
-0.61134 0 0.39901 0 0.34497 
-0.61101 0 0.39912 0 0.34149 
-0.61067 0 0.39924 0 0.338 
-0.61033 0 0.39935 0 0.33451 
-0.60999 0 0.39946 0 0.33102 
-0.60965 0 0.39958 0 0.32752 
-0.60932 0 0.39969 0 0.32402 
-0.60898 0 0.3998 0 0.32052 
-0.60864 0 0.3999 0 0.31701 
-0.6083 0 0.40001 0 0.3135 
-0.60796 0 0.40012 0 0.30998 
-0.60762 0 0.40022 0 0.30646 
-0.60727 0 0.40033 0 0.30294 
-0.60693 0 0.40043 0 0.29942 
-0.60659 0 0.40053 0 0.29589 
-0.60625 0 0.40063 0 0.29236 
-0.60591 0 0.40073 0 0.28882 
-0.60557 0 0.40083 0 0.28528 
-0.60522 0 0.40093 0 0.28174 
-0.60488 0 0.40102 0 0.27819 
-0.60454 0 0.40112 0 0.27464 
-0.60419 0 0.40121 0 0.27109 
-0.60385 0 0.4013 0 0.26754 
-0.6035 0 0.40139 0 0.26398 
-0.60316 0 0.40148 0 0.26042 
-0.60281 0 0.40157 0 0.25685 
-0.60247 0 0.40166 0 0.25329 
-0.60212 0 0.40175 0 0.24971 
-0.60178 0 0.40183 0 0.24614 
-0.60143 0 0.40192 0 0.24256 
-0.60108 0 0.402 0 0.23898 
-0.60074 0 0.40209 0 0.2354 
-0.60039 0 0.40217 0 0.23182 
-0.60004 0 0.40225 0 0.22823 
-0.5997 0 0.40232 0 0.22464 
-0.59935 0 0.4024 0 0.22104 
-0.599 0 0.40248 0 0.21745 
-0.59865 0 0.40255 0 0.21385 
-0.5983 0 0.40263 0 0.21025 
-0.59795 0 0.4027 0 0.20664 
-0.5976 0 0.40277 0 0.20304 
-0.59726 0 0.40284 0 0.19943 
-0.59691 0 0.40291 0 0.19581 
-0.59656 0 0.40298 0 0.1922 
-0.59621 0 0.40305 0 0.18858 
-0.59586 0 0.40311 0 0.18496 
-0.59551 0 0.40318 0 0.18134 
-0.59515 0 0.40324 0 0.17772 
-0.5948 0 0.4033 0 0.17409 
-0.59445 0 0.40336 0 0.17046 
-0.5941 0 0.40342 0 0.16683 
-0.59375 0 0.40348 0 0.1632 
-0.5934 0 0.40353 0 0.15956 
-0.59305 0 0.40359 0 0.15593 
-0.59269 0 0.40364 0 0.15229 
-0.59234 0 0.4037 0 0.14865 
-0.59199 0 0.40375 0 0.145 
-0.59164 0 0.4038 0 0.14136 
-0.59128 0 0.40385 0 0.13771 
-0.59093 0 0.4039 0 0.13407 
-0.59058 0 0.40394 0 0.13042 
-0.59022 0 0.40399 0 0.12676 
-0.58987 0 0.40403 0 0.12311 
-0.58952 0 0.40408 0 0.11945 
-0.58916 0 0.40412 0 0.1158 
-0.58881 0 0.40416 0 0.11214 
-0.58845 0 0.4042 0 0.10848 
-0.5881 0 0.40424 0 0.10482 
-0.58774 0 0.40427 0 0.10116 
-0.58739 0 0.40431 0 0.097493 
-0.58703 0 0.40434 0 0.093828 
-0.58668 0 0.40437 0 0.090161 
-0.58633 0 0.4044 0 0.086494 
-0.58597 0 0.40443 0 0.082825 
-0.58561 0 0.40446 0 0.079155 
-0.58526 0 0.40449 0 0.075484 
-0.5849 0 0.40452 0 0.071812 
-0.58455 0 0.40454 0 0.068139 
-0.58419 0 0.40457 0 0.064465 
-0.58384 0 0.40459 0 0.060791 
-0.58348 0 0.40461 0 0.057115 
-0.58313 0 0.40463 0 0.053439 
-0.58277 0 0.40465 0 0.049762 
-0.58241 0 0.40466 0 0.046084 
-0.58206 0 0.40468 0 0.042406 
-0.5817 0 0.40469 0 0.038727 
-0.58135 0 0.40471 0 0.035048 
-0.58099 0 0.40472 0 0.031368 
-0.58063 0 0.40473 0 0.027688 
-0.58028 0 0.40474 0 0.024007 
-0.57992 0 0.40475 0 0.020326 
-0.57956 0 0.40475 0 0.016645 
-0.57921 0 0.40476 0 0.012963 
-0.57885 0 0.40476 0 0.0092817 
-0.5785 0 0.40477 0 0.0055999 
-0.57814 0 0.40477 0 0.0019181 
-0.57778 0 0.40477 0 -0.0017638 
-0.57743 0 0.40477 0 -0.0054457 
-0.57707 0 0.40476 0 -0.0091274 
-0.57671 0 0.40476 0 -0.012809 
-0.57636 0 0.40475 0 -0.016491 
-0.576 0 0.40475 0 -0.020172 
-0.57564 0 0.40474 0 -0.023853 
-0.57529 0 0.40473 0 -0.027534 
-0.57493 0 0.40472 0 -0.031214 
-0.57458 0 0.40471 0 -0.034894 
-0.57422 0 0.40469 0 -0.038573 
-0.57386 0 0.40468 0 -0.042252 
-0.57351 0 0.40466 0 -0.04593 
-0.57315 0 0.40465 0 -0.049608 
-0.5728 0 0.40463 0 -0.053285 
-0.57244 0 0.40461 0 -0.056961 
-0.57208 0 0.40459 0 -0.060637 
-0.57173 0 0.40457 0 -0.064312 
-0.57137 0 0.40454 0 -0.067985 
-0.57102 0 0.40452 0 -0.071658 
-0.57066 0 0.40449 0 -0.07533 
-0.57031 0 0.40446 0 -0.079001 
-0.56995 0 0.40444 0 -0.082671 
-0.5696 0 0.40441 0 -0.08634 
-0.56924 0 0.40437 0 -0.090008 
-0.56889 0 0.40434 0 -0.093674 
-0.56853 0 0.40431 0 -0.097339 
-0.56818 0 0.40427 0 -0.101 
-0.56782 0 0.40424 0 -0.10467 
-0.56747 0 0.4042 0 -0.10833 
-0.56711 0 0.40416 0 -0.11199 
-0.56676 0 0.40412 0 -0.11564 
-0.56641 0 0.40408 0 -0.1193 
-0.56605 0 0.40404 0 -0.12296 
-0.5657 0 0.40399 0 -0.12661 
-0.56535 0 0.40395 0 -0.13026 
-0.56499 0 0.4039 0 -0.13391 
-0.56464 0 0.40385 0 -0.13756 
-0.56429 0 0.4038 0 -0.14121 
-0.56393 0 0.40375 0 -0.14485 
-0.56358 0 0.4037 0 -0.1485 
-0.56323 0 0.40365 0 -0.15214 
-0.56288 0 0.40359 0 -0.15578 
-0.56252 0 0.40354 0 -0.15941 
-0.56217 0 0.40348 0 -0.16305 
-0.56182 0 0.40342 0 -0.16668 
-0.56147 0 0.40336 0 -0.17031 
-0.56112 0 0.4033 0 -0.17394 
-0.56077 0 0.40324 0 -0.17757 
-0.56042 0 0.40318 0 -0.18119 
-0.56007 0 0.40311 0 -0.18481 
-0.55972 0 0.40305 0 -0.18843 
-0.55937 0 0.40298 0 -0.19205 
-0.55902 0 0.40291 0 -0.19566 
-0.55867 0 0.40285 0 -0.19927 
-0.55832 0 0.40277 0 -0.20288 
-0.55797 0 0.4027 0 -0.20649 
-0.55762 0 0.40263 0 -0.2101 
-0.55727 0 0.40256 0 -0.2137 
-0.55692 0 0.40248 0 -0.2173 
-0.55657 0 0.40241 0 -0.22089 
-0.55623 0 0.40233 0 -0.22449 
-0.55588 0 0.40225 0 -0.22808 
-0.55553 0 0.40217 0 -0.23167 
-0.55518 0 0.40209 0 -0.23525 
-0.55484 0 0.40201 0 -0.23883 
-0.55449 0 0.40192 0 -0.24241 
-0.55414 0 0.40184 0 -0.24599 
-0.5538 0 0.40175 0 -0.24956 
-0.55345 0 0.40167 0 -0.25314 
-0.55311 0 0.40158 0 -0.2567 
-0.55276 0 0.40149 0 -0.26027 
-0.55242 0 0.4014 0 -0.26383 
-0.55207 0 0.40131 0 -0.26739 
-0.55173 0 0.40121 0 -0.27094 
-0.55139 0 0.40112 0 -0.2745 
-0.55104 0 0.40103 0 -0.27804 
-0.5507 0 0.40093 0 -0.28159 
-0.55036 0 0.40083 0 -0.28513 
-0.55001 0 0.40073 0 -0.28867 
-0.54967 0 0.40063 0 -0.29221 
-0.54933 0 0.40053 0 -0.29574 
-0.54899 0 0.40043 0 -0.29927 
-0.54865 0 0.40033 0 -0.30279 
-0.54831 0 0.40023 0 -0.30632 
-0.54796 0 0.40012 0 -0.30984 
-0.54762 0 0.40002 0 -0.31335 
-0.54728 0 0.39991 0 -0.31686 
-0.54695 0 0.3998 0 -0.32037 
-0.54661 0 0.39969 0 -0.32388 
-0.54627 0 0.39958 0 -0.32738 
-0.54593 0 0.39947 0 -0.33087 
-0.54559 0 0.39936 0 -0.33437 
-0.54525 0 0.39924 0 -0.33786 
-0.54492 0 0.39913 0 -0.34134 
-0.54458 0 0.39901 0 -0.34483 
-0.54424 0 0.3989 0 -0.34831 
-0.54391 0 0.39878 0 -0.35178 
-0.54357 0 0.39866 0 -0.35525 
-0.54323 0 0.39854 0 -0.35872 
-0.5429 0 0.39842 0 -0.36218 
-0.54256 0 0.3983 0 -0.36564 
-0.54223 0 0.39817 0 -0.3691 
-0.54189 0 0.39805 0 -0.37255 
-0.54156 0 0.39793 0 -0.376 
-0.54123 0 0.3978 0 -0.37944 
-0.54089 0 0.39767 0 -0.38288 
-0.54056 0 0.39754 0 -0.38632 
-0.54023 0 0.39742 0 -0.38975 
-0.5399 0 0.39729 0 -0.39318 
-0.53957 0 0.39715 0 -0.39661 
-0.53924 0 0.39702 0 -0.40003 
-0.5389 0 0.39689 0 -0.40344 
-0.53857 0 0.39676 0 -0.40686 
-0.53824 0 0.39662 0 -0.41026 
-0.53792 0 0.39649 0 -0.41367 
-0.53759 0 0.39635 0 -0.41707 
-0.53726 0 0.39621 0 -0.42046 
-0.53693 0 0.39607 0 -0.42386 
-0.5366 0 0.39593 0 -0.42724 
-0.53627 0 0.39579 0 -0.43063 
-0.53595 0 0.39565 0 -0.43401 
-0.53562 0 0.39551 0 -0.43738 
-0.53529 0 0.39537 0 -0.44075 
-0.53497 0 0.39522 0 -0.44412 
-0.53464 0 0.39508 0 -0.44748 
-0.53432 0 0.39493 0 -0.45084 
-0.53399 0 0.39478 0 -0.4542 
-0.53367 0 0.39464 0 -0.45755 
-0.53334 0 0.39449 0 -0.46089 
-0.53302 0 0.39434 0 -0.46424 
-0.5327 0 0.39419 0 -0.46757 
-0.53238 0 0.39404 0 -0.47091 
-0.53205 0 0.39388 0 -0.47423 
-0.53173 0 0.39373 0 -0.47756 
-0.53141 0 0.39358 0 -0.48088 
-0.53109 0 0.39342 0 -0.4842 
-0.53077 0 0.39327 0 -0.48751 
-0.53045 0 0.39311 0 -0.49081 
-0.53013 0 0.39295 0 -0.49412 
-0.52981 0 0.39279 0 -0.49742 
-0.52949 0 0.39263 0 -0.50071 
-0.52917 0 0.39247 0 -0.504 
-0.52885 0 0.39231 0 -0.50729 
-0.52854 0 0.39215 0 -0.51057 
-0.52822 0 0.39199 0 -0.51385 
-0.5279 0 0.39183 0 -0.51712 
-0.52759 0 0.39166 0 -0.52039 
-0.52727 0 0.3915 0 -0.52365 
-0.52695 0 0.39133 0 -0.52691 
-0.52664 0 0.39116 0 -0.53016 
-0.52632 0 0.391 0 -0.53342 
-0.52601 0 0.39083 0 -0.53666 
-0.5257 0 0.39066 0 -0.5399 
-0.52538 0 0.39049 0 -0.54314 
-0.52507 0 0.39032 0 -0.54637 
-0.52476 0 0.39015 0 -0.5496 
-0.52445 0 0.38998 0 -0.55283 
-0.52413 0 0.3898 0 -0.55605 
-0.52382 0 0.38963 0 -0.55926 
-0.52351 0 0.38946 0 -0.56248 
-0.5232 0 0.38928 0 -0.56568 
-0.52289 0 0.38911 0 -0.56888 
-0.52258 0 0.38893 0 -0.57208 
-0.52227 0 0.38875 0 -0.57528 
-0.52196 0 0.38857 0 -0.57847 
-0.52166 0 0.38839 0 -0.58165 
-0.52135 0 0.38821 0 -0.58483 
-0.52104 0 0.38803 0 -0.58801 
-0.52073 0 0.38785 0 -0.59118 
-0.52043 0 0.38767 0 -0.59435 
-0.52012 0 0.38749 0 -0.59751 
-0.51982 0 0.38731 0 -0.60067 
-0.51951 0 0.38712 0 -0.60382 
-0.51921 0 0.38694 0 -0.60697 
-0.5189 0 0.38675 0 -0.61012 
-0.5186 0 0.38657 0 -0.61326 
-0.51829 0 0.38638 0 -0.61639 
-0.51799 0 0.38619 0 -0.61953 
-0.51769 0 0.386 0 -0.62265 
-0.51739 0 0.38582 0 -0.62578 
-0.51708 0 0.38563 0 -0.6289 
-0.51678 0 0.38544 0 -0.63201 
-0.51648 0 0.38525 0 -0.63512 
-0.51618 0 0.38505 0 -0.63823 
-0.51588 0 0.38486 0 -0.64133 
-0.51558 0 0.38467 0 -0.64442 
-0.51558 0 0.38467 0 -0.64442 
