1.45069e+07 -963018 8.73404e+06 -137459 -1.99913e+06 43612 
1.46562e+07 -959332 8.74412e+06 -139323 -1.9952e+06 41054 
1.46562e+07 -959332 8.74412e+06 -139323 -1.9952e+06 41054 
1.34266e+07 -358242 8.74835e+06 -113926 -2.00703e+06 57253 
1.42478e+07 -1.04178e+06 8.61578e+06 -153215 -1.96239e+06 -3522 
1.44907e+07 -1.15042e+06 8.62315e+06 -140198 -1.99552e+06 30179 
1.44907e+07 -1.15042e+06 8.62315e+06 -140198 -1.99552e+06 30179 
1.38952e+07 -944119 8.93715e+06 -146746 -1.98132e+06 15338 
1.46345e+07 -867327 8.34072e+06 -147599 -1.97023e+06 1565 
1.46345e+07 -867327 8.34072e+06 -147599 -1.97023e+06 1565 
1.44051e+07 -1.00506e+06 8.84236e+06 -148731 -1.98442e+06 6352 
1.37521e+07 -832673 8.71557e+06 -157432 -1.98006e+06 30746 
1.43201e+07 -1.00194e+06 8.43753e+06 -145653 -1.97583e+06 -3235 
1.44795e+07 -1.04959e+06 8.39446e+06 -150412 -2.00595e+06 35745 
1.36517e+07 -889223 8.57687e+06 -144732 -1.96688e+06 -12805 
1.43621e+07 -942260 8.45302e+06 -148789 -2.00255e+06 40868 
1.43325e+07 -1.03468e+06 8.46228e+06 -150819 -1.96171e+06 -23760 
1.4708e+07 -972053 8.6454e+06 -152396 -2.00793e+06 38460 
1.40379e+07 -885412 8.40863e+06 -158155 -1.94532e+06 -20575 
1.4658e+07 -1.01602e+06 8.33573e+06 -158447 -2.01503e+06 51112 
1.46361e+07 -1.01349e+06 8.36541e+06 -155656 -1.96994e+06 -29055 
1.43446e+07 -1.03281e+06 8.41301e+06 -156540 -2.02312e+06 57800 
1.42329e+07 -1.11375e+06 8.28158e+06 -164355 -1.95494e+06 -25928 
1.4418e+07 -948278 8.50269e+06 -154697 -2.00465e+06 41033 
1.42206e+07 -1.1093e+06 8.20161e+06 -162786 -1.96653e+06 -13797 
1.48522e+07 -1.0602e+06 8.51012e+06 -154997 -1.99253e+06 28913 
1.40403e+07 -843619 8.31833e+06 -161648 -1.95871e+06 -3351 
1.48329e+07 -846562 8.16982e+06 -154163 -1.97642e+06 16666 
1.48329e+07 -846562 8.16982e+06 -154163 -1.97642e+06 16666 
1.43463e+07 -978755 8.4766e+06 -149310 -1.96486e+06 14931 
1.44123e+07 -1.01887e+06 8.20886e+06 -166364 -1.96216e+06 19480 
1.46747e+07 -1.06454e+06 8.26764e+06 -157318 -1.95206e+06 -2564 
1.43927e+07 -1.06098e+06 8.1915e+06 -164710 -1.97203e+06 21320 
1.44578e+07 -1.11169e+06 8.28648e+06 -161566 -1.94126e+06 -12345 
1.47568e+07 -1.16347e+06 8.27783e+06 -159343 -1.97322e+06 39423 
1.43563e+07 -1.09743e+06 8.19593e+06 -155425 -1.93116e+06 -19981 
1.48144e+07 -1.04644e+06 8.23082e+06 -155369 -1.9918e+06 54226 
1.42902e+07 -1.18151e+06 8.28001e+06 -160166 -1.92815e+06 -21454 
1.47516e+07 -1.16014e+06 8.25778e+06 -154539 -1.97708e+06 59612 
1.44038e+07 -1.15013e+06 8.14988e+06 -150430 -1.94191e+06 -23910 
1.46837e+07 -1.01288e+06 8.35777e+06 -142409 -1.97443e+06 44618 
1.42766e+07 -1.1589e+06 8.16605e+06 -141650 -1.92538e+06 -23713 
1.47577e+07 -1.15826e+06 8.24964e+06 -133948 -1.97455e+06 34806 
1.42851e+07 -1.24753e+06 8.30915e+06 -137484 -1.9351e+06 -8948 
1.47013e+07 -1.41041e+06 8.40833e+06 -119400 -1.96378e+06 32347 
1.43204e+07 -1.29588e+06 8.15875e+06 -119861 -1.94809e+06 5838 
1.45532e+07 -1.48172e+06 8.28958e+06 -105481 -1.96292e+06 13544 
1.4407e+07 -1.4448e+06 8.31705e+06 -97574 -1.95803e+06 6617 
1.43098e+07 -1.49714e+06 8.28277e+06 -82518 -1.9465e+06 -3601 
1.44893e+07 -1.4981e+06 8.35134e+06 -90826 -1.97096e+06 28782 
1.44548e+07 -1.53586e+06 8.30364e+06 -72019 -1.95573e+06 -336 
1.46221e+07 -1.62662e+06 8.33332e+06 -70011 -1.97151e+06 39993 
1.43738e+07 -1.71036e+06 8.36096e+06 -69032 -1.94595e+06 -17117 
1.47613e+07 -1.67204e+06 8.46222e+06 -69921 -1.98508e+06 42135 
1.42422e+07 -1.62758e+06 8.388e+06 -57308 -1.92693e+06 -19942 
1.46569e+07 -1.52559e+06 8.43479e+06 -67100 -1.97872e+06 42473 
1.43088e+07 -1.71005e+06 8.38939e+06 -70074 -1.94523e+06 -16363 
1.43884e+07 -1.72626e+06 8.44519e+06 -67654 -1.95943e+06 10471 
1.42941e+07 -1.5014e+06 8.3857e+06 -75459 -1.94651e+06 -20246 
1.46543e+07 -1.64747e+06 8.41464e+06 -80698 -1.97531e+06 40188 
1.44885e+07 -1.46327e+06 8.37643e+06 -92906 -1.9436e+06 -8338 
1.47399e+07 -1.45138e+06 8.29375e+06 -98128 -1.97206e+06 36498 
1.44425e+07 -1.36641e+06 8.24002e+06 -99865 -1.94884e+06 46 
1.473e+07 -1.48068e+06 8.30473e+06 -89634 -1.95958e+06 30478 
1.44989e+07 -1.2603e+06 8.03616e+06 -132630 -1.93458e+06 5130 
1.45775e+07 -1.24324e+06 8.29933e+06 -137520 -1.94864e+06 10281 
1.45318e+07 -1.10748e+06 8.20463e+06 -147837 -1.93968e+06 21433 
1.45361e+07 -1.22928e+06 8.3022e+06 -141669 -1.93959e+06 2366 
1.46744e+07 -1.1043e+06 8.17014e+06 -142526 -1.95707e+06 34731 
1.43699e+07 -1.19092e+06 8.14717e+06 -138692 -1.92987e+06 -5229 
1.4664e+07 -1.11243e+06 8.28896e+06 -128319 -1.9663e+06 44775 
1.43138e+07 -1.25804e+06 8.09961e+06 -140988 -1.91829e+06 -18185 
1.47144e+07 -1.13657e+06 8.04307e+06 -137761 -1.96628e+06 56146 
1.44256e+07 -1.15336e+06 8.13929e+06 -141274 -1.92606e+06 -16057 
1.47766e+07 -1.25874e+06 8.0439e+06 -146986 -1.97206e+06 51257 
1.43901e+07 -1.14197e+06 8.10469e+06 -137350 -1.93263e+06 -16354 
1.45275e+07 -1.16647e+06 8.10429e+06 -142265 -1.94974e+06 26240 
1.47698e+07 -1.00261e+06 8.14468e+06 -136352 -1.97135e+06 37572 
1.47698e+07 -1.00261e+06 8.14468e+06 -136352 -1.97135e+06 37572 
1.43651e+07 -1.16074e+06 8.1819e+06 -156023 -1.91934e+06 -16610 
1.48349e+07 -1.19421e+06 8.07806e+06 -149088 -1.97687e+06 35215 
1.45757e+07 -1.22463e+06 8.01991e+06 -158607 -1.95293e+06 5584 
1.45353e+07 -1.10013e+06 8.14833e+06 -137817 -1.96121e+06 30014 
1.43286e+07 -1.01797e+06 7.96072e+06 -158198 -1.95716e+06 10628 
1.41029e+07 -1.13851e+06 8.22095e+06 -145420 -1.94163e+06 14477 
1.43544e+07 -1.0835e+06 7.96214e+06 -157981 -1.97214e+06 24326 
1.42813e+07 -1.0389e+06 7.99991e+06 -142886 -1.93801e+06 -2936 
1.43437e+07 -1.03714e+06 8.15928e+06 -149596 -1.96233e+06 31497 
1.42312e+07 -1.12397e+06 8.08305e+06 -143817 -1.93578e+06 -4657 
1.47313e+07 -1.2372e+06 8.0103e+06 -166192 -1.97526e+06 40791 
1.46713e+07 -1.07084e+06 8.03028e+06 -154859 -1.99269e+06 55049 
1.46713e+07 -1.07084e+06 8.03028e+06 -154859 -1.99269e+06 55049 
1.4192e+07 -1.17766e+06 7.90979e+06 -150854 -1.93688e+06 -22520 
1.41533e+07 -969237 8.03095e+06 -138633 -1.96456e+06 45202 
1.43418e+07 -1.1325e+06 8.03809e+06 -152187 -1.92769e+06 -22771 
1.48267e+07 -1.15535e+06 8.02063e+06 -144489 -1.97617e+06 40742 
1.42766e+07 -1.08957e+06 8.00119e+06 -153782 -1.93679e+06 -11925 
1.47171e+07 -1.07731e+06 8.14546e+06 -158815 -1.98569e+06 35096 
1.41892e+07 -1.15053e+06 7.92593e+06 -146859 -1.9497e+06 507 
1.45572e+07 -1.13982e+06 8.16002e+06 -148830 -1.97463e+06 28077 
1.44478e+07 -1.12155e+06 7.93235e+06 -149735 -1.95727e+06 4073 
1.4472e+07 -1.06074e+06 8.26406e+06 -135542 -1.95825e+06 6107 
1.41575e+07 -1.04892e+06 7.9917e+06 -142845 -1.93197e+06 -21457 
1.44231e+07 -1.12116e+06 8.02711e+06 -151723 -1.95246e+06 1168 
1.44577e+07 -1.08278e+06 8.23631e+06 -158537 -1.97029e+06 31094 
1.44406e+07 -1.09863e+06 8.00386e+06 -145939 -1.95761e+06 -5099 
1.4597e+07 -1.03949e+06 8.16816e+06 -158372 -1.99213e+06 47975 
1.41921e+07 -1.10599e+06 8.07973e+06 -146175 -1.95199e+06 -12628 
1.43286e+07 -1.02021e+06 8.0623e+06 -138523 -1.9661e+06 44945 
1.39648e+07 -1.13192e+06 8.08786e+06 -138257 -1.92692e+06 -25516 
1.44971e+07 -1.00665e+06 8.09012e+06 -133660 -1.97388e+06 40246 
1.46808e+07 -1.07338e+06 8.19122e+06 -154683 -1.98965e+06 48242 
1.46808e+07 -1.07338e+06 8.19122e+06 -154683 -1.98965e+06 48242 
1.41932e+07 -1.0739e+06 8.05286e+06 -141457 -1.93915e+06 -9875 
1.44865e+07 -1.13386e+06 8.08212e+06 -139913 -1.97216e+06 27612 
1.42601e+07 -1.14436e+06 8.00556e+06 -139024 -1.94223e+06 -4888 
1.43277e+07 -1.12811e+06 8.07251e+06 -131150 -1.96136e+06 22978 
1.43956e+07 -1.11326e+06 8.1258e+06 -143064 -1.95662e+06 8606 
1.44148e+07 -1.17573e+06 8.14219e+06 -137951 -1.95472e+06 11534 
1.44415e+07 -1.08648e+06 8.16728e+06 -140642 -1.96357e+06 22219 
1.4454e+07 -1.20543e+06 8.17468e+06 -134459 -1.94645e+06 6612 
1.46533e+07 -1.19429e+06 8.03085e+06 -134693 -1.9736e+06 29894 
1.42773e+07 -1.2614e+06 8.10703e+06 -125223 -1.93871e+06 -9418 
1.45835e+07 -1.08549e+06 8.16496e+06 -142530 -1.97305e+06 41606 
1.41156e+07 -1.04171e+06 7.91781e+06 -133928 -1.92748e+06 -19575 
1.45865e+07 -1.19994e+06 8.20435e+06 -134206 -1.97365e+06 35434 
1.42166e+07 -1.12842e+06 8.04492e+06 -147018 -1.92811e+06 -21047 
1.42741e+07 -1.0547e+06 8.02279e+06 -145775 -1.94793e+06 -4607 
1.45385e+07 -951866 8.0462e+06 -149425 -1.98526e+06 47275 
1.43513e+07 -1.19941e+06 8.05799e+06 -141849 -1.95266e+06 -12525 
1.42687e+07 -1.16878e+06 8.12697e+06 -149185 -1.94437e+06 -9771 
1.42687e+07 -1.16878e+06 8.12697e+06 -149185 -1.94437e+06 -9771 
1.43693e+07 -1.3353e+06 8.05651e+06 -137921 -1.9342e+06 -6354 
1.4379e+07 -1.01658e+06 8.1058e+06 -128329 -1.95058e+06 13188 
1.4379e+07 -1.01658e+06 8.1058e+06 -128329 -1.95058e+06 13188 
1.43994e+07 -1.12886e+06 8.02583e+06 -150081 -1.97019e+06 24839 
1.43026e+07 -1.07335e+06 8.21067e+06 -140367 -1.94355e+06 -4140 
1.43026e+07 -1.07335e+06 8.21067e+06 -140367 -1.94355e+06 -4140 
1.43164e+07 -1.12463e+06 8.02856e+06 -138646 -1.94861e+06 429 
1.47602e+07 -1.34482e+06 8.1171e+06 -144173 -1.98099e+06 37534 
1.41108e+07 -1.0196e+06 8.10958e+06 -134633 -1.93576e+06 -24741 
1.45738e+07 -1.05383e+06 8.09358e+06 -141531 -1.97959e+06 39980 
1.43993e+07 -1.23157e+06 8.05708e+06 -129816 -1.93177e+06 -16001 
1.45168e+07 -1.07618e+06 8.21783e+06 -120131 -1.97495e+06 51159 
1.43803e+07 -1.07374e+06 8.23648e+06 -123935 -1.97297e+06 49116 
1.43803e+07 -1.07374e+06 8.23648e+06 -123935 -1.97297e+06 49116 
1.4341e+07 -1.24077e+06 7.94279e+06 -134778 -1.9219e+06 -20152 
1.45514e+07 -1.04424e+06 8.13393e+06 -150001 -1.97139e+06 39410 
1.42613e+07 -1.17319e+06 8.14777e+06 -133754 -1.92965e+06 -14232 
1.46175e+07 -1.21496e+06 8.09632e+06 -133553 -1.95737e+06 26698 
1.42507e+07 -957631 7.95575e+06 -144671 -1.94817e+06 2973 
1.4437e+07 -1.24483e+06 8.25658e+06 -129289 -1.9665e+06 24860 
1.43854e+07 -1.12918e+06 8.14514e+06 -134138 -1.9487e+06 16631 
1.43969e+07 -1.24772e+06 8.05462e+06 -128688 -1.94683e+06 11372 
1.44219e+07 -1.18062e+06 7.98768e+06 -145573 -1.96489e+06 31038 
1.42707e+07 -1.01472e+06 8.05779e+06 -119173 -1.939e+06 -8421 
1.45684e+07 -995519 8.13164e+06 -127649 -1.96908e+06 35322 
1.4428e+07 -1.39065e+06 8.076e+06 -131124 -1.9207e+06 -15661 
1.44997e+07 -1.07186e+06 8.17912e+06 -128617 -1.97077e+06 49794 
1.42794e+07 -1.17489e+06 8.12942e+06 -129874 -1.9234e+06 -15257 
1.43193e+07 -1.04978e+06 7.9947e+06 -120179 -1.95193e+06 26979 
1.44639e+07 -1.11276e+06 7.93608e+06 -132276 -1.93155e+06 -19579 
1.4828e+07 -1.11594e+06 8.2435e+06 -137786 -1.97329e+06 41609 
1.41497e+07 -1.17897e+06 7.99606e+06 -149914 -1.92869e+06 -16241 
1.44014e+07 -1.07173e+06 8.11356e+06 -138914 -1.95971e+06 30720 
1.44726e+07 -1.19084e+06 8.11617e+06 -137997 -1.93319e+06 -3887 
1.44224e+07 -1.13411e+06 8.12523e+06 -125448 -1.95074e+06 27223 
1.43889e+07 -1.12957e+06 8.04851e+06 -139839 -1.94326e+06 6486 
1.45076e+07 -1.21286e+06 8.03162e+06 -120781 -1.93747e+06 14681 
1.43751e+07 -1.06686e+06 8.14486e+06 -129028 -1.95176e+06 23831 
1.44618e+07 -1.26479e+06 8.04074e+06 -127113 -1.93777e+06 3780 
1.44587e+07 -1.06236e+06 8.14793e+06 -137082 -1.94879e+06 28908 
1.43103e+07 -1.19023e+06 8.05162e+06 -120000 -1.91732e+06 -10948 
1.44902e+07 -1.11244e+06 8.12534e+06 -130886 -1.94851e+06 32502 
1.4431e+07 -1.13372e+06 8.13282e+06 -132652 -1.92863e+06 -6023 
1.42256e+07 -1.16798e+06 8.06978e+06 -136977 -1.92152e+06 -15217 
1.42256e+07 -1.16798e+06 8.06978e+06 -136977 -1.92152e+06 -15217 
1.44691e+07 -1.03634e+06 8.14852e+06 -132703 -1.95994e+06 40422 
1.43099e+07 -1.16813e+06 7.93664e+06 -128245 -1.92097e+06 -14374 
1.44492e+07 -1.13276e+06 8.23677e+06 -120441 -1.9489e+06 38336 
1.42339e+07 -1.1433e+06 8.02819e+06 -128186 -1.90824e+06 -11909 
1.45033e+07 -1.11287e+06 8.12472e+06 -116985 -1.94634e+06 36066 
1.43838e+07 -1.14033e+06 8.10217e+06 -122026 -1.91842e+06 -4046 
1.45361e+07 -1.21964e+06 8.09477e+06 -111665 -1.94473e+06 29451 
1.44434e+07 -1.25263e+06 8.04592e+06 -115888 -1.92282e+06 6225 
1.45014e+07 -1.2864e+06 8.14421e+06 -103910 -1.92753e+06 21429 
1.44149e+07 -1.30661e+06 8.11229e+06 -105417 -1.91191e+06 12851 
1.44497e+07 -1.24946e+06 8.10433e+06 -106725 -1.9276e+06 6330 
1.45636e+07 -1.20851e+06 8.11917e+06 -104064 -1.9314e+06 20472 
1.44672e+07 -1.43849e+06 8.17861e+06 -91011 -1.91562e+06 2122 
1.4668e+07 -1.18738e+06 8.16711e+06 -110416 -1.95475e+06 43335 
1.43783e+07 -1.38688e+06 8.11545e+06 -89383 -1.91376e+06 -6864 
1.43758e+07 -1.33631e+06 8.13977e+06 -92440 -1.92645e+06 6142 
1.43759e+07 -1.57026e+06 8.10101e+06 -96552 -1.91662e+06 -14996 
1.45015e+07 -1.201e+06 8.14146e+06 -63322 -1.95312e+06 46682 
1.43726e+07 -1.58166e+06 8.24605e+06 -72434 -1.90375e+06 -14801 
1.46366e+07 -1.60333e+06 8.44247e+06 -41702 -1.94747e+06 35684 
1.41634e+07 -1.50247e+06 7.982e+06 -39192 -1.89972e+06 -8526 
1.47011e+07 -1.33307e+06 8.361e+06 -72187 -1.95075e+06 40906 
1.43853e+07 -1.52534e+06 8.1981e+06 -62772 -1.9181e+06 -3207 
1.45472e+07 -1.39423e+06 8.34238e+06 -74233 -1.95286e+06 33825 
1.43474e+07 -1.28873e+06 8.28476e+06 -81226 -1.92252e+06 1225 
1.44666e+07 -1.30667e+06 8.27101e+06 -95881 -1.94167e+06 13326 
1.42493e+07 -1.24433e+06 8.2636e+06 -104212 -1.92501e+06 -14792 
1.44192e+07 -1.4858e+06 8.23397e+06 -93810 -1.92712e+06 10648 
1.40644e+07 -1.18451e+06 8.12316e+06 -70049 -1.93482e+06 -480 
1.44703e+07 -1.14148e+06 8.21415e+06 -107983 -1.95239e+06 25430 
1.40662e+07 -1.75685e+06 8.19254e+06 -85461 -1.9443e+06 -10634 
1.40662e+07 -1.75685e+06 8.19254e+06 -85461 -1.9443e+06 -10634 
1.45015e+07 -1.07175e+06 8.30078e+06 -57804 -1.97978e+06 44778 
1.43667e+07 -1.24667e+06 8.43443e+06 -74870 -1.96354e+06 28834 
1.45288e+07 -1.45878e+06 8.31674e+06 -52896 -1.99698e+06 37613 
1.40979e+07 -1.3637e+06 8.40652e+06 -28347 -1.91815e+06 -24583 
1.45728e+07 -1.64966e+06 8.50091e+06 -66824 -1.9755e+06 39934 
1.41283e+07 -1.52128e+06 8.3406e+06 -31434 -1.92482e+06 -13838 
1.43823e+07 -1.31511e+06 8.38659e+06 -63995 -1.97788e+06 42630 
1.41498e+07 -1.35306e+06 8.36482e+06 -91204 -1.9354e+06 -8219 
1.41729e+07 -1.10806e+06 8.35938e+06 -63155 -1.96315e+06 29756 
1.43765e+07 -1.40478e+06 8.35481e+06 -81530 -1.94504e+06 -8062 
1.4471e+07 -1.2738e+06 8.28357e+06 -66694 -1.95361e+06 9483 
1.425e+07 -1.10808e+06 8.29177e+06 -87547 -1.94808e+06 9638 
1.43888e+07 -1.47215e+06 8.31062e+06 -97289 -1.94995e+06 5153 
1.41742e+07 -1.29083e+06 8.13119e+06 -84881 -1.96447e+06 19313 
1.43064e+07 -1.18032e+06 8.2484e+06 -63932 -1.95444e+06 5460 
1.4238e+07 -1.52751e+06 8.12301e+06 -92573 -1.95543e+06 25481 
1.41065e+07 -1.50727e+06 8.11803e+06 -54814 -1.93609e+06 -2955 
1.44389e+07 -1.46766e+06 8.40749e+06 -63768 -1.96755e+06 21981 
1.42594e+07 -1.53143e+06 8.21395e+06 -38720 -1.93936e+06 -15663 
1.45269e+07 -1.71616e+06 8.53857e+06 -32885 -1.96382e+06 30895 
1.41671e+07 -1.70685e+06 8.30405e+06 -25754 -1.92929e+06 -16005 
1.43462e+07 -1.6938e+06 8.47361e+06 -3386 -1.97298e+06 45790 
1.4029e+07 -1.71123e+06 8.27468e+06 -34973 -1.93126e+06 -15823 
1.40268e+07 -1.32332e+06 8.21224e+06 -47458 -1.91081e+06 -21765 
1.40268e+07 -1.32332e+06 8.21224e+06 -47458 -1.91081e+06 -21765 
1.43998e+07 -1.37185e+06 8.2099e+06 -109476 -1.91958e+06 -17903 
1.43421e+07 -942372 8.28865e+06 -99235 -1.95579e+06 43604 
1.43421e+07 -942372 8.28865e+06 -99235 -1.95579e+06 43604 
1.42433e+07 -1.14051e+06 8.24515e+06 -137919 -1.92531e+06 -9597 
1.46143e+07 -1.37182e+06 8.0835e+06 -126516 -1.96818e+06 37326 
1.41923e+07 -1.03418e+06 8.10188e+06 -97886 -1.92768e+06 4782 
1.44359e+07 -1.32758e+06 8.1777e+06 -107939 -1.94661e+06 21966 
1.42897e+07 -1.48354e+06 8.11828e+06 -88349 -1.9431e+06 2622 
1.43408e+07 -1.40566e+06 8.24563e+06 -55163 -1.94172e+06 14277 
1.4364e+07 -1.44481e+06 8.15977e+06 -52973 -1.93805e+06 10733 
1.43916e+07 -1.63176e+06 8.26317e+06 -22661 -1.93948e+06 1297 
1.42943e+07 -1.65739e+06 8.27769e+06 -18271 -1.94114e+06 20478 
1.43115e+07 -1.87987e+06 8.24719e+06 -15039 -1.93058e+06 -857 
1.42678e+07 -1.95721e+06 8.43516e+06 17214 -1.92397e+06 -6003 
1.42678e+07 -1.95721e+06 8.43516e+06 17214 -1.92397e+06 -6003 
1.41152e+07 -1.14419e+06 8.21039e+06 -91304 -1.953e+06 34906 
1.42927e+07 -1.54304e+06 8.48403e+06 -74578 -1.92526e+06 -17186 
1.44262e+07 -1.1508e+06 8.28938e+06 -76331 -1.96186e+06 34863 
1.41368e+07 -1.38398e+06 8.27377e+06 -95078 -1.92474e+06 -7186 
1.45424e+07 -1.42233e+06 8.49217e+06 -57548 -1.97218e+06 41264 
1.39621e+07 -1.41731e+06 8.24498e+06 -79670 -1.92015e+06 -12198 
1.44962e+07 -1.4271e+06 8.4014e+06 -79842 -1.9747e+06 35110 
1.41882e+07 -1.65749e+06 8.25599e+06 -37308 -1.92348e+06 -16138 
1.4349e+07 -1.59268e+06 8.64743e+06 -10182 -1.95452e+06 29679 
1.41728e+07 -1.33318e+06 8.14208e+06 -79772 -1.9328e+06 -8991 
1.43024e+07 -1.58059e+06 8.35895e+06 -50364 -1.95926e+06 20615 
1.42525e+07 -1.51206e+06 8.42052e+06 -45437 -1.94327e+06 6163 
1.44138e+07 -1.47999e+06 8.27616e+06 -34779 -1.96954e+06 17910 
1.41007e+07 -1.08026e+06 8.11794e+06 -120108 -1.95547e+06 -408 
1.41007e+07 -1.08026e+06 8.11794e+06 -120108 -1.95547e+06 -408 
1.41242e+07 -995319 8.0602e+06 -134969 -1.95733e+06 10305 
1.42455e+07 -1.25672e+06 8.15445e+06 -114004 -1.94229e+06 -11404 
1.41118e+07 -1.10416e+06 8.14042e+06 -157203 -1.95009e+06 -5169 
1.42902e+07 -916608 8.06432e+06 -148758 -1.97809e+06 33902 
1.42902e+07 -916608 8.06432e+06 -148758 -1.97809e+06 33902 
1.42252e+07 -1.19812e+06 7.96258e+06 -137945 -1.95768e+06 -8759 
1.41765e+07 -954095 8.11392e+06 -115551 -1.98078e+06 40182 
1.36999e+07 -964895 7.9407e+06 -136707 -1.92617e+06 -19979 
1.42416e+07 -1.15871e+06 7.90128e+06 -149941 -1.9357e+06 -18188 
1.42416e+07 -1.15871e+06 7.90128e+06 -149941 -1.9357e+06 -18188 
1.45139e+07 -1.06514e+06 7.99367e+06 -172040 -1.98892e+06 48447 
1.48563e+07 -1.8931e+06 8.51056e+06 -167381 -1.98422e+06 53157 
1.48563e+07 -1.8931e+06 8.51056e+06 -167381 -1.98422e+06 53157 
1.43065e+07 -3.09182e+06 8.33972e+06 -205189 -1.94151e+06 6363 
1.41704e+07 -3.53098e+06 8.34665e+06 -182719 -1.94628e+06 18888 
1.41704e+07 -3.53098e+06 8.34665e+06 -182719 -1.94628e+06 18888 
1.4563e+07 -3.9316e+06 8.15112e+06 -216170 -1.96739e+06 26910 
1.4563e+07 -3.9316e+06 8.15112e+06 -216170 -1.96739e+06 26910 
1.43577e+07 -4.02006e+06 8.40543e+06 -214329 -1.96104e+06 28999 
1.43577e+07 -4.02006e+06 8.40543e+06 -214329 -1.96104e+06 28999 
1.43465e+07 -3.95538e+06 8.09039e+06 -190905 -1.96221e+06 30054 
1.3854e+07 -3.66329e+06 8.06216e+06 -212682 -1.94038e+06 16266 
1.44945e+07 -4.37253e+06 7.88652e+06 -205806 -1.95396e+06 22294 
1.4762e+07 -4.65439e+06 8.06837e+06 -228669 -1.98347e+06 59721 
1.4326e+07 -4.99768e+06 8.07897e+06 -231198 -1.95091e+06 21586 
1.46052e+07 -5.21103e+06 8.11739e+06 -227401 -1.99605e+06 72994 
1.44322e+07 -5.46786e+06 8.12168e+06 -232080 -1.95136e+06 32721 
1.49541e+07 -5.71392e+06 8.14963e+06 -241166 -2.00294e+06 81143 
1.48238e+07 -6.04468e+06 8.16834e+06 -244460 -1.96472e+06 34539 
1.50407e+07 -6.28403e+06 8.25766e+06 -246926 -1.99512e+06 75993 
1.48871e+07 -6.31813e+06 8.22239e+06 -250733 -1.97213e+06 33882 
1.5139e+07 -6.38647e+06 8.29127e+06 -250782 -1.99706e+06 79032 
1.47379e+07 -6.13114e+06 8.05214e+06 -237696 -1.96562e+06 42056 
1.42787e+07 -5.84451e+06 7.3926e+06 -232564 -1.9877e+06 75100 
1.48735e+07 -5.8576e+06 8.378e+06 -228832 -1.98169e+06 40622 
1.50777e+07 -5.56107e+06 7.6792e+06 -232840 -1.98974e+06 65557 
1.41946e+07 -5.16134e+06 7.3214e+06 -212396 -1.97088e+06 41850 
1.42835e+07 -5.08478e+06 7.66369e+06 -210945 -1.97436e+06 40498 
1.44839e+07 -4.91736e+06 7.2283e+06 -223615 -1.98332e+06 48831 
1.44404e+07 -1.30053e+06 8.0273e+06 -96308 -1.956e+06 25343 
1.4404e+07 -1.35345e+06 8.14592e+06 -87774 -1.9461e+06 -4309 
1.45091e+07 -1.1926e+06 8.11466e+06 -91482 -1.96577e+06 33296 
1.44351e+07 -1.77682e+06 7.82768e+06 -187066 -1.95001e+06 49562 
1.44351e+07 -1.77682e+06 7.82768e+06 -187066 -1.95001e+06 49562 
1.43401e+07 -874209 8.38618e+06 -134563 -1.92915e+06 -6028 
1.49846e+07 -567056 8.264e+06 -157572 -1.96462e+06 49921 
1.37432e+07 -1.31277e+06 8.29451e+06 -183129 -1.88711e+06 -14004 
1.44382e+07 -910449 8.21475e+06 -171691 -1.91978e+06 -13236 
1.44382e+07 -910449 8.21475e+06 -171691 -1.91978e+06 -13236 
1.42593e+07 -776886 8.32328e+06 -171237 -1.9233e+06 -1909 
1.47587e+07 -1.07495e+06 8.32766e+06 -166203 -1.97386e+06 40158 
1.47587e+07 -1.07495e+06 8.32766e+06 -166203 -1.97386e+06 40158 
1.46427e+07 -1.01744e+06 8.40177e+06 -161243 -1.96544e+06 38988 
1.43552e+07 -990102 8.22622e+06 -176155 -1.9367e+06 2528 
1.43885e+07 -940506 8.39726e+06 -159517 -1.95021e+06 19296 
1.43885e+07 -940506 8.39726e+06 -159517 -1.95021e+06 19296 
1.45201e+07 -941378 8.31322e+06 -164843 -1.96032e+06 12761 
1.43865e+07 -975821 8.37083e+06 -161600 -1.95483e+06 8669 
1.43342e+07 -1.03852e+06 8.33641e+06 -156217 -1.95773e+06 -880 
1.44316e+07 -899749 8.3857e+06 -157994 -1.9683e+06 32627 
1.44316e+07 -899749 8.3857e+06 -157994 -1.9683e+06 32627 
1.42627e+07 -983405 8.2687e+06 -155016 -1.94748e+06 -5532 
1.43903e+07 -1.00537e+06 8.39354e+06 -162328 -1.96727e+06 31360 
1.41724e+07 -996227 8.3733e+06 -151382 -1.94305e+06 -18369 
1.45016e+07 -1.02437e+06 8.39676e+06 -148274 -1.97719e+06 46837 
1.42929e+07 -1.00509e+06 8.33317e+06 -146832 -1.95142e+06 -14050 
1.4613e+07 -1.01494e+06 8.50232e+06 -148601 -1.98374e+06 50338 
1.43398e+07 -1.15371e+06 8.2792e+06 -153394 -1.95027e+06 -10246 
1.45364e+07 -1.09655e+06 8.47566e+06 -139979 -1.97645e+06 35309 
1.42391e+07 -893234 8.3406e+06 -146253 -1.95256e+06 -7968 
1.45065e+07 -1.13544e+06 8.44401e+06 -146337 -1.97913e+06 27601 
1.42461e+07 -1.01811e+06 8.38984e+06 -152527 -1.95254e+06 2940 
1.44398e+07 -1.1314e+06 8.42034e+06 -138549 -1.96517e+06 17539 
1.43401e+07 -978771 8.46406e+06 -145412 -1.96514e+06 11720 
1.44639e+07 -1.08884e+06 8.48239e+06 -130897 -1.98059e+06 21413 
1.43752e+07 -1.17174e+06 8.41441e+06 -137307 -1.96705e+06 15411 
1.42566e+07 -1.1724e+06 8.43953e+06 -127755 -1.96245e+06 5232 
1.43859e+07 -1.15568e+06 8.49236e+06 -131673 -1.97185e+06 22224 
1.42463e+07 -1.20696e+06 8.42903e+06 -114204 -1.96064e+06 -10296 
1.45737e+07 -1.17878e+06 8.49908e+06 -124080 -1.9899e+06 43072 
1.40306e+07 -1.19708e+06 8.43374e+06 -119143 -1.95382e+06 -19117 
1.45767e+07 -1.28786e+06 8.57994e+06 -108174 -2.00045e+06 45868 
1.41258e+07 -1.33596e+06 8.41995e+06 -101871 -1.95304e+06 -17002 
1.46108e+07 -1.43847e+06 8.54473e+06 -86447 -2.00908e+06 47611 
1.40953e+07 -1.44126e+06 8.39569e+06 -97292 -1.95443e+06 -17695 
1.44251e+07 -1.45074e+06 8.58759e+06 -75698 -1.9996e+06 34745 
1.40683e+07 -1.44122e+06 8.44788e+06 -80300 -1.95484e+06 -18141 
1.44232e+07 -1.48806e+06 8.55052e+06 -56807 -1.99896e+06 32830 
1.42225e+07 -1.59097e+06 8.52168e+06 -61695 -1.97609e+06 2359 
1.4338e+07 -1.7273e+06 8.52188e+06 -42387 -1.99333e+06 25977 
1.41053e+07 -1.67492e+06 8.57316e+06 -49578 -1.96544e+06 -16838 
1.43412e+07 -1.70435e+06 8.58644e+06 -36951 -1.98762e+06 16801 
1.43084e+07 -1.46954e+06 8.38693e+06 -92394 -1.97047e+06 13892 
1.43192e+07 -1.60764e+06 8.50746e+06 -80564 -1.96724e+06 -8318 
1.45985e+07 -1.59329e+06 8.5896e+06 -70924 -1.99489e+06 23580 
1.42364e+07 -1.59062e+06 8.54997e+06 -66080 -1.9703e+06 -5146 
1.44194e+07 -1.55449e+06 8.6022e+06 -73478 -2.00945e+06 34130 
1.43566e+07 -1.37471e+06 8.41467e+06 -112253 -1.96252e+06 -14360 
1.46129e+07 -1.1285e+06 8.41121e+06 -142503 -1.99061e+06 44425 
1.42489e+07 -1.08033e+06 8.14675e+06 -137381 -1.9498e+06 -11972 
1.4549e+07 -1.0687e+06 8.426e+06 -147730 -1.98502e+06 45412 
1.42343e+07 -1.2116e+06 8.21618e+06 -155629 -1.93544e+06 -20517 
1.45608e+07 -1.09875e+06 8.2168e+06 -139107 -1.98343e+06 44262 
1.41358e+07 -1.10362e+06 8.35385e+06 -150899 -1.93432e+06 -21596 
1.46047e+07 -1.09818e+06 8.3516e+06 -142806 -1.98016e+06 43427 
1.42135e+07 -1.13867e+06 8.2334e+06 -156342 -1.93861e+06 -10482 
1.45269e+07 -1.08429e+06 8.40718e+06 -147322 -1.99225e+06 48138 
1.45708e+07 -1.15663e+06 8.30004e+06 -142522 -1.97128e+06 35625 
1.45708e+07 -1.15663e+06 8.30004e+06 -142522 -1.97128e+06 35625 
1.43269e+07 -1.00146e+06 8.20951e+06 -147819 -1.94775e+06 -5438 
1.44356e+07 -1.24608e+06 8.38116e+06 -145185 -1.97274e+06 19740 
1.44123e+07 -1.0759e+06 8.2804e+06 -156490 -1.95746e+06 -1745 
1.44929e+07 -1.06275e+06 8.27722e+06 -146590 -1.97021e+06 21998 
1.44191e+07 -1.17153e+06 8.2108e+06 -156086 -1.9589e+06 9712 
1.43377e+07 -1.12394e+06 8.28394e+06 -149560 -1.96124e+06 6257 
1.45543e+07 -1.12709e+06 8.15524e+06 -164990 -1.97813e+06 29634 
1.43343e+07 -1.06416e+06 8.25777e+06 -140045 -1.95681e+06 2398 
1.45629e+07 -1.01951e+06 8.27833e+06 -159237 -1.97816e+06 26538 
1.43492e+07 -1.10516e+06 8.11518e+06 -152436 -1.95933e+06 -17007 
1.44459e+07 -926748 8.31883e+06 -154678 -1.97454e+06 38183 
1.45796e+07 -1.05402e+06 8.12312e+06 -154219 -1.96569e+06 -17975 
1.45188e+07 -1.04108e+06 8.19444e+06 -152730 -1.99095e+06 46782 
1.41758e+07 -1.01141e+06 8.14659e+06 -155784 -1.94274e+06 -17524 
1.46815e+07 -1.10223e+06 8.0214e+06 -159535 -1.98987e+06 50541 
1.4001e+07 -1.13715e+06 8.0625e+06 -165657 -1.94132e+06 -25057 
1.45935e+07 -1.14432e+06 8.20219e+06 -160104 -1.98782e+06 42791 
1.42402e+07 -1.08989e+06 7.91954e+06 -161854 -1.95674e+06 -17556 
1.42869e+07 -1.13959e+06 7.94684e+06 -169969 -1.95762e+06 -5675 
1.43061e+07 -1.00738e+06 8.1636e+06 -156125 -1.97596e+06 31523 
1.43061e+07 -1.00738e+06 8.1636e+06 -156125 -1.97596e+06 31523 
1.42758e+07 -1.1839e+06 8.11509e+06 -180018 -1.96569e+06 3799 
1.4421e+07 -1.16903e+06 8.0287e+06 -153296 -1.9721e+06 2177 
1.41159e+07 -908097 8.1071e+06 -167695 -1.9808e+06 16628 
1.42874e+07 -1.10679e+06 7.97396e+06 -165501 -1.9699e+06 2665 
1.44757e+07 -1.2061e+06 8.17606e+06 -175180 -1.97983e+06 21864 
1.39993e+07 -843436 8.04119e+06 -165910 -1.94829e+06 -19385 
1.3941e+07 -987307 8.06143e+06 -161652 -1.94186e+06 -23078 
1.3941e+07 -987307 8.06143e+06 -161652 -1.94186e+06 -23078 
1.45715e+07 -1.00779e+06 8.02515e+06 -166094 -2.00259e+06 52989 
1.43537e+07 -1.36586e+06 7.9374e+06 -168857 -1.96448e+06 -22108 
1.46273e+07 -1.01508e+06 8.25459e+06 -150233 -1.99201e+06 48258 
1.41832e+07 -1.10399e+06 7.84316e+06 -172660 -1.94723e+06 -30943 
1.45156e+07 -1.06529e+06 8.06582e+06 -158778 -1.9927e+06 33088 
1.39383e+07 -931780 7.93237e+06 -176099 -1.95274e+06 -22133 
1.46007e+07 -1.1029e+06 7.88566e+06 -170593 -2.00391e+06 37076 
1.42963e+07 -1.0813e+06 7.95338e+06 -166265 -1.96502e+06 -4419 
1.4388e+07 -970391 8.07179e+06 -156517 -1.98988e+06 31519 
1.42422e+07 -1.11745e+06 7.86613e+06 -170872 -1.9516e+06 -23022 
1.43838e+07 -1.12087e+06 8.00756e+06 -154652 -1.97701e+06 13394 
1.4402e+07 -1.04102e+06 8.00114e+06 -163500 -1.9761e+06 12301 
1.41995e+07 -1.17136e+06 7.89156e+06 -165672 -1.96273e+06 -9613 
1.43573e+07 -1.02801e+06 8.08365e+06 -167145 -1.98223e+06 26008 
1.41629e+07 -1.07311e+06 7.90105e+06 -163805 -1.95848e+06 -12694 
1.44856e+07 -1.01243e+06 7.92787e+06 -161630 -1.99807e+06 45073 
1.42658e+07 -1.19419e+06 7.92793e+06 -169401 -1.95004e+06 -18164 
1.44531e+07 -1.0684e+06 8.00696e+06 -163560 -1.99889e+06 52081 
1.41799e+07 -1.1452e+06 8.01026e+06 -149943 -1.94694e+06 -20252 
1.45084e+07 -1.08039e+06 7.95164e+06 -161593 -1.98878e+06 39663 
1.4189e+07 -1.22319e+06 8.00965e+06 -162990 -1.94336e+06 -26653 
1.44478e+07 -985442 8.09569e+06 -157700 -1.98818e+06 38086 
1.41306e+07 -962377 7.86736e+06 -158778 -1.94532e+06 -15109 
1.45303e+07 -1.09124e+06 8.16006e+06 -157556 -1.9824e+06 46679 
1.42415e+07 -1.12721e+06 7.94948e+06 -163721 -1.95671e+06 -11018 
1.45293e+07 -1.14537e+06 8.00741e+06 -161155 -1.98275e+06 37955 
1.41981e+07 -1.01285e+06 8.00627e+06 -156413 -1.95476e+06 -2287 
1.43635e+07 -1.03449e+06 7.96879e+06 -153256 -1.97448e+06 23522 
1.42833e+07 -1.07588e+06 7.86273e+06 -160587 -1.95569e+06 2442 
1.43916e+07 -1.10097e+06 8.16948e+06 -149768 -1.96066e+06 12467 
1.44005e+07 -1.05851e+06 7.97868e+06 -164871 -1.9599e+06 12487 
1.44457e+07 -1.02377e+06 8.14847e+06 -159090 -1.98124e+06 33216 
1.44457e+07 -1.02377e+06 8.14847e+06 -159090 -1.98124e+06 33216 
1.43384e+07 -983975 7.9916e+06 -162271 -1.96651e+06 8062 
1.46864e+07 -1.27607e+06 8.0131e+06 -168033 -1.98505e+06 35614 
1.42529e+07 -993404 8.19637e+06 -135776 -1.94252e+06 -5472 
1.45008e+07 -989204 7.97116e+06 -174174 -1.98406e+06 38431 
1.44432e+07 -1.06659e+06 8.07206e+06 -160229 -1.97902e+06 40193 
1.44523e+07 -977661 8.18786e+06 -161127 -1.98682e+06 46913 
1.42705e+07 -1.09016e+06 7.83506e+06 -161785 -1.94114e+06 -22385 
1.44597e+07 -928802 8.11911e+06 -150699 -1.98764e+06 53931 
1.41212e+07 -1.10726e+06 7.93344e+06 -161831 -1.95018e+06 -15966 
1.44141e+07 -995580 7.93459e+06 -151791 -1.9858e+06 42678 
1.40119e+07 -1.06941e+06 7.88411e+06 -164734 -1.93747e+06 -20509 
1.45643e+07 -1.09012e+06 8.03416e+06 -156629 -1.98065e+06 21546 
1.43349e+07 -1.14391e+06 7.98591e+06 -152568 -1.94401e+06 -12946 
1.42833e+07 -1.13093e+06 8.05844e+06 -158378 -1.96072e+06 18879 
1.43502e+07 -1.08751e+06 7.95171e+06 -151202 -1.96677e+06 19657 
1.43502e+07 -1.08751e+06 7.95171e+06 -151202 -1.96677e+06 19657 
1.42998e+07 -955510 7.95768e+06 -164578 -1.96816e+06 23114 
1.45541e+07 -1.3506e+06 7.91186e+06 -148123 -1.95794e+06 -11275 
1.45311e+07 -920729 8.02747e+06 -158190 -1.98347e+06 35889 
1.42319e+07 -1.06431e+06 7.8447e+06 -146970 -1.93945e+06 -16259 
1.44418e+07 -1.05537e+06 7.95516e+06 -158798 -1.97812e+06 41528 
1.41696e+07 -1.1952e+06 8.03611e+06 -143726 -1.92694e+06 -20629 
1.45002e+07 -983488 7.89539e+06 -149057 -1.96548e+06 9353 
1.42168e+07 -1.19252e+06 7.95915e+06 -151600 -1.94203e+06 -19047 
1.45889e+07 -1.02804e+06 7.97217e+06 -159865 -1.98643e+06 46497 
1.44899e+07 -1.41325e+06 7.87384e+06 -148358 -1.93809e+06 -20456 
1.43657e+07 -812175 8.05939e+06 -142109 -1.9684e+06 36029 
1.41619e+07 -1.10483e+06 7.81639e+06 -147816 -1.93394e+06 -15602 
1.46677e+07 -1.30625e+06 7.95712e+06 -143506 -1.96536e+06 31894 
1.4357e+07 -1.13116e+06 8.05837e+06 -153735 -1.94068e+06 -7182 
1.4595e+07 -1.21213e+06 7.9951e+06 -136440 -1.9687e+06 33211 
1.44468e+07 -1.21689e+06 7.92325e+06 -149307 -1.95032e+06 6999 
1.45312e+07 -1.16938e+06 8.07607e+06 -145795 -1.95985e+06 11720 
1.43283e+07 -887058 7.92338e+06 -137201 -1.97029e+06 44563 
1.43283e+07 -887058 7.92338e+06 -137201 -1.97029e+06 44563 
1.4447e+07 -994779 7.99935e+06 -154245 -1.95877e+06 26843 
1.43293e+07 -1.28045e+06 7.98278e+06 -140296 -1.94357e+06 852 
1.45722e+07 -988226 8.0351e+06 -146631 -1.97034e+06 40740 
1.44608e+07 -1.20816e+06 8.00198e+06 -145912 -1.94587e+06 -4713 
1.43993e+07 -1.07914e+06 7.9745e+06 -146163 -1.9554e+06 35292 
1.40663e+07 -1.0463e+06 8.02205e+06 -133173 -1.9261e+06 -17208 
1.47194e+07 -1.15676e+06 8.05869e+06 -146843 -1.97195e+06 40884 
1.4158e+07 -1.20813e+06 7.92058e+06 -144470 -1.91937e+06 -16537 
1.46444e+07 -1.03119e+06 8.20436e+06 -147024 -1.97038e+06 39572 
1.45049e+07 -1.45055e+06 8.10455e+06 -172446 -1.93775e+06 -4542 
1.45635e+07 -1.87327e+06 8.34888e+06 -166713 -1.96467e+06 50098 
1.45705e+07 -2.59435e+06 8.34808e+06 -194496 -1.94124e+06 16725 
1.47524e+07 -2.86855e+06 8.29084e+06 -179935 -1.95639e+06 46178 
1.4647e+07 -3.16068e+06 8.07753e+06 -202445 -1.95096e+06 28772 
1.45043e+07 -3.28156e+06 8.00503e+06 -208919 -1.94701e+06 37634 
1.45733e+07 -3.41175e+06 7.66246e+06 -217033 -1.94778e+06 32949 
1.47781e+07 -3.54282e+06 7.98522e+06 -212354 -1.95197e+06 58511 
1.50541e+07 -3.92834e+06 8.00244e+06 -234390 -1.97043e+06 55429 
1.54373e+07 -5.33307e+06 7.50405e+06 -305840 -2.01756e+06 -4432 
1.47465e+07 -4.04174e+06 8.22646e+06 -239746 -2.01427e+06 87586 
1.44345e+07 -5.11123e+06 7.69666e+06 -278200 -1.95815e+06 -3599 
1.37966e+07 -4.43795e+06 8.20251e+06 -241440 -1.94776e+06 76475 
1.3655e+07 -4.59753e+06 7.35639e+06 -254857 -1.95407e+06 -15706 
1.37538e+07 -4.62801e+06 7.25994e+06 -264167 -1.97227e+06 59041 
1.36411e+07 -4.46651e+06 7.34684e+06 -249915 -1.97559e+06 75435 
1.41789e+07 -4.82143e+06 7.39938e+06 -259884 -2.01311e+06 79410 
1.44118e+07 -5.90137e+06 7.50661e+06 -285637 -1.9659e+06 30577 
1.45199e+07 -6.87128e+06 7.866e+06 -318150 -2.01179e+06 88388 
1.45536e+07 -7.5641e+06 7.95103e+06 -342732 -1.97426e+06 41725 
1.50455e+07 -9.02905e+06 8.22535e+06 -388581 -2.01425e+06 91845 
1.49826e+07 -9.75584e+06 8.18446e+06 -407908 -1.97992e+06 57370 
1.49844e+07 -9.92149e+06 8.29757e+06 -403421 -1.99721e+06 84074 
1.44045e+07 -1.01488e+07 7.96897e+06 -413970 -1.97744e+06 73176 
1.4251e+07 -1.02417e+07 7.86388e+06 -409215 -1.97012e+06 69937 
1.42613e+07 -1.03248e+07 7.78138e+06 -421634 -1.99982e+06 89335 
1.46587e+07 -1.07077e+07 7.54986e+06 -413167 -1.97814e+06 67908 
1.50218e+07 -1.05575e+07 7.76426e+06 -421846 -2.01146e+06 101236 
1.45616e+07 -1.04422e+07 7.87936e+06 -401707 -1.97502e+06 50576 
1.43012e+07 -1.27937e+06 8.13209e+06 -94504 -1.94879e+06 -359 
1.44612e+07 -1.14845e+06 8.04956e+06 -99787 -1.9657e+06 31778 
1.431e+07 -1.2242e+06 8.11187e+06 -93384 -1.93458e+06 -10759 
1.43923e+07 -1.51833e+06 7.5844e+06 -181930 -1.90465e+06 -12360 
1.43923e+07 -1.51833e+06 7.5844e+06 -181930 -1.90465e+06 -12360 
1.47766e+07 -811498 8.63677e+06 -151377 -1.95018e+06 44636 
1.44959e+07 -640217 8.57015e+06 -152825 -1.91804e+06 -6903 
1.44492e+07 -1.36363e+06 7.94907e+06 -193839 -1.94978e+06 58645 
1.4412e+07 -677472 8.48235e+06 -154515 -1.90666e+06 -22630 
1.46409e+07 -789024 8.38951e+06 -161139 -1.96042e+06 52302 
1.40534e+07 -1.03687e+06 8.18751e+06 -168179 -1.90757e+06 -20201 
1.48288e+07 -694231 8.60785e+06 -161058 -1.97255e+06 43790 
1.41446e+07 -908141 8.35354e+06 -158130 -1.9217e+06 -3938 
1.42641e+07 -839933 8.39766e+06 -161599 -1.95121e+06 -9256 
1.42641e+07 -839933 8.39766e+06 -161599 -1.95121e+06 -9256 
1.44961e+07 -1.07365e+06 8.44606e+06 -150892 -1.96701e+06 30758 
1.4139e+07 -863053 8.33704e+06 -159078 -1.94863e+06 8701 
1.44508e+07 -966089 8.47793e+06 -150536 -1.97263e+06 24644 
1.43954e+07 -979675 8.36558e+06 -146191 -1.95544e+06 12791 
1.43101e+07 -956744 8.52201e+06 -150611 -1.96372e+06 17770 
1.4334e+07 -921224 8.3378e+06 -157851 -1.95812e+06 15463 
1.42112e+07 -948851 8.45912e+06 -148341 -1.95988e+06 11452 
1.43255e+07 -834078 8.51049e+06 -152960 -1.96505e+06 38141 
1.4442e+07 -916092 8.53755e+06 -146297 -1.97833e+06 44508 
1.44732e+07 -1.04321e+06 8.40077e+06 -145144 -1.98263e+06 41175 
1.41458e+07 -1.00404e+06 8.43381e+06 -150646 -1.94791e+06 -12630 
1.44209e+07 -1.00101e+06 8.47264e+06 -139741 -1.97554e+06 34182 
1.41839e+07 -1.0024e+06 8.41879e+06 -146416 -1.95215e+06 -16692 
1.45025e+07 -1.00888e+06 8.54444e+06 -147467 -1.99022e+06 39561 
1.41887e+07 -975327 8.37473e+06 -147380 -1.96345e+06 -7638 
1.4464e+07 -1.01713e+06 8.52798e+06 -148227 -1.99023e+06 42770 
1.41331e+07 -1.00636e+06 8.39473e+06 -151184 -1.96117e+06 -5655 
1.44562e+07 -1.04067e+06 8.38928e+06 -142748 -1.98854e+06 35503 
1.41057e+07 -972848 8.39239e+06 -148224 -1.96582e+06 -2283 
1.42481e+07 -932772 8.51991e+06 -149667 -1.97288e+06 3777 
1.42481e+07 -932772 8.51991e+06 -149667 -1.97288e+06 3777 
1.42642e+07 -1.01355e+06 8.50542e+06 -142470 -1.97714e+06 13867 
1.42427e+07 -996356 8.43867e+06 -141124 -1.97871e+06 21355 
1.4213e+07 -1.03731e+06 8.46649e+06 -134279 -1.97725e+06 4318 
1.42988e+07 -1.01569e+06 8.52345e+06 -145483 -1.98909e+06 33110 
1.40776e+07 -1.11993e+06 8.35771e+06 -126546 -1.96477e+06 -8366 
1.4302e+07 -1.02562e+06 8.49794e+06 -130061 -1.99143e+06 30354 
1.41441e+07 -1.02131e+06 8.41831e+06 -126337 -1.96499e+06 -16137 
1.43485e+07 -1.12572e+06 8.49616e+06 -127573 -1.99924e+06 37936 
1.4104e+07 -1.11203e+06 8.4777e+06 -126936 -1.97282e+06 -14190 
1.4427e+07 -1.16055e+06 8.61169e+06 -120661 -2.01898e+06 49437 
1.44828e+07 -999489 8.53884e+06 -131859 -1.99748e+06 43364 
1.44828e+07 -999489 8.53884e+06 -131859 -1.99748e+06 43364 
1.41868e+07 -1.00631e+06 8.37296e+06 -134375 -1.95086e+06 -16125 
1.45347e+07 -1.08947e+06 8.55581e+06 -134506 -1.99632e+06 44893 
1.41322e+07 -1.1245e+06 8.49086e+06 -135771 -1.95046e+06 -19507 
1.4426e+07 -1.17267e+06 8.45901e+06 -119927 -1.9918e+06 35853 
1.42219e+07 -1.01952e+06 8.48763e+06 -130092 -1.95542e+06 -6200 
1.45477e+07 -1.17757e+06 8.5152e+06 -118828 -1.98495e+06 29416 
1.43297e+07 -1.28749e+06 8.47797e+06 -111253 -1.97557e+06 17483 
1.43297e+07 -1.28749e+06 8.47797e+06 -111253 -1.97557e+06 17483 
1.41714e+07 -1.1654e+06 8.36154e+06 -125538 -1.95788e+06 6566 
1.43988e+07 -1.05268e+06 8.47858e+06 -137450 -1.96104e+06 10499 
1.43038e+07 -1.04027e+06 8.4309e+06 -125434 -1.95218e+06 -440 
1.43038e+07 -1.04027e+06 8.4309e+06 -125434 -1.95218e+06 -440 
1.44755e+07 -926024 8.48591e+06 -141133 -1.98194e+06 37440 
1.42403e+07 -1.28838e+06 8.51176e+06 -146570 -1.95002e+06 -1247 
1.44716e+07 -900397 8.3917e+06 -140346 -1.98728e+06 49334 
1.41188e+07 -989328 8.3274e+06 -146019 -1.94746e+06 -14213 
1.44687e+07 -1.03904e+06 8.43168e+06 -142269 -1.97897e+06 44735 
1.41538e+07 -1.01515e+06 8.37968e+06 -142344 -1.93834e+06 -16430 
1.42997e+07 -949721 8.30687e+06 -154437 -1.96502e+06 18660 
1.42506e+07 -1.00363e+06 8.34503e+06 -148781 -1.94712e+06 -19597 
1.44664e+07 -900506 8.4966e+06 -141977 -1.99422e+06 52140 
1.42187e+07 -911887 8.29588e+06 -149163 -1.9568e+06 -6776 
1.44476e+07 -1.12797e+06 8.4672e+06 -152770 -1.98828e+06 44862 
1.42609e+07 -962503 8.30586e+06 -150193 -1.96167e+06 -5942 
1.44788e+07 -1.02106e+06 8.38992e+06 -150564 -1.98486e+06 31719 
1.40885e+07 -991713 8.38329e+06 -159011 -1.9511e+06 -6157 
1.44894e+07 -992692 8.42246e+06 -154740 -1.98292e+06 26859 
1.43673e+07 -1.04911e+06 8.38096e+06 -158123 -1.97643e+06 5019 
1.45324e+07 -1.06504e+06 8.48973e+06 -148620 -1.98912e+06 33849 
1.43814e+07 -965057 8.36748e+06 -151902 -1.96913e+06 8469 
1.42333e+07 -1.04999e+06 8.35252e+06 -145604 -1.97002e+06 17951 
1.42573e+07 -882989 8.32159e+06 -151435 -1.96816e+06 14331 
1.41491e+07 -951439 8.32258e+06 -150135 -1.96587e+06 6650 
1.44616e+07 -881729 8.30374e+06 -164350 -1.9897e+06 28383 
1.42582e+07 -980495 8.30972e+06 -152386 -1.96918e+06 -1902 
1.43855e+07 -1.00021e+06 8.35991e+06 -159177 -1.98576e+06 32820 
1.41235e+07 -1.00889e+06 8.27845e+06 -152943 -1.95996e+06 -6521 
1.45361e+07 -1.02154e+06 8.42044e+06 -153000 -1.99517e+06 45425 
1.40356e+07 -1.03297e+06 8.29908e+06 -165463 -1.95498e+06 -19187 
1.44548e+07 -943768 8.21274e+06 -156140 -2.001e+06 48549 
1.40756e+07 -930585 8.1583e+06 -157923 -1.9485e+06 -31410 
1.46428e+07 -1.125e+06 8.43852e+06 -172900 -2.00377e+06 37320 
1.42618e+07 -1.13454e+06 8.12372e+06 -168072 -1.95607e+06 -25697 
1.4035e+07 -919370 8.11626e+06 -170789 -1.96058e+06 -18240 
1.4035e+07 -919370 8.11626e+06 -170789 -1.96058e+06 -18240 
1.43727e+07 -922501 8.18758e+06 -160088 -1.99816e+06 37816 
1.4065e+07 -748481 8.1663e+06 -163254 -1.97298e+06 23903 
1.4065e+07 -748481 8.1663e+06 -163254 -1.97298e+06 23903 
1.41216e+07 -976233 8.06327e+06 -177358 -1.96411e+06 -6217 
1.43914e+07 -1.21816e+06 8.15179e+06 -174307 -1.98472e+06 7407 
1.41175e+07 -822990 8.24422e+06 -166049 -1.97653e+06 12938 
1.44453e+07 -1.1055e+06 8.03603e+06 -160822 -1.98641e+06 10023 
1.47086e+07 -1.11876e+06 8.19812e+06 -184557 -1.99934e+06 24998 
1.44064e+07 -1.02936e+06 7.95586e+06 -184595 -1.98902e+06 31907 
1.44064e+07 -1.02936e+06 7.95586e+06 -184595 -1.98902e+06 31907 
1.42814e+07 -1.10726e+06 7.9998e+06 -165687 -1.9617e+06 -17878 
1.41621e+07 -825528 8.05651e+06 -171619 -1.99073e+06 35903 
1.4219e+07 -1.07571e+06 7.89287e+06 -173755 -1.95596e+06 -19133 
1.45089e+07 -1.01671e+06 8.04258e+06 -171257 -2.00174e+06 43867 
1.41525e+07 -1.04729e+06 7.99042e+06 -171009 -1.95761e+06 -20923 
1.39661e+07 -945952 7.90971e+06 -159786 -1.95803e+06 -18451 
1.39661e+07 -945952 7.90971e+06 -159786 -1.95803e+06 -18451 
1.44663e+07 -982083 7.95983e+06 -170383 -2.00691e+06 50419 
1.40979e+07 -1.11612e+06 7.88284e+06 -175271 -1.96194e+06 -29375 
1.4485e+07 -974682 8.09154e+06 -176352 -1.99974e+06 42965 
1.42328e+07 -1.09756e+06 7.91145e+06 -183394 -1.95209e+06 -27527 
1.41137e+07 -938863 7.90402e+06 -170820 -1.96016e+06 -1388 
1.41137e+07 -938863 7.90402e+06 -170820 -1.96016e+06 -1388 
1.44561e+07 -965780 7.92731e+06 -168324 -1.99231e+06 37748 
1.44175e+07 -1.17658e+06 7.93082e+06 -183419 -1.9763e+06 7703 
1.41897e+07 -977573 8.07102e+06 -164690 -1.98089e+06 22602 
1.43701e+07 -1.01533e+06 7.88786e+06 -176755 -1.98317e+06 6873 
1.43405e+07 -1.1052e+06 8.02506e+06 -171908 -1.97192e+06 -1138 
1.42552e+07 -914749 8.03603e+06 -169457 -1.96829e+06 14034 
1.42967e+07 -1.01566e+06 7.73426e+06 -173499 -1.96712e+06 -732 
1.44368e+07 -1.04314e+06 7.98694e+06 -164407 -1.99122e+06 40719 
1.41263e+07 -993999 7.94529e+06 -169411 -1.95803e+06 -9221 
1.45792e+07 -1.11426e+06 7.92445e+06 -175669 -2.00245e+06 37597 
1.40633e+07 -1.07718e+06 7.98902e+06 -166965 -1.94479e+06 -23435 
1.43661e+07 -1.01789e+06 7.9554e+06 -171097 -1.98933e+06 36953 
1.41759e+07 -1.06044e+06 7.75769e+06 -168365 -1.94526e+06 -22358 
1.45846e+07 -1.00185e+06 8.11175e+06 -158111 -1.99448e+06 44057 
1.41329e+07 -990029 7.86945e+06 -168125 -1.94997e+06 -15469 
1.46543e+07 -1.16679e+06 7.99191e+06 -167014 -1.9992e+06 37514 
1.4065e+07 -1.05037e+06 7.91152e+06 -161276 -1.94417e+06 -19797 
1.46087e+07 -1.04377e+06 7.96324e+06 -167726 -1.98879e+06 35634 
1.41656e+07 -1.02745e+06 7.91437e+06 -163611 -1.95934e+06 -12757 
1.44049e+07 -1.06791e+06 8.05156e+06 -151805 -1.97353e+06 28708 
1.42549e+07 -990273 7.83947e+06 -169245 -1.96329e+06 -1234 
1.42277e+07 -1.02327e+06 7.9233e+06 -174760 -1.96543e+06 2093 
1.42277e+07 -1.02327e+06 7.9233e+06 -174760 -1.96543e+06 2093 
1.43812e+07 -1.05172e+06 7.9839e+06 -165658 -1.97769e+06 16935 
1.43305e+07 -1.22039e+06 7.91164e+06 -173417 -1.97626e+06 24788 
1.4233e+07 -1.00676e+06 8.03977e+06 -160945 -1.95502e+06 -2509 
1.4449e+07 -1.027e+06 7.94167e+06 -169005 -1.96977e+06 16756 
1.43714e+07 -1.15774e+06 8.00416e+06 -153649 -1.95462e+06 -13681 
1.45613e+07 -1.06793e+06 8.03698e+06 -164821 -1.9832e+06 32485 
1.42543e+07 -1.16674e+06 7.88796e+06 -167056 -1.9453e+06 -11282 
1.44277e+07 -965135 7.97999e+06 -164720 -1.98874e+06 45707 
1.45266e+07 -948523 7.94462e+06 -174490 -1.99803e+06 46025 
1.45266e+07 -948523 7.94462e+06 -174490 -1.99803e+06 46025 
1.44066e+07 -1.06678e+06 7.97342e+06 -155058 -1.9638e+06 11048 
1.4266e+07 -1.14662e+06 7.79967e+06 -171085 -1.93462e+06 -20857 
1.4266e+07 -1.14662e+06 7.79967e+06 -171085 -1.93462e+06 -20857 
1.45273e+07 -913080 8.05299e+06 -164387 -1.98092e+06 37830 
1.43036e+07 -1.12289e+06 7.84412e+06 -167872 -1.95468e+06 -10402 
1.44767e+07 -906864 8.01056e+06 -159238 -1.97631e+06 35377 
1.42164e+07 -1.0838e+06 7.95578e+06 -171707 -1.95509e+06 -197 
1.42193e+07 -950889 7.90782e+06 -168144 -1.96651e+06 19616 
1.41204e+07 -1.0225e+06 7.95671e+06 -171146 -1.95137e+06 -450 
1.41204e+07 -1.0225e+06 7.95671e+06 -171146 -1.95137e+06 -450 
1.44018e+07 -997201 7.82859e+06 -172302 -1.97564e+06 16064 
1.42448e+07 -1.09577e+06 7.90575e+06 -165343 -1.94287e+06 -4580 
1.4242e+07 -1.09916e+06 7.85264e+06 -164207 -1.95487e+06 -4425 
1.4242e+07 -1.09916e+06 7.85264e+06 -164207 -1.95487e+06 -4425 
1.43704e+07 -927606 7.96962e+06 -152059 -1.9729e+06 52329 
1.41379e+07 -946566 7.83487e+06 -169507 -1.93655e+06 -21607 
1.44158e+07 -1.02408e+06 7.85746e+06 -166395 -1.97444e+06 39839 
1.39725e+07 -1.02144e+06 7.92478e+06 -154584 -1.92734e+06 -26350 
1.42086e+07 -486151 8.01858e+06 -191351 -2.04581e+06 55023 
1.34208e+07 -89076 7.86214e+06 -187053 -1.84503e+06 -13407 
1.53938e+07 -1.16418e+06 7.86638e+06 -205055 -2.06129e+06 26390 
1.40746e+07 -391645 8.00641e+06 -157003 -1.95272e+06 -12142 
1.45843e+07 -538591 8.26691e+06 -178190 -1.99356e+06 42954 
1.42154e+07 -1.2429e+06 7.42767e+06 -183915 -1.98345e+06 -20121 
1.39867e+07 -507190 8.33112e+06 -155031 -1.97623e+06 24428 
1.4654e+07 -1.19104e+06 7.68754e+06 -180019 -1.99263e+06 18579 
1.4654e+07 -1.19104e+06 7.68754e+06 -180019 -1.99263e+06 18579 
1.42105e+07 -793202 8.23335e+06 -158256 -1.95386e+06 17626 
1.43654e+07 -1.08193e+06 7.94491e+06 -171980 -1.9726e+06 20085 
1.48261e+07 -1.24878e+06 7.72127e+06 -174680 -1.98422e+06 25359 
1.4241e+07 -1.25442e+06 8.06137e+06 -147459 -1.95138e+06 -2965 
1.46217e+07 -832001 7.84118e+06 -155502 -1.98966e+06 32711 
1.40422e+07 -1.0864e+06 7.88976e+06 -158195 -1.93234e+06 -20466 
1.42775e+07 -1.11577e+06 8.0454e+06 -163583 -1.96328e+06 27895 
1.44548e+07 -1.01174e+06 7.89411e+06 -158627 -1.95484e+06 -16760 
1.45174e+07 -1.03513e+06 8.06852e+06 -150258 -1.97472e+06 47195 
1.41962e+07 -1.16239e+06 7.90774e+06 -157223 -1.92918e+06 -19973 
1.47542e+07 -1.08831e+06 8.04389e+06 -154500 -1.99218e+06 50977 
1.40849e+07 -1.11258e+06 7.95165e+06 -147143 -1.91764e+06 -10192 
1.46166e+07 -1.17635e+06 7.95106e+06 -158239 -1.97808e+06 39830 
1.41491e+07 -1.16548e+06 7.93112e+06 -152022 -1.92096e+06 -14498 
1.43361e+07 -1.03014e+06 8.0885e+06 -138816 -1.95967e+06 33057 
1.42306e+07 -1.09882e+06 7.87483e+06 -155266 -1.92411e+06 -10762 
1.45067e+07 -1.15172e+06 8.09799e+06 -141744 -1.95691e+06 34225 
1.43114e+07 -1.09325e+06 7.9526e+06 -153554 -1.93597e+06 155 
1.44871e+07 -1.11454e+06 7.94914e+06 -141640 -1.95609e+06 25286 
1.42326e+07 -1.0458e+06 7.94217e+06 -154169 -1.94094e+06 5205 
1.4439e+07 -1.08964e+06 7.97513e+06 -145690 -1.95406e+06 17236 
1.41741e+07 -1.01512e+06 7.90349e+06 -147784 -1.93646e+06 9580 
1.42717e+07 -1.18156e+06 8.0942e+06 -148498 -1.94751e+06 4440 
1.44216e+07 -1.07363e+06 7.95153e+06 -162255 -1.95243e+06 11365 
1.43014e+07 -1.03241e+06 7.98442e+06 -134715 -1.94692e+06 5986 
1.44433e+07 -1.03036e+06 8.0567e+06 -160672 -1.95711e+06 29706 
1.4259e+07 -1.15635e+06 7.93058e+06 -158241 -1.95066e+06 2010 
1.45108e+07 -1.02594e+06 8.02032e+06 -155128 -1.9772e+06 41114 
1.43007e+07 -1.17701e+06 7.88754e+06 -146862 -1.93777e+06 -6983 
1.45886e+07 -1.23626e+06 7.92489e+06 -154109 -1.96608e+06 36748 
1.42699e+07 -1.15677e+06 8.00614e+06 -154788 -1.92709e+06 -25308 
1.45635e+07 -1.17872e+06 7.93973e+06 -157103 -1.96532e+06 40120 
1.41927e+07 -1.09074e+06 7.92821e+06 -153231 -1.92804e+06 -15099 
1.4441e+07 -959294 8.02186e+06 -156477 -1.97773e+06 53630 
1.42345e+07 -1.17476e+06 7.84747e+06 -153184 -1.93495e+06 -9894 
1.46103e+07 -1.00166e+06 8.08946e+06 -151988 -1.98289e+06 43965 
1.42675e+07 -1.05439e+06 7.87282e+06 -150093 -1.93183e+06 -19405 
1.40898e+07 -835444 8.09715e+06 -162366 -1.93862e+06 -12319 
1.40898e+07 -835444 8.09715e+06 -162366 -1.93862e+06 -12319 
1.42745e+07 -962468 7.83201e+06 -157374 -1.98676e+06 35297 
1.44256e+07 -1.14992e+06 8.09174e+06 -172131 -1.97485e+06 1040 
1.43475e+07 -743818 8.03194e+06 -156985 -1.99002e+06 27054 
1.39237e+07 -1.06105e+06 7.82996e+06 -170953 -1.9651e+06 -3061 
1.42078e+07 -838313 8.00006e+06 -167382 -1.97158e+06 15946 
1.40677e+07 -923499 7.97926e+06 -173629 -1.96939e+06 11619 
1.37988e+07 -744835 7.85146e+06 -156790 -1.96241e+06 5650 
1.43951e+07 -889440 7.99126e+06 -160855 -1.98356e+06 27794 
1.41231e+07 -948592 8.06368e+06 -172370 -1.95904e+06 -2858 
1.45043e+07 -1.07424e+06 8.02489e+06 -173637 -2.00307e+06 42148 
1.40595e+07 -1.01742e+06 8.01809e+06 -161919 -1.95762e+06 -13758 
1.39693e+07 -942642 8.0219e+06 -154196 -1.93994e+06 -20467 
1.41817e+07 -823658 8.02174e+06 -168676 -1.95611e+06 2966 
1.41817e+07 -823658 8.02174e+06 -168676 -1.95611e+06 2966 
1.41589e+07 -1.10621e+06 8.01146e+06 -160898 -1.9505e+06 -19456 
1.4246e+07 -785975 8.27437e+06 -156614 -1.98988e+06 42208 
1.43744e+07 -1.02656e+06 8.0477e+06 -159499 -1.97956e+06 29544 
1.43744e+07 -1.02656e+06 8.0477e+06 -159499 -1.97956e+06 29544 
1.39717e+07 -912417 7.91068e+06 -150159 -1.92811e+06 -16356 
1.45154e+07 -1.042e+06 8.14864e+06 -147422 -1.97755e+06 35913 
1.4105e+07 -1.10496e+06 8.00217e+06 -147762 -1.92858e+06 -20188 
1.43393e+07 -859316 8.06617e+06 -141438 -1.96349e+06 26752 
1.40681e+07 -1.1174e+06 7.90839e+06 -152288 -1.93417e+06 -11690 
1.44251e+07 -895370 8.0196e+06 -135340 -1.9588e+06 29097 
1.42042e+07 -1.17862e+06 8.11583e+06 -146702 -1.93898e+06 8667 
1.44129e+07 -780398 8.01127e+06 -146139 -1.96983e+06 15944 
1.43395e+07 -1.05898e+06 8.00324e+06 -140651 -1.94549e+06 6721 
1.43395e+07 -1.05898e+06 8.00324e+06 -140651 -1.94549e+06 6721 
1.43251e+07 -938884 8.03673e+06 -160191 -1.95734e+06 21184 
1.42167e+07 -1.27816e+06 8.0973e+06 -150330 -1.93486e+06 -2907 
1.446e+07 -948546 8.10066e+06 -141447 -1.95755e+06 25602 
1.42353e+07 -1.07431e+06 8.06866e+06 -149647 -1.93214e+06 -8700 
1.43809e+07 -1.00319e+06 8.08999e+06 -135343 -1.96437e+06 42415 
1.41695e+07 -907600 8.05854e+06 -137146 -1.9422e+06 -7127 
1.4443e+07 -1.0672e+06 8.09261e+06 -157762 -1.97008e+06 38180 
1.42049e+07 -1.19796e+06 7.99033e+06 -144468 -1.92066e+06 -15590 
1.43601e+07 -881287 8.13488e+06 -136485 -1.96292e+06 36418 
1.44191e+07 -1.02258e+06 8.16702e+06 -125154 -1.96664e+06 39020 
1.44191e+07 -1.02258e+06 8.16702e+06 -125154 -1.96664e+06 39020 
1.42118e+07 -1.13703e+06 8.03809e+06 -116422 -1.93091e+06 1311 
1.44118e+07 -1.27371e+06 8.19126e+06 -114515 -1.97088e+06 39527 
1.42617e+07 -1.30241e+06 8.18947e+06 -75183 -1.95143e+06 24939 
1.42617e+07 -1.30241e+06 8.18947e+06 -75183 -1.95143e+06 24939 
1.42385e+07 -1.35453e+06 7.99694e+06 -61959 -1.93435e+06 3256 
1.44078e+07 -1.35556e+06 8.2124e+06 -82695 -1.96246e+06 13522 
1.43591e+07 -1.26942e+06 8.11635e+06 -104830 -1.95403e+06 8244 
1.41369e+07 -1.34944e+06 8.1214e+06 -81123 -1.94783e+06 5156 
1.44861e+07 -1.40463e+06 8.14409e+06 -108722 -1.96296e+06 20990 
1.41865e+07 -1.36068e+06 8.13002e+06 -67167 -1.95956e+06 7635 
1.42933e+07 -1.30517e+06 8.19786e+06 -74391 -1.98005e+06 36174 
1.41742e+07 -1.59821e+06 8.07253e+06 -56070 -1.95252e+06 -2698 
1.42944e+07 -1.54833e+06 8.18373e+06 -27771 -1.97082e+06 25673 
1.40798e+07 -1.6248e+06 8.13792e+06 -39014 -1.9223e+06 -16873 
1.41537e+07 -1.58289e+06 8.32042e+06 -51574 -1.92777e+06 -13558 
1.41537e+07 -1.58289e+06 8.32042e+06 -51574 -1.92777e+06 -13558 
1.40447e+07 -1.55384e+06 8.21935e+06 -30157 -1.94254e+06 -11565 
1.40447e+07 -1.55384e+06 8.21935e+06 -30157 -1.94254e+06 -11565 
1.41888e+07 -1.37139e+06 8.2501e+06 -81944 -1.98132e+06 43255 
1.40957e+07 -1.63216e+06 8.1998e+06 -54446 -1.93819e+06 -19183 
1.41865e+07 -1.42856e+06 8.37641e+06 -36370 -1.98496e+06 28211 
1.40417e+07 -1.366e+06 8.17784e+06 -100189 -1.93945e+06 -13072 
1.42266e+07 -1.1737e+06 8.20822e+06 -85591 -1.97349e+06 19618 
1.41285e+07 -1.34039e+06 8.27488e+06 -84537 -1.95822e+06 3555 
1.42338e+07 -1.3395e+06 8.33809e+06 -70277 -1.96678e+06 19050 
1.4089e+07 -1.33968e+06 8.07651e+06 -92709 -1.96681e+06 2442 
1.4148e+07 -1.01428e+06 8.13441e+06 -118023 -1.96473e+06 17275 
1.40873e+07 -978603 7.89688e+06 -151607 -1.96292e+06 7613 
1.41164e+07 -827762 7.92921e+06 -139173 -1.96023e+06 -236 
1.40767e+07 -914747 8.1008e+06 -128908 -1.95732e+06 12968 
1.42606e+07 -1.1832e+06 7.98359e+06 -124587 -1.96016e+06 -7813 
1.43005e+07 -1.02201e+06 8.11286e+06 -111485 -1.98328e+06 26872 
1.38775e+07 -1.22298e+06 8.1301e+06 -92200 -1.93671e+06 -5799 
1.43362e+07 -1.29228e+06 8.11982e+06 -113543 -1.99941e+06 38391 
1.40279e+07 -1.41997e+06 8.12131e+06 -71021 -1.95024e+06 -7592 
1.42372e+07 -1.44491e+06 8.24804e+06 -62233 -1.98145e+06 29723 
1.40287e+07 -1.53717e+06 8.10522e+06 -56627 -1.94644e+06 -20657 
1.42575e+07 -1.46978e+06 8.23157e+06 -26302 -1.98052e+06 27180 
1.40225e+07 -1.32294e+06 8.08099e+06 -60322 -1.95478e+06 -17775 
1.43925e+07 -1.21855e+06 8.14031e+06 -109806 -1.9891e+06 34397 
1.37948e+07 -1.04825e+06 8.03117e+06 -93366 -1.94214e+06 -12283 
1.4551e+07 -1.26696e+06 8.15014e+06 -129639 -1.98733e+06 31908 
1.40467e+07 -1.11361e+06 8.04244e+06 -116633 -1.93615e+06 -6452 
1.43086e+07 -1.138e+06 8.07704e+06 -121584 -1.98438e+06 34391 
1.42968e+07 -1.29743e+06 8.17816e+06 -100838 -1.95149e+06 -10503 
1.40976e+07 -1.31817e+06 8.1105e+06 -86191 -1.96238e+06 22237 
1.40394e+07 -1.36157e+06 8.00847e+06 -91107 -1.93252e+06 519 
1.43297e+07 -1.51592e+06 8.19687e+06 -53748 -1.9698e+06 15110 
1.40688e+07 -1.27504e+06 8.01266e+06 -86131 -1.94702e+06 8494 
1.41807e+07 -1.49028e+06 8.1953e+06 -70697 -1.9587e+06 8310 
1.41686e+07 -1.4459e+06 8.11584e+06 -45868 -1.96172e+06 15154 
1.40205e+07 -1.46869e+06 8.24234e+06 -42400 -1.94883e+06 -816 
1.41467e+07 -1.50241e+06 8.27754e+06 -46299 -1.97015e+06 17253 
1.40725e+07 -1.68713e+06 8.36442e+06 -3760 -1.94071e+06 -8482 
1.42586e+07 -1.6843e+06 8.47869e+06 -31884 -1.97609e+06 27785 
1.41684e+07 -1.81515e+06 8.38364e+06 -1852 -1.95031e+06 -11040 
1.4431e+07 -1.96331e+06 8.73356e+06 16732 -1.9893e+06 35872 
1.40642e+07 -2.02364e+06 8.55559e+06 45396 -1.9378e+06 -8225 
1.43942e+07 -2.2085e+06 8.80078e+06 52967 -1.97794e+06 33345 
1.41961e+07 -2.20998e+06 8.76228e+06 65926 -1.94597e+06 -16436 
1.42644e+07 -1.92982e+06 8.59359e+06 24350 -1.97672e+06 24179 
1.39177e+07 -1.30245e+06 8.3397e+06 -78381 -1.93951e+06 -18944 
1.43779e+07 -980285 8.12278e+06 -143445 -1.97877e+06 33318 
1.412e+07 -1.05769e+06 8.01087e+06 -139137 -1.95197e+06 -3970 
1.42873e+07 -909183 8.16821e+06 -129562 -1.97776e+06 26668 
1.41046e+07 -1.07415e+06 7.88724e+06 -152466 -1.94956e+06 -8019 
1.41112e+07 -872941 8.09869e+06 -142250 -1.97004e+06 25250 
1.40839e+07 -1.02486e+06 7.86876e+06 -162097 -1.9541e+06 -7500 
1.41316e+07 -926100 8.0869e+06 -131470 -1.97292e+06 12362 
1.43405e+07 -1.20067e+06 8.05404e+06 -124382 -1.97162e+06 12903 
1.43405e+07 -1.20067e+06 8.05404e+06 -124382 -1.97162e+06 12903 
1.4009e+07 -1.14602e+06 8.14825e+06 -110635 -1.95386e+06 14774 
1.40905e+07 -1.36162e+06 7.98743e+06 -103708 -1.95714e+06 7360 
1.42333e+07 -1.02104e+06 7.98188e+06 -90349 -1.96663e+06 18676 
1.40169e+07 -1.16814e+06 8.01867e+06 -81805 -1.95372e+06 2364 
1.41758e+07 -1.39027e+06 8.11564e+06 -84141 -1.97e+06 20581 
1.41178e+07 -1.53048e+06 8.10971e+06 -67070 -1.94885e+06 -14113 
1.41944e+07 -1.41378e+06 8.22214e+06 -54057 -1.97335e+06 27250 
1.41188e+07 -1.55654e+06 8.3145e+06 -28213 -1.94136e+06 -7975 
1.42635e+07 -1.5311e+06 8.32031e+06 -29890 -1.99009e+06 30569 
1.3925e+07 -1.7513e+06 8.30283e+06 10316 -1.94992e+06 -12007 
1.41893e+07 -1.77521e+06 8.38878e+06 7457 -1.97503e+06 30293 
1.42272e+07 -1.71008e+06 8.3285e+06 22244 -1.97813e+06 21954 
1.41408e+07 -1.48921e+06 8.35346e+06 -65082 -1.95469e+06 16091 
1.42505e+07 -1.66074e+06 8.38405e+06 -18541 -1.97541e+06 20041 
1.42505e+07 -1.66074e+06 8.38405e+06 -18541 -1.97541e+06 20041 
1.38677e+07 -1.52492e+06 8.30177e+06 -31421 -1.9405e+06 -10410 
1.42678e+07 -1.78399e+06 8.54385e+06 10214 -1.97512e+06 20237 
1.40092e+07 -1.37476e+06 8.1228e+06 -42443 -1.94131e+06 2313 
1.42033e+07 -1.45884e+06 8.34958e+06 -56695 -1.96951e+06 16916 
1.41127e+07 -1.38838e+06 8.13601e+06 -78642 -1.95579e+06 -225 
1.40032e+07 -1.42143e+06 8.13845e+06 -61649 -1.94335e+06 -4202 
1.41335e+07 -1.42682e+06 8.28163e+06 -80235 -1.95752e+06 17282 
1.4157e+07 -1.80196e+06 8.42252e+06 -54345 -1.96553e+06 -1569 
1.39398e+07 -1.21621e+06 8.07408e+06 -91910 -1.93803e+06 -1493 
1.39398e+07 -1.21621e+06 8.07408e+06 -91910 -1.93803e+06 -1493 
1.39761e+07 -1.34727e+06 8.11598e+06 -73155 -1.94605e+06 -17875 
1.39761e+07 -1.34727e+06 8.11598e+06 -73155 -1.94605e+06 -17875 
1.42886e+07 -1.2606e+06 8.28724e+06 -86305 -1.97711e+06 27775 
1.40627e+07 -1.43358e+06 8.23594e+06 -82813 -1.94001e+06 -20047 
1.403e+07 -1.3811e+06 8.31803e+06 -78301 -1.97346e+06 28099 
1.39749e+07 -1.7697e+06 7.9043e+06 -118506 -1.94349e+06 -7882 
1.44291e+07 -1.33207e+06 8.34732e+06 -77179 -1.99168e+06 30650 
1.377e+07 -1.58072e+06 8.17099e+06 -62759 -1.93309e+06 -10785 
1.4357e+07 -1.47134e+06 8.38049e+06 -42530 -2.00231e+06 24017 
1.40373e+07 -1.4678e+06 8.36329e+06 -46785 -1.9498e+06 -18799 
1.41221e+07 -1.71949e+06 8.36146e+06 -39600 -1.96838e+06 15390 
1.39981e+07 -1.60055e+06 8.28507e+06 -37571 -1.94252e+06 -10745 
1.42114e+07 -1.71076e+06 8.38346e+06 -52834 -1.96595e+06 12448 
1.39398e+07 -1.40545e+06 8.22142e+06 -54146 -1.94299e+06 -1540 
1.42896e+07 -1.64102e+06 8.39652e+06 -38670 -1.97534e+06 9761 
1.42611e+07 -1.41814e+06 8.32926e+06 -57869 -1.95161e+06 10612 
1.42437e+07 -1.68434e+06 8.32967e+06 -56311 -1.9793e+06 7818 
1.42437e+07 -1.68434e+06 8.32967e+06 -56311 -1.9793e+06 7818 
1.39897e+07 -1.45301e+06 8.16428e+06 -49127 -1.93803e+06 -1261 
1.43231e+07 -1.75882e+06 8.52291e+06 -46084 -1.97736e+06 13958 
1.40154e+07 -1.42761e+06 8.24934e+06 -32944 -1.95957e+06 -13354 
1.40753e+07 -1.38592e+06 8.3796e+06 -72081 -1.97858e+06 22865 
1.41474e+07 -1.75924e+06 8.56567e+06 -47174 -1.95814e+06 -15098 
1.42186e+07 -1.49962e+06 8.41429e+06 -50408 -1.98802e+06 27799 
1.40456e+07 -1.55022e+06 8.10313e+06 -54787 -1.95453e+06 -12698 
1.41666e+07 -1.61306e+06 8.48537e+06 -27446 -1.98817e+06 27370 
1.39519e+07 -1.41701e+06 8.0798e+06 -84322 -1.93998e+06 -18411 
1.43253e+07 -1.40215e+06 8.3094e+06 -78556 -1.98637e+06 25677 
1.40228e+07 -1.54284e+06 8.28754e+06 -57598 -1.94097e+06 -14000 
1.42313e+07 -1.60043e+06 8.51332e+06 -38728 -1.9814e+06 25891 
1.39902e+07 -1.44593e+06 8.23135e+06 -42939 -1.9467e+06 -8760 
1.39285e+07 -1.72668e+06 8.36158e+06 -16806 -1.94492e+06 -8417 
1.39285e+07 -1.72668e+06 8.36158e+06 -16806 -1.94492e+06 -8417 
1.40526e+07 -1.68246e+06 8.43096e+06 -11601 -1.97084e+06 22799 
1.40496e+07 -1.56442e+06 8.3056e+06 -55092 -1.94468e+06 -5253 
1.40999e+07 -1.54075e+06 8.25481e+06 -33038 -1.97229e+06 19543 
1.39863e+07 -1.50624e+06 8.3105e+06 -69764 -1.9585e+06 2716 
1.41898e+07 -1.44804e+06 8.2224e+06 -85684 -1.96646e+06 12696 
1.40599e+07 -1.32486e+06 8.13079e+06 -62497 -1.96526e+06 7830 
1.41578e+07 -1.62655e+06 8.17754e+06 -54107 -1.96835e+06 10291 
1.40704e+07 -1.63038e+06 8.35323e+06 -23118 -1.96955e+06 12099 
1.39854e+07 -1.75135e+06 8.39406e+06 -9910 -1.95506e+06 2474 
1.41076e+07 -1.59816e+06 8.28985e+06 -39603 -1.97004e+06 9790 
1.40158e+07 -1.69369e+06 8.44971e+06 -20617 -1.94928e+06 -2839 
1.41615e+07 -1.68717e+06 8.4462e+06 -26852 -1.97135e+06 23609 
1.42834e+07 -1.63576e+06 8.4357e+06 -17440 -1.98483e+06 29084 
1.42834e+07 -1.63576e+06 8.4357e+06 -17440 -1.98483e+06 29084 
1.39452e+07 -1.75305e+06 8.35046e+06 -26273 -1.94388e+06 -9552 
1.43562e+07 -1.9085e+06 8.59991e+06 1595 -1.98419e+06 25007 
1.39487e+07 -1.72105e+06 8.19536e+06 -36087 -1.93534e+06 -18094 
1.41337e+07 -1.43408e+06 8.35874e+06 -87380 -1.95627e+06 21443 
1.40419e+07 -1.53238e+06 8.23647e+06 -62575 -1.93274e+06 -14414 
1.41867e+07 -1.48084e+06 8.44536e+06 -48802 -1.97261e+06 33267 
1.4016e+07 -1.63995e+06 8.21109e+06 -64410 -1.93854e+06 -6295 
1.4208e+07 -1.77713e+06 8.48437e+06 -31382 -1.95815e+06 21889 
1.402e+07 -1.78067e+06 8.38117e+06 -39082 -1.93498e+06 -7254 
1.41575e+07 -1.6431e+06 8.21378e+06 -32634 -1.95813e+06 15515 
1.41641e+07 -1.77071e+06 8.35302e+06 -12503 -1.94622e+06 -5386 
1.41096e+07 -1.52301e+06 8.38073e+06 -53614 -1.95728e+06 15801 
1.40834e+07 -1.46381e+06 8.06372e+06 -82321 -1.9424e+06 -1147 
1.41719e+07 -1.46489e+06 8.33969e+06 -59322 -1.96487e+06 12420 
1.40741e+07 -1.44832e+06 8.24103e+06 -84969 -1.95392e+06 4574 
1.4006e+07 -1.49984e+06 8.24551e+06 -66462 -1.95849e+06 10562 
1.41008e+07 -1.5942e+06 8.33566e+06 -51074 -1.96133e+06 9111 
1.39731e+07 -1.60687e+06 8.3443e+06 -31510 -1.94808e+06 -637 
1.42231e+07 -1.2362e+06 8.40317e+06 -67361 -1.95929e+06 13107 
1.40294e+07 -1.50387e+06 8.14424e+06 -58811 -1.95102e+06 -1294 
1.41434e+07 -1.56329e+06 8.23456e+06 -55004 -1.96333e+06 19795 
1.40941e+07 -1.61969e+06 8.1499e+06 -46800 -1.96067e+06 2258 
1.42441e+07 -1.60843e+06 8.41307e+06 -35517 -1.973e+06 22968 
1.38785e+07 -1.74579e+06 8.26941e+06 -25447 -1.93831e+06 -11338 
1.4189e+07 -1.79882e+06 8.35823e+06 -21673 -1.97565e+06 21636 
1.40898e+07 -1.85794e+06 8.37709e+06 -24278 -1.94562e+06 -15479 
1.4166e+07 -1.51555e+06 8.44677e+06 -21089 -1.9677e+06 16118 
1.39898e+07 -1.7393e+06 8.25781e+06 -30816 -1.93993e+06 -13534 
1.42491e+07 -1.74709e+06 8.68222e+06 -31773 -1.98347e+06 25798 
1.40563e+07 -1.26329e+06 8.04792e+06 -94057 -1.94331e+06 -9234 
1.42562e+07 -807008 7.94765e+06 -182986 -1.97995e+06 22344 
1.40341e+07 -793386 7.68586e+06 -171580 -1.94633e+06 -9246 
1.40173e+07 -718003 7.87986e+06 -173748 -1.97634e+06 12395 
1.40432e+07 -958071 7.8153e+06 -186735 -1.96867e+06 14523 
1.40432e+07 -958071 7.8153e+06 -186735 -1.96867e+06 14523 
1.38778e+07 -781683 7.80148e+06 -180990 -1.94407e+06 1988 
1.40428e+07 -919617 7.8879e+06 -184957 -1.96957e+06 11374 
1.39623e+07 -781675 7.60942e+06 -163253 -1.9535e+06 -5125 
1.40147e+07 -876335 7.88839e+06 -176359 -1.96487e+06 7990 
1.39651e+07 -821606 7.8043e+06 -176311 -1.94504e+06 -4929 
1.41179e+07 -1.09363e+06 7.6432e+06 -182304 -1.95587e+06 -3229 
1.4015e+07 -893150 7.89669e+06 -191642 -1.97805e+06 15378 
1.39993e+07 -904340 7.85864e+06 -177273 -1.94522e+06 -11017 
1.40778e+07 -934315 7.86722e+06 -191555 -1.9743e+06 19516 
1.3857e+07 -903643 7.89109e+06 -179374 -1.94967e+06 -8452 
1.43158e+07 -971893 7.91893e+06 -168619 -1.98434e+06 30051 
1.41569e+07 -797807 7.99114e+06 -183814 -1.98311e+06 26188 
1.41569e+07 -797807 7.99114e+06 -183814 -1.98311e+06 26188 
1.40978e+07 -1.20079e+06 7.82792e+06 -176586 -1.94392e+06 -15597 
1.39689e+07 -1.11851e+06 7.76855e+06 -182939 -1.95356e+06 -10880 
1.39689e+07 -1.11851e+06 7.76855e+06 -182939 -1.95356e+06 -10880 
1.43251e+07 -887757 7.96395e+06 -178656 -1.97272e+06 19800 
1.41257e+07 -1.03138e+06 7.84506e+06 -195271 -1.9817e+06 22758 
1.41257e+07 -1.03138e+06 7.84506e+06 -195271 -1.9817e+06 22758 
1.45711e+07 -847181 7.78785e+06 -175043 -1.98974e+06 8834 
1.38865e+07 -699544 7.73396e+06 -165749 -1.94712e+06 -4396 
1.38865e+07 -699544 7.73396e+06 -165749 -1.94712e+06 -4396 
1.45431e+07 -2.10598e+06 8.08042e+06 -226609 -1.98453e+06 33544 
1.46004e+07 -2.47728e+06 7.49752e+06 -239495 -1.98001e+06 18280 
1.53007e+07 -4.19691e+06 8.01632e+06 -311227 -2.00338e+06 43195 
