0.0606922 -0.0430301 0.0704208 0.0176867 0.0126121 0.00809026 
0.151308 -0.0853089 0.142853 0.0347336 0.0354477 0.0161192 
0.240052 -0.126971 0.21506 0.0516065 0.0577491 0.0241328 
0.0824101 -0.0484265 0.288117 0.0356036 -7.26005e-05 0.0319938 
0.0909346 -0.107077 0.334838 0.0554287 0.0034902 0.0298378 
0.086669 -0.144267 0.312554 0.0669619 0.00295247 0.0270003 
0.0510575 -0.18152 0.288009 0.0789403 -0.00821455 0.0242128 
-0.101556 -0.178634 0.326672 0.0759604 -0.0536938 0.0167903 
0.140954 -0.280773 0.245265 0.102677 0.0303882 0.00902948 
0.215912 -0.245381 0.190072 0.0934711 0.05269 0.0112741 
0.197802 -0.216211 0.233878 0.0819028 0.049113 0.00631603 
0.0507296 -0.153237 0.252572 0.0582826 0.00571621 0.00437723 
0.135742 -0.164729 0.152621 0.0636299 0.0338966 0.0019088 
0.104257 -0.201123 0.163346 0.0743952 0.0168016 0.00818453 
-0.0915803 -0.205679 0.210639 0.0756925 -0.0444824 0.00235727 
-0.100044 -0.193026 0.132738 0.0728583 -0.0505894 0.00916424 
0.016074 -0.233502 0.0821062 0.0877141 -0.0101416 -9.65154e-05 
0.093798 -0.227505 0.123674 0.0838496 0.00786363 0.00942252 
0.00575844 -0.194584 0.126477 0.0718703 -0.00781453 -0.00308164 
0.207426 -0.219979 0.0782608 0.077865 0.0463169 0.0126607 
0.262039 -0.234103 0.0606947 0.0812168 0.0701261 -0.000538944 
0.265094 -0.233686 0.0508244 0.0800902 0.0588139 0.0158159 
0.170352 -0.262065 -0.0219256 0.0877461 0.0396813 0.00144443 
0.246235 -0.274578 -0.00313605 0.0921071 0.0517245 0.0148739 
0.159371 -0.293279 -0.0299447 0.0975429 0.034055 0.000538555 
0.202642 -0.30258 -0.00101721 0.100178 0.043122 0.0127576 
0.141627 -0.264617 -0.0199985 0.0874615 0.0367957 -0.000292112 
0.262348 -0.211259 -0.0423231 0.0729906 0.0706363 0.0101665 
0.345025 -0.190793 -0.108942 0.0676404 0.102552 0.00658606 
0.369855 -0.164601 -0.0539734 0.061246 0.110597 0.0127715 
0.282993 -0.156549 -0.114148 0.0573278 0.0893711 0.00959532 
0.409366 -0.200616 -0.124329 0.0722591 0.13063 0.0115412 
0.321067 -0.243418 -0.120022 0.0835974 0.103637 0.0110422 
0.247076 -0.296742 -0.0965802 0.0985881 0.0872248 0.0039907 
0.328978 -0.333569 -0.136377 0.108806 0.111509 0.0100268 
0.317507 -0.349224 -0.138983 0.115976 0.114101 0.0019249 
0.346153 -0.345813 -0.146271 0.115392 0.115193 0.0137169 
0.325652 -0.369843 -0.128595 0.123623 0.117453 0.00479443 
0.384119 -0.379384 -0.13439 0.128131 0.128768 0.0200406 
0.314019 -0.376869 -0.159923 0.129498 0.112954 0.00632588 
0.379152 -0.359963 -0.127554 0.12628 0.124789 0.0202672 
0.271881 -0.382393 -0.140531 0.1363 0.104238 0.00301243 
0.365328 -0.377795 -0.146587 0.140181 0.12447 0.015678 
0.272236 -0.395335 -0.136292 0.148972 0.103449 0.000524582 
0.331491 -0.447321 -0.0846264 0.170814 0.117657 0.0125363 
0.25935 -0.50399 -0.124407 0.193806 0.100238 0.00355327 
0.314503 -0.568647 -0.099668 0.221074 0.110083 0.0116714 
0.244403 -0.625982 -0.0861758 0.246243 0.0912257 0.00483858 
0.249701 -0.675983 -0.091423 0.273095 0.0906207 0.00586034 
0.207522 -0.69357 -0.102804 0.28453 0.0758926 0.00446931 
0.234087 -0.74146 -0.0738647 0.308784 0.0826856 0.00351516 
0.248183 -0.770511 -0.0650907 0.324914 0.0853851 0.00894186 
0.241817 -0.823691 -0.0562834 0.347274 0.08576 0.00396491 
0.331617 -0.858488 -0.0204598 0.360244 0.106315 0.0143751 
0.28245 -0.884448 -0.0131046 0.37503 0.099576 0.00382631 
0.322954 -0.882369 0.0131172 0.374965 0.107696 0.0130003 
0.259852 -0.898918 0.0242818 0.380012 0.0930191 0.000743709 
0.26293 -0.902086 0.0411227 0.381035 0.0912495 0.00629861 
0.169394 -0.867919 0.0258036 0.369374 0.0694802 -0.00749464 
0.251626 -0.871767 0.0310834 0.365835 0.0857521 0.00575631 
0.218232 -0.859289 0.019406 0.356911 0.0822567 -0.00487729 
0.304345 -0.807402 0.000223361 0.335214 0.104122 0.00711688 
0.315121 -0.735243 -0.0408788 0.306618 0.109744 0.00537404 
0.402503 -0.730912 -0.0571409 0.302665 0.134744 0.0168389 
0.371491 -0.653347 -0.132882 0.268936 0.133289 0.00955548 
0.389144 -0.609097 -0.148392 0.246285 0.137896 0.0136553 
0.347817 -0.540151 -0.166277 0.214854 0.131365 0.0101929 
0.366473 -0.512636 -0.153873 0.197625 0.139074 0.0110058 
0.355628 -0.437368 -0.180788 0.163692 0.136213 0.0118802 
0.329707 -0.423376 -0.158629 0.157735 0.128922 0.00945528 
0.347091 -0.397266 -0.160684 0.151363 0.13088 0.0166796 
0.303739 -0.427411 -0.181676 0.162561 0.121519 0.00802881 
0.339329 -0.408822 -0.233519 0.158254 0.127548 0.0193655 
0.289248 -0.418603 -0.2397 0.161686 0.117968 0.00843431 
0.371135 -0.432196 -0.260343 0.164626 0.135411 0.0209224 
0.316166 -0.43802 -0.297227 0.165214 0.124893 0.0078587 
0.358695 -0.419663 -0.296307 0.159152 0.13203 0.0174289 
0.370326 -0.392897 -0.275976 0.15068 0.13462 0.013952 
0.439275 -0.362726 -0.274907 0.142125 0.14732 0.0257868 
0.357029 -0.343139 -0.247303 0.133721 0.131832 0.0110284 
0.44646 -0.353668 -0.2526 0.134774 0.15121 0.0226544 
0.455845 -0.365199 -0.269513 0.135402 0.153585 0.0186365 
0.409103 -0.384771 -0.268757 0.141273 0.140853 0.016374 
0.320674 -0.387673 -0.30561 0.138378 0.115877 0.0096525 
0.267904 -0.383191 -0.297812 0.138967 0.0947518 0.0150916 
0.171654 -0.360932 -0.321038 0.130514 0.0653808 0.0115265 
0.112932 -0.323804 -0.32503 0.121999 0.0498347 0.00903354 
0.0739613 -0.311058 -0.322895 0.115592 0.0373234 0.00878133 
0.0550425 -0.33245 -0.29836 0.124847 0.0355501 0.00538377 
0.180119 -0.351977 -0.340566 0.127495 0.0684276 0.0124775 
0.243666 -0.349456 -0.326935 0.127119 0.0843363 0.0195807 
0.321766 -0.355887 -0.320844 0.126662 0.098034 0.0323325 
0.290924 -0.383832 -0.370801 0.135985 0.093528 0.0209996 
0.275484 -0.352821 -0.381243 0.127392 0.0829189 0.0308163 
0.197772 -0.331903 -0.375678 0.123506 0.0678839 0.0169894 
0.228636 -0.348746 -0.377631 0.130927 0.0809417 0.0145501 
0.150124 -0.352469 -0.383458 0.132406 0.0673428 -3.43343e-05 
0.25545 -0.332408 -0.336321 0.123774 0.0907001 0.0131171 
0.262672 -0.368674 -0.357323 0.133891 0.096004 0.00419545 
0.306085 -0.370143 -0.332935 0.13466 0.10025 0.0150106 
0.230091 -0.363344 -0.350604 0.131731 0.0800919 0.0065551 
0.268983 -0.357455 -0.298075 0.132735 0.0879498 0.0107606 
0.157216 -0.351818 -0.328812 0.13461 0.0634882 -0.00221338 
0.203714 -0.34586 -0.308607 0.131456 0.0775705 -0.00136706 
0.183668 -0.334355 -0.293384 0.125658 0.0720755 -0.00103486 
0.182578 -0.329887 -0.27904 0.124788 0.0716173 -0.00287647 
0.207514 -0.325676 -0.298205 0.119179 0.0727623 0.00588221 
0.21453 -0.337071 -0.280605 0.121846 0.0709257 0.00772414 
0.195747 -0.316992 -0.273527 0.11804 0.0622476 0.0162472 
0.0973679 -0.326874 -0.303198 0.125658 0.0399374 0.00342368 
0.108393 -0.30833 -0.286001 0.122007 0.0401295 0.012706 
0.125446 -0.315212 -0.281353 0.124844 0.0459871 0.0129963 
0.223102 -0.30865 -0.25907 0.120738 0.0692256 0.0266519 
0.195817 -0.319255 -0.261006 0.123532 0.0660137 0.0152534 
0.300143 -0.319696 -0.262132 0.123355 0.0898989 0.027443 
0.252705 -0.347261 -0.279035 0.131236 0.0812989 0.0176358 
0.181941 -0.358124 -0.302807 0.13973 0.0646855 0.0114953 
0.125252 -0.366175 -0.315863 0.144789 0.0534198 0.0026955 
0.169553 -0.386516 -0.298006 0.151643 0.064245 0.00759099 
0.160629 -0.376991 -0.280992 0.148237 0.0631028 0.00640176 
0.199869 -0.389235 -0.247157 0.152507 0.0745457 0.0092569 
0.264734 -0.402443 -0.255499 0.156093 0.0925998 0.0115816 
0.241158 -0.432065 -0.259255 0.169067 0.0887482 0.00754861 
0.275223 -0.414033 -0.254694 0.162391 0.0958128 0.0141171 
0.209843 -0.40507 -0.304593 0.161654 0.0825251 0.00480128 
0.23641 -0.403946 -0.298669 0.161261 0.0854534 0.0109666 
0.149031 -0.390722 -0.295874 0.154582 0.066966 -0.000498924 
0.148103 -0.349295 -0.312754 0.137651 0.064879 0.000554614 
0.139463 -0.322622 -0.336488 0.128207 0.0597591 0.00162335 
0.187047 -0.354183 -0.308444 0.136164 0.0696589 0.00366541 
0.123485 -0.347948 -0.323919 0.131432 0.0554915 -0.00631345 
0.13479 -0.356201 -0.307442 0.133352 0.0557393 -0.00391472 
0.154058 -0.412306 -0.300703 0.152531 0.064545 -0.00411677 
0.121688 -0.42518 -0.288808 0.160637 0.0612486 -0.011449 
0.127312 -0.388608 -0.279248 0.151654 0.0634141 -0.00613116 
0.153839 -0.380623 -0.299478 0.149258 0.0666618 0.0012063 
0.160188 -0.361477 -0.28276 0.144729 0.0688001 0.00247826 
0.147121 -0.309177 -0.251895 0.127267 0.0627189 0.00285419 
0.13466 -0.330747 -0.267356 0.132245 0.0592153 6.10752e-05 
0.21084 -0.396443 -0.265079 0.149777 0.0771747 0.00590916 
0.152787 -0.374457 -0.248378 0.14568 0.0657037 -0.00482074 
0.206775 -0.370418 -0.271845 0.144528 0.0756037 0.00482465 
0.225963 -0.402043 -0.302571 0.157082 0.0840975 0.0026621 
0.265877 -0.392176 -0.264782 0.157108 0.0913387 0.0134324 
0.189593 -0.337925 -0.240918 0.143675 0.0688129 0.0147421 
0.243265 -0.348812 -0.215515 0.148868 0.0782567 0.0302929 
0.196678 -0.385958 -0.245763 0.162404 0.075165 0.0174747 
0.22712 -0.348475 -0.230399 0.146306 0.0768122 0.0291072 
0.175932 -0.367896 -0.244404 0.149921 0.0697525 0.0152131 
0.223566 -0.395907 -0.272522 0.157267 0.087973 0.0113725 
0.197602 -0.372723 -0.328655 0.146643 0.0848793 0.00181274 
0.21682 -0.373628 -0.265863 0.147082 0.0818689 0.0111011 
0.183433 -0.390472 -0.263674 0.155543 0.0758675 0.00600345 
0.210812 -0.405569 -0.282235 0.161594 0.0811125 0.0114957 
0.17147 -0.398631 -0.303989 0.157328 0.0672503 0.0117922 
0.175798 -0.410016 -0.283592 0.165717 0.0703889 0.00954781 
0.202038 -0.360241 -0.308549 0.150705 0.0782182 0.0121586 
0.210767 -0.412574 -0.322363 0.168033 0.0866027 0.00569899 
0.231529 -0.37736 -0.297476 0.15656 0.0882994 0.0137816 
0.202756 -0.376316 -0.269092 0.158942 0.0874542 0.00409547 
0.212882 -0.383418 -0.281678 0.161168 0.0880845 0.0113071 
0.1922 -0.406907 -0.320774 0.168242 0.0891537 -4.33018e-05 
0.271997 -0.35197 -0.287273 0.149067 0.103745 0.0127463 
0.202267 -0.373524 -0.323838 0.152156 0.0902347 -0.00156209 
0.227195 -0.353037 -0.326956 0.143924 0.0908321 0.00805527 
0.256986 -0.381005 -0.302751 0.148832 0.103949 0.00226418 
0.248863 -0.3854 -0.264875 0.151013 0.0974474 0.0114908 
0.161147 -0.388136 -0.303868 0.152051 0.0758613 0.00314293 
0.232213 -0.394665 -0.296847 0.15984 0.0965339 0.0103799 
0.226943 -0.393693 -0.290586 0.161416 0.0964452 0.00892552 
0.225189 -0.40862 -0.305621 0.168526 0.0950017 0.0103929 
0.232301 -0.394144 -0.301128 0.161566 0.0976297 0.0108736 
0.216731 -0.406327 -0.300487 0.169369 0.0978968 0.0071219 
0.213276 -0.386265 -0.281735 0.160733 0.0945515 0.0106843 
0.224442 -0.399639 -0.284144 0.164266 0.102708 0.00484761 
0.177362 -0.380359 -0.278305 0.156118 0.0910759 0.000389207 
0.130418 -0.401348 -0.293984 0.163003 0.0817605 -0.00919053 
0.162166 -0.370621 -0.274584 0.150471 0.0832078 0.00163661 
0.126262 -0.38187 -0.312284 0.155112 0.077473 -0.00830608 
0.129681 -0.381583 -0.291527 0.157155 0.0744541 0.000619074 
0.131015 -0.376499 -0.2999 0.157438 0.0775629 0.00131537 
0.186522 -0.365481 -0.28891 0.157794 0.0900942 0.0124323 
0.168936 -0.386111 -0.298243 0.166586 0.0928858 0.00322641 
0.214105 -0.396365 -0.266636 0.172666 0.102314 0.0126437 
0.212817 -0.420255 -0.304837 0.181692 0.107223 0.00614309 
0.266167 -0.448868 -0.281635 0.195231 0.120151 0.0135403 
0.248951 -0.487827 -0.284045 0.209872 0.121595 0.008539 
0.262346 -0.509635 -0.283619 0.219809 0.123979 0.0107593 
0.267333 -0.507284 -0.278785 0.220519 0.128221 0.00904721 
0.272407 -0.544609 -0.252191 0.236872 0.131188 0.00820759 
0.305869 -0.524812 -0.247609 0.229253 0.136289 0.0131392 
0.298158 -0.540763 -0.247013 0.237489 0.133497 0.00904313 
0.283454 -0.558245 -0.239884 0.245754 0.129066 0.00874089 
0.245986 -0.630547 -0.243533 0.270134 0.120203 0.000904054 
0.25289 -0.583172 -0.250919 0.260825 0.114899 0.010038 
0.193714 -0.662062 -0.235118 0.293085 0.106383 -0.00267341 
0.245088 -0.705233 -0.169757 0.31527 0.115701 0.00650054 
0.202947 -0.738614 -0.201256 0.336925 0.107815 0.00284945 
0.267745 -0.69112 -0.149277 0.326028 0.121319 0.0151221 
0.24433 -0.755841 -0.138001 0.346402 0.120909 0.00463218 
0.279325 -0.718361 -0.118734 0.333923 0.122081 0.0149755 
0.221346 -0.655351 -0.150308 0.306606 0.108854 0.00737228 
0.281764 -0.61598 -0.0925842 0.281981 0.119397 0.0127486 
0.191662 -0.598313 -0.112037 0.270289 0.0961473 0.000300069 
0.197808 -0.590195 -0.10494 0.261418 0.0962858 0.00318729 
0.101107 -0.548149 -0.14882 0.249645 0.0694861 -0.00501833 
0.126073 -0.518867 -0.162881 0.235257 0.0714162 0.000268214 
0.0455649 -0.608897 -0.178577 0.265994 0.0455308 -0.00595385 
0.00882309 -0.71152 -0.192744 0.302345 0.0301145 -0.00592911 
0.0257849 -0.628955 -0.179293 0.283277 0.0248879 0.00135485 
0.0858158 -0.641449 -0.117018 0.28532 0.0379502 0.00808968 
0.0971695 -0.704981 -0.0964735 0.316081 0.0325747 0.0105399 
0.103601 -0.62652 -0.0536168 0.30209 0.0397239 0.00804225 
0.204581 -0.605037 0.00803958 0.298114 0.0652129 0.0197263 
0.129715 -0.694984 0.0160188 0.331658 0.0525613 0.00665658 
0.133092 -0.70878 0.00649098 0.338327 0.0507731 0.00943034 
0.0569986 -0.687474 0.0160493 0.323802 0.0390565 -0.00082251 
0.072038 -0.636434 0.00665331 0.300868 0.0348266 0.0103983 
0.0329676 -0.587462 -0.0225639 0.282908 0.0286536 0.000334385 
0.10132 -0.537892 -0.0339971 0.260383 0.0445046 0.00614892 
0.0752371 -0.496736 -0.0528701 0.242958 0.0422694 -0.000739927 
0.123019 -0.520507 -0.0637285 0.249408 0.0544679 0.00259193 
0.123214 -0.55702 -0.109381 0.257274 0.0543807 0.000415405 
0.109578 -0.512398 -0.130566 0.247019 0.0482381 0.00302459 
0.0629482 -0.563122 -0.162683 0.258336 0.0332362 0.00539809 
0.0340331 -0.642928 -0.197444 0.290595 0.0266012 0.00224759 
0.0446306 -0.642338 -0.177957 0.296812 0.0263608 0.00577022 
0.0617068 -0.690578 -0.161361 0.321019 0.0367311 -0.00108961 
0.105764 -0.797746 -0.103327 0.360184 0.0486163 0.00439064 
0.0917158 -0.833741 -0.0670725 0.384362 0.0493157 -0.00420793 
0.13984 -0.871247 0.00411714 0.405413 0.0569432 0.00616815 
0.0573915 -0.919782 -0.0225111 0.426896 0.038257 -0.00274793 
0.0101714 -0.877641 -0.0230423 0.411869 0.0290833 -0.00456732 
-0.089821 -0.799055 -0.0883157 0.385129 0.0082865 -0.0164029 
-0.0433205 -0.731841 -0.107224 0.347459 0.0249556 -0.0159169 
-0.0456618 -0.580837 -0.144477 0.281205 0.0277941 -0.0160028 
0.016783 -0.427106 -0.141666 0.219786 0.0425985 -0.0027952 
0.0603927 -0.390876 -0.134963 0.190148 0.0534373 0.000381408 
0.176795 -0.400184 -0.160853 0.177674 0.0788024 0.0139288 
0.135072 -0.33279 -0.182406 0.159039 0.0640726 0.01801 
0.154671 -0.410232 -0.204452 0.182061 0.0721241 0.0137779 
0.144033 -0.518367 -0.238563 0.218885 0.071393 0.00515238 
0.163586 -0.571392 -0.238469 0.252172 0.0742819 0.0100876 
0.114146 -0.58638 -0.223073 0.271369 0.0646447 0.00398641 
0.153931 -0.705877 -0.190821 0.323649 0.0747647 0.00358784 
0.12595 -0.772044 -0.17075 0.362161 0.0669666 0.00270317 
0.13084 -0.851666 -0.144837 0.401556 0.0709337 0.00187868 
0.11626 -0.961997 -0.106924 0.450287 0.0697862 -0.00267194 
0.0971773 -1.06454 -0.0518235 0.495863 0.0664381 -0.00656259 
0.0422707 -0.967034 -0.0623768 0.451516 0.0464178 -0.000422916 
0.0418367 -0.94386 -0.0212196 0.43233 0.0493579 -0.00790393 
0.064874 -0.797982 -0.012806 0.373903 0.0503489 -5.02438e-05 
0.0387241 -0.68329 -0.0451003 0.315729 0.0420201 -0.000392766 
0.09358 -0.576008 -0.0338084 0.266753 0.0496651 0.0101518 
0.0634256 -0.630898 -0.026794 0.286293 0.046686 0.000138804 
0.104219 -0.607726 -0.0433135 0.278173 0.0497116 0.0112674 
0.0562766 -0.708872 -0.0500613 0.31801 0.0422825 9.71172e-05 
0.0993151 -0.750826 0.0247485 0.347103 0.0497067 0.00800728 
0.0254646 -0.733012 -0.0452646 0.338086 0.0344468 -0.00310742 
0.092979 -0.765458 -0.0225472 0.353853 0.0478942 0.00439003 
0.0444973 -0.782486 -0.0187097 0.366051 0.0388597 -0.00217083 
0.0897174 -0.746845 -0.0147272 0.355251 0.0439077 0.00540535 
0.0395884 -0.644161 -0.120697 0.302449 0.0281723 -0.00110454 
0.0254193 -0.593657 -0.125495 0.278511 0.0191691 0.000524258 
-0.00970833 -0.47655 -0.185263 0.225524 0.00860129 -0.00177519 
-0.0114322 -0.425223 -0.238573 0.196417 0.00839634 -0.00518425 
-0.0712942 -0.350251 -0.26565 0.148668 -0.00655642 -0.0105137 
-0.0326437 -0.317591 -0.276348 0.132788 0.00112524 -0.00299478 
0.0051564 -0.284645 -0.28715 0.116827 0.00856422 0.0045171 
0.0248697 -0.324973 -0.306759 0.129262 0.0147815 0.000902091 
0.0117063 -0.264645 -0.314792 0.110025 0.0029291 0.0111688 
-0.0711681 -0.236557 -0.354821 0.105866 -0.0183315 0.0070367 
-0.0813702 -0.284853 -0.387476 0.121367 -0.0129791 -0.00365216 
-0.0905331 -0.333583 -0.419973 0.13699 -0.00733012 -0.0143326 
-0.0320519 -0.307276 -0.413649 0.121765 0.00484093 -0.00195276 
0.103797 -0.495269 -0.334253 0.169541 0.0468389 0.00221083 
0.336166 -0.681702 -0.219993 0.220515 0.108257 0.0198514 
0.349336 -1.06879 -0.132135 0.330315 0.111028 0.0239907 
0.335314 -1.54375 -0.0428755 0.472324 0.104258 0.0300072 
0.267203 -2.03788 0.0280684 0.625064 0.091094 0.0218356 
0.208838 -2.44609 -0.0436326 0.745215 0.0762081 0.0146889 
0.150034 -2.85381 -0.115513 0.865228 0.0611967 0.00753907 
0.160672 -3.03987 -0.102223 0.921916 0.0606021 0.0117585 
0.197812 -3.13774 -0.0904465 0.946309 0.0693516 0.0140951 
0.232952 -3.22265 -0.141687 0.97224 0.0773873 0.0166435 
0.0911101 -3.16931 -0.159361 0.956357 0.0380631 0.012521 
0.0769902 -3.25771 -0.212202 0.987118 0.0364372 0.0111678 
0.157959 -3.38504 -0.279445 1.02544 0.057675 0.0182082 
0.151879 -3.58109 -0.344543 1.08491 0.0579372 0.0161431 
0.2032 -3.83242 -0.339069 1.15685 0.0673662 0.0248754 
0.319098 -4.19371 -0.327028 1.26682 0.101716 0.0290003 
0.411427 -4.46256 -0.274199 1.3438 0.120918 0.0414809 
0.424015 -4.74095 -0.254079 1.4282 0.128583 0.0359361 
0.567494 -4.99876 -0.218146 1.50587 0.164924 0.0483223 
0.624285 -5.22068 -0.196962 1.57092 0.18757 0.0407948 
0.766146 -5.40486 -0.16288 1.62479 0.223105 0.0517218 
0.723801 -5.48893 -0.18215 1.65229 0.217224 0.0430541 
0.615051 -5.44915 -0.337204 1.64444 0.178683 0.0496331 
0.581942 -5.3638 -0.313162 1.62075 0.170847 0.0422735 
0.620459 -5.21262 -0.421715 1.57824 0.179742 0.049562 
0.431561 -4.96751 -0.615717 1.51146 0.125841 0.0399049 
0.340628 -4.75789 -0.693538 1.45182 0.0955872 0.0387533 
0.340628 -4.75789 -0.693538 1.45182 0.0955872 0.0387533 
0.37182 -3.84802 -0.566987 1.19002 0.11149 0.0315506 
0.276475 -2.94627 -0.613741 0.934324 0.0886717 0.0233968 
0.160571 -2.07139 -0.52708 0.685183 0.0567307 0.0174059 
0.206059 -1.39337 -0.426231 0.474757 0.0750889 0.0213409 
0.234121 -0.730743 -0.393812 0.269923 0.0888033 0.0252444 
0.213149 -0.645236 -0.322124 0.234214 0.0874033 0.0188749 
0.327921 -0.487787 -0.29857 0.170209 0.119908 0.0318444 
0.175758 -0.511686 -0.26265 0.158888 0.0874899 0.0200357 
0.177148 -0.33838 -0.185247 0.1061 0.0937567 0.00792542 
0.177241 -0.165091 -0.107836 0.0533177 0.0996527 -0.00419627 
0.160693 -0.145711 -0.120385 0.0400518 0.0956423 -0.0035698 
0.116652 -0.247481 -0.107585 0.0702511 0.0798267 -0.00644445 
0.319025 -0.199842 -0.100982 0.0585025 0.12636 0.00754711 
0.359614 -0.221172 -0.0636028 0.066766 0.129955 0.0185493 
0.343751 -0.23713 -0.0613001 0.0708748 0.121536 0.0214196 
0.370484 -0.269841 -0.0465101 0.0833222 0.124526 0.0259742 
0.296662 -0.242799 -0.0326468 0.0759201 0.105914 0.0207606 
0.249477 -0.216103 -0.0355275 0.0678085 0.0937195 0.0146369 
0.199233 -0.207881 -0.0416787 0.0652313 0.07997 0.00783389 
0.195948 -0.217525 -0.0196557 0.0719336 0.0746461 0.00707321 
0.204867 -0.209205 -0.0220279 0.0696526 0.0738403 0.0098921 
0.213465 -0.200925 -0.0243858 0.0673826 0.0729426 0.0127081 
0.161976 -0.209233 -0.0333269 0.0721071 0.0592828 0.00825641 
0.162796 -0.214988 -0.0288423 0.0737149 0.0570385 0.0127919 
0.129967 -0.206332 -0.0215355 0.0718458 0.0496074 0.00882607 
0.144085 -0.23126 -0.0193218 0.0816246 0.0522782 0.0118168 
0.116554 -0.25234 -0.0298229 0.090668 0.0469835 0.00201428 
0.186456 -0.258549 0.0168654 0.093213 0.0616833 0.0142221 
0.176046 -0.288114 -0.00603852 0.104678 0.061865 0.00567275 
0.249264 -0.308185 0.0144347 0.112987 0.0782311 0.0174538 
0.196927 -0.281858 0.00316609 0.105253 0.0666597 0.00577249 
0.239673 -0.307777 0.025279 0.113205 0.0745557 0.0146789 
0.166452 -0.308244 0.0027223 0.112911 0.0577359 0.00409867 
0.186253 -0.303582 0.030877 0.113991 0.0609407 0.00996541 
0.146703 -0.279904 0.0285128 0.10547 0.0507338 0.00471534 
0.191042 -0.318824 0.0567965 0.120407 0.0590701 0.0111629 
0.163921 -0.32597 0.0508347 0.124561 0.0529654 0.00830544 
0.165729 -0.356852 0.0607821 0.139113 0.0515368 0.00871559 
0.154825 -0.361688 0.0751796 0.1418 0.046728 0.00947764 
0.135679 -0.407377 0.0681927 0.162566 0.041615 0.00467546 
0.15803 -0.425619 0.0716223 0.169629 0.0467882 0.00929478 
0.0894203 -0.430757 0.075514 0.174823 0.0277601 0.00134529 
0.153136 -0.45389 0.103612 0.185618 0.0402096 0.0103723 
0.101267 -0.490115 0.0891915 0.203224 0.027631 0.00165778 
0.174282 -0.536439 0.11234 0.22305 0.0409276 0.0142179 
0.0782816 -0.588839 0.0916276 0.24526 0.0177815 0.000495448 
0.157335 -0.639676 0.122436 0.26953 0.0334967 0.0123258 
0.0560393 -0.670428 0.096051 0.285205 0.0107005 -0.00207474 
0.115604 -0.700937 0.122196 0.303453 0.0202492 0.00870847 
0.0378893 -0.731453 0.117591 0.318104 0.00233054 -0.00158357 
0.0863902 -0.788729 0.142855 0.346783 0.00979818 0.00773541 
0.0224409 -0.833555 0.139965 0.366199 -0.00354955 -0.00365262 
0.0768669 -0.886078 0.16764 0.391036 0.00700978 0.00402179 
0.0540037 -0.882344 0.134913 0.383231 0.00556999 -0.000100125 
0.0736275 -0.88565 0.132059 0.380544 0.0135312 -0.00195131 
0.125523 -0.858697 0.145546 0.366132 0.0295709 -0.00158374 
0.151676 -0.841809 0.140898 0.357571 0.0368674 0.00118968 
0.167715 -0.811911 0.144077 0.340779 0.037544 0.0049684 
0.17753 -0.792739 0.14955 0.330679 0.0422146 -0.000488056 
0.236363 -0.696837 0.130273 0.288312 0.0561575 0.0111822 
0.166729 -0.594133 0.0416638 0.243936 0.0434106 0.00328216 
0.229516 -0.489556 0.0167999 0.194975 0.0603392 0.0145951 
0.192317 -0.420819 -0.0604613 0.158012 0.0635971 0.00328046 
0.232968 -0.365557 -0.100062 0.135794 0.0723493 0.0157539 
0.137291 -0.360476 -0.111572 0.132687 0.0534446 0.00112873 
0.208637 -0.36405 -0.0706022 0.132115 0.0697823 0.0132686 
0.141563 -0.37803 -0.109128 0.135384 0.0579885 0.00104861 
0.200273 -0.352577 -0.0709259 0.128438 0.0650579 0.0157227 
0.202211 -0.364116 -0.0542902 0.131149 0.0680609 0.0139959 
0.289342 -0.374668 -0.0650705 0.136318 0.0881942 0.0267198 
0.233684 -0.355192 -0.0935354 0.129599 0.0771844 0.0161612 
0.277946 -0.376672 -0.0639827 0.138167 0.0842601 0.0228168 
0.254925 -0.374871 -0.0893841 0.136149 0.0840169 0.0124999 
0.239235 -0.356049 -0.0939644 0.129464 0.0792915 0.00958678 
0.208841 -0.358989 -0.111826 0.127949 0.0722205 0.00394118 
0.211401 -0.383566 -0.0969115 0.135132 0.0702801 0.00625467 
0.23499 -0.359617 -0.142152 0.124295 0.0767649 0.00864797 
0.219825 -0.357405 -0.146628 0.126949 0.0721071 0.00925206 
0.234118 -0.348687 -0.146433 0.121667 0.0750201 0.0103944 
0.22001 -0.335341 -0.165585 0.118473 0.070531 0.00487309 
0.241799 -0.29595 -0.15859 0.10491 0.0747264 0.0116827 
0.247015 -0.281353 -0.165006 0.102553 0.0788722 0.00227477 
0.283331 -0.276549 -0.17774 0.0986957 0.0835569 0.0117118 
0.205954 -0.275014 -0.204057 0.0992941 0.0662807 0.00174232 
0.272746 -0.274492 -0.222789 0.0979888 0.081292 0.0162532 
0.183091 -0.316429 -0.274106 0.109804 0.0597855 0.00215951 
0.186185 -0.334533 -0.258277 0.114102 0.0562877 0.014312 
0.130524 -0.344283 -0.31326 0.11618 0.0456975 0.000584738 
0.152599 -0.369889 -0.35322 0.122026 0.0497954 0.00322252 
0.077829 -0.350945 -0.32477 0.116301 0.0288969 -0.00165728 
0.139356 -0.325043 -0.304532 0.109726 0.0413243 0.0106433 
0.0752781 -0.332867 -0.321985 0.108477 0.0255834 0.00186731 
0.111869 -0.348753 -0.300132 0.114874 0.033993 0.00632038 
0.0777828 -0.302387 -0.268104 0.100215 0.0185137 0.0103849 
0.073628 -0.322221 -0.306049 0.105171 0.0185218 0.00450401 
0.107168 -0.361759 -0.30363 0.113809 0.0283395 0.00297876 
0.0524547 -0.293788 -0.318366 0.0953941 0.0145705 -0.00231228 
-0.0441576 -0.257286 -0.311879 0.0821084 -0.00987467 -0.00871746 
-0.0789361 -0.273116 -0.321018 0.0884511 -0.0130475 -0.0172211 
-0.0222035 -0.253204 -0.310823 0.0818976 -0.00170208 -0.00625519 
-0.0466916 -0.285223 -0.358531 0.0939824 -0.00623938 -0.0154964 
0.0789503 -0.319415 -0.3159 0.107274 0.0245651 -0.000169026 
0.127359 -0.342667 -0.359584 0.11307 0.0388818 -0.00107397 
0.24187 -0.358189 -0.358733 0.118533 0.064868 0.0118405 
0.115444 -0.343017 -0.377278 0.112021 0.0349748 -0.00504359 
0.165089 -0.290442 -0.387619 0.0952333 0.0427769 0.00766784 
0.0980963 -0.303557 -0.447909 0.0970745 0.0272055 -0.0039004 
0.139685 -0.277046 -0.402109 0.0912423 0.0316686 0.0092784 
0.0853189 -0.287585 -0.442007 0.0927454 0.0228186 -0.00278726 
0.174077 -0.325285 -0.427011 0.108713 0.0459526 0.00555725 
0.134667 -0.313044 -0.403866 0.105917 0.0390081 3.96642e-05 
0.115981 -0.331218 -0.416172 0.111952 0.0335776 -0.00132898 
0.109426 -0.342561 -0.413865 0.113377 0.033045 -0.00255547 
0.0935667 -0.333701 -0.40688 0.111889 0.0266459 -0.000705601 
0.114391 -0.312136 -0.422773 0.103922 0.0290316 0.00599371 
0.0865861 -0.342589 -0.437481 0.112579 0.0255201 -0.000589117 
0.136903 -0.321916 -0.414431 0.106133 0.0341245 0.0125585 
0.101562 -0.345404 -0.429091 0.117206 0.0300601 0.00271685 
0.17055 -0.34681 -0.41899 0.117942 0.0457534 0.0142201 
0.111015 -0.388913 -0.402653 0.130715 0.0378693 -0.0011221 
0.147758 -0.347264 -0.369065 0.119403 0.0417458 0.0107812 
0.0831807 -0.326 -0.397006 0.114068 0.0321492 -0.00357186 
0.15339 -0.315292 -0.367014 0.108713 0.0471398 0.0108936 
0.100259 -0.324728 -0.36742 0.11127 0.0367765 -6.46486e-05 
0.168181 -0.309134 -0.367878 0.106723 0.0503425 0.0139157 
0.118316 -0.314604 -0.385767 0.108975 0.0413285 0.00507893 
0.165272 -0.329174 -0.365427 0.11437 0.0502548 0.0134709 
0.115554 -0.325978 -0.424939 0.113651 0.0400615 0.00388762 
0.145817 -0.32081 -0.38091 0.114148 0.0487081 0.00905012 
0.120243 -0.303519 -0.386627 0.10803 0.0452162 0.00361501 
0.169619 -0.305624 -0.358215 0.107735 0.05544 0.0114518 
0.18682 -0.30371 -0.322195 0.105417 0.0594062 0.0136489 
0.198373 -0.285436 -0.296381 0.0989226 0.0608084 0.0149886 
0.256706 -0.320266 -0.327727 0.106739 0.0744395 0.0204096 
0.22803 -0.30742 -0.284125 0.107844 0.0687298 0.0164147 
0.238883 -0.300461 -0.319603 0.103164 0.0716831 0.0176388 
0.237769 -0.308811 -0.334965 0.105808 0.0718308 0.0190002 
0.260735 -0.307613 -0.295689 0.105068 0.0749143 0.0271168 
0.177447 -0.27038 -0.331315 0.0951014 0.0574986 0.0143614 
0.218342 -0.257489 -0.346754 0.0882785 0.0614346 0.0268906 
0.142457 -0.281153 -0.35428 0.098328 0.0442774 0.0148135 
0.136301 -0.266816 -0.381822 0.0959071 0.0410569 0.015256 
0.0481915 -0.285137 -0.442584 0.101881 0.0232689 0.00040438 
0.107343 -0.285199 -0.40274 0.102332 0.0339275 0.0100753 
0.0821358 -0.32797 -0.429471 0.115866 0.0347708 -0.00378387 
0.115041 -0.332863 -0.404412 0.117721 0.0429702 0.00366362 
0.10253 -0.351225 -0.400997 0.123584 0.0428121 -0.00117582 
0.16972 -0.354717 -0.387523 0.127194 0.0581403 0.00785926 
0.116958 -0.327769 -0.402827 0.117329 0.0440185 0.00744803 
0.160826 -0.369103 -0.41764 0.131486 0.0551158 0.00833677 
0.209929 -0.326837 -0.423916 0.118284 0.0660946 0.0125837 
0.186624 -0.322298 -0.445281 0.118015 0.0642453 0.00506017 
0.204654 -0.315794 -0.44462 0.114435 0.067674 0.00972285 
0.178865 -0.363799 -0.428909 0.13352 0.0677309 0.000465791 
0.167869 -0.290303 -0.43223 0.110187 0.0627657 0.00461145 
0.104783 -0.344703 -0.445879 0.12888 0.0511819 -0.0074566 
0.175475 -0.337317 -0.420433 0.123591 0.0640558 0.00617767 
0.185062 -0.408842 -0.436715 0.148501 0.0751281 -0.00625405 
0.22381 -0.332251 -0.432054 0.124579 0.0790683 0.00585327 
0.156103 -0.356507 -0.447858 0.132721 0.0640479 -0.000213685 
0.246443 -0.379284 -0.448253 0.141534 0.087893 0.0112716 
0.200428 -0.400087 -0.430948 0.149062 0.0824657 -0.000208533 
0.221701 -0.35996 -0.40666 0.138412 0.0829896 0.0109428 
0.238059 -0.440908 -0.433886 0.162931 0.0918334 0.00517899 
0.312291 -0.453984 -0.381891 0.166679 0.10994 0.0117221 
0.244336 -0.370036 -0.388679 0.141547 0.0875253 0.0134469 
0.238572 -0.321214 -0.415678 0.129849 0.0798522 0.0238317 
0.208945 -0.277701 -0.414844 0.112542 0.0724858 0.0222226 
0.185184 -0.290286 -0.402986 0.118142 0.0663145 0.0206068 
0.193372 -0.254026 -0.411191 0.106654 0.0668207 0.0266243 
0.219655 -0.318205 -0.395485 0.124935 0.0799676 0.0170042 
0.233703 -0.356528 -0.385295 0.135088 0.0873578 0.0152658 
0.157891 -0.366878 -0.380739 0.1425 0.0699418 0.00529053 
0.235686 -0.342083 -0.365577 0.133138 0.0887899 0.0145272 
0.152932 -0.386067 -0.388479 0.147797 0.0729192 0.00172001 
0.190001 -0.350737 -0.34798 0.135814 0.0796061 0.0112192 
0.210873 -0.425088 -0.321944 0.153633 0.0896672 0.00338116 
0.310468 -0.590906 -0.256424 0.198269 0.113221 0.0179212 
0.280805 -0.878607 -0.198478 0.278674 0.109851 0.0119245 
0.399767 -1.21102 -0.124306 0.375383 0.139807 0.0254206 
0.401095 -1.63754 -0.149446 0.499285 0.144149 0.0222098 
0.401892 -2.00412 -0.169215 0.607982 0.14257 0.0297351 
0.403985 -2.31195 -0.306448 0.697138 0.146948 0.0255664 
0.446558 -2.50216 -0.378834 0.754674 0.158389 0.0340807 
0.506304 -2.71443 -0.436401 0.811639 0.174602 0.0363004 
0.664053 -3.14913 -0.551014 0.929884 0.21137 0.0309412 
0.712793 -3.30238 -0.506284 0.971385 0.213181 0.0412788 
0.68561 -3.64339 -0.499038 1.06665 0.202492 0.0327063 
0.49034 -3.82362 -0.455139 1.11703 0.141559 0.0329141 
0.211253 -3.95796 -0.584165 1.15726 0.0570402 0.0141608 
-0.123847 -3.81795 -0.632621 1.1221 -0.0395996 0.02217 
-0.343888 -3.90288 -0.808554 1.14951 -0.100909 0.0162203 
-0.395116 -3.84481 -0.86805 1.13574 -0.12792 0.0321993 
-0.271604 -4.13807 -1.00702 1.22154 -0.0922294 0.0241368 
-0.096849 -4.59374 -0.904761 1.35114 -0.0489222 0.0464276 
0.0636045 -5.18173 -0.766259 1.51893 0.000965198 0.0438988 
0.345388 -6.09545 -0.590111 1.77692 0.081709 0.0491187 
0.507675 -7.08334 -0.432725 2.05675 0.139133 0.0446667 
0.622702 -7.88764 -0.274433 2.28468 0.168767 0.0550777 
0.599624 -8.54363 -0.253663 2.47224 0.1683 0.0500497 
0.539285 -9.07927 -0.271049 2.62828 0.150121 0.0534469 
0.382579 -9.33843 -0.359843 2.7048 0.103763 0.0499456 
0.317529 -9.52864 -0.486824 2.76569 0.083913 0.0506033 
0.325035 -9.65575 -0.593519 2.80373 0.0836984 0.0538304 
0.325035 -9.65575 -0.593519 2.80373 0.0836984 0.0538304 
0.30213 -7.88 -0.561577 2.3067 0.0821869 0.0432315 
0.341592 -6.05954 -0.525102 1.79348 0.0955116 0.0407572 
0.347774 -4.23743 -0.459732 1.28307 0.110454 0.0254068 
0.291004 -2.39767 -0.453507 0.748577 0.107321 0.0131212 
0.161195 -0.587752 -0.490241 0.225887 0.0879184 -0.00699783 
0.255593 -0.494181 -0.389303 0.183464 0.117204 0.00365531 
0.261732 -0.392205 -0.285305 0.139118 0.128438 -0.00372915 
0.28995 -0.41982 -0.317965 0.12824 0.134374 0.0105033 
0.295327 -0.251855 -0.138302 0.0780063 0.135178 0.00894099 
0.346752 -0.10632 0.0228383 0.0338017 0.139803 0.0229982 
0.203237 -0.151372 -0.0670218 0.04601 0.103214 0.00775836 
0.270917 -0.162392 -0.059404 0.0477215 0.113624 0.018878 
0.21051 -0.0713321 0.0215037 0.0249064 0.0999562 0.00567975 
0.181422 -0.103879 0.00458616 0.0340149 0.0818909 0.00783395 
0.105908 -0.113977 0.00618515 0.0370886 0.0598977 -0.00563464 
0.19408 -0.121185 0.0578413 0.0420505 0.0757229 0.00586383 
0.0560338 -0.154907 0.00366358 0.0539042 0.0370715 -0.00330842 
0.11719 -0.166422 0.0285147 0.058687 0.0461285 0.00329696 
0.143103 -0.194184 0.0220304 0.0706337 0.0534888 0.00802761 
0.152006 -0.217384 0.0468405 0.0797866 0.0537445 0.01351 
0.119529 -0.186839 0.0251657 0.0690804 0.0453275 0.0100406 
0.13384 -0.203801 0.0495109 0.076222 0.0475363 0.0107636 
0.108665 -0.177334 0.0559991 0.0672876 0.0410937 0.0131522 
0.11791 -0.164611 0.0903904 0.0627349 0.0393501 0.0196665 
0.150605 -0.181882 0.066135 0.0696442 0.0459457 0.0247942 
0.113125 -0.198434 0.0853324 0.0760219 0.0361042 0.0185711 
0.155024 -0.208824 0.0880209 0.0809823 0.0461925 0.0237198 
0.126813 -0.242443 0.0696648 0.0931791 0.0399104 0.0122452 
0.138998 -0.260879 0.0709999 0.0987476 0.0413731 0.0113918 
0.0820718 -0.247171 0.0657439 0.0940561 0.0272558 0.000809645 
0.145796 -0.249669 0.0845352 0.09505 0.038856 0.0128387 
0.08829 -0.250673 0.0689282 0.0933142 0.0236172 0.00400588 
0.142694 -0.258266 0.0630048 0.096535 0.0335266 0.0152422 
0.0630452 -0.250849 0.032518 0.0945056 0.0133502 0.00569884 
0.0748177 -0.242177 0.0614951 0.0908807 0.0151098 0.0081807 
0.0316664 -0.225221 0.0598499 0.0852677 0.00496209 -0.000223041 
0.0580276 -0.226625 0.0819757 0.0871228 0.0100284 0.00407229 
0.0155909 -0.217719 0.0918377 0.0844898 -0.00143243 0.000626771 
0.0374846 -0.230681 0.106681 0.0911455 0.00314136 0.00224033 
0.0478239 -0.247334 0.107416 0.0972258 0.00315541 0.0082192 
0.013837 -0.284792 0.0749855 0.114159 -0.00587108 0.00518644 
0.0213156 -0.287062 0.0734368 0.117384 -0.00636249 0.00859076 
0.00101705 -0.291969 0.0693342 0.121955 -0.00999874 0.000779135 
0.0277876 -0.309652 0.0752689 0.128788 -0.00595097 0.00786223 
-0.011474 -0.32884 0.0660887 0.138694 -0.0150561 -0.00223281 
0.0579727 -0.337006 0.116901 0.141685 -0.00409191 0.0103518 
0.0942009 -0.33189 0.125122 0.139584 0.00611045 0.0135097 
0.162196 -0.327448 0.1492 0.136719 0.0210069 0.0264393 
0.129812 -0.303629 0.124585 0.128208 0.0205233 0.0152012 
0.215711 -0.299143 0.140218 0.125043 0.042904 0.0283189 
0.156488 -0.291784 0.115998 0.120065 0.0379836 0.0136617 
0.14454 -0.326371 0.100013 0.13361 0.035407 0.0118974 
0.092167 -0.33045 0.0897964 0.135402 0.0273189 0.00119 
0.164117 -0.364628 0.118216 0.148875 0.043148 0.0112934 
0.12295 -0.404236 0.10265 0.166261 0.0343472 0.00509604 
0.162724 -0.436912 0.1001 0.181514 0.0418763 0.0130073 
0.111888 -0.435473 0.0806118 0.18023 0.0326591 0.00639042 
0.146915 -0.442048 0.0787806 0.180863 0.0426061 0.0102413 
0.0979171 -0.414495 0.0618862 0.171101 0.0337438 0.00360523 
0.092916 -0.365072 0.0524788 0.152805 0.0368625 6.79776e-05 
0.122075 -0.292752 0.0540568 0.123979 0.0447879 0.00467755 
0.135868 -0.317325 0.0840924 0.127079 0.0506385 0.00326038 
0.151004 -0.286963 0.0667519 0.117174 0.0501952 0.0113269 
0.11418 -0.276831 0.0460718 0.110167 0.0395617 0.00804422 
0.147226 -0.276615 0.0462382 0.106729 0.0446318 0.0175752 
0.0830816 -0.294496 0.0250114 0.112448 0.0331537 0.00579305 
0.0950563 -0.226771 -0.0159639 0.0901118 0.0340327 0.0101227 
0.0503836 -0.247331 -0.025329 0.0950574 0.0280015 -0.0043821 
0.119993 -0.229513 0.00849174 0.0897358 0.0405334 0.00997655 
0.070021 -0.204091 -0.0186646 0.08074 0.0292594 -0.00101192 
0.128437 -0.226569 -0.00119034 0.0854898 0.037676 0.0120686 
0.120767 -0.229056 -0.00141708 0.087129 0.0359239 0.00702633 
0.166659 -0.232626 0.00759005 0.087762 0.0428306 0.0179675 
0.0912271 -0.250872 -0.0150703 0.0904538 0.0276989 0.00513011 
0.145668 -0.267046 0.0102518 0.0940637 0.0395876 0.0126314 
0.129809 -0.251312 -0.00698367 0.088284 0.0369903 0.00446315 
0.184069 -0.271754 0.0297666 0.0945015 0.0485361 0.0131843 
0.164843 -0.260571 0.0252869 0.0907708 0.0456175 0.00827233 
0.19406 -0.272273 0.0191495 0.0972366 0.0510614 0.0135013 
0.147179 -0.250109 -0.00110701 0.0912118 0.0392803 0.0103506 
0.10381 -0.230609 -0.0127703 0.0868284 0.0277228 0.0100734 
0.0898675 -0.194023 -0.0499418 0.0726899 0.0232934 0.00886128 
0.0647893 -0.196927 -0.0615608 0.0736893 0.015411 0.00640618 
0.0950676 -0.18697 -0.0600815 0.0678096 0.0218216 0.00986002 
0.0688105 -0.212252 -0.0686728 0.075614 0.0151815 0.00522961 
0.145703 -0.226125 -0.049155 0.0791312 0.0335586 0.0141063 
0.0607618 -0.256447 -0.0500596 0.0884909 0.0136862 0.00324074 
0.100138 -0.24904 -0.0694791 0.0856952 0.0197974 0.0139398 
0.0381702 -0.235078 -0.109815 0.0821451 0.00778946 0.000199084 
0.142036 -0.258275 -0.0778105 0.0849962 0.0317311 0.0104672 
0.0870434 -0.28078 -0.137189 0.0899786 0.0223459 -0.00463758 
0.086804 -0.258023 -0.173767 0.0822803 0.0212448 -0.00439411 
0.00338657 -0.253257 -0.193022 0.0781317 0.00303078 -0.0189945 
0.0626972 -0.251588 -0.187186 0.0770859 0.0118085 -0.00425485 
-0.0528516 -0.176311 -0.241619 0.0560704 -0.0183701 -0.00848338 
-0.0913691 -0.0992968 -0.233031 0.0325908 -0.0339565 0.00104638 
-0.0743487 -0.11047 -0.243702 0.0349692 -0.0292543 0.00367998 
-0.00312175 -0.170259 -0.236584 0.05303 -0.0116171 0.00972867 
-0.0537324 -0.150382 -0.225246 0.0453929 -0.0233069 0.004041 
0.0219219 -0.221574 -0.251377 0.0687483 -0.00203605 0.0022241 
0.150183 -0.295427 -0.245087 0.0877101 0.033174 0.00418502 
0.207656 -0.306206 -0.266513 0.089982 0.0463691 0.0126418 
0.210182 -0.268268 -0.305763 0.0765434 0.0464183 0.0176773 
0.24257 -0.325032 -0.354681 0.0952689 0.0597415 0.0118603 
0.186377 -0.269217 -0.35052 0.0754247 0.0411165 0.0163304 
0.0882424 -0.260581 -0.41158 0.0757758 0.0189762 0.00605512 
0.108437 -0.257958 -0.394269 0.0773586 0.0227731 0.00875847 
0.0579051 -0.261585 -0.387342 0.0811154 0.0130809 -0.00257603 
-0.00497936 -0.229353 -0.405349 0.0723911 -0.00599363 -0.00355431 
-0.0442283 -0.253433 -0.434711 0.082799 -0.0117665 -0.0150738 
0.00539164 -0.234726 -0.421312 0.0773671 -0.00633147 -0.000373243 
-0.0765877 -0.254655 -0.453242 0.0833323 -0.0241739 -0.0163025 
-0.00974873 -0.240255 -0.432973 0.077411 -0.0115621 -0.00248824 
0.0430264 -0.270415 -0.432682 0.0822095 0.00630041 -0.00358385 
0.0728535 -0.26902 -0.433811 0.0795787 0.0152812 0.000277667 
0.00273545 -0.260547 -0.444909 0.0769785 0.00251286 -0.0111168 
0.0743649 -0.230514 -0.436004 0.0687537 0.0190264 0.00345748 
0.0605342 -0.270819 -0.468177 0.0805469 0.0194385 -0.00390115 
0.052923 -0.24716 -0.436139 0.07633 0.0111648 0.00606359 
0.104099 -0.262519 -0.439349 0.0800371 0.022727 0.00844573 
0.149218 -0.295689 -0.415178 0.0899296 0.0345632 0.00909101 
0.109195 -0.285472 -0.393438 0.0861522 0.0266738 0.00377234 
0.0854749 -0.253455 -0.432688 0.0786146 0.0211079 0.00180691 
0.134565 -0.2664 -0.449566 0.0830148 0.0345892 0.00613628 
0.0859491 -0.262104 -0.438091 0.0829565 0.0242403 0.00219816 
0.1341 -0.264032 -0.458171 0.0831107 0.0333725 0.0106603 
0.095471 -0.296445 -0.467599 0.0939835 0.0259112 0.00250755 
0.109473 -0.296858 -0.423384 0.0939319 0.0257729 0.0102528 
0.0574622 -0.300468 -0.469181 0.0949626 0.0186579 -0.00315272 
0.148893 -0.301892 -0.435942 0.0971776 0.0401495 0.00887199 
0.0597239 -0.277129 -0.446912 0.0910323 0.0225243 -0.00301739 
0.178125 -0.29521 -0.446277 0.0967155 0.0490074 0.0109021 
0.117802 -0.30163 -0.45508 0.10084 0.0390248 -0.00136812 
0.204224 -0.298271 -0.41398 0.0992922 0.0574973 0.0115358 
0.120544 -0.303551 -0.453396 0.100446 0.0382092 -0.00109596 
0.174651 -0.318941 -0.417042 0.108027 0.0504931 0.0085142 
0.0950167 -0.283745 -0.447491 0.0969254 0.0326086 -0.000343336 
0.127799 -0.278399 -0.445108 0.0925034 0.038691 0.0045383 
0.0518552 -0.274224 -0.453123 0.089901 0.0194051 -0.00330021 
0.0944986 -0.278776 -0.439326 0.0907301 0.0291744 0.00326913 
0.0792001 -0.309122 -0.467363 0.0964106 0.0238823 0.00218224 
0.0742092 -0.312027 -0.427445 0.0983997 0.0238788 0.00184844 
0.117763 -0.312501 -0.42387 0.0996543 0.0367712 0.00543727 
0.145678 -0.339171 -0.407779 0.112059 0.0477292 0.00263945 
0.181954 -0.342464 -0.397146 0.113106 0.0580421 0.00628384 
0.16676 -0.331764 -0.401872 0.11107 0.0594478 -0.00113154 
0.205505 -0.323438 -0.41383 0.107867 0.0649696 0.00911491 
0.220926 -0.307743 -0.413239 0.101807 0.0641857 0.0152399 
0.252441 -0.26599 -0.425112 0.0846354 0.0654662 0.0277552 
0.221193 -0.265752 -0.437827 0.0867038 0.0595259 0.0230016 
0.22355 -0.261733 -0.455483 0.084894 0.0624506 0.0211319 
0.191428 -0.298035 -0.491545 0.0956203 0.0632187 0.00724512 
0.191754 -0.291046 -0.469836 0.0951063 0.0666829 0.00562742 
0.146757 -0.325807 -0.489977 0.107707 0.0612117 -0.00641742 
0.161165 -0.293931 -0.48251 0.0966948 0.0632258 -0.00125814 
0.150859 -0.281227 -0.451338 0.0920969 0.0558115 0.00275336 
0.141585 -0.242177 -0.429672 0.0800316 0.0464496 0.0108062 
0.0598526 -0.263834 -0.449009 0.085812 0.0266214 0.00187199 
0.0234333 -0.243888 -0.426443 0.0785194 0.0157258 0.00336463 
0.00821866 -0.261918 -0.46285 0.0821448 0.0111551 -0.000769875 
0.0142539 -0.264393 -0.472828 0.0843462 0.0155192 -0.00156424 
0.018797 -0.294076 -0.483855 0.0946674 0.0193091 -0.00637843 
0.0430077 -0.30946 -0.504652 0.101221 0.0263065 -0.00684789 
0.0932633 -0.290519 -0.502056 0.0990203 0.0378486 0.00450759 
0.0405823 -0.280445 -0.500781 0.0963791 0.0290338 -0.00379218 
0.0743328 -0.265986 -0.510483 0.0917535 0.033411 0.0056366 
0.0200481 -0.25048 -0.496039 0.088566 0.0217571 0.000478509 
0.0144215 -0.128353 -0.462677 0.0440754 0.00167757 0.0125829 
-0.174393 0.0380451 -0.483696 -0.0151662 -0.032326 -0.0029862 
0.0764463 -0.00478185 -0.477648 -0.00882928 0.0218962 0.0102702 
0.0108292 0.121026 -0.44761 -0.0471302 0.00537546 -0.000811305 
0.135107 0.216861 -0.378917 -0.0831517 0.0311298 0.0151419 
0.1356 0.0663918 -0.497419 -0.0323683 0.0440804 -0.00025113 
0.248976 -0.0161397 -0.404022 -0.00128434 0.0533866 0.00880798 
0.102172 -0.0223707 -0.439477 0.00619753 0.020835 0.00502172 
0.215488 -0.181515 -0.503519 0.0528076 0.0488564 0.0124831 
0.139703 -0.231912 -0.510423 0.07282 0.0329238 0.00616069 
0.170313 -0.200356 -0.406743 0.0636735 0.044478 0.0147368 
0.336535 -0.348283 -0.528856 0.108278 0.0957008 0.0170565 
0.25353 -0.360764 -0.45416 0.117615 0.0775767 0.0114737 
0.247387 -0.289367 -0.423283 0.0995075 0.0761444 0.0143848 
0.213282 -0.347819 -0.492071 0.119007 0.0698683 0.00611122 
0.195558 -0.354622 -0.471959 0.122531 0.0660907 0.00739122 
0.120725 -0.307139 -0.437418 0.110238 0.0482777 -0.00203297 
0.175375 -0.263232 -0.436007 0.0957993 0.060874 0.00893248 
0.0900336 -0.329073 -0.422782 0.116045 0.0460087 -0.00304773 
0.231512 -0.329063 -0.392097 0.116332 0.0786477 0.0133685 
0.192535 -0.328283 -0.4109 0.11966 0.0755356 0.00517115 
0.22506 -0.361289 -0.399479 0.129982 0.0811209 0.0168937 
0.151201 -0.387261 -0.426994 0.138242 0.0686349 0.00338338 
0.179124 -0.360805 -0.390844 0.133031 0.0712615 0.0144748 
0.0745736 -0.363039 -0.424608 0.134086 0.051955 0.000552232 
0.158616 -0.370723 -0.395392 0.137157 0.0705631 0.0106789 
0.0973679 -0.354072 -0.395095 0.132834 0.0596586 0.00186804 
0.164774 -0.343829 -0.391509 0.131625 0.0739065 0.0108627 
0.14429 -0.346984 -0.420767 0.129989 0.0712521 0.0049758 
0.185666 -0.345045 -0.400744 0.130994 0.0782802 0.0112026 
0.119432 -0.317784 -0.439621 0.121763 0.0615534 0.00534652 
0.111815 -0.335457 -0.411299 0.127927 0.0567599 0.00604307 
0.0984666 -0.327231 -0.410837 0.121202 0.0532831 0.00308067 
0.112289 -0.324513 -0.402402 0.12411 0.0564281 0.00345061 
0.113257 -0.312648 -0.38609 0.117124 0.0560795 0.00598811 
0.129992 -0.340829 -0.380697 0.123849 0.0585166 0.0046562 
0.177792 -0.309766 -0.39545 0.112937 0.067704 0.0127859 
0.153893 -0.330475 -0.408238 0.122744 0.0631175 0.0087043 
0.211193 -0.37123 -0.420148 0.131908 0.077406 0.0156151 
0.176861 -0.396637 -0.430217 0.141252 0.0725897 0.0040318 
0.237819 -0.40112 -0.428384 0.142866 0.0888913 0.0125566 
0.174156 -0.413968 -0.446848 0.147581 0.0786746 0.00032706 
0.202389 -0.370483 -0.419962 0.131528 0.0795205 0.0129808 
0.131656 -0.358216 -0.435433 0.128072 0.063456 0.00262162 
0.199657 -0.327138 -0.41879 0.118574 0.0737195 0.0175743 
0.140498 -0.302374 -0.432133 0.112357 0.0617762 0.00484365 
0.120119 -0.251338 -0.398337 0.0939136 0.0531374 0.0052203 
0.0496658 -0.226511 -0.383299 0.0846754 0.0386898 -0.00896295 
0.0577802 -0.184191 -0.386341 0.0705213 0.0308927 0.00030214 
0.0210471 -0.213913 -0.385858 0.0758651 0.0208985 -0.00890931 
0.0368676 -0.151741 -0.354056 0.0543872 0.01418 0.000776306 
0.00384198 -0.197084 -0.407413 0.0677761 -0.00141249 0.00201822 
0.0273327 -0.19764 -0.426837 0.0672402 -0.000537428 0.00802285 
-0.014476 -0.189698 -0.397441 0.0610457 -0.010319 0.00268264 
-0.139578 -0.108945 -0.445403 0.0393369 -0.0472063 0.00192856 
-0.130038 -0.138021 -0.453557 0.0478642 -0.0428818 0.00214683 
-0.0904053 -0.115493 -0.406826 0.0397701 -0.0292685 0.0028397 
-0.0304399 -0.163085 -0.401712 0.0534531 -0.0166712 0.00885682 
-0.0321623 -0.181774 -0.39398 0.0615807 -0.014877 0.00370929 
0.00187621 -0.221308 -0.359901 0.0740675 0.000279207 -0.001102 
-0.0401027 -0.208665 -0.353616 0.0684042 -0.00751923 -0.00666963 
-0.0284371 -0.183637 -0.36202 0.0613703 -0.00322934 -0.00526694 
-0.0981461 -0.1897 -0.364827 0.0658832 -0.014692 -0.0186449 
-0.0600226 -0.144008 -0.313354 0.0517332 -0.00926493 -0.00677017 
0.0206243 -0.1606 -0.308263 0.0558387 0.00826326 0.0044024 
0.058115 -0.200428 -0.303344 0.0701925 0.0154256 0.0101866 
0.0159673 -0.218071 -0.325596 0.0798016 0.0077829 0.00564675 
0.0871742 -0.205221 -0.298163 0.0780295 0.0247827 0.0178214 
0.0579199 -0.268253 -0.352881 0.100537 0.0279769 0.0047517 
0.0510428 -0.23495 -0.349135 0.0935777 0.0290069 0.00417262 
-0.0100709 -0.253309 -0.376928 0.101226 0.0188604 -0.00503747 
0.0803401 -0.249866 -0.355156 0.102778 0.041214 0.0054196 
0.0184793 -0.277247 -0.361696 0.111661 0.029408 -0.00102829 
0.0802176 -0.212525 -0.359808 0.0915229 0.040636 0.00728515 
0.079698 -0.252064 -0.372536 0.104362 0.0441206 0.00317543 
0.134527 -0.240626 -0.353477 0.102787 0.0590988 0.00770536 
0.114718 -0.249202 -0.350099 0.100476 0.0531239 0.00580289 
0.117117 -0.269059 -0.353823 0.106075 0.0547165 0.00347502 
0.126857 -0.302695 -0.335943 0.117362 0.0601916 0.00546663 
0.106259 -0.305865 -0.322822 0.116364 0.0563198 0.00206411 
0.114561 -0.294565 -0.305525 0.113603 0.0551202 0.00935551 
0.0835194 -0.288428 -0.301118 0.116206 0.0483364 0.00324261 
0.128742 -0.246188 -0.302074 0.101403 0.05557 0.0122441 
0.0777111 -0.296057 -0.324143 0.11687 0.0468963 0.00311558 
0.102999 -0.257564 -0.310859 0.10715 0.0486798 0.0126129 
0.110336 -0.261412 -0.295461 0.110173 0.0505132 0.0120361 
0.16049 -0.284525 -0.273723 0.119537 0.0613951 0.0219587 
0.114535 -0.298638 -0.284572 0.132418 0.054743 0.0138587 
0.155899 -0.313857 -0.244361 0.142608 0.0576556 0.0254647 
0.136346 -0.398201 -0.233398 0.181323 0.0537519 0.0226641 
0.10517 -0.454335 -0.228848 0.208962 0.046933 0.0192381 
0.0691434 -0.520845 -0.262821 0.243101 0.0421005 0.0113782 
0.108209 -0.564465 -0.227991 0.263094 0.0480374 0.0142981 
0.0978062 -0.563766 -0.242916 0.26503 0.0481567 0.0078864 
0.0731047 -0.573315 -0.25648 0.267055 0.041105 0.00353391 
0.117645 -0.593552 -0.265631 0.266878 0.0528903 0.00336348 
0.107157 -0.594878 -0.238981 0.265853 0.0444745 0.00407927 
0.0845408 -0.584937 -0.241838 0.264415 0.0338165 0.0082936 
0.0474824 -0.650683 -0.250606 0.295051 0.0224469 0.00538553 
0.0785297 -0.690437 -0.238149 0.318083 0.0276309 0.00985804 
-0.00219129 -0.734657 -0.239316 0.345994 0.0102701 0.000960937 
-0.00907897 -0.778897 -0.201309 0.362512 0.0143688 -0.00348976 
-0.0368199 -0.834756 -0.176682 0.384329 0.0160019 -0.0139928 
-0.0627877 -0.825712 -0.14738 0.386222 0.00972937 -0.0161329 
-0.112466 -0.826907 -0.140222 0.386012 -0.000320563 -0.0243302 
-0.0909439 -0.776332 -0.117747 0.361123 -0.00537972 -0.0118535 
-0.102242 -0.786304 -0.141828 0.364054 -0.0109785 -0.0131747 
-0.0961043 -0.755163 -0.130729 0.357107 -0.0204944 -0.00464856 
-0.0965445 -0.717786 -0.138962 0.331421 -0.0199993 -0.00486393 
-0.0603056 -0.641689 -0.141213 0.29635 -0.0147414 0.00210731 
-0.0724309 -0.63542 -0.136281 0.293781 -0.0139576 -0.00599855 
-0.044444 -0.577088 -0.108552 0.271781 -0.0109232 0.0022116 
-0.0641192 -0.559222 -0.168567 0.255777 -0.0133486 -0.00319157 
-0.0426049 -0.488911 -0.17724 0.230146 -0.0116007 0.00337474 
-0.0701821 -0.449962 -0.239483 0.205581 -0.0180432 0.000655809 
-0.0729833 -0.347196 -0.308704 0.163262 -0.019146 0.000114657 
-0.104111 -0.262337 -0.356128 0.125459 -0.0269685 -0.00135829 
-0.0697078 -0.231088 -0.374694 0.109498 -0.0147359 -0.00281562 
-0.0395544 -0.232521 -0.379047 0.111326 -0.00890563 -0.000445374 
-0.0812888 -0.281618 -0.332321 0.137997 -0.0169611 -0.00387776 
-0.0371938 -0.374621 -0.294163 0.171904 -0.0109786 0.00427583 
-0.0473906 -0.47548 -0.290129 0.215261 -0.0127784 -0.000238751 
-0.0517007 -0.528193 -0.237103 0.243564 -0.0185386 0.00707008 
-0.106123 -0.631225 -0.238631 0.28708 -0.0283432 -0.00350935 
-0.0303955 -0.680532 -0.218357 0.31552 -0.0132441 0.00410066 
-0.0926026 -0.687045 -0.225986 0.328324 -0.0239502 -0.00808486 
-0.0202153 -0.646572 -0.222255 0.307741 -0.00886739 0.00150308 
-0.108557 -0.567401 -0.26557 0.27717 -0.0287863 -0.00802611 
-0.00385519 -0.513637 -0.256484 0.245454 -0.00394578 0.00419056 
-0.0462936 -0.442253 -0.294363 0.205428 -0.00836473 -0.00299225 
0.0111446 -0.405509 -0.295063 0.181582 0.00384174 0.0083932 
-0.00779351 -0.421556 -0.287394 0.188318 0.00536126 -0.000911947 
0.0524731 -0.475303 -0.271614 0.206487 0.0203045 0.00676329 
-0.0496479 -0.49437 -0.299897 0.220632 -0.000903522 -0.00109507 
0.00700317 -0.574828 -0.269013 0.258142 0.0101697 0.00386555 
-0.0410041 -0.602132 -0.281927 0.274047 0.00252145 -0.00210204 
-0.0640068 -0.64061 -0.278532 0.292172 -0.00619676 0.00121785 
-0.0496032 -0.666192 -0.277452 0.308294 -0.00152759 -4.78786e-05 
-0.0533189 -0.687686 -0.230651 0.324116 -0.00608015 -0.000424696 
-0.0898545 -0.68508 -0.214481 0.324538 -0.0177248 -0.000537934 
-0.0892662 -0.767499 -0.144128 0.365972 -0.0164477 -0.00412939 
-0.0737113 -0.806607 -0.0873399 0.385218 -0.0151571 -9.83734e-05 
-0.0737091 -0.880668 -0.033702 0.416588 -0.0130092 -0.00552239 
0.00823681 -0.979679 0.0645724 0.458189 0.00452173 0.00279798 
-0.00815486 -1.08422 0.120289 0.50868 0.00567583 -0.00280517 
0.0564699 -1.18874 0.20765 0.5517 0.0184017 0.00626674 
0.0439872 -1.29391 0.264381 0.603606 0.0203448 -0.0030277 
0.0629221 -1.31667 0.306305 0.615406 0.020943 0.00424475 
-0.0392921 -1.18446 0.227521 0.555837 -0.00117999 -0.00792401 
0.0232858 -0.975374 0.140807 0.453384 0.0105991 0.00184652 
-0.0319654 -0.744907 -0.0172869 0.344599 -0.00123982 -0.00586674 
-0.0132244 -0.484701 -0.136119 0.225154 -0.00140107 0.00368248 
-0.0454295 -0.313206 -0.277521 0.137791 -0.00577271 -0.00281021 
-0.00707101 -0.227144 -0.325781 0.0985809 0.000359617 0.00682115 
-0.0656575 -0.236168 -0.376546 0.0984573 -0.0130785 -0.00224495 
-0.063694 -0.209485 -0.361472 0.0913526 -0.0166752 0.00111951 
-0.0530995 -0.267865 -0.384275 0.111155 -0.0120457 -0.00162012 
-0.00598665 -0.293178 -0.35091 0.124261 -0.00167025 0.0032081 
-0.0266161 -0.347677 -0.34104 0.147641 -0.00496357 0.000668248 
-0.0252013 -0.415109 -0.317276 0.180245 -0.00518633 0.00349235 
-0.00459165 -0.434239 -0.338228 0.194818 0.00262024 0.00501492 
-0.0697962 -0.427415 -0.345419 0.201296 -0.0143478 0.00194887 
-0.102198 -0.465772 -0.332942 0.221251 -0.0242986 0.00289954 
-0.0803968 -0.542712 -0.340633 0.254364 -0.016398 -0.00274333 
-0.059906 -0.553006 -0.293742 0.266844 -0.0132822 0.00151791 
-0.0824774 -0.660466 -0.227087 0.31218 -0.0155296 -0.00442127 
-0.0331509 -0.733159 -0.166722 0.3446 -0.00738471 0.00177793 
-0.0832412 -0.80549 -0.129238 0.385756 -0.0192748 -0.00567219 
-0.0690147 -0.854438 -0.0734228 0.415274 -0.0201573 0.00330049 
-0.0621285 -0.91394 -0.0520614 0.448988 -0.019002 0.00219404 
-0.0578035 -0.900432 -0.0442852 0.437235 -0.0203191 0.00710626 
-0.0601815 -0.926477 -0.0314948 0.447531 -0.0181717 0.00489861 
0.00507658 -0.908334 -0.0152625 0.43579 -0.00271498 0.0123315 
-0.0590999 -0.858505 -0.0325818 0.41254 -0.0160265 0.00335207 
-0.0510905 -0.873242 0.0104712 0.414141 -0.0130009 0.00309269 
-0.0772617 -0.850397 -0.0356427 0.412148 -0.0184751 7.3865e-07 
-0.0867422 -0.809998 -0.0425441 0.39187 -0.0202698 -0.000665226 
-0.114465 -0.755396 -0.0921999 0.363363 -0.0249679 -0.00499687 
-0.0873805 -0.734535 -0.124922 0.351229 -0.016907 -0.00329692 
-0.114244 -0.663061 -0.177381 0.311367 -0.0217359 -0.00411231 
-0.0846726 -0.748488 -0.117442 0.335052 -0.017396 -0.00465872 
-0.137416 -0.699902 -0.172564 0.313502 -0.0276093 -0.00901002 
-0.172134 -0.665411 -0.18497 0.300149 -0.0349809 -0.00969737 
-0.177371 -0.650701 -0.18942 0.293268 -0.0371686 -0.0124747 
-0.208971 -0.63466 -0.222597 0.290122 -0.0447619 -0.0199394 
-0.182644 -0.526373 -0.249658 0.249957 -0.0387001 -0.013405 
-0.157988 -0.569992 -0.217232 0.265054 -0.0313972 -0.0168554 
-0.140115 -0.60286 -0.168481 0.277422 -0.0329588 -0.0107501 
-0.140166 -0.687567 -0.210737 0.295716 -0.0323627 -0.00896503 
-0.0497637 -0.684544 -0.164464 0.293263 -0.0130628 0.00210478 
-0.15366 -0.748624 -0.187694 0.318545 -0.0369898 -0.00732472 
-0.0946334 -0.756305 -0.158737 0.328588 -0.0308967 0.0023533 
-0.0932236 -0.773724 -0.149656 0.340251 -0.0257405 -0.0070483 
-0.0639939 -0.763707 -0.058216 0.351498 -0.0217134 -0.00192901 
-0.149822 -0.817609 -0.0705906 0.376613 -0.0389518 -0.0116323 
-0.0617727 -0.843417 -0.0281692 0.386113 -0.0178312 -0.00572827 
-0.145042 -0.830464 -0.0599011 0.380172 -0.0321744 -0.0120571 
-0.094272 -0.865191 -0.053227 0.392653 -0.0212843 -0.00567233 
-0.0665271 -0.804541 -0.059806 0.369965 -0.00915508 -0.00606016 
-0.0171422 -0.821696 -0.0507395 0.371485 -0.000953997 -0.00165087 
-0.0102019 -0.816676 -0.0614012 0.369358 -0.00142069 -0.00246294 
-0.000525748 -0.82602 -0.0728902 0.373488 0.00266326 -0.00228362 
0.00635657 -0.849852 -0.0475122 0.379139 0.00436377 -0.00140142 
-0.0427841 -0.85205 -0.0633858 0.385048 -0.0127006 -0.00693694 
-0.0767038 -0.792158 -0.0534755 0.362846 -0.0232812 -0.00428529 
-0.0962412 -0.807044 -0.00631104 0.368668 -0.0253257 -0.00919716 
-0.0502373 -0.816559 0.0437605 0.370658 -0.0209347 -0.00272015 
-0.106046 -0.774744 -0.0402288 0.356982 -0.0337661 -0.00878214 
-0.0758339 -0.811626 0.00690282 0.369021 -0.0300671 -0.000276395 
-0.100393 -0.817837 -0.0530599 0.369433 -0.0299522 -0.00891633 
-0.0646513 -0.746582 -0.104254 0.341429 -0.0241946 -4.79545e-05 
-0.104091 -0.754902 -0.129722 0.343008 -0.0271612 -0.00901866 
-0.0668861 -0.764983 -0.0476706 0.348171 -0.0209976 -0.00076828 
-0.102002 -0.731959 -0.0983278 0.335397 -0.0236651 -0.00843904 
-0.107041 -0.793666 -0.0420552 0.367539 -0.0263732 -0.00666801 
-0.186295 -0.858734 -0.0315591 0.400266 -0.0431265 -0.0148387 
-0.180567 -0.886468 -0.00294496 0.417795 -0.0473569 -0.00746107 
-0.217242 -0.878818 -0.0446521 0.412746 -0.0514754 -0.0142192 
-0.195422 -0.897664 -0.0400034 0.420608 -0.0497137 -0.00827782 
-0.183937 -0.853448 -0.0502663 0.396217 -0.0487769 -0.00576815 
-0.132016 -0.797284 -0.0782616 0.365146 -0.0366174 -0.000624601 
-0.130246 -0.726061 -0.138187 0.333377 -0.0348036 -0.00341548 
-0.108612 -0.738616 -0.163752 0.337917 -0.0326444 -1.34194e-05 
-0.11463 -0.756331 -0.144146 0.345204 -0.0340408 -0.00163618 
-0.114601 -0.80568 -0.127315 0.37249 -0.0333928 -0.00180852 
-0.131052 -0.835824 -0.113781 0.391014 -0.0393351 -0.00271168 
-0.139922 -0.909472 -0.0500401 0.421684 -0.0390965 -0.00516245 
-0.138916 -0.921944 0.00381868 0.430254 -0.0395226 -0.00251635 
-0.0963769 -0.922916 0.0202759 0.431452 -0.0291924 0.00151661 
-0.0368127 -0.899637 0.0285454 0.422479 -0.0163657 0.00779041 
-0.0693378 -0.930497 0.040625 0.434708 -0.0214282 0.00335716 
-0.001287 -0.973337 0.0706205 0.452226 -0.00700544 0.00984009 
-0.0438947 -0.979859 0.02036 0.453198 -0.0131237 0.000844199 
-0.0738944 -0.939349 0.00490434 0.42666 -0.0168389 -0.0010325 
-0.122116 -0.918677 -0.034941 0.411706 -0.0215443 -0.0104043 
-0.0737946 -0.864287 -0.0159434 0.389746 -0.0120869 -0.000979805 
-0.142051 -0.81031 -0.0938036 0.360683 -0.0242997 -0.00812803 
-0.0902863 -0.821471 -0.0360206 0.364282 -0.0126655 0.000617643 
-0.113038 -0.890898 -0.0314954 0.395784 -0.0155997 -0.00563641 
-0.0902155 -0.912784 -0.0361262 0.408757 -0.0134526 0.000638745 
-0.0947798 -0.970678 -0.0546235 0.43457 -0.00956777 -0.00730494 
-0.0761684 -0.947388 -0.0206615 0.428866 -0.00752199 -0.00254748 
-0.101029 -0.884583 -0.104843 0.400121 -0.0120093 -0.00737111 
-0.0707287 -0.821408 -0.113146 0.376258 -0.00840059 -0.00282347 
-0.0874525 -0.782318 -0.107744 0.353375 -0.0128504 -0.00516467 
-0.119068 -0.727994 -0.129301 0.325764 -0.0252299 -0.00231365 
-0.120819 -0.742115 -0.138356 0.330868 -0.0265705 -0.00371337 
-0.142956 -0.77064 -0.0822716 0.349195 -0.0348321 -0.00401428 
-0.13268 -0.724585 -0.0696903 0.332871 -0.0305046 -0.00360802 
-0.141631 -0.735785 -0.0890171 0.341925 -0.0327003 -0.00494377 
-0.114246 -0.748269 -0.0912814 0.348197 -0.0250164 -0.00271711 
-0.115365 -0.753471 -0.128396 0.351247 -0.025151 -0.00411877 
-0.0612173 -0.753755 -0.114652 0.35033 -0.0130775 0.00141404 
-0.130135 -0.855817 -0.141353 0.391324 -0.030569 -0.00476387 
-0.0979706 -0.9149 -0.09852 0.416756 -0.0254569 0.000155498 
-0.108807 -0.973678 -0.0700701 0.441031 -0.0254017 -0.00720821 
-0.0945269 -0.952744 -0.0107358 0.438678 -0.0224462 -0.00416924 
-0.145154 -0.979094 -0.0417245 0.448396 -0.0317405 -0.0122962 
-0.07121 -0.978908 0.0406768 0.445848 -0.0176334 -0.00375859 
-0.097786 -0.871444 -0.0215163 0.398394 -0.0193981 -0.0100627 
-0.0641997 -0.661452 -0.107332 0.301653 -0.015458 -0.00147112 
-0.0905955 -0.516464 -0.259715 0.228092 -0.0191353 -0.00657771 
-0.0852257 -0.311744 -0.335473 0.136037 -0.0245293 -0.000799231 
-0.12626 -0.153995 -0.508837 0.0578512 -0.0340928 -0.00327627 
-0.128971 -0.092675 -0.555459 0.0206676 -0.0399012 0.00158808 
-0.20509 -0.0868847 -0.584957 0.0197018 -0.0566643 -0.0036083 
-0.20332 -0.11235 -0.544469 0.0244509 -0.0608556 0.000478582 
-0.214429 -0.124789 -0.598664 0.0312971 -0.0596557 -0.00322273 
-0.220449 -0.108027 -0.584198 0.0278761 -0.0608226 -0.00457604 
-0.235928 -0.0809621 -0.586315 0.0214437 -0.0609817 -0.00863161 
-0.188022 -0.143283 -0.617997 0.041329 -0.0481393 -0.00911161 
-0.193741 -0.137722 -0.616337 0.0382192 -0.0516389 -0.00838196 
-0.186383 -0.162307 -0.566473 0.0424259 -0.0477841 -0.00951109 
-0.173805 -0.173918 -0.570702 0.0431144 -0.0456886 -0.00704608 
-0.19562 -0.190152 -0.553407 0.0473715 -0.0535378 -0.0081174 
-0.155785 -0.166067 -0.498165 0.0416704 -0.0468027 -0.000805013 
-0.127615 -0.14687 -0.479321 0.0368975 -0.0389636 0.00182878 
-0.0958964 -0.12583 -0.452725 0.0285418 -0.0366013 0.00979719 
-0.0916755 -0.17932 -0.460514 0.0485307 -0.02918 0.002703 
-0.0694073 -0.222384 -0.48499 0.0617752 -0.0228644 0.00244448 
-0.138808 -0.251735 -0.515057 0.0686257 -0.0385391 -0.00685591 
-0.104916 -0.270099 -0.52036 0.075523 -0.0257578 -0.00767234 
-0.111261 -0.316866 -0.549559 0.0884296 -0.0274021 -0.00856981 
-0.105622 -0.283174 -0.546062 0.0740003 -0.033187 -0.000730207 
0.0150037 -0.228925 -0.542197 0.0583979 -0.0023632 0.00515648 
-0.00135666 -0.145208 -0.549086 0.0355126 -0.00622528 0.00641647 
-0.0891252 -0.107866 -0.594974 0.0269875 -0.0286926 0.000354625 
-0.0057021 -0.322862 -0.547873 0.0878723 -0.00304385 0.00322609 
0.0896128 -0.613208 -0.616956 0.171676 0.02754 0.00303306 
0.0896128 -0.613208 -0.616956 0.171676 0.02754 0.00303306 
