-0.0191914 0.0311209 -0.0113581 -0.000578217 0.0106416 0.0298431 
-0.019109 0.0322848 -0.0117831 -0.000572406 0.0113788 0.0319675 
-0.0189077 0.0290143 -0.0105513 -0.000183782 0.0105541 0.0268934 
-0.0203788 0.023848 -0.00866153 -0.000205848 0.00306573 0.00561627 
-0.00188458 0.0405602 -0.0147912 -0.000507526 0.0761483 0.20895 
-0.00341353 0.0389475 -0.0141967 -0.000336886 0.0603063 0.164551 
0.0010587 0.0390064 -0.0141998 0.000212565 0.0605966 0.163425 
0.00140023 0.0372804 -0.0135866 -0.00013707 0.0478453 0.128591 
0.000977122 0.03634 -0.0132479 -0.000295247 0.0594915 0.161819 
0.00368589 0.0355762 -0.0129653 4.59216e-05 0.0582733 0.156478 
0.00569665 0.0359674 -0.0131151 -0.000169058 0.0587095 0.158687 
0.00417642 0.0335152 -0.0122186 -0.000188799 0.0569269 0.154134 
0.00435327 0.0320042 -0.0116657 -6.87029e-05 0.0560827 0.151274 
0.00596831 0.0322319 -0.011754 -0.000216938 0.0538938 0.145731 
0.00568069 0.0306941 -0.0111915 -0.000139607 0.0545333 0.147242 
0.00378486 0.0281891 -0.0102757 -0.000157809 0.0477546 0.128854 
0.00462956 0.028148 -0.0102645 -0.000250867 0.0488353 0.131955 
0.00291886 0.0255359 -0.00930665 -9.98363e-05 0.0453399 0.121986 
0.00289992 0.0251127 -0.00915388 -0.000216247 0.0451282 0.122145 
0.00256169 0.0241309 -0.00879631 -0.000226992 0.043562 0.11777 
0.00246698 0.0227964 -0.00830741 -7.90352e-05 0.0440399 0.118395 
0.00241032 0.0230326 -0.00839602 -0.000297769 0.0423827 0.115236 
0.00158939 0.0212284 -0.00773615 -0.000135899 0.0497471 0.134522 
0.00128193 0.0205455 -0.00748741 -0.000153734 0.0505029 0.136681 
0.00179286 0.0209078 -0.00762103 -0.000302314 0.0484875 0.132212 
0.00105372 0.0190596 -0.00694389 -4.5515e-05 0.0483599 0.130354 
0.00207368 0.0197878 -0.00721147 -0.00020268 0.0488498 0.132781 
0.00188183 0.0194903 -0.00710343 -0.000256873 0.0477678 0.130164 
0.00129092 0.0180138 -0.00656345 -6.3275e-05 0.0467677 0.126032 
-0.00035624 0.0171564 -0.00625174 -0.000263602 0.0224203 0.0602263 
-0.000674185 0.0167326 -0.00609769 -0.000300926 0.0226958 0.061559 
0.000120657 0.0164174 -0.00598076 -0.000144894 0.0239977 0.0638109 
0.000447667 0.0168 -0.00612144 -0.0002211 0.0241818 0.0650365 
-0.000323882 0.016355 -0.00596152 -0.000357052 0.0217532 0.0588761 
-0.000259774 0.0156645 -0.00570669 -0.000186009 0.022992 0.0614973 
0.000496984 0.0163231 -0.0059482 -0.000253228 0.0238238 0.0642753 
0.000351964 0.0161418 -0.00588308 -0.000306237 0.0217591 0.0587085 
0.00107458 0.0161325 -0.00587763 -0.000159854 0.0358943 0.0972062 
0.00152401 0.0164344 -0.00598948 -0.000239125 0.0345251 0.093512 
0.00136769 0.0162476 -0.00592178 -0.000285859 0.0362273 0.0985462 
0.00151557 0.015957 -0.00581573 -0.00021196 0.0348905 0.0940925 
0.00165537 0.0163772 -0.0059683 -0.00027823 0.0332009 0.0905513 
0.00136173 0.0155263 -0.00565765 -0.000188988 0.0331331 0.0895313 
0.00134464 0.0158551 -0.00577887 -0.000290175 0.0331901 0.0901396 
0.000988403 0.0153618 -0.00559814 -0.000241158 0.0269465 0.072723 
0.00128869 0.0155389 -0.00566355 -0.000297353 0.02923 0.0793509 
0.00157026 0.0158271 -0.00576917 -0.000321201 0.0294835 0.0800762 
0.00133515 0.0152399 -0.0102485 -0.000215812 0.0278454 0.0750709 
0.00128324 0.0155502 -0.0107383 -0.000363949 0.0260449 0.0710517 
0.00162107 0.0154135 -0.0108194 -0.00028295 0.026503 0.0718472 
0.00169076 0.0149062 -0.0109932 -0.000219736 0.0269966 0.0727518 
0.00166207 0.0154256 -0.0114022 -0.00038498 0.02645 0.0722258 
0.000785586 0.0143385 -0.0114031 -0.00027688 0.0234308 0.063376 
0.000953062 0.0140446 -0.0115565 -0.000233772 0.0235922 0.0635952 
0.00138089 0.0145348 -0.0119312 -0.000338094 0.0224289 0.0610507 
0.00101179 0.0137316 -0.0116213 -0.000219609 0.0221684 0.059651 
0.00132666 0.0140068 -0.0118469 -0.000284902 0.0226294 0.0611124 
0.00122021 0.0137982 -0.0117941 -0.000280745 0.0220598 0.0598464 
0.000828998 0.0131506 -0.0113011 -0.00020922 0.0221145 0.0594 
0.00111012 0.0134486 -0.0114389 -0.00025528 0.0222841 0.060381 
0.000872997 0.013067 -0.0112057 -0.00022713 0.0220002 0.0596017 
0.0012089 0.0131147 -0.0108339 -0.000196161 0.0215831 0.0581003 
0.00152425 0.0132202 -0.0103303 -0.000173083 0.0219283 0.0594478 
0.000668315 0.0124472 -0.0100152 -0.000112709 0.0259775 0.0703666 
0.000655791 0.0126604 -0.0095121 -0.000183991 0.0262516 0.0714032 
0.0010059 0.012467 -0.00910836 -7.83326e-05 0.0263467 0.0713794 
0.00114842 0.0126471 -0.00460611 -0.000114233 0.0266934 0.0725899 
0.00114994 0.0126955 -0.00462394 -0.000115784 0.0261477 0.0709486 
0.0010334 0.0127386 -0.00463951 -0.000133025 0.0271499 0.0740033 
0.00118357 0.0129367 -0.00471168 -0.000109552 0.0276607 0.0751034 
0.00120657 0.0129366 -0.00471171 -0.000114498 0.0251508 0.0682161 
0.00119314 0.0131954 -0.00480593 -0.000149238 0.0280866 0.0768038 
0.00121718 0.0131218 -0.00477878 -8.25957e-05 0.0286272 0.077658 
0.00124878 0.0132299 -0.0048185 -9.72825e-05 0.0259688 0.0702585 
0.00181955 0.0138774 -0.00505415 -0.000162456 0.0279897 0.0768466 
0.00098633 0.0130277 -0.00474406 -2.85132e-05 0.0443145 0.120555 
0.00127764 0.0134727 -0.00490666 -9.72876e-05 0.0440519 0.120313 
0.00122572 0.0135786 -0.00494491 -0.000132217 0.0417538 0.114543 
0.000884867 0.0131918 -0.00480414 -7.17359e-05 0.043315 0.11806 
0.00118536 0.0137142 -0.00499482 -0.000175288 0.0435453 0.119639 
0.000688776 0.0133194 -0.00485075 -0.000119946 0.0425075 0.116299 
0.00129365 0.0133912 -0.00487613 -2.12107e-05 0.0408562 0.111201 
0.00169094 0.0141939 -0.00516959 -0.00018498 0.0414884 0.114034 
0.00125072 0.0133038 -0.00484347 3.59633e-05 0.0399434 0.108559 
0.00183733 0.0141493 -0.00515327 -0.000123745 0.0412081 0.112724 
0.00199715 0.0139782 -0.00508982 -4.34019e-05 0.0398712 0.108876 
0.00152873 0.0137959 -0.00502363 -4.49125e-05 0.040503 0.110453 
0.00120394 0.0135858 -0.00494709 -2.94397e-05 0.0531392 0.145089 
0.000865606 0.0137039 -0.00499065 -0.000116186 0.0515915 0.141343 
0.00100251 0.0132698 -0.00483101 7.07404e-05 0.0534043 0.145363 
0.00136228 0.0137264 -0.00499794 -5.67132e-05 0.0511566 0.1401 
0.00165975 0.0139836 -0.00509238 -6.88937e-05 0.0508271 0.138937 
0.00134211 0.0133413 -0.00485688 0.000110888 0.0491859 0.133527 
0.00187776 0.0141691 -0.00515928 -9.75706e-05 0.0511849 0.140475 
0.00189803 0.0138659 -0.00504854 3.00084e-05 0.0479778 0.130745 
0.00216182 0.0140346 -0.00510997 -5.89666e-07 0.04874 0.133147 
0.00116556 0.0138651 -0.00504849 -0.000103723 0.0382142 0.104955 
0.000582527 0.0131099 -0.00477209 5.69074e-05 0.0372333 0.10114 
0.000981677 0.0137618 -0.005011 -0.000107347 0.0348662 0.0957245 
0.00105955 0.0136334 -0.00496335 -1.5532e-05 0.0360295 0.0984035 
0.00104815 0.0135624 -0.00493741 2.70643e-05 0.0362074 0.0984277 
0.00165799 0.0139278 -0.00507016 -2.07395e-05 0.0343901 0.0942245 
0.00138164 0.0137674 -0.00501211 1.91589e-05 0.035771 0.0973505 
0.00154415 0.0139604 -0.00508274 -3.70418e-05 0.0336491 0.0919532 
0.000134344 0.0130838 -0.00476203 3.9606e-05 0.0249719 0.0678479 
0.000422775 0.0135725 -0.00494195 -7.45811e-05 0.0254717 0.0694321 
0.000479615 0.0134964 -0.00491342 -4.16854e-05 0.0224662 0.0613479 
0.000516123 0.0133795 -0.00487032 1.13573e-05 0.0252045 0.0684752 
0.000827977 0.0138438 -0.00504125 -0.000112547 0.0247197 0.0676114 
0.000886842 0.013602 -0.00495137 -4.40418e-06 0.0230354 0.0628148 
0.00138599 0.0137296 -0.00499804 2.37972e-05 0.0235706 0.0638078 
0.00137905 0.0142067 -0.00517307 -0.000118412 0.0215005 0.0591383 
7.77485e-05 0.0132407 -0.00481925 2.54551e-05 0.0149311 0.0401399 
0.000381536 0.0135432 -0.00493039 -3.32319e-05 0.0143653 0.0388602 
0.000437683 0.0136108 -0.00495502 -3.81402e-05 0.0153696 0.0417191 
0.000358738 0.0134796 -0.00490685 1.90671e-06 0.0156996 0.0421419 
0.000676663 0.0138053 -0.00502609 -6.45104e-05 0.0137889 0.0377512 
0.000602001 0.0136726 -0.00497734 -3.23309e-05 0.0133371 0.0362822 
0.000659191 0.0137334 -0.00499942 -1.94834e-05 0.0146187 0.0395477 
0.0011351 0.0139196 -0.00506702 -1.52021e-05 0.014723 0.0400829 
0.000889402 0.013865 -0.00504739 -3.50087e-05 0.016268 0.0444041 
0.000424728 0.0137125 -0.00499205 -3.75983e-05 0.0163738 0.0444672 
0.000777092 0.0138656 -0.00504749 -3.19941e-05 0.0159068 0.0434664 
0.00064834 0.0138325 -0.00503554 -4.16704e-05 0.0172738 0.0473352 
0.000683415 0.0137492 -0.00500492 -1.93369e-07 0.017381 0.047063 
0.000879679 0.0139973 -0.00509526 -2.34574e-05 0.0178947 0.0489674 
0.000610247 0.0138088 -0.00502664 -7.25332e-06 0.0170408 0.0462248 
0.000516059 0.0136666 -0.00497421 2.80767e-05 0.0163054 0.0441352 
0.000958381 0.0145787 -0.00530755 -8.57666e-05 0.0174435 0.0483355 
0.000375985 0.0148309 -0.00539869 -3.27202e-05 0.018279 0.0502208 
0.000724333 0.0141059 -0.00513476 -2.25341e-05 0.0185999 0.0509087 
-0.000376134 0.0145454 -0.0052968 -0.000159811 0.0310431 0.086022 
-0.000290072 0.0143166 -0.00521042 3.12425e-05 0.0289424 0.079202 
0.000625234 0.0144522 -0.00526098 -2.27621e-05 0.0294412 0.0805847 
0.000131748 0.0150203 -0.00546753 -3.39392e-05 0.0308554 0.0848956 
-0.000280607 0.0146568 -0.00533526 -4.47711e-05 0.0304064 0.0839365 
0.000867887 0.0149586 -0.00544636 -9.61061e-05 0.0296167 0.0814522 
0.000421855 0.0154166 -0.00561185 -3.59482e-05 0.0289696 0.0796767 
0.000452482 0.0154606 -0.00562755 -5.3818e-06 0.0316188 0.0866816 
0.000609344 0.0149213 -0.0054321 -5.75088e-05 0.0305181 0.0838639 
0.000773306 0.0150942 -0.00549286 5.14471e-05 0.0289862 0.0795576 
0.000652331 0.0150272 -0.00546987 -4.60529e-06 0.029677 0.0812551 
0.000638358 0.0148592 -0.00540881 -1.60589e-05 0.0284937 0.0781476 
-5.60834e-05 0.0144494 -0.0052574 0.00011131 0.0427135 0.116939 
8.52669e-05 0.014561 -0.00530057 -1.27621e-05 0.041617 0.113886 
0.000488691 0.0145272 -0.00528727 3.96686e-05 0.0403261 0.110332 
0.000584548 0.0142556 -0.00518629 0.000136537 0.0430662 0.118085 
0.000569231 0.0145686 -0.00530279 -5.81057e-06 0.0403478 0.110744 
0.000678901 0.0143623 -0.00522612 0.000106562 0.0418011 0.1143 
0.00107449 0.0143919 -0.00523638 0.000101039 0.0436647 0.11988 
0.0006286 0.0144288 -0.00525194 2.40398e-05 0.0418714 0.114504 
0.00076196 0.0142585 -0.00518842 8.11361e-05 0.039265 0.107638 
0.00131456 0.0143539 -0.00522322 9.07081e-05 0.0399312 0.10935 
7.27748e-05 0.0141573 -0.00515348 -2.4198e-05 0.0307999 0.0844262 
0.000394131 0.0138469 -0.00503735 0.000152715 0.0320872 0.0877411 
0.000173256 0.0141655 -0.00515557 1.30149e-05 0.0316447 0.0869207 
0.000327402 0.0142862 -0.00519943 3.44363e-05 0.0340793 0.0933002 
0.000305262 0.0141485 -0.00514867 5.05973e-05 0.0333428 0.0915685 
0.000268517 0.0142693 -0.00519377 -1.35937e-05 0.0316911 0.0871759 
0.000611414 0.0140701 -0.00511984 0.000115614 0.0333344 0.0907171 
0.00114716 0.0146551 -0.00533451 -6.5777e-05 0.0336677 0.093088 
4.7144e-05 0.0140876 -0.00512752 -3.18733e-06 0.0224088 0.0615505 
0.000310978 0.0139728 -0.00508486 5.72982e-05 0.0234562 0.0640802 
0.00053342 0.0144673 -0.00526723 -9.84233e-05 0.0229142 0.0634554 
2.85273e-05 0.0141197 -0.00513924 -2.73773e-06 0.0231106 0.06341 
0.00034526 0.0138556 -0.00504119 0.000120318 0.022547 0.0612489 
0.000319388 0.0143623 -0.00522892 -8.00935e-05 0.0196857 0.0543243 
0.000340606 0.0140505 -0.00511323 4.51914e-05 0.0240524 0.0658777 
0.000610234 0.0141673 -0.0051554 6.39951e-05 0.0210859 0.0577042 
0.000912284 0.0143468 -0.00522201 -3.91015e-06 0.0257602 0.0706775 
-0.000332397 0.0139377 -0.00507245 2.39271e-05 0.0123981 0.0339468 
-4.91618e-05 0.0140961 -0.0051306 -3.15697e-06 0.0111039 0.0305477 
6.77279e-05 0.0140626 -0.00511819 9.69152e-06 0.0120037 0.0329883 
0.000264978 0.0141329 -0.00514308 4.745e-05 0.0118804 0.0324374 
0.00026665 0.0141186 -0.0051389 -6.15583e-06 0.0124234 0.0340282 
0.000296574 0.0142366 -0.00518216 -2.66176e-05 0.0140847 0.0388383 
0.000329666 0.0140739 -0.00512113 7.75367e-05 0.0122901 0.0333217 
0.000275461 0.0141997 -0.00516865 -1.87153e-05 0.0123281 0.0338613 
0.000313873 0.0142858 -0.00519995 -1.77169e-05 0.0115673 0.0317921 
6.58915e-05 0.014011 -0.00509871 4.93944e-05 0.00909516 0.0245349 
0.000393936 0.0139866 -0.0050896 6.28771e-05 0.00969276 0.0262623 
0.000400425 0.0140645 -0.00511776 7.36797e-05 0.010138 0.0273593 
0.000510866 0.0141056 -0.0051327 8.24148e-05 0.0102326 0.0273201 
0.000783405 0.014366 -0.00522863 9.80077e-06 0.00980147 0.0268455 
0.00110211 0.0142865 -0.00519831 9.67987e-05 0.0104858 0.0281775 
0.00110996 0.0144122 -0.00524465 6.77778e-05 0.0112646 0.0303507 
0.0011921 0.0147115 -0.00535543 -4.92865e-05 0.0104755 0.0289897 
0.00120673 0.0144111 -0.00524376 8.86564e-05 0.0115221 0.0311804 
0.00151546 0.0145197 -0.00528372 8.56665e-05 0.0121921 0.032646 
0.00147471 0.0147146 -0.00535566 8.40553e-06 0.0140459 0.0384318 
0.000947522 0.0143848 -0.00523461 6.78062e-05 0.0250919 0.0685904 
0.00120884 0.0145983 -0.00531335 2.13421e-05 0.0285161 0.077942 
0.0010953 0.0145714 -0.00530328 3.0985e-05 0.0240031 0.0655846 
0.00115966 0.0142338 -0.00990806 0.000127485 0.0304374 0.0828991 
0.000989011 0.0147345 -0.00536423 -5.76824e-05 0.0309579 0.0849249 
0.000848322 0.0143624 -0.0101924 5.23795e-05 0.0272365 0.0743198 
0.000709727 0.013999 -0.0103832 9.62717e-05 0.0269199 0.0731369 
0.00104058 0.0146037 -0.0108561 -6.3539e-05 0.0281047 0.0773408 
0.000869456 0.0138782 -0.0102324 0.00015986 0.0246052 0.066485 
0.00132298 0.0141583 -0.0108218 3.0953e-05 0.0313846 0.0858579 
0.0015395 0.0142015 -0.0105562 4.61842e-05 0.0278507 0.0761228 
0.00125069 0.0137411 -0.00991464 0.000155002 0.0310674 0.0843536 
0.00187458 0.013929 -0.00968861 7.40309e-05 0.074164 0.203607 
0.00128341 0.0137056 -0.00498708 0.000149628 0.0706487 0.193416 
0.00157611 0.0131104 -0.0047702 0.000242145 0.0715089 0.195221 
0.00175733 0.0125447 -0.00456476 0.000138689 0.0679945 0.186258 
0.00120655 0.013503 -0.00491433 6.91774e-05 0.0710153 0.194665 
0.00153249 0.0137914 -0.00958578 0.0001262 0.0701797 0.19201 
0.00102683 0.0128436 -0.0100111 9.80211e-05 0.0707099 0.193364 
0.000377231 0.0133142 -0.00956322 4.62777e-05 0.0708186 0.193994 
0.000671249 0.0129685 -0.00953035 0.000156966 0.0690743 0.188528 
-0.00118489 0.0123353 -0.00977665 6.33932e-05 0.0655279 0.179058 
-0.00130752 0.0127275 -0.00933151 1.74008e-05 0.0647229 0.177102 
-0.000876116 0.0123702 -0.0090387 0.000153671 0.0647045 0.176371 
-0.000662407 0.0125096 -0.00976561 4.13189e-05 0.0629183 0.171949 
-0.000486296 0.0126102 -0.00990544 6.11914e-05 0.0653019 0.178545 
-0.000360707 0.0121627 -0.00958129 0.00018384 0.0640372 0.174567 
-0.000401539 0.012577 -0.00935225 -3.71131e-05 0.061812 0.169142 
0.000113298 0.012424 -0.00452117 0.000126152 0.0601003 0.163984 
0.000197981 0.0123136 -0.00448155 0.000107313 0.0654386 0.178609 
0.000248202 0.012922 -0.00470586 -0.000121622 0.0603424 0.165404 
0.000863641 0.0126259 -0.00459408 0.000212529 0.0623191 0.169813 
-0.00105782 0.0124767 -0.00454185 -2.42276e-05 0.0434834 0.118694 
-0.000582748 0.012898 -0.00469621 -7.42826e-05 0.0452596 0.123745 
-0.000532539 0.0127597 -0.00464333 9.2494e-05 0.0472428 0.128575 
-0.000116149 0.0131688 -0.00961728 -9.19e-05 0.0456796 0.124811 
0.000113489 0.0130799 -0.0095794 -3.59339e-05 0.0434505 0.118786 
1.686e-05 0.0132752 -0.0100135 -9.19073e-05 0.045452 0.124142 
-0.000922075 0.0129408 -0.0106948 -8.89795e-05 0.0236322 0.0642696 
0.000408029 0.0129594 -0.0109709 9.71149e-06 0.0454052 0.123688 
-2.68423e-05 0.0134109 -0.01142 -0.000218248 0.044156 0.120875 
-0.000317852 0.0129369 -0.0116062 6.5382e-05 0.0244095 0.0657807 
-0.000328827 0.0120844 -0.0109776 0.00019743 0.0227371 0.0607284 
-7.49497e-05 0.0128197 -0.0106606 -8.19684e-05 0.021869 0.059471 
0.000330284 0.0128567 -0.010167 0.000102056 0.0248897 0.0672898 
0.000796732 0.0127082 -0.00462341 0.0002149 0.0228862 0.0602098 
0.000659491 0.013665 -0.00497386 4.57624e-05 0.0242633 0.0650881 
0.000564963 0.0136997 -0.00498703 1.41853e-06 0.0230263 0.0619844 
0.00154511 0.0132626 -0.00482643 0.000165733 0.0233157 0.0618205 
0.0016814 0.0140258 -0.00510608 2.86966e-05 0.0246377 0.0662298 
0.00128825 0.013965 -0.00508481 -3.35347e-05 0.0230772 0.0619866 
0.00165383 0.0137542 -0.00500614 0.000101802 0.0245381 0.0656315 
0.000825847 0.0140144 -0.00510165 -1.06481e-05 0.0151845 0.0405154 
0.000822802 0.0141165 -0.00514029 -8.26572e-05 0.0151669 0.0403589 
0.000929778 0.0140849 -0.010421 1.68759e-05 0.0134698 0.0354455 
0.00104249 0.0148018 -0.0111818 -0.000162479 0.0192709 0.0520414 
0.000713191 0.0145768 -0.011696 -0.000125677 0.0145023 0.0388528 
0.000953555 0.0143265 -0.0124305 -2.30143e-05 0.0167391 0.0448127 
0.000842941 0.0148141 -0.013379 -0.000120426 0.016813 0.0451057 
0.00093939 0.0145914 -0.0125639 1.06561e-05 0.0153408 0.0411511 
0.00126667 0.0138902 -0.0121352 1.7866e-06 0.0155875 0.0417833 
0.00141324 0.0142667 -0.01118 -8.71266e-05 0.01953 0.0527894 
0.00115101 0.0139443 -0.0102007 5.71906e-07 0.0176489 0.0474036 
0.00109376 0.0135412 -0.00492835 4.98406e-05 0.0183855 0.0493291 
0.00104804 0.0139747 -0.00982105 -0.000137104 0.0258086 0.0706129 
0.00102198 0.0138033 -0.00958257 2.67541e-06 0.0260634 0.0706842 
0.00113968 0.0135442 -0.0102467 3.25726e-05 0.0256192 0.0690054 
0.000975305 0.013594 -0.0105814 -0.000120557 0.0267504 0.073307 
0.000762841 0.0133615 -0.0103605 5.10255e-05 0.0277729 0.075244 
0.000959907 0.0132727 -0.0105728 -8.55445e-06 0.0269497 0.0729188 
0.00123542 0.0132406 -0.0106887 -2.43826e-05 0.0260866 0.0711629 
0.000592369 0.0129106 -0.0102991 0.00011204 0.0291128 0.0787875 
0.00103537 0.0130173 -0.00956978 2.09562e-06 0.0292906 0.0795871 
0.000311817 0.013272 -0.00483092 -9.83199e-07 0.0283879 0.0773198 
7.30197e-05 0.0135695 -0.00493882 1.01737e-05 0.0300282 0.0821802 
0.000548196 0.0128532 -0.00467639 0.000129159 0.0295717 0.0802394 
3.38801e-05 0.0135204 -0.00492134 3.77849e-06 0.0565517 0.154963 
-1.11639e-05 0.0140637 -0.00511979 -6.27799e-05 0.0560372 0.154179 
6.54305e-05 0.0142739 -0.00519307 0.000151135 0.0571057 0.156095 
0.000106869 0.0137835 -0.00501422 0.000183476 0.0543605 0.148319 
-9.79424e-05 0.0138979 -0.00505835 4.42374e-06 0.0561665 0.154284 
-0.000114881 0.0139959 -0.00509176 0.000170338 0.0567346 0.154785 
0.000220919 0.0138264 -0.00503208 4.24917e-05 0.055146 0.151016 
3.23196e-05 0.0143187 -0.00521284 -6.29397e-05 0.0552134 0.151669 
-0.000153511 0.0145939 -0.00531231 -2.93668e-05 0.0545909 0.15002 
0.000333903 0.0140841 -0.0051283 -9.55805e-05 0.0542076 0.148695 
-7.11384e-05 0.0153533 -0.010708 -0.000351025 0.0557484 0.153558 
-1.18097e-05 0.0155744 -0.0136898 -0.000229789 0.0552083 0.151376 
-9.89598e-05 0.0149709 -0.0170345 -0.000362942 0.0533795 0.146855 
-0.00154681 0.015854 -0.0210677 -0.000589183 0.0423626 0.117184 
0.00039272 0.0155322 -0.0240075 -0.000400074 0.0523917 0.144041 
-0.000272194 0.0143423 -0.0266306 -0.000345579 0.0430593 0.118501 
-0.000669982 0.0149829 -0.0282624 -0.000478106 0.0390343 0.107555 
0.000474188 0.0138034 -0.0285645 -0.000373798 0.049045 0.134485 
-0.000456056 0.0135063 -0.029097 -0.00059907 0.0394247 0.109034 
-0.000489864 0.0133124 -0.0286259 -0.000573377 0.0416551 0.114471 
0.000133565 0.0123034 -0.0289188 -0.000444152 0.0406695 0.111281 
-8.7869e-05 0.0125693 -0.0299756 -0.000741266 0.0408169 0.112544 
-0.000189172 0.0120582 -0.0312586 -0.000682305 0.0430082 0.11824 
-0.000259233 0.0116091 -0.0329799 -0.000693754 0.0392371 0.107849 
0.000198777 0.0114214 -0.0356224 -0.000790686 0.038718 0.106785 
0.000138152 0.0109563 -0.0374689 -0.000777047 0.0388653 0.106894 
0.000278502 0.0107015 -0.0394659 -0.000941134 0.0422244 0.116721 
0.000289303 0.0102925 -0.0412509 -0.00100117 0.0395657 0.109565 
0.000396697 0.00975121 -0.0427175 -0.000993672 0.0435177 0.120141 
0.000428884 0.00926203 -0.0439207 -0.00106168 0.0398959 0.11072 
0.000270446 0.00942753 -0.044613 -0.00115774 0.0381866 0.106322 
0.000196443 0.0091458 -0.0442111 -0.00109061 0.0378452 0.105107 
0.00051081 0.00733806 -0.0429086 -0.00097432 0.0400375 0.111378 
0.000273144 0.00762248 -0.0418807 -0.00112527 0.0353919 0.0984866 
0.000687496 0.00703527 -0.0398264 -0.00103038 0.0470263 0.130235 
0.00044772 0.00613481 -0.0379247 -0.000963461 0.0417926 0.116174 
0.00044772 0.00613481 -0.0379247 -0.000963461 0.0417926 0.116174 
-0.0100684 -0.0341121 -0.01642 -0.000444222 0.0152232 0.0412204 
-0.00948955 -0.0331215 -0.0100195 -0.00038478 0.0146825 0.039533 
-0.00923469 -0.0312209 -0.00414437 -0.000348449 0.0138508 0.0359591 
-0.00938903 -0.0287124 2.64495e-05 -0.000234414 0.0144948 0.0370037 
-0.00140323 -0.0230857 0.00293436 -0.000288111 -0.00101092 -0.0047444 
-0.000794633 -0.020634 0.00268122 -0.000274015 0.000437288 -0.000706046 
0.000109899 -0.0173935 0.00633855 -0.000242335 -0.000147487 -0.00318318 
0.00161324 -0.0144769 0.00527639 -0.000353963 0.000502794 0.000940806 
0.00165082 -0.0126307 0.00460228 -0.000299708 0.00116512 0.00160721 
0.00278729 -0.0102594 0.00373555 -0.000254915 0.000694665 -0.000872527 
0.00177689 -0.0093929 0.00342182 -0.000304565 0.00124456 0.000918981 
0.00111123 -0.00763907 0.00278457 -0.000399531 0.00165423 0.00349506 
0.00194754 -0.00628557 0.00228935 -0.000289252 -0.00424611 -0.0131862 
0.00290974 -0.00428888 0.00156029 -0.000264586 -0.00454528 -0.0145159 
0.00194011 -0.00336108 0.00122362 -0.000319714 -0.0066603 -0.0199172 
0.00195988 -0.00212378 0.000773193 -0.00034722 -0.0044296 -0.0132654 
0.00228986 -0.000663741 0.000241281 -0.000331115 -0.00586568 -0.0167733 
0.00240342 0.000414669 -0.000151837 -0.000320015 -0.00562667 -0.0161685 
0.00262445 0.00169645 -0.000618885 -0.000353249 -0.00104576 -0.00341261 
0.0020066 0.00252267 -0.000919508 -0.000323778 -0.00290869 -0.00822778 
0.00185279 0.00314143 -0.00114512 -0.000262323 -0.0015446 -0.00489525 
0.00183132 0.00399598 -0.00145651 -0.000255565 -0.00112691 -0.00381149 
0.00165002 0.00469628 -0.00171167 -0.000264225 -0.00301495 -0.00901221 
0.0013389 0.00525087 -0.00191345 -0.000270789 -0.00275107 -0.00796474 
0.00163004 0.00581785 -0.00211998 -0.000201593 -0.00417115 -0.0123763 
0.00212586 0.00699932 -0.0025507 -0.000268138 0.000209771 0.000111125 
0.0019515 0.00746842 -0.00272151 -0.000272335 -0.00248433 -0.00718859 
0.00192049 0.00779119 -0.00283903 -0.000203888 -0.00128165 -0.0044652 
0.00236397 0.00865068 -0.00315222 -0.000201841 0.000106651 -0.000591289 
0.00186244 0.008918 -0.0032489 -0.000217553 -0.00182944 -0.00530081 
0.00234428 0.00971725 -0.00354004 -0.000219299 0.00160895 0.00421511 
0.00245581 0.0101446 -0.00369547 -0.000187931 -0.000139077 -0.000714363 
0.00239512 0.0102679 -0.00373984 -0.000115982 0.0011057 0.00234784 
0.00233029 0.0104784 -0.00381669 -8.10294e-05 0.00350137 0.00845022 
0.00202323 0.0108361 -0.00394701 -0.000136414 0.00276479 0.00686349 
0.00198042 0.0109645 -0.00399343 -8.60598e-05 0.00111488 0.00195801 
0.00224938 0.0113184 -0.00412328 -9.25019e-05 0.00250938 0.0052719 
0.00269728 0.0119396 -0.00434946 -0.000101856 0.0141151 0.0376236 
0.00247594 0.0119057 -0.00433651 -5.01769e-05 0.0141889 0.0376308 
0.00293938 0.0124786 -0.00454682 -0.000133055 0.0149138 0.0396257 
0.00270094 0.0129534 -0.00471988 -0.000234471 0.0111613 0.0300884 
0.00263632 0.0128473 -0.00468049 -0.000128241 0.0142594 0.0380085 
0.00285347 0.012932 -0.00471197 -0.000105716 0.0155494 0.0410869 
0.00293935 0.0133431 -0.00486163 -0.000151921 0.0156836 0.0419307 
0.00238071 0.0131675 -0.0047974 -0.000151414 0.0147676 0.0393914 
0.00279962 0.0135068 -0.00492117 -0.000163371 0.0131634 0.0351059 
0.00302543 0.0138416 -0.00984122 -0.000194482 0.0154557 0.0414928 
0.00281467 0.0138026 -0.0100573 -0.000174966 0.014568 0.038983 
0.00224501 0.0135319 -0.0101879 -0.000210901 0.0122902 0.0327151 
0.00222389 0.0132728 -0.0103219 -0.0001621 0.0128289 0.0339794 
0.00249155 0.0135428 -0.0108504 -0.000202311 0.0114732 0.030407 
0.00273248 0.0136864 -0.0112385 -0.000192438 0.0134274 0.0359589 
0.00267363 0.0133443 -0.0115069 -0.000110317 0.0145125 0.0385987 
0.00261113 0.0134166 -0.0115061 -0.000199385 0.0130135 0.0348732 
0.00255002 0.0132799 -0.0114803 -0.000162367 0.0125022 0.0335428 
0.00264693 0.0131131 -0.0112175 -0.000105705 0.0138263 0.0365773 
0.00263036 0.0132212 -0.0111308 -0.000172973 0.0133489 0.0356203 
0.00238445 0.0131038 -0.010863 -0.000173899 0.0141802 0.0382813 
0.00170537 0.0124329 -0.0104732 -9.54968e-05 0.0106294 0.0286133 
0.00145365 0.0122135 -0.00967458 -0.000128761 0.00993104 0.0266282 
0.00122726 0.0118923 -0.00433049 -6.46495e-05 0.00924488 0.0244508 
0.0013653 0.0120913 -0.00440292 -8.12356e-05 0.0123198 0.0332617 
0.00112778 0.0119683 -0.0043584 -8.10818e-05 0.0109984 0.0293056 
0.00105877 0.0121571 -0.00442652 -4.74976e-05 0.012314 0.032967 
0.00114232 0.0122601 -0.00446438 -5.60834e-05 0.0127455 0.0339834 
0.000907611 0.0122811 -0.00447183 -7.3902e-05 0.0118936 0.0320146 
0.00127844 0.0126672 -0.00461244 -7.53505e-05 0.0131008 0.035438 
0.00136238 0.0129019 -0.00469831 -9.28624e-05 0.0136984 0.0370127 
0.000756379 0.012377 -0.00450613 -2.29818e-05 0.0141045 0.0377933 
0.000676435 0.0127846 -0.00465455 -3.13675e-05 0.0166084 0.0448015 
0.000907093 0.0131848 -0.00479959 8.39347e-06 0.0161422 0.0435412 
0.00094941 0.0130302 -0.00474462 -6.54621e-05 0.0151198 0.0407409 
0.00100077 0.0132423 -0.00482095 -1.89859e-05 0.0155955 0.0421008 
0.000793359 0.0130982 -0.00476827 9.49556e-06 0.0159913 0.0428302 
0.00130788 0.013324 -0.00485079 -7.42429e-06 0.0163125 0.043924 
0.000901011 0.0133915 -0.00487539 -5.88353e-05 0.0145711 0.0398362 
0.000961215 0.0131701 -0.00479409 2.78576e-05 0.016762 0.0450476 
0.00102088 0.0136445 -0.00496853 -0.000117124 0.0150171 0.0411516 
0.000922068 0.0132253 -0.00481367 3.50791e-05 0.0174671 0.0473323 
0.000992045 0.0132307 -0.00481604 3.73846e-05 0.0157986 0.0423287 
0.00151485 0.013994 -0.00509518 -9.27699e-05 0.0182652 0.0501962 
0.000510474 0.0131567 -0.00478914 2.63317e-05 0.0346962 0.0945442 
0.000702603 0.0133241 -0.00485015 3.66268e-05 0.0324973 0.0883131 
0.00103822 0.0134898 -0.00491084 -3.76438e-06 0.033469 0.0913546 
0.00089264 0.0134877 -0.00491003 -1.81486e-06 0.0338683 0.0924458 
0.00126496 0.0136421 -0.00496611 3.9327e-05 0.0315556 0.0857197 
0.00156994 0.0139314 -0.00507164 -2.29604e-05 0.0374816 0.102659 
0.00144242 0.0137411 -0.00500209 3.96093e-05 0.0336207 0.0914839 
0.0016446 0.0139266 -0.00506984 2.37554e-05 0.0325766 0.0886884 
0.00197282 0.0145819 -0.00530845 -4.25839e-05 0.0360545 0.0989443 
0.00174144 0.0151079 -0.00549984 -2.90161e-05 0.0353837 0.097002 
0.00190954 0.0146428 -0.0053303 6.75492e-05 0.0316429 0.085841 
0.00204956 0.0147019 -0.00535209 -2.97163e-05 0.0314459 0.0861655 
0.000823863 0.0141264 -0.00514146 6.14264e-05 0.0442826 0.121032 
0.0014254 0.0143115 -0.00520988 3.18401e-05 0.0463072 0.126466 
0.00157504 0.0140199 -0.00510193 0.000128029 0.0435637 0.118929 
0.00114126 0.0142235 -0.0051782 -4.34179e-05 0.0410075 0.112413 
0.00128655 0.0139449 -0.00507527 0.000126377 0.0440306 0.119832 
0.00104105 0.0143877 -0.00523635 4.62171e-05 0.0404001 0.110664 
0.0017247 0.0148046 -0.00538824 9.78187e-05 0.0416293 0.113532 
0.00166221 0.0142388 -0.00518244 9.84095e-05 0.0420548 0.114638 
0.00235662 0.0149779 -0.00545129 2.85091e-05 0.0425074 0.116641 
0.000768388 0.01389 -0.00505412 0.000160293 0.0339038 0.0919951 
0.00141789 0.0140256 -0.0051042 0.00011638 0.0318038 0.0864529 
0.00082857 0.0141369 -0.00514512 5.48156e-05 0.0323712 0.0883951 
0.000681512 0.0139519 -0.0050777 5.63895e-05 0.030729 0.0838798 
0.000885996 0.0137233 -0.00499368 0.000159706 0.030364 0.082089 
0.00107102 0.0142875 -0.0052008 -9.17123e-06 0.0308773 0.0845835 
0.00127283 0.0141488 -0.0051499 3.08867e-05 0.030122 0.0822733 
0.000199782 0.0134309 -0.00488681 0.000131308 0.0198128 0.0533947 
0.000691891 0.0141361 -0.00514609 -4.69726e-05 0.0190262 0.0522284 
0.000262427 0.0137445 -0.00500262 1.1185e-05 0.0176504 0.048169 
0.000643227 0.0137143 -0.00499033 0.000112964 0.0218106 0.059081 
0.000377878 0.0137855 -0.00501754 1.87933e-05 0.0180151 0.0490074 
0.000433208 0.0137838 -0.00501651 3.48746e-05 0.0181093 0.0493975 
0.000788838 0.0138311 -0.00503339 8.53192e-05 0.0187614 0.0506627 
0.00115182 0.0139995 -0.005095 7.78554e-05 0.019122 0.051616 
0.000174602 0.0135398 -0.00492717 6.97087e-05 0.0138705 0.0374693 
0.000521399 0.0137498 -0.00500409 4.81591e-05 0.0142895 0.038629 
0.000877329 0.0138907 -0.0050551 6.98172e-05 0.0148285 0.0400703 
0.000939979 0.0140832 -0.00512609 9.38605e-06 0.0153776 0.0418537 
0.000975293 0.0138387 -0.00503582 0.000107387 0.0146482 0.0392063 
0.00105499 0.0140471 -0.00511284 1.84145e-05 0.0156282 0.0424701 
0.00108667 0.0141365 -0.00514561 -3.7323e-06 0.0135501 0.0369683 
0.00112581 0.0139662 -0.00508243 9.03808e-05 0.0139572 0.0374506 
0.00120564 0.0141633 -0.00515509 1.22946e-05 0.0143379 0.0391147 
0.000946042 0.0140678 -0.00512058 8.00043e-06 0.0134329 0.0364093 
0.000531851 0.0136854 -0.00497989 0.000100006 0.0147075 0.0394578 
0.000254866 0.0139456 -0.00507686 -5.78867e-05 0.0139746 0.0384787 
0.000300686 0.0137201 -0.00499338 3.76998e-05 0.0152466 0.0412758 
0.000648198 0.0138639 -0.00504526 6.227e-05 0.0156676 0.0425521 
0.000974243 0.0148416 -0.00540441 -0.00015238 0.0170533 0.0474802 
0.000715773 0.0146188 -0.00532056 1.77657e-05 0.0179813 0.049272 
0.00108065 0.0141535 -0.00515088 7.21707e-05 0.0149117 0.0401304 
0.000772638 0.0146549 -0.0053353 -9.48915e-05 0.0152113 0.0424629 
0.000414332 0.0140331 -0.00510629 9.37425e-05 0.0161417 0.0436181 
0.000895131 0.0143006 -0.00520535 -5.45511e-06 0.0188897 0.0516354 
0.00027637 0.014206 -0.005171 -2.87946e-05 0.0300428 0.0826746 
-9.42362e-05 0.0136557 -0.00496869 0.000117497 0.0249812 0.0676294 
0.000614278 0.0143459 -0.00522338 -9.2219e-05 0.0272906 0.0749297 
0.000343851 0.013879 -0.0050508 7.01593e-05 0.026052 0.0709032 
-0.000200297 0.0137062 -0.00498736 9.38415e-05 0.0290319 0.0790109 
0.000471732 0.0141589 -0.00515352 -9.39286e-06 0.0273119 0.0751239 
-7.90197e-05 0.0137421 -0.00500093 5.56337e-05 0.0255924 0.0699144 
0.000693511 0.0140655 -0.00511864 6.17401e-05 0.0276444 0.0755703 
0.000976055 0.0144294 -0.00525276 -4.64191e-05 0.0280558 0.0771137 
0.000556013 0.0139229 -0.00506615 8.88396e-05 0.0270018 0.0738445 
0.000646053 0.0143435 -0.00521948 9.73591e-05 0.0388792 0.10623 
0.000358899 0.0145231 -0.00528491 6.72852e-05 0.0420396 0.115301 
4.46443e-05 0.0138756 -0.00504936 6.67878e-05 0.036614 0.100251 
0.000621613 0.0140466 -0.00511113 0.000117725 0.0411735 0.112501 
0.000610969 0.0143694 -0.00522962 1.05131e-05 0.0393709 0.10834 
0.000591583 0.0138708 -0.00504675 0.000162147 0.0378521 0.102975 
0.000834523 0.0142722 -0.00519422 7.95036e-06 0.0390099 0.107368 
0.0008833 0.0140946 -0.00512849 0.000126083 0.0389941 0.106487 
0.000863195 0.0144922 -0.00527394 0.000113158 0.0407859 0.111076 
0.00114079 0.0147551 -0.00536896 0.0001403 0.0395752 0.107869 
-0.000425003 0.0135247 -0.00491977 0.00018186 0.0311661 0.0845775 
0.000255771 0.0143799 -0.00523372 3.22216e-05 0.0301344 0.0822342 
0.000151482 0.0142188 -0.00517333 0.000126423 0.0286859 0.0780854 
0.000444725 0.0143546 -0.00522395 7.13626e-05 0.0303731 0.0827232 
0.000566027 0.0146596 -0.00533589 6.2014e-06 0.0293521 0.0802945 
0.00059768 0.0144317 -0.00525122 0.000108719 0.0278105 0.075712 
0.00143177 0.0148443 -0.00540298 2.05466e-05 0.0309294 0.0846265 
0.00146865 0.0148505 -0.0054052 1.33775e-05 0.0306517 0.0840013 
0.00134687 0.0145001 -0.00527604 0.000134084 0.0278002 0.0755399 
0.00146718 0.0151607 -0.00551842 9.54324e-06 0.0306138 0.083718 
0.000277857 0.0147354 -0.00536114 0.000130072 0.0239674 0.0650991 
0.000270488 0.0142741 -0.00519386 9.59893e-05 0.0188461 0.0510586 
0.000529601 0.0147583 -0.00537122 2.73366e-05 0.0214998 0.058841 
0.000303054 0.0144275 -0.0052488 0.00016032 0.0232377 0.062667 
0.000314946 0.0143697 -0.0052293 6.14336e-05 0.0201323 0.0546982 
0.000853444 0.0146317 -0.00532395 8.79616e-05 0.024129 0.0660507 
0.000623193 0.0143478 -0.00522027 0.000141921 0.0240789 0.0650927 
0.00117418 0.014708 -0.00535291 2.17999e-05 0.0209947 0.0575871 
0.000145988 0.0141933 -0.00516418 9.80783e-05 0.0102626 0.0275363 
-0.000157745 0.0143187 -0.00521135 2.26647e-05 0.0132096 0.0353071 
0.000203194 0.0150118 -0.00546716 -0.000155215 0.0132203 0.03627 
-0.000155451 0.0146091 -0.0119066 2.17428e-05 0.0149063 0.0400628 
0.000111262 0.0150648 -0.0145693 -0.000165251 0.0131898 0.036256 
0.000399688 0.0153177 -0.0178622 -0.000264335 0.0128098 0.0357417 
0.000535413 0.0149524 -0.0204772 -0.000206941 0.014592 0.0404681 
0.0225696 0.0215198 -0.0251775 -0.00028448 0.23758 0.652337 
0.0222029 0.0212586 -0.0265051 -0.000481093 0.238048 0.654021 
0.0220395 0.0196021 -0.0275109 -8.28865e-05 0.236155 0.647108 
0.000646057 0.0115132 -0.0278152 -0.000385728 0.0136083 0.0374304 
0.000620471 0.0125249 -0.0293419 -0.000895158 0.0141822 0.0396558 
0.000439234 0.0116727 -0.0315878 -0.000876428 0.0150502 0.0422422 
-0.00216112 0.0111623 -0.0327572 -0.000985299 0.00971898 0.0288458 
-0.00246766 0.00999063 -0.0333301 -0.000621206 0.0026426 0.00748896 
-0.00207678 0.0104525 -0.0324554 -0.000973365 0.00763767 0.0234189 
-0.00248262 0.0100314 -0.0329378 -0.000874451 0.00187069 0.00756204 
-0.00219561 0.00968401 -0.0323725 -0.000798309 0.00463845 0.0136016 
-0.00194558 0.0105933 -0.0349129 -0.00130033 0.00633182 0.0202858 
-0.00250415 0.0100585 -0.0381335 -0.00114747 0.00387919 0.0135724 
-0.00182511 0.0106366 -0.0427578 -0.00142235 0.0114228 0.0345053 
-0.000838896 0.0109861 -0.0497399 -0.00160107 0.0125045 0.0379781 
-0.00141788 0.00991435 -0.0567547 -0.00139181 0.00957713 0.0294244 
-0.000762663 0.00961882 -0.062679 -0.00148764 0.0138276 0.041577 
-0.000516372 0.00877544 -0.0672893 -0.001437 0.0117273 0.0350187 
-0.000304556 0.00808082 -0.0710527 -0.00149474 0.0134114 0.0402348 
0.000895057 0.00755557 -0.0728031 -0.00161329 0.0156682 0.0468504 
0.00134033 0.00598454 -0.073652 -0.00131123 0.0158652 0.0462535 
0.00206661 0.00538829 -0.0743862 -0.00142385 0.0130334 0.0394603 
0.00206661 0.00538829 -0.0743862 -0.00142385 0.0130334 0.0394603 
-0.0127564 -0.0352283 -0.0462572 -0.000344823 -0.00949731 -0.0266604 
-0.0115922 -0.0335493 -0.0332132 -0.000418804 -0.00404179 -0.011583 
-0.00990622 -0.0316185 -0.0202468 -0.000385256 -0.00397894 -0.0124563 
-0.00983426 -0.030308 -0.00693078 -0.000134251 -0.00320031 -0.0113497 
0.000167321 -0.0238859 0.00870077 -0.000160671 -0.010772 -0.031803 
0.00042418 -0.0213539 0.0077828 -0.000323248 -0.0102632 -0.0297936 
0.00132893 -0.0180327 0.00656873 -0.000208463 -0.0094368 -0.0275619 
0.00250117 -0.0154367 0.00562372 -0.00026753 -0.0152739 -0.0428322 
0.00253364 -0.0133326 0.0048586 -0.000324142 -0.00958535 -0.0266852 
0.00311541 -0.0103638 0.00377852 -0.000400162 -0.0143004 -0.0388959 
0.00353018 -0.00868293 0.00316495 -0.000351567 -0.0133561 -0.0365441 
0.00301724 -0.007369 0.00268607 -0.000369931 -0.0105424 -0.0289439 
0.00284872 -0.00577616 0.00210478 -0.000301563 -0.0103877 -0.0286386 
0.00218719 -0.00461995 0.00168434 -0.000369644 -0.0124542 -0.0338313 
0.00235116 -0.00327376 0.00119337 -0.000349934 -0.00965008 -0.0263759 
0.00255869 -0.00198502 0.000722835 -0.00025881 -0.0119997 -0.0333542 
0.00236793 -0.000727254 0.000264998 -0.000342798 -0.00413431 -0.0114926 
0.00278259 0.000362013 -0.000132106 -0.000256297 -0.00169305 -0.00488468 
0.00266132 0.00140064 -0.000510399 -0.000255795 -0.00419439 -0.0116597 
0.00282494 0.00238021 -0.000867508 -0.000247907 7.58247e-05 -0.000107246 
0.00265558 0.00314146 -0.00114496 -0.000220134 -0.00245726 -0.0072408 
0.00277366 0.00423911 -0.00154461 -0.000227568 -0.000313638 -0.00115013 
0.00298153 0.00505955 -0.00184362 -0.000214505 0.000159098 2.74724e-05 
0.003196 0.00602602 -0.00219575 -0.000248267 0.00157408 0.00406386 
0.0033671 0.00678866 -0.00247339 -0.000239945 0.00196877 0.00522711 
0.00321782 0.00732474 -0.00266862 -0.000220136 0.000502266 0.00112853 
0.00334264 0.00793929 -0.00289249 -0.000202079 0.00172534 0.00439285 
0.00315205 0.00840865 -0.00306312 -0.000194295 0.00186939 0.00491333 
0.00330124 0.00899143 -0.00327508 -0.000185162 0.00221948 0.00599091 
0.00342408 0.0095605 -0.00348229 -0.000165457 0.00438726 0.0118509 
0.00225829 0.009352 -0.00340605 -0.000157901 -0.00470258 -0.01303 
0.00227471 0.00977098 -0.00355901 -0.000169288 -0.00210607 -0.00605086 
0.00207487 0.0100882 -0.00367441 -0.000159943 -0.00303776 -0.00863007 
0.002198 0.0101197 -0.00368477 -5.66814e-05 -0.0005456 -0.00200744 
0.00221304 0.0105831 -0.00385349 -7.21038e-05 -0.000137701 -0.000730296 
0.00205479 0.0109561 -0.00398948 -0.000111837 -0.0020587 -0.00571361 
0.0021202 0.011356 -0.00413576 -0.000156472 0.000634755 0.00171442 
0.00229256 0.011672 -0.00425049 -0.000146159 0.00113815 0.00323431 
0.00191094 0.0116056 -0.00422573 -0.000112517 -0.00103408 -0.00269429 
0.00203979 0.0118322 -0.00430863 -0.00011941 0.00362672 0.00990677 
0.00183176 0.0120285 -0.00438006 -0.000131992 0.00269714 0.00752633 
0.0015294 0.0118682 -0.00432102 -7.21619e-05 0.00208486 0.00558419 
0.00180349 0.0120213 -0.00437765 -7.39525e-05 0.00363001 0.00920779 
0.00174212 0.0123691 -0.00450418 -9.89289e-05 0.00244015 0.00632305 
0.00152637 0.0122877 -0.00447402 -6.28221e-05 0.00168537 0.00411373 
0.00168234 0.0126134 -0.00459398 -0.000136205 0.00429972 0.0112698 
0.00182872 0.0129228 -0.00470605 -0.000135419 0.00863559 0.0236515 
0.00176854 0.0126594 -0.00460888 -4.00358e-05 0.00977562 0.0264781 
0.00186428 0.0129757 -0.00472574 -0.000130369 0.00808861 0.0217827 
0.00194149 0.0129451 -0.00471405 -6.15436e-05 0.00934246 0.0248017 
0.00171983 0.0128717 -0.0046869 -3.39252e-05 0.0115317 0.0307291 
0.00175869 0.0130366 -0.0047477 -7.72821e-05 0.0102493 0.0272139 
0.00200781 0.0132251 -0.00481591 -7.12489e-05 0.0103822 0.0278478 
0.00225965 0.0134625 -0.00490266 -7.53235e-05 0.0107159 0.0286492 
0.00235193 0.0135277 -0.00492668 -5.39843e-05 0.0110708 0.0292703 
0.00178916 0.0134502 -0.00489801 -9.44407e-05 0.00924786 0.0248652 
0.00178638 0.0134095 -0.0048835 -9.25948e-05 0.00804535 0.0212964 
0.00202767 0.0133729 -0.0048696 -2.37696e-05 0.00922698 0.0241529 
0.00211026 0.0134583 -0.00490041 -1.87446e-05 0.00670941 0.0173413 
0.00208994 0.0140099 -0.00510204 -7.82982e-05 0.00905652 0.0240328 
0.00207109 0.01435 -0.0052254 -7.98249e-05 0.00856088 0.0229818 
0.002197 0.0139481 -0.00507954 -8.04639e-05 0.00900907 0.0239505 
0.0021349 0.0142049 -0.00517278 -0.000105558 0.00834859 0.0225972 
0.00202446 0.0141022 -0.00513517 -5.71775e-05 0.00846298 0.0224104 
0.00190168 0.0140237 -0.00510727 -9.77388e-05 0.0102051 0.0272622 
0.00158761 0.0140614 -0.00512059 -0.000120985 0.00717125 0.0194764 
0.00119642 0.0136857 -0.00498363 -9.14032e-05 0.00744742 0.0198192 
0.00142574 0.0136392 -0.00496623 -3.95631e-05 0.00700187 0.0181938 
0.00141577 0.0137663 -0.00501195 -3.24105e-05 0.00824261 0.0219567 
0.000846486 0.0135642 -0.00493968 -0.00010805 0.00733262 0.019436 
0.00131303 0.0137602 -0.00501026 -5.87481e-05 0.00827967 0.0220135 
0.00108533 0.0136889 -0.00498397 -5.66025e-05 0.00842696 0.0226464 
0.00116567 0.0137458 -0.00500563 -9.53311e-05 0.00964035 0.0258203 
0.00124536 0.0137558 -0.005008 -4.07571e-05 0.00890561 0.0239917 
0.00134471 0.0140486 -0.00511607 -0.000127789 0.0102082 0.0277961 
0.000892549 0.0136553 -0.00497224 -8.49131e-05 0.0135612 0.0367944 
0.00082114 0.0134732 -0.00490471 -1.71112e-05 0.0119015 0.0321441 
0.000911773 0.0136866 -0.00498401 -0.000115604 0.0142371 0.0388299 
0.00079464 0.0136827 -0.00498165 -7.74934e-05 0.0123686 0.033898 
0.00106398 0.0134957 -0.00491265 1.94262e-05 0.0130684 0.0349784 
0.00115934 0.0139245 -0.00507043 -0.000117543 0.0137009 0.037589 
0.00108553 0.0138126 -0.00502897 -6.89624e-05 0.0140371 0.0383153 
0.00114827 0.0135271 -0.00492437 7.72164e-06 0.0144505 0.0387824 
0.00169578 0.0139917 -0.00509437 -6.90467e-05 0.0158839 0.043315 
0.00145154 0.0139597 -0.00508236 -6.03035e-05 0.0159053 0.0435031 
0.000968538 0.0135005 -0.00491482 4.51772e-06 0.0312559 0.0850815 
0.00102414 0.0139169 -0.00506755 -0.000126279 0.0307409 0.0845849 
0.000736747 0.0132731 -0.00483108 5.89963e-05 0.0334807 0.0911496 
0.000576225 0.0134733 -0.00490507 -4.29709e-05 0.0307354 0.0841239 
0.000958673 0.0137226 -0.00499569 -4.33399e-05 0.0301715 0.0827005 
0.000347245 0.013092 -0.00476493 6.56942e-05 0.0290505 0.0788435 
0.00152591 0.0141407 -0.00514875 -9.60791e-05 0.0328013 0.0900567 
0.00129151 0.0143304 -0.00521687 -4.96923e-05 0.0320186 0.0879228 
0.00131468 0.0144246 -0.00525101 -4.99182e-06 0.0323526 0.0884198 
0.0019437 0.0144385 -0.0052567 -5.93139e-05 0.0324727 0.0890409 
0.00143322 0.0148577 -0.00540952 -0.000108267 0.0291924 0.0804628 
0.00146159 0.0146061 -0.00531619 3.71579e-05 0.0292019 0.0797764 
0.00082578 0.014 -0.00509697 -6.12914e-05 0.0412801 0.113271 
0.000603692 0.0142901 -0.00520201 -5.61793e-05 0.0429516 0.118175 
0.000452188 0.0136243 -0.00495802 9.69165e-05 0.0389782 0.106368 
0.00140989 0.0140464 -0.00511233 4.41522e-05 0.0390031 0.106779 
0.00117807 0.0144758 -0.00527004 -9.35133e-05 0.0426492 0.117472 
0.00115393 0.0139338 -0.00507129 8.29931e-05 0.0414851 0.113196 
0.00199155 0.0143291 -0.00521556 3.26501e-05 0.0390673 0.106942 
0.00187368 0.0144854 -0.00527336 -4.41627e-05 0.0379699 0.104209 
0.00186316 0.0140992 -0.00513163 7.90679e-05 0.0382054 0.104254 
0.000716207 0.0138998 -0.00505953 -1.19984e-05 0.031125 0.0853614 
0.000583346 0.0136029 -0.00495103 2.98098e-05 0.029314 0.0801103 
0.000597924 0.0137596 -0.0050083 -1.54505e-06 0.0298851 0.0819559 
0.00131662 0.0146202 -0.0053224 -3.94494e-05 0.027071 0.0741981 
0.00142364 0.0146446 -0.00533003 4.95064e-05 0.030703 0.0838737 
0.0013988 0.0143729 -0.00523212 -5.49487e-05 0.0251933 0.0693874 
0.00115872 0.0145756 -0.00530628 -6.33314e-05 0.0271014 0.0745112 
-0.000324101 0.0133848 -0.00486997 0.000116421 0.0177369 0.047746 
1.10553e-05 0.0138716 -0.00505001 -7.25179e-05 0.020075 0.0554665 
-0.000193231 0.0143095 -0.00520968 -7.60368e-05 0.0168794 0.0464993 
0.000186663 0.0145857 -0.0053101 -7.10838e-05 0.0174766 0.048162 
0.000862566 0.014147 -0.00514965 -4.46532e-06 0.0165667 0.045082 
0.000630478 0.0147502 -0.00537074 -0.000128575 0.019815 0.0549526 
0.000333989 0.0144351 -0.0052559 -0.000102136 0.0172909 0.0476508 
0.00118523 0.014324 -0.00521399 -9.18909e-06 0.0180006 0.0492269 
-6.83213e-05 0.0141078 -0.00513601 -7.04315e-05 0.011456 0.031887 
-0.000315848 0.0139728 -0.00508791 -0.000118378 0.012496 0.0345699 
3.96295e-05 0.0138757 -0.00505062 -1.47122e-05 0.0128587 0.0353484 
0.000414367 0.0142852 -0.00520093 -9.01413e-05 0.0136794 0.0379329 
-0.000129179 0.0139515 -0.00507958 -9.03385e-05 0.0105708 0.0294034 
0.000249479 0.0139324 -0.00507133 -1.9364e-05 0.0112444 0.0309165 
0.000452207 0.0142469 -0.00518725 -0.000104988 0.0129552 0.0360157 
0.000345181 0.0141183 -0.00514056 -0.00010496 0.0120129 0.0332654 
0.000695899 0.0140435 -0.00511139 2.43984e-07 0.0125938 0.0346402 
0.00105712 0.014576 -0.00530759 -0.000143101 0.0156442 0.0434812 
0.000435005 0.0141836 -0.00516449 -0.000115767 0.014328 0.0396731 
0.000620936 0.0141081 -0.00513589 -5.73978e-05 0.0126407 0.0349843 
0.000827562 0.0142287 -0.00518047 -8.57724e-05 0.0132289 0.0364207 
0.000714999 0.0142087 -0.00517324 -9.36078e-05 0.0152205 0.0420006 
0.000790497 0.0140673 -0.0051205 -2.55894e-05 0.012415 0.034194 
0.000808618 0.0144163 -0.00525024 -0.000185179 0.0149987 0.0418727 
0.000844718 0.014325 -0.0052155 -0.000110864 0.0165286 0.0460323 
0.000897264 0.0146177 -0.00532107 -5.52878e-05 0.0172926 0.0479661 
0.000651748 0.0143248 -0.00521234 9.3183e-05 0.0160551 0.0436113 
0.000674125 0.0139033 -0.00505935 7.52336e-05 0.017209 0.0467494 
4.52092e-05 0.0139681 -0.00508297 5.90517e-05 0.0256446 0.0702713 
-9.08904e-05 0.0138914 -0.00505487 7.55777e-05 0.0261887 0.0715469 
0.00040196 0.013825 -0.00503043 0.000112247 0.0254615 0.0691845 
0.000392534 0.0140577 -0.00511558 5.65916e-05 0.0253715 0.0695928 
0.000565139 0.014087 -0.00512651 6.35989e-05 0.0284231 0.0776208 
0.00101968 0.0142171 -0.00517378 7.45018e-05 0.0306449 0.0837019 
0.00105039 0.0141985 -0.00516694 8.0933e-05 0.0272299 0.0742569 
0.00105148 0.0142831 -0.005198 3.49338e-05 0.0289733 0.079559 
0.0012142 0.0142426 -0.00518311 7.81895e-05 0.0273177 0.0744791 
0.00107186 0.0142668 -0.00519211 5.65465e-05 0.0252741 0.0689996 
0.00107998 0.0142346 -0.00518007 5.5728e-05 0.028057 0.0769286 
0.000183775 0.0139918 -0.00509255 1.89485e-05 0.0385614 0.105653 
0.000385514 0.0138131 -0.00502582 0.000130178 0.0387867 0.105934 
0.000481214 0.0140335 -0.00510787 -4.11248e-06 0.0412331 0.113288 
0.000628786 0.0136459 -0.00496473 0.000174057 0.0394712 0.107442 
0.000592136 0.0140065 -0.00509806 1.73531e-07 0.0383873 0.105386 
0.000917667 0.0136266 -0.0049575 0.000173212 0.0393759 0.10742 
0.000421487 0.013789 -0.00501844 3.7282e-05 0.036583 0.100204 
0.00086487 0.0139516 -0.00507777 3.31586e-05 0.0348462 0.0953982 
0.000260452 0.0135587 -0.00493361 9.86724e-05 0.0352078 0.0962403 
-0.000649251 0.0136113 -0.00495447 -1.5878e-05 0.0279302 0.0766404 
-0.000595939 0.0132691 -0.00482737 0.00013978 0.0275439 0.0746897 
-0.000513091 0.013697 -0.00498532 -2.17912e-06 0.0297821 0.0818901 
0.024907 0.0224692 -0.00818085 5.33856e-05 0.256096 0.703377 
0.000129114 0.0136783 -0.00497582 0.000186884 0.0291121 0.0788497 
0.000218444 0.0131878 -0.00480081 -1.57404e-05 0.0265421 0.0722352 
-0.000234108 0.0124314 -0.00452759 -0.000190458 0.0311833 0.0862081 
0.000361695 0.0149326 -0.00545014 -0.000797248 0.0286176 0.0801154 
-9.13256e-05 0.0115476 -0.00419684 0.000401851 0.024893 0.0677802 
-0.00311721 0.0121407 -0.0044269 -0.000314888 0.0172691 0.0501951 
-0.00168444 0.0135055 -0.00492595 -0.000533168 0.0254524 0.0720662 
-0.00189125 0.0113469 -0.00412405 0.000346452 0.0174481 0.0472986 
-0.00312264 0.0124241 -0.00452702 -0.000174825 0.0176321 0.0504573 
-0.00283452 0.0127938 -0.00465978 -0.000133497 0.019492 0.0545629 
-0.00265842 0.0120273 -0.00437331 0.000210065 0.0254207 0.0687844 
-0.00280204 0.0131525 -0.00479093 -0.000166513 0.00752848 0.021358 
-0.00178029 0.0132817 -0.00483484 -3.31027e-05 0.0188682 0.0520371 
-0.00212998 0.0126859 -0.00461508 0.00010845 0.0167595 0.0455634 
-0.000806249 0.0134571 -0.00489804 -4.82318e-07 0.00841949 0.0235617 
-0.000879098 0.0134288 -0.00488853 -4.82567e-05 0.00960015 0.0257516 
-0.00047397 0.0138974 -0.0050593 -5.35639e-05 0.0094607 0.0260187 
0.000143838 0.0142521 -0.00518828 -4.71639e-05 0.0107935 0.0296437 
0.000252133 0.0136594 -0.00496906 0.000157922 0.0114059 0.0300021 
0.000364492 0.0142629 -0.00519071 3.91591e-05 0.00964067 0.0259399 
-1.52524e-05 0.014052 -0.00511299 8.47886e-05 0.00842392 0.0221603 
2.63226e-05 0.013807 -0.00502216 0.000179129 0.0100685 0.0262873 
0.00118641 0.0146128 -0.00531834 3.82644e-05 0.00916369 0.0244669 
0.000959991 0.0143169 -0.00520953 0.000104291 0.0101545 0.0267829 
0.00113237 0.0143679 -0.00522815 9.32115e-05 0.00801525 0.0211742 
0.00115211 0.0144916 -0.00527344 8.58516e-05 0.00737979 0.0191919 
0.000770028 0.0143193 -0.00521035 9.75351e-05 0.00755912 0.0196296 
0.00118772 0.0144347 -0.00525216 0.000122437 0.0106631 0.0281113 
0.00104234 0.0143554 -0.0052234 0.000119345 0.00955834 0.0248312 
0.00132756 0.0144159 -0.00524527 0.000125286 0.0100616 0.0265067 
0.00127886 0.0146442 -0.00532912 7.1866e-05 0.0108852 0.0291563 
0.00133005 0.0144326 -0.00525096 0.000161459 0.0117097 0.0305837 
0.00130182 0.0145525 -0.0052955 8.37267e-05 0.0106382 0.0284879 
0.00110374 0.0145275 -0.00528592 0.000109522 0.0106392 0.0282959 
0.00117967 0.0143979 -0.00523831 0.000176031 0.0242896 0.0652489 
0.00144497 0.0145993 -0.00531231 0.000104274 0.0251311 0.0684003 
0.00100088 0.0142967 -0.00520114 0.000180953 0.0224072 0.0601532 
0.000825027 0.0142802 -0.00519567 0.000140109 0.024463 0.0661011 
0.00083472 0.0145884 -0.00530868 9.12657e-05 0.0244414 0.0661871 
0.000722424 0.0144543 -0.00525876 0.000145654 0.0236819 0.0639983 
0.00111195 0.0145129 -0.0052807 0.000116361 0.0257077 0.0697827 
0.000754591 0.0145411 -0.00529111 0.000102007 0.0236085 0.063971 
0.000921587 0.0144849 -0.00527026 0.000130827 0.0243276 0.0658133 
0.00140103 0.0145007 -0.00527576 0.000153506 0.0244019 0.0660384 
0.00107 0.0145808 -0.00530551 0.000110487 0.0278024 0.075585 
0.00145338 0.0146352 -0.00532564 0.000132531 0.0671886 0.183905 
0.00170916 0.0146167 -0.00531844 0.000194129 0.0713141 0.194999 
0.0014813 0.0143336 -0.00521659 0.000125321 0.0673536 0.184106 
0.0011041 0.0134587 -0.00489663 0.000172474 0.0673051 0.184283 
0.000895487 0.0133369 -0.00485238 0.000206758 0.0671543 0.183434 
0.00109531 0.0134382 -0.00489136 4.29393e-05 0.0673081 0.184368 
0.000538713 0.0129894 -0.00472655 0.000125008 0.0629083 0.172169 
0.000354892 0.0129774 -0.00472203 0.000176031 0.0655336 0.178848 
-0.00127156 0.012684 -0.00461642 2.61245e-05 0.0625613 0.171453 
-0.00177742 0.0122939 -0.00447126 0.000217588 0.0593576 0.161842 
-0.00175129 0.0125249 -0.00455619 0.000165681 0.0599956 0.163636 
-0.00157133 0.0128609 -0.00468207 -5.03139e-05 0.0611948 0.167783 
-0.00207769 0.0124661 -0.00453415 0.000194779 0.0610082 0.166452 
-0.00151298 0.0128121 -0.00466236 6.76607e-05 0.0582641 0.159289 
-0.00146205 0.0130322 -0.00474486 -7.6005e-05 0.055389 0.151833 
-0.00146033 0.0126449 -0.00459901 0.000224625 0.0583547 0.15903 
-0.00113388 0.0131579 -0.00478992 -3.24766e-05 0.0530773 0.145398 
-0.00109502 0.0138312 -0.00503748 -0.000164967 0.0550302 0.150957 
-0.00170877 0.0139416 -0.00507284 8.10468e-05 0.0446418 0.121779 
-0.00128669 0.0136193 -0.00495455 0.000144491 0.0413941 0.112487 
-0.00158699 0.0140052 -0.00510126 -0.000190525 0.0425296 0.116662 
-0.00271401 0.0137073 -0.00498686 7.17369e-05 0.0245232 0.0664131 
-0.00243634 0.0133867 -0.00486576 0.000288138 0.0273993 0.0735798 
-0.00089231 0.0144528 -0.00525791 0.00014968 0.0438016 0.119266 
-0.000773244 0.0140595 -0.00511487 0.000151127 0.040296 0.109323 
-0.00100974 0.0137399 -0.00499564 0.000262572 0.0232676 0.0622296 
-0.000651418 0.0144286 -0.00525199 -1.34208e-05 0.0266837 0.0725565 
-0.00064888 0.0141414 -0.00514382 0.000172318 0.0263816 0.0709683 
4.05134e-05 0.0144637 -0.00526196 0.000153304 0.0271467 0.0730687 
-0.000100729 0.0141377 -0.0051444 7.87818e-05 0.0244155 0.0662531 
-7.16527e-06 0.0141778 -0.0051578 0.000154705 0.0259432 0.0698135 
0.000688254 0.0141737 -0.00515553 0.000216727 0.0239109 0.0641209 
0.000735538 0.0147547 -0.00537046 1.36566e-05 0.0235599 0.0640521 
-1.30249e-05 0.0147041 -0.00534792 0.000209718 0.0234228 0.063134 
0.000756049 0.014513 -0.00528078 0.000108663 0.0252422 0.0683729 
0.000209952 0.0145752 -0.00530254 0.000132451 0.0201474 0.0543723 
-0.000393746 0.0145014 -0.00527519 0.0001371 0.0153126 0.0408487 
-8.88287e-05 0.0144775 -0.00526769 8.5762e-05 0.0166941 0.0452058 
-3.71277e-06 0.0147829 -0.00537797 0.000130829 0.0178775 0.0480097 
0.000295855 0.0148737 -0.00541126 0.000125226 0.0182968 0.0492434 
0.000278924 0.0146441 -0.00532749 0.00013331 0.0163142 0.0438202 
-0.000107134 0.0148223 -0.0053934 7.40612e-05 0.0184462 0.0499407 
0.000952932 0.014868 -0.00540994 0.000103323 0.0177265 0.0475895 
0.000710481 0.014865 -0.00540946 6.18994e-05 0.0184316 0.0498895 
0.000675002 0.014939 -0.00543681 4.38712e-05 0.0246853 0.0672057 
0.000685458 0.0148127 -0.00538981 0.000103629 0.0251731 0.0681363 
0.000860362 0.014944 -0.00543935 1.04721e-05 0.0267621 0.0729821 
0.00102752 0.0147798 -0.00537964 1.43129e-05 0.0271993 0.074073 
0.00096008 0.0148168 -0.00539335 -6.43932e-07 0.0259914 0.0707929 
0.00126592 0.0144929 -0.00527373 9.65768e-05 0.0273143 0.0742337 
0.0011783 0.0145887 -0.00531023 1.4621e-05 0.0282095 0.0767001 
0.000721075 0.0147729 -0.00537858 -7.49084e-05 0.0280813 0.0769949 
0.000928072 0.0143189 -0.00520971 0.000137545 0.028691 0.0776838 
0.000188604 0.0145617 -0.00530138 -5.17384e-05 0.0274696 0.0747145 
0.000188511 0.0144487 -0.00525878 1.23408e-05 0.0279226 0.0763384 
0.000407912 0.0144378 -0.0101351 5.0716e-05 0.0529439 0.144518 
0.000534545 0.0145596 -0.0104791 -2.25085e-05 0.055709 0.152196 
0.000299839 0.0141138 -0.0106467 3.29161e-05 0.055033 0.15086 
0.000553278 0.0137934 -0.0108614 0.000111839 0.0571752 0.15587 
0.000460286 0.0141915 -0.0114294 -0.000163884 0.0557605 0.153031 
0.000506776 0.0134728 -0.0110948 0.000152356 0.0548246 0.14963 
0.00014506 0.0136632 -0.0111771 -9.35514e-05 0.0548821 0.150299 
0.000722605 0.0135158 -0.0107429 -6.55678e-06 0.0549072 0.150077 
0.000301553 0.0133212 -0.0107462 1.90276e-05 0.0529606 0.144717 
0.00063719 0.0131942 -0.0104665 1.80093e-05 0.0532128 0.145453 
0.000439841 0.0130227 -0.0101235 3.11912e-05 0.0515369 0.140793 
0.000609272 0.0131191 -0.00958923 -4.72488e-05 0.0521908 0.142709 
-0.000568841 0.0128288 -0.00943483 1.9625e-05 0.0399398 0.108869 
-0.00051068 0.0129548 -0.00471743 -0.000120319 0.0402805 0.110408 
-0.000600353 0.0127193 -0.00462856 6.50343e-05 0.0409968 0.111617 
-0.000585125 0.0128548 -0.00467905 -9.43813e-06 0.042001 0.114985 
-0.000421535 0.0130039 -0.00473513 -0.000109023 0.0379782 0.104082 
-0.000771807 0.0127018 -0.00462026 0.000162431 0.0361799 0.0979857 
-0.000144643 0.0133476 -0.0048615 -0.000184086 0.038835 0.106883 
-0.000454974 0.013035 -0.00474402 3.20752e-05 0.0385266 0.104958 
-0.000865643 0.013071 -0.00475631 6.32788e-05 0.0364141 0.0991019 
3.55715e-05 0.0136801 -0.00498376 -0.000240876 0.03769 0.103614 
-0.000545894 0.013229 -0.0048133 0.000102681 0.0372327 0.101068 
-0.000152331 0.0135577 -0.00493601 -6.3744e-05 0.0377313 0.103218 
-0.000233408 0.0136936 -0.0049879 -0.000190767 0.0371425 0.101668 
-0.000739561 0.0134359 -0.00962335 6.26806e-05 0.0355512 0.0966622 
-0.000376686 0.0139021 -0.010168 -0.000201325 0.0381136 0.104388 
-0.000483311 0.0135922 -0.0101026 -0.000127033 0.0393046 0.107517 
-0.000249227 0.0131657 -0.0096405 5.79284e-05 0.0361797 0.0981612 
0.000136183 0.0136109 -0.00495954 -0.000285943 0.0351067 0.0962952 
0.000122131 0.0132713 -0.00483255 -9.82282e-05 0.0384995 0.105102 
2.52227e-05 0.0132971 -0.00484213 -0.000110008 0.0356135 0.0970902 
3.66091e-05 0.0135809 -0.00494835 -0.000274214 0.027146 0.0744622 
-0.000237147 0.0134135 -0.00488428 -0.000109809 0.0281514 0.0763805 
0.000313166 0.0136447 -0.00496936 -0.000149777 0.0289065 0.0788507 
-6.95496e-05 0.013631 -0.00496501 -0.000192893 0.0235245 0.0642716 
-0.000133588 0.0135232 -0.00492435 -0.000117784 0.0271552 0.0739617 
0.000597459 0.0138641 -0.00956642 -0.000214788 0.0291835 0.0799969 
0.000551763 0.0135716 -0.00974574 -6.47214e-05 0.0273399 0.0744992 
0.000392926 0.0135492 -0.00993136 -0.000173984 0.0280789 0.0768864 
0.000536415 0.0136345 -0.0101248 -0.000230894 0.0293411 0.0803403 
0.000500944 0.0134503 -0.0100371 -0.000171262 0.0280162 0.0764229 
0.000491282 0.0134613 -0.01066 -0.000215689 0.0261995 0.0715716 
0.000319029 0.0134695 -0.0109567 -0.000235909 0.0249586 0.0679048 
0.000268262 0.0134769 -0.0115158 -0.000293026 0.0241905 0.0662785 
0.000138556 0.0133728 -0.0122203 -0.00028138 0.0227968 0.0621277 
4.34756e-05 0.0133875 -0.0130107 -0.000338191 0.0219595 0.0599411 
0.000500069 0.0133821 -0.013793 -0.000356297 0.0276247 0.0759157 
0.000167473 0.0130044 -0.0144423 -0.000257513 0.0235582 0.0640878 
0.000463138 0.0126966 -0.0144998 -0.000194184 0.0237507 0.0646668 
0.000634711 0.0124964 -0.0134364 -0.000262488 0.0241732 0.0666009 
0.000629073 0.0120963 -0.01172 -0.00010486 0.0254498 0.0693048 
0.00061049 0.0121193 -0.0100013 -0.000186185 0.0242466 0.0660118 
0.000241153 0.0121646 -0.00443153 -0.000232059 0.0265791 0.0731606 
-0.000105326 0.0118227 -0.00430296 6.69434e-06 0.0255931 0.0693446 
0.000527977 0.0121803 -0.00443633 -0.000172751 0.0265774 0.0726745 
0.000104185 0.0123914 -0.00451304 -0.000163969 0.0303349 0.0830238 
0.000156409 0.0122503 -0.00445855 2.02847e-05 0.0285707 0.0773464 
0.000118699 0.0126886 -0.00462325 -0.000276662 0.0276735 0.076087 
-0.00011466 0.0124657 -0.00453707 3.75091e-06 0.0278119 0.0753408 
-2.6982e-05 0.012852 -0.00467973 -0.000104108 0.0316379 0.086296 
-0.000396873 0.0129552 -0.00471918 -0.000210646 0.0283503 0.0777265 
-0.000456806 0.0128981 -0.00469555 -6.08913e-05 0.0292839 0.0797135 
0.000113693 0.0129946 -0.00473153 -9.67554e-05 0.0311521 0.084901 
-0.00014628 0.0133503 -0.00486367 -0.000240511 0.0301592 0.0826139 
-0.000735919 0.0132781 -0.00483519 -0.000134371 0.0283711 0.0773696 
-0.000366361 0.0133213 -0.00485099 -0.000132494 0.02947 0.0803792 
-0.000509666 0.0135886 -0.00990438 -0.000262187 0.0313067 0.0857693 
2.16435e-06 0.0134479 -0.0103963 -0.000142334 0.0445937 0.121823 
5.75295e-05 0.0136752 -0.0110246 -0.000307384 0.0440479 0.120835 
-0.000122849 0.0131895 -0.0112114 -0.000123454 0.0423314 0.115596 
-0.000414702 0.0133374 -0.011714 -0.000267596 0.0426743 0.117108 
-0.000261511 0.0131886 -0.0115579 -0.00023323 0.0420134 0.115061 
-0.000104208 0.0129446 -0.0116641 -0.000213797 0.0453268 0.12416 
-0.000300867 0.0133901 -0.0116917 -0.00029481 0.0440741 0.121134 
-0.000587947 0.0136158 -0.0113995 -0.000253781 0.0448349 0.122683 
-3.20804e-05 0.0127501 -0.0111944 -0.000238196 0.0444918 0.121913 
-0.000259877 0.0131643 -0.0111743 -0.00026303 0.0448758 0.123144 
-0.000212043 0.0128171 -0.0107438 -0.000204254 0.0409087 0.11197 
9.25089e-05 0.012467 -0.010207 -0.000217105 0.0460255 0.126254 
-0.000152412 0.0127386 -0.0101486 -0.000162856 0.0456629 0.124957 
0.000283678 0.0124722 -0.00951641 -0.000216313 0.0437803 0.119989 
-0.000141202 0.0124518 -0.0101503 -0.000255948 0.0430671 0.11818 
-0.000113707 0.0126094 -0.00984187 -0.000171573 0.0389119 0.106432 
0.000991417 0.0122166 -0.0094405 -0.000177861 0.053564 0.146752 
0.000573519 0.0123368 -0.00937477 -0.000234111 0.0569919 0.156312 
0.0012286 0.0121532 -0.00918619 -0.000132867 0.0568961 0.155821 
0.000851064 0.0120955 -0.00440675 -0.000246541 0.0549981 0.150938 
5.47775e-05 0.0124474 -0.00453507 -0.000245373 0.0575659 0.157743 
0.000112356 0.0122676 -0.00898875 -0.000109183 0.0530253 0.145029 
0.000279251 0.0125741 -0.00973985 -0.000367315 0.0559231 0.15364 
-0.000433089 0.0125968 -0.00972162 -0.000133244 0.0546557 0.149372 
-0.000248514 0.0124935 -0.0101668 -0.000268091 0.0532963 0.145989 
-0.000774857 0.0124893 -0.0102238 -0.000327464 0.0513197 0.140845 
-0.00117462 0.0125629 -0.0103781 -0.000149703 0.0533029 0.145698 
-0.00046284 0.012523 -0.0102925 -0.00037082 0.0504462 0.138272 
-0.00122643 0.0124253 -0.0106592 -0.000267265 0.0517436 0.141918 
-0.000799913 0.0123527 -0.0108244 -0.000147689 0.0513826 0.140412 
-0.000102658 0.0124209 -0.0107573 -0.000460214 0.0500268 0.137504 
-0.000411959 0.0120449 -0.0108766 -0.0002112 0.0524925 0.143958 
-0.000604022 0.0121069 -0.0104434 -0.000156593 0.0525992 0.144161 
4.08701e-06 0.0122755 -0.0106392 -0.000499356 0.0482336 0.13261 
-0.000336771 0.0124173 -0.0106502 -0.000315723 0.0501417 0.137694 
7.88965e-05 0.0127482 -0.0108417 -0.000353909 0.0488557 0.133852 
0.000459796 0.0119386 -0.0107254 -0.000371064 0.0469098 0.128867 
-0.000384065 0.012487 -0.0109412 -0.0003276 0.0459713 0.125926 
-0.000255086 0.0124015 -0.0104616 -0.000373961 0.0485887 0.133244 
-0.000494569 0.0119406 -0.0104032 -0.000252657 0.0474698 0.129958 
-0.00130264 0.0126196 -0.0107258 -0.000469973 0.0436874 0.120003 
-0.000536557 0.0121005 -0.0102201 -0.000307066 0.0470226 0.128727 
-0.0015609 0.0120481 -0.0104759 -0.000214873 0.0391032 0.107057 
-0.00133698 0.0122215 -0.0105886 -0.000374862 0.0395626 0.108681 
-0.00119751 0.0121204 -0.0100168 -0.000351536 0.0384278 0.105381 
-0.00142688 0.0121225 -0.0100787 -0.000284277 0.0367717 0.100622 
-0.00110089 0.0120664 -0.0101348 -0.000334373 0.0374977 0.102666 
-0.00112678 0.0122109 -0.00994172 -0.000441383 0.0367943 0.100926 
-0.000281886 0.0118936 -0.0102855 -0.000241449 0.0369145 0.100868 
-0.000358685 0.012454 -0.0109812 -0.000444037 0.0362632 0.0995825 
-0.000582564 0.0123853 -0.0111594 -0.000176164 0.0353503 0.0963767 
-0.000484335 0.0115855 -0.0108092 -8.09026e-05 0.0362194 0.0986664 
-0.000891322 0.0123841 -0.0112464 -0.000375149 0.0335166 0.0917831 
-0.000765289 0.0119435 -0.0107507 -0.000171372 0.0346629 0.0946045 
-0.000845636 0.0116751 -0.0102322 -0.00019966 0.0314646 0.0859157 
-0.000758806 0.0121754 -0.00988287 -0.000345442 0.0352596 0.0965941 
-0.00103804 0.0118363 -0.00984997 -0.000153314 0.035129 0.0956583 
-0.00125241 0.0119831 -0.0100381 -0.000259324 0.0285121 0.0778646 
-0.00133865 0.0122261 -0.0104986 -0.000358543 0.0252373 0.0690471 
-0.00119366 0.0119572 -0.010625 -0.000270625 0.0266271 0.0726223 
-0.00125908 0.0119859 -0.0111882 -0.000283221 0.0260694 0.0713059 
-0.00134155 0.0120757 -0.0113156 -0.000354808 0.0263589 0.0720042 
-0.00113437 0.0117914 -0.0112167 -0.000203073 0.028033 0.0764521 
-0.00133785 0.012293 -0.011226 -0.000269738 0.0276535 0.0756107 
-0.00143961 0.012364 -0.011482 -0.000204876 0.0266357 0.0725788 
-0.0014584 0.0118794 -0.0116272 -0.000216907 0.0242215 0.0661895 
-0.00130779 0.0121607 -0.0117785 -0.00021511 0.0261642 0.0713817 
-0.000894874 0.0116109 -0.0112726 -0.000106715 0.0273216 0.0744063 
-0.00120163 0.0118128 -0.011194 -0.00027168 0.0255084 0.0698619 
-0.000626676 0.0118019 -0.0107814 -0.000234383 0.0260988 0.0711436 
-0.000578312 0.0113273 -0.010201 -7.22784e-05 0.023544 0.0640001 
-0.000293064 0.0115654 -0.0103734 -0.000187062 0.0250606 0.0682169 
0.000306996 0.011385 -0.0108283 -0.000171045 0.0240608 0.0654311 
0.000198302 0.0111799 -0.0109171 -0.000133357 0.0231965 0.0630308 
-7.89155e-05 0.0114718 -0.0114585 -0.000193519 0.0229405 0.0624263 
0.000227511 0.0112371 -0.0111974 -0.00013189 0.0204327 0.0552712 
0.000179542 0.0110114 -0.0106439 -0.000112401 0.0203923 0.0554911 
-0.000288345 0.0112893 -0.0102719 -0.000161286 0.0240233 0.0652266 
-9.76289e-06 0.0111244 -0.0099172 -6.14721e-05 0.0229755 0.0623586 
-0.000269041 0.0110829 -0.00949536 -0.000110644 0.0232702 0.0633323 
-0.000662835 0.0112404 -0.00965768 -6.27852e-05 0.0250661 0.0680063 
-0.00072756 0.0113309 -0.00990461 -6.33928e-05 0.0242933 0.0660704 
-0.00101199 0.011165 -0.00949741 1.24796e-05 0.0221023 0.0599724 
-0.00125818 0.0115073 -0.00970793 -0.00011159 0.0227523 0.0617402 
-0.000941955 0.011258 -0.00970911 3.30259e-07 0.0229932 0.0623945 
-0.00112056 0.0114544 -0.00982166 -0.000118052 0.0244283 0.0665941 
-0.00154231 0.0115681 -0.00986374 -5.06867e-05 0.0226787 0.0615529 
-0.000181403 0.0112319 -0.0105076 -6.08886e-05 0.0296693 0.0807952 
-0.0007554 0.0114039 -0.0110148 -0.000156867 0.0287831 0.0786661 
-0.000429118 0.0110897 -0.0113373 9.2644e-05 0.0315107 0.085621 
-0.000261888 0.011087 -0.0111817 -5.59132e-05 0.0308005 0.0839641 
-0.000423482 0.011242 -0.0114371 -0.000139831 0.031061 0.0849338 
-0.000540305 0.0108386 -0.0112836 0.000183299 0.0289444 0.0785048 
-0.000547874 0.0108434 -0.0104817 4.1943e-05 0.0294716 0.0805028 
-0.000798347 0.0108646 -0.00891534 -1.48639e-05 0.0307804 0.0841002 
-0.000798275 0.0105689 -0.00384271 0.000251548 0.0304981 0.0830859 
-0.000704198 0.010744 -0.00390854 0.000113202 0.0288063 0.078552 
-0.00128839 0.0110591 -0.00402225 0.000153547 0.0280787 0.0763563 
-0.00104765 0.0115414 -0.00419723 0.000194239 0.0298189 0.0813163 
-0.00083737 0.0115445 -0.00419503 0.000384338 0.0305283 0.0827193 
-0.000906091 0.0114754 -0.0041743 0.000129514 0.0298431 0.0813366 
-0.000851581 0.0118494 -0.00430781 0.000274082 0.0269446 0.0732559 
-0.000657722 0.011651 -0.00423382 0.00038197 0.0295085 0.0797759 
-8.331e-05 0.0117353 -0.00427011 7.24581e-05 0.0382035 0.10457 
-0.000148176 0.011768 -0.004276 0.000432993 0.0376627 0.102186 
-5.4843e-05 0.0117141 -0.00425888 0.000283311 0.0357675 0.0973884 
-0.000586813 0.0120433 -0.00437888 0.00025617 0.0382581 0.104294 
-0.000602603 0.0121252 -0.00440631 0.000386238 0.0370142 0.10039 
-0.000667559 0.0121931 -0.00443486 0.000169327 0.0371757 0.101446 
-0.00148549 0.0124899 -0.00454033 0.000287075 0.0386643 0.105324 
-0.00151749 0.012587 -0.00457415 0.000358659 0.0377416 0.102488 
-0.00198856 0.0127552 -0.00464016 0.000105929 0.0367165 0.100345 
-0.00223666 0.0128722 -0.00467909 0.0002773 0.0369645 0.10058 
-0.00166524 0.0129837 -0.00472289 0.000116543 0.0340172 0.0926063 
-0.00167063 0.0125885 -0.00457635 0.00026722 0.0341124 0.092761 
-0.00224997 0.0132153 -0.00480642 0.000149164 0.037569 0.102402 
-0.00078987 0.0128492 -0.00467512 7.8191e-05 0.0371198 0.101313 
-0.0010618 0.0130046 -0.00472977 0.000174616 0.0397242 0.108254 
-0.00101131 0.0132563 -0.00482265 0.000108686 0.0369401 0.100917 
-0.00022452 0.0127152 -0.00462385 0.000226956 0.0365073 0.0995353 
-0.000840169 0.0142311 -0.00517981 -1.41549e-05 0.0405901 0.110627 
-0.000701638 0.0137518 -0.00500437 3.78134e-05 0.0386273 0.105371 
-0.00167837 0.0145869 -0.00991797 -0.000477462 0.0386263 0.105761 
-0.00167837 0.0145869 -0.00991797 -0.000477462 0.0386263 0.105761 
