0.0376822 0.00677356 -0 0.000192624 -0.000582426 -0.031683 
0.0385614 0.00770214 -0 0.000161704 -0.000598822 -0.0339314 
0.0357678 0.00559705 -0 0.000677855 0.000301556 -0.0288813 
0.0325322 0.000839263 -0 0.000869241 0.00045623 -0.00632612 
0.034157 0.0264718 -0 0.000283874 -0.000406513 -0.222393 
0.0338328 0.024196 -0 0.000489785 -0.000112227 -0.175253 
0.0309881 0.0276403 -0 0.000805337 0.000663056 -0.174295 
0.0294834 0.0265916 -0 0.000900282 0.00036994 -0.1372 
0.0291443 0.0254492 -0 0.000616292 -3.46607e-06 -0.172407 
0.0268173 0.026985 -0 0.00105066 0.00060592 -0.166972 
0.0259772 0.0286931 -0 0.000851059 0.000256357 -0.169197 
0.0250626 0.0257269 -0 0.000758513 0.000186792 -0.164309 
0.0237603 0.0247943 -0 0.000864917 0.000375715 -0.161332 
0.0230538 0.0260998 -0 0.000792754 0.000176582 -0.155375 
0.0220563 0.0247622 -0 0.000831655 0.000276787 -0.157014 
0.0212075 0.0215588 -0 0.000768255 0.000241594 -0.137416 
0.0207506 0.0221024 -0 0.000773591 0.000133499 -0.140699 
0.0196681 0.0189837 -0 0.000810673 0.000330855 -0.130136 
0.0193777 0.0186375 -0 0.000646881 0.000108791 -0.130214 
0.0188255 0.0176589 -0 0.000673694 0.00011243 -0.125566 
0.0177936 0.0166782 -0 0.000808496 0.000348646 -0.126317 
0.0180861 0.0167241 -0 0.000498144 -6.38122e-05 -0.122782 
0.0170934 0.0148605 -0 0.000705659 0.000207942 -0.143424 
0.0167384 0.0141297 -0 0.00068929 0.000175798 -0.145712 
0.0167917 0.0147129 -0 0.000434802 -0.000113439 -0.140823 
0.0157022 0.0128856 -0 0.000774542 0.000337655 -0.139033 
0.0157626 0.0141209 -0 0.000518854 3.42663e-05 -0.141481 
0.0156714 0.0137215 -0 0.000435666 -6.62554e-05 -0.138651 
0.0147863 0.0122723 -0 0.000768289 0.000311155 -0.134427 
0.0150458 0.0103526 -0 0.000535359 1.64438e-05 -0.0642624 
0.0148965 0.00978318 -0 0.000386137 -0.000118263 -0.065609 
0.0141767 0.0102145 -0 0.000694682 0.000242338 -0.0681704 
0.014325 0.0107102 -0 0.000522402 5.17625e-05 -0.069385 
0.0144117 0.00976896 -0 0.000441893 -0.000150573 -0.0627655 
0.0137817 0.00938487 -0 0.00058419 0.000129052 -0.0656523 
0.0139348 0.0103872 -0 0.000473375 -1.59191e-05 -0.0685472 
0.0138811 0.0101295 -0 0.000469489 -7.71729e-05 -0.06261 
0.0134701 0.0107012 -0 0.000496484 8.06365e-05 -0.103621 
0.0134976 0.0112294 -0 0.000512781 2.11379e-06 -0.0996808 
0.0134498 0.0109556 -0 0.000425931 -9.87003e-05 -0.104994 
0.0131421 0.0108642 -0 0.000627528 8.86989e-05 -0.100351 
0.0134545 0.0112049 -0 0.000327542 -0.000139833 -0.0964458 
0.0128971 0.0104207 -0 0.000537157 6.82322e-05 -0.0954641 
0.0132228 0.0105709 -0 0.00044732 -9.25129e-05 -0.0960552 
0.0130078 0.00995475 -0 0.000505616 1.67147e-06 -0.0775536 
0.01302 0.0102797 -0 0.000424868 -0.000109139 -0.0845627 
0.0131384 0.0106597 -0 0.000426877 -0.000135777 -0.085331 
0.0127641 0.0100974 -0 0.00053015 3.88236e-05 -0.0800673 
0.0130942 0.0102044 -0 0.000321869 -0.000237757 -0.0756746 
0.0128036 0.0103841 -0 0.000422341 -9.39106e-05 -0.0765789 
0.0123289 0.0101272 -0 0.000528411 3.19748e-05 -0.0775978 
0.012832 0.0103766 -0 0.000311494 -0.000268093 -0.0769165 
0.0123548 0.008993 -0 0.000429749 -8.12829e-05 -0.0675677 
0.0120172 0.00894079 -0 0.000476497 -8.4479e-06 -0.067829 
0.0122412 0.00955966 -0 0.000330571 -0.000204051 -0.06504 
0.0117318 0.00877395 -0 0.000479811 1.02242e-05 -0.0636357 
0.0118264 0.00917315 -0 0.000451825 -8.01527e-05 -0.0651666 
0.0117073 0.00895008 -0 0.0003603 -0.000124179 -0.0637821 
0.0113499 0.00823206 -0 0.00050595 3.37209e-05 -0.0633813 
0.0114827 0.00861749 -0 0.00037253 -9.02582e-05 -0.0643612 
0.0112758 0.00818726 -0 0.000359233 -6.56711e-05 -0.0635318 
0.0111544 0.00847757 -0 0.000451864 1.81336e-05 -0.0619783 
0.0110924 0.00878915 -0 0.000321004 -2.59901e-05 -0.0633626 
0.0108628 0.00761122 -0 0.000355495 5.40767e-05 -0.0750078 
0.0110765 0.00770062 -0 0.000301251 -5.34728e-05 -0.0760756 
0.0107276 0.00787202 -0 0.000340969 8.31982e-05 -0.0760858 
0.0108313 0.00807264 -0 0.000278526 1.12048e-05 -0.0773419 
0.0108887 0.00808185 -0 0.000322474 3.13062e-05 -0.075613 
0.0110024 0.00798815 -0 0.000238072 -3.07728e-05 -0.0788262 
0.0111222 0.00820085 -0 0.000320478 3.41101e-05 -0.0800346 
0.0111203 0.00820684 -0 0.000320134 3.09603e-05 -0.0727043 
0.0113819 0.00831217 -0 0.000175027 -8.06732e-05 -0.0817781 
0.0113168 0.00827229 -0 0.000340124 7.01011e-05 -0.0827658 
0.011413 0.00833979 -0 0.000375628 7.3915e-05 -0.0749033 
0.0117286 0.00915849 -0 8.51742e-05 -0.00013811 -0.0817853 
0.0113942 0.00796062 -0 0.000384768 0.000123603 -0.128441 
0.0116669 0.00843233 -0 0.000259908 4.51539e-07 -0.128124 
0.0118185 0.0084056 -0 0.00010334 -9.87641e-05 -0.121916 
0.0116653 0.00786173 -0 0.000322505 5.10315e-05 -0.125755 
0.0120108 0.00837708 -0 6.27292e-05 -0.000160613 -0.127317 
0.0119256 0.00769356 -0 0.000196418 -5.01865e-05 -0.123824 
0.011713 0.00822061 -0 0.000337254 0.000110309 -0.118468 
0.0122806 0.00895751 -0 5.13858e-05 -0.000175436 -0.121347 
0.0116989 0.00807157 -0 0.000358977 0.00017849 -0.115674 
0.0122205 0.00898862 -0 0.000198944 -5.45397e-05 -0.12002 
0.0120043 0.00901008 -0 0.00022582 4.10003e-05 -0.115947 
0.0120907 0.00846854 -0 0.000276681 5.74298e-05 -0.117645 
0.0120742 0.00804421 -0 0.00029794 6.68243e-05 -0.154514 
0.01237 0.00777411 -0 0.000163507 -6.5914e-05 -0.150465 
0.0119271 0.00762731 -0 0.000413281 0.000203976 -0.154862 
0.0122155 0.00812602 -0 0.000160871 -6.56333e-06 -0.149147 
0.0123416 0.00848016 -0 0.000246519 8.02495e-06 -0.147942 
0.0119176 0.00783268 -0 0.00047997 0.000269038 -0.142297 
0.0124758 0.00867525 -0 7.75804e-05 -7.58111e-05 -0.149509 
0.0122078 0.0085043 -0 0.000333586 0.000137448 -0.139269 
0.0122768 0.00877699 -0 0.000244738 7.58131e-05 -0.141787 
0.0126016 0.00776446 -0 4.56202e-05 -9.23871e-05 -0.111695 
0.0121711 0.00684428 -0 0.000349975 0.000182247 -0.107775 
0.0126316 0.00747684 -0 5.77076e-05 -9.20177e-05 -0.101877 
0.0124887 0.00746056 -0 0.000192044 5.08335e-05 -0.104792 
0.0124487 0.00737876 -0 0.000326708 0.000141233 -0.104875 
0.0125402 0.00807354 -0 9.02021e-05 9.84451e-06 -0.100304 
0.0125302 0.00771779 -0 0.00029081 0.000119531 -0.103714 
0.0126627 0.00792262 -0 0.000170715 2.05388e-05 -0.0979164 
0.0124576 0.00622004 -0 0.000227773 0.000128763 -0.072297 
0.012819 0.00666994 -0 0.000201064 -3.68121e-06 -0.0739566 
0.0127287 0.0066711 -0 0.000134607 7.51621e-06 -0.065332 
0.01261 0.00663221 -0 0.000242203 0.000102469 -0.0729661 
0.0129377 0.00709686 -0 0.000136163 -6.8587e-05 -0.0719885 
0.0126858 0.00702775 -0 0.000152399 5.29545e-05 -0.0669052 
0.0126096 0.0075101 -0 0.000294736 0.000135535 -0.0680214 
0.0130845 0.00769991 -0 2.07351e-05 -0.000118078 -0.0629254 
0.0127165 0.0060693 -0 0.000269258 0.000136954 -0.0428259 
0.0128918 0.00645563 -0 0.000204625 4.74276e-05 -0.0414299 
0.0129386 0.00652599 -0 0.000175065 2.92742e-05 -0.0444599 
0.0128489 0.00638849 -0 0.000313405 0.000127362 -0.04497 
0.0130386 0.00680459 -0 6.63443e-05 -4.25394e-05 -0.0401906 
0.0129472 0.0066669 -0 0.000126289 1.65082e-05 -0.0386556 
0.0129871 0.00673574 -0 0.000202567 6.01744e-05 -0.0421626 
0.012974 0.00723839 -0 0.000122281 3.24077e-05 -0.0427012 
0.0130309 0.00697857 -0 0.000105346 3.70273e-06 -0.0472901 
0.0130852 0.00647378 -0 0.00017866 2.9341e-05 -0.0473856 
0.0130933 0.00684839 -0 8.69035e-05 -3.65393e-07 -0.0462855 
0.013123 0.00670096 -0 5.43978e-05 -2.36551e-05 -0.0503885 
0.0130341 0.00668353 -0 0.000220097 8.38018e-05 -0.0501694 
0.0132013 0.00695604 -0 7.13747e-05 1.96192e-06 -0.0521346 
0.0131414 0.00660512 -0 0.000192024 6.51664e-05 -0.0492655 
0.0130464 0.00644794 -0 0.000201401 0.000106903 -0.0470503 
0.0137553 0.00724018 -0 -0.000100797 -0.000129095 -0.0513865 
0.0142422 0.00681201 -0 1.14875e-05 -3.05176e-05 -0.0534439 
0.0134085 0.00678813 -0 6.98573e-05 1.79769e-06 -0.0542001 
0.0142899 0.00596362 -0 -0.000188912 -0.000225893 -0.0914516 
0.0140369 0.00592992 -0 9.26754e-05 6.27001e-05 -0.0843244 
0.0138085 0.00680146 -0 0.000105291 1.00458e-05 -0.0857943 
0.0145696 0.00657633 -0 -2.91144e-05 -4.44008e-05 -0.090329 
0.0143981 0.00600502 -0 -0.00011493 -8.23584e-05 -0.0892741 
0.0142449 0.00715953 -0 2.25711e-06 -9.92624e-05 -0.0866695 
0.0148766 0.0069302 -0 -1.62753e-05 -4.25435e-05 -0.0847798 
0.0149192 0.00695157 -0 6.33498e-05 1.35963e-05 -0.0922684 
0.0143507 0.00682515 -0 1.13496e-05 -5.61972e-05 -0.0892441 
0.0144634 0.00702962 -0 1.13799e-05 5.69748e-05 -0.0846735 
0.014463 0.00685439 -0 9.28905e-05 2.33714e-05 -0.0865049 
0.0143183 0.00674129 -0 4.9583e-05 -1.54688e-06 -0.0831802 
0.0141944 0.00591159 -0 0.000109505 0.000140437 -0.124496 
0.014266 0.00605062 -0 0.000152253 2.51567e-05 -0.121252 
0.0140941 0.00637096 -0 0.00014214 7.63145e-05 -0.11747 
0.0138116 0.00630096 -0 4.69814e-05 0.000149613 -0.125693 
0.0141408 0.0063816 -0 3.75928e-05 3.3376e-06 -0.117865 
0.0139157 0.0063563 -0 0.000155399 0.000145043 -0.121704 
0.0138177 0.00669122 -0 6.9246e-06 0.000103702 -0.127584 
0.0140349 0.00626019 -0 0.000171297 6.4043e-05 -0.121919 
0.0138391 0.0062677 -0 6.08874e-05 9.68697e-05 -0.114576 
0.0137495 0.00678197 -0 9.81459e-05 0.000114787 -0.116413 
0.0140206 0.00551498 -0 7.03839e-05 -6.2517e-06 -0.0898688 
0.0136122 0.00565463 -0 9.96749e-05 0.00018193 -0.0934242 
0.0140203 0.005541 -0 4.11248e-06 1.4377e-05 -0.0925019 
0.0140936 0.00571042 -0 0.000101201 5.99116e-05 -0.0993294 
0.0139802 0.00559777 -0 1.32087e-06 5.19623e-05 -0.0974502 
0.0141261 0.00557792 -0 -3.14702e-05 -2.17018e-05 -0.0927575 
0.0138207 0.0057916 -0 0.000259551 0.000180315 -0.0966472 
0.0142316 0.0064812 -0 -0.000178712 -0.00010901 -0.0989892 
0.014058 0.00520822 -0 6.4637e-06 -1.50466e-06 -0.0655028 
0.0138654 0.00537989 -0 0.000105185 8.75549e-05 -0.0682382 
0.0142931 0.00574788 -0 -0.000138629 -0.000138941 -0.0674657 
0.0141217 0.00513384 -0 2.89248e-05 4.95438e-06 -0.0674901 
0.0137619 0.00530282 -0 0.000198621 0.000177609 -0.0652667 
0.014286 0.00544345 -0 -5.69444e-05 -9.87081e-05 -0.057781 
0.0139723 0.00533393 -0 5.64495e-05 6.11836e-05 -0.0701312 
0.0140094 0.00560367 -0 5.86957e-05 8.18976e-05 -0.061436 
0.0140952 0.00593796 -0 3.33782e-05 4.34364e-06 -0.0752256 
0.0141082 0.00458881 -0 3.13273e-05 3.43625e-05 -0.0361399 
0.0141807 0.00489217 -0 -1.21348e-05 -6.98217e-06 -0.0325032 
0.0141131 0.00497791 -0 -5.54979e-06 8.44564e-06 -0.0351044 
0.0141209 0.00518256 -0 5.30625e-05 6.53792e-05 -0.0345445 
0.0141106 0.00516772 -0 3.60855e-05 4.2777e-06 -0.0362252 
0.0142246 0.00522324 -0 -3.88707e-05 -3.88782e-05 -0.0413133 
0.0140523 0.0051907 -0 0.000123889 0.000117418 -0.0355156 
0.0142032 0.00516638 -0 8.50886e-06 -1.6992e-05 -0.0360356 
0.0142828 0.0052177 -0 1.32838e-06 -1.80704e-05 -0.0338311 
0.0140884 0.00488135 -0 0.000133982 9.25521e-05 -0.026166 
0.0139618 0.00517237 -0 0.000102378 9.65875e-05 -0.0279936 
0.0140417 0.00519526 -0 0.000140828 0.000119097 -0.0291767 
0.0140505 0.00530639 -0 0.000236459 0.000156725 -0.0291723 
0.01423 0.00564274 -0 2.4657e-05 1.76018e-05 -0.0285788 
0.0140505 0.00590962 -0 0.000179649 0.000154201 -0.0300646 
0.0141791 0.00595021 -0 0.000177437 0.000122517 -0.032373 
0.0144601 0.00611839 -0 -5.45184e-05 -6.73813e-05 -0.0308242 
0.0141554 0.00602138 -0 0.000131805 0.000130497 -0.0332408 
0.0141712 0.00634146 -0 0.000256296 0.000162658 -0.0348472 
0.0143859 0.00635791 -0 5.01627e-05 2.26642e-05 -0.040918 
0.0142246 0.00573429 -0 0.0001005 9.30426e-05 -0.0730358 
0.0143639 0.0060398 -0 0.000130413 5.05133e-05 -0.0829946 
0.0143843 0.00589424 -0 0.000113693 5.85351e-05 -0.0698389 
0.0140342 0.00581449 -0 0.000216561 0.000175093 -0.0883099 
0.0146039 0.00579509 -0 5.53025e-05 -4.73462e-05 -0.0903915 
0.0142804 0.00551248 -0 0.0001596 8.81839e-05 -0.0791532 
0.0139686 0.00522512 -0 0.000254859 0.000153411 -0.0779334 
0.0144905 0.00571319 -0 -2.83759e-05 -7.06771e-05 -0.082289 
0.0138132 0.00529611 -0 0.000337792 0.000238624 -0.070891 
0.0139756 0.00578311 -0 0.000118155 5.4229e-05 -0.0914142 
0.0139618 0.00598606 -0 0.000123249 7.23237e-05 -0.0810575 
0.0135911 0.00553715 -0 0.000306957 0.00021619 -0.0898921 
0.0136142 0.00615442 -0 5.00316e-05 7.3666e-05 -0.216693 
0.013567 0.00550434 -0 0.000223635 0.00015599 -0.205915 
0.0129113 0.00551543 -0 0.000407468 0.000250586 -0.207906 
0.0123219 0.00542834 -0 0.000179937 0.000142746 -0.198281 
0.0134543 0.00518838 -0 0.00014734 7.17757e-05 -0.207214 
0.0136816 0.00552768 -0 0.00026581 0.000130655 -0.204433 
0.0128912 0.0046564 -0 0.000301671 0.000101053 -0.205887 
0.0135536 0.00414678 -0 0.000192238 4.82028e-05 -0.206516 
0.0131473 0.00424916 -0 0.000415311 0.000160137 -0.200784 
0.0129937 0.00220942 -0 0.00032593 6.96013e-05 -0.190671 
0.0134354 0.00215659 -0 0.000241564 2.25133e-05 -0.188558 
0.0129721 0.00240263 -0 0.000466989 0.000158739 -0.187865 
0.0130738 0.00259539 -0 0.000306622 4.64984e-05 -0.183099 
0.0131466 0.00273603 -0 0.000290954 6.1866e-05 -0.190112 
0.0126672 0.00268096 -0 0.000458952 0.000183183 -0.185941 
0.0131173 0.00269222 -0 0.000229976 -3.40961e-05 -0.180083 
0.0128542 0.00309473 -0 0.000381348 0.000128337 -0.17465 
0.0127344 0.00309554 -0 0.000396518 0.00010049 -0.190219 
0.0133681 0.00323698 -0 0.000129522 -0.000119076 -0.176067 
0.0129427 0.00370815 -0 0.00047334 0.000204233 -0.180887 
0.0132059 0.00173753 -0 0.000263918 -1.00025e-05 -0.126408 
0.0135536 0.00224814 -0 0.000207583 -6.46636e-05 -0.131762 
0.013406 0.00222078 -0 0.000410789 0.000105194 -0.136979 
0.0137554 0.00268587 -0 0.000237502 -8.24878e-05 -0.132908 
0.0136281 0.00283644 -0 0.000202196 -2.75924e-05 -0.126484 
0.0138592 0.00274318 -0 0.000252079 -8.34903e-05 -0.1322 
0.0136954 0.00171795 -0 0.000233267 -6.44762e-05 -0.0684763 
0.0134722 0.00297841 -0 0.000359411 1.83329e-05 -0.131758 
0.0140308 0.00261891 -0 0.000155751 -0.000212223 -0.128687 
0.0135906 0.00221926 -0 0.000429874 0.000107547 -0.0701622 
0.0127115 0.0019691 -0 0.000572482 0.000254536 -0.0648425 
0.013438 0.00235713 -0 0.0002167 -6.05465e-05 -0.0633641 
0.0134041 0.00276071 -0 0.000362985 0.000134824 -0.0717445 
0.0131763 0.00314561 -0 0.000887555 0.000300234 -0.0644063 
0.0142039 0.00318682 -0 0.000531731 9.31241e-05 -0.0694613 
0.0142604 0.00308418 -0 0.000435356 4.14338e-05 -0.0661218 
0.0136428 0.00393096 -0 0.000747277 0.000232874 -0.0660668 
0.0144235 0.00419337 -0 0.000495288 6.97028e-05 -0.0706622 
0.0144331 0.00377101 -0 0.000485538 8.44183e-06 -0.0661412 
0.0141572 0.00406784 -0 0.000600383 0.000150004 -0.0700659 
0.0145723 0.00328043 -0 0.000410483 3.54559e-05 -0.0432654 
0.0146867 0.00326738 -0 0.000455222 -3.27859e-05 -0.0431124 
0.014639 0.00335169 -0 0.000529173 7.85148e-05 -0.0379148 
0.0153755 0.00358352 -0 0.000323408 -0.000132897 -0.055494 
0.0151951 0.00320631 -0 0.000351294 -8.76728e-05 -0.0414698 
0.0148965 0.00338441 -0 0.000403271 1.77783e-05 -0.0478353 
0.0154306 0.00334212 -0 0.000382377 -8.2865e-05 -0.0481359 
0.0151834 0.00338566 -0 0.000338447 4.60732e-05 -0.0439163 
0.0143999 0.00357074 -0 0.000355065 3.8081e-05 -0.0445947 
0.0147775 0.00376162 -0 0.000303732 -6.13088e-05 -0.0562855 
0.014482 0.00343609 -0 0.000370316 3.48572e-05 -0.0505811 
0.014071 0.00329456 -0 0.000399624 8.55159e-05 -0.0526424 
0.0145395 0.00330055 -0 0.00010906 -0.000130948 -0.0751815 
0.0143654 0.00323385 -0 0.000315572 2.09355e-05 -0.0753356 
0.014082 0.00327873 -0 0.000470531 5.98856e-05 -0.0736062 
0.0141662 0.00309375 -0 7.06465e-05 -0.000117209 -0.0780352 
0.013955 0.00283179 -0 0.000360391 6.78116e-05 -0.0802051 
0.0138404 0.00297958 -0 0.000384989 9.53938e-06 -0.0777386 
0.0137726 0.00322285 -0 0.00017532 -1.60682e-05 -0.0757934 
0.0135198 0.00251377 -0 0.000406044 0.000126677 -0.0839932 
0.0135773 0.00293809 -0 0.000303739 1.1969e-05 -0.0848054 
0.0139478 0.00224465 -0 0.00023108 6.99332e-06 -0.0823661 
0.0142964 0.00203562 -0 0.000109763 1.31466e-05 -0.0874944 
0.0134835 0.00236025 -0 0.000341555 0.000138287 -0.0855145 
0.0142588 0.00192574 -0 0.000139245 -6.4947e-06 -0.16496 
0.0148394 0.00194737 -0 -7.83573e-05 -5.67066e-05 -0.164047 
0.0150527 0.00203231 -0 0.000282618 0.000128517 -0.166213 
0.0145394 0.0019353 -0 0.000363759 0.00015652 -0.157967 
0.0146946 0.00167835 -0 1.13047e-05 3.45027e-06 -0.164189 
0.0148033 0.00163937 -0 0.000383925 0.000136016 -0.164854 
0.014595 0.00187781 -0 0.000171516 2.73196e-05 -0.16077 
0.0151423 0.00170553 -0 3.80863e-06 -6.30753e-05 -0.161407 
0.0154574 0.001515 -0 -1.36352e-05 -2.80321e-05 -0.159644 
0.0148775 0.0018526 -0 7.16838e-05 -0.000102212 -0.158268 
0.0162658 0.0015682 -0 -0.000167464 -0.000332872 -0.163364 
0.0164984 0.0015986 -0 8.03132e-05 -0.000237686 -0.161129 
0.0158765 0.00135899 -0 -0.00010353 -0.00035174 -0.156256 
0.0169467 -7.77841e-06 -0 -0.000308402 -0.000569238 -0.124606 
0.0164348 0.00183213 -0 -7.35553e-05 -0.000392208 -0.153273 
0.0152362 0.00097695 -0 -9.27722e-05 -0.000338732 -0.126081 
0.01595 0.000616997 -0 -0.000135261 -0.000470157 -0.114419 
0.0146127 0.00159457 -0 5.19309e-05 -0.000379439 -0.143149 
0.0143713 0.000608414 -0 -0.000286257 -0.000579653 -0.115943 
0.0141694 0.000519276 -0 -5.47327e-05 -0.000569925 -0.121815 
0.013057 0.00101468 -0 0.000120006 -0.000454761 -0.11848 
0.0133572 0.00079152 -0 -0.000198447 -0.000726316 -0.119717 
0.0128229 0.00061065 -0 -9.02519e-05 -0.000675543 -0.125819 
0.0123516 0.000475824 -0 -7.39576e-05 -0.000689545 -0.114765 
0.0121275 0.000893176 -0 -0.000206002 -0.000775692 -0.113587 
0.0116394 0.000763625 -0 -0.000106733 -0.000770297 -0.11374 
0.0113634 0.000866085 -0 -0.00033842 -0.000909786 -0.124123 
0.0109307 0.000823796 -0 -0.000389037 -0.0009676 -0.11649 
0.0103528 0.000868231 -0 -0.000308677 -0.000963134 -0.127779 
0.00983334 0.00085339 -0 -0.000486334 -0.00101614 -0.117688 
0.0100177 0.000687718 -0 -0.000593531 -0.00110428 -0.112971 
0.00972211 0.000580072 -0 -0.000493076 -0.00104683 -0.111712 
0.00778949 0.000784367 -0 -0.000577093 -0.00091479 -0.118355 
0.00810188 0.000546277 -0 -0.000534543 -0.00107956 -0.104652 
0.00746548 0.000916153 -0 -0.000494262 -0.000967616 -0.138465 
0.00651634 0.000627548 -0 -0.000579438 -0.000896822 -0.123462 
0.00651634 0.000627548 -0 -0.000579438 -0.000896822 -0.123462 
-0.0260135 -0.0272592 -0 0.000387339 -0.000294965 -0.0439412 
-0.0253673 -0.0262575 -0 0.000421518 -0.000209339 -0.0421706 
-0.0237882 -0.0249781 -0 0.000792049 3.06171e-05 -0.0385278 
-0.0214779 -0.0236859 -0 0.000956671 0.000242951 -0.0397298 
-0.0204011 -0.0137668 -0 0.000725257 0.000100656 0.00480398 
-0.018481 -0.0118914 -0 0.000700864 9.77556e-05 0.000513849 
-0.0159863 -0.00933605 -0 0.00094031 0.000279126 0.00304155 
-0.0140721 -0.00648057 -0 0.000309972 -0.000227776 -0.00105605 
-0.0124047 -0.00543737 -0 0.00062169 1.88179e-05 -0.00190881 
-0.0108147 -0.00316554 -0 0.000948195 0.000266082 0.000582212 
-0.00950629 -0.00356698 -0 0.000891153 0.000172443 -0.00128932 
-0.00756097 -0.00318995 -0 0.000511628 -0.000162975 -0.00385009 
-0.00674754 -0.00173584 -0 0.000595154 2.6586e-05 0.0138432 
-0.00540966 0.000176668 -0 0.000730074 0.000139967 0.015195 
-0.00406623 -0.000154763 -0 0.000639891 2.39199e-05 0.020994 
-0.00294363 0.000533313 -0 0.000501704 -9.90877e-05 0.0139803 
-0.0017758 0.00160897 -0 0.000366603 -0.000162205 0.0177679 
-0.000846863 0.00229222 -0 0.000375651 -0.000143633 0.0171178 
0.00021261 0.0031786 -0 0.000340041 -0.000208093 0.00356446 
0.00128263 0.00309688 -0 0.000237647 -0.00023465 0.00872641 
0.00192636 0.0033018 -0 0.000326475 -0.000109498 0.0051283 
0.00271869 0.00374857 -0 0.000341517 -9.28793e-05 0.00396704 
0.00345254 0.00397334 -0 0.000350718 -9.56265e-05 0.00949987 
0.00411701 0.00400946 -0 0.000259788 -0.000158991 0.00842532 
0.00448608 0.00456879 -0 0.000372932 -6.81915e-06 0.0130565 
0.00531203 0.00563899 -0 0.000273889 -0.000148985 -0.000176178 
0.00582719 0.00574771 -0 0.00024787 -0.000168075 0.00760475 
0.00613689 0.00589827 -0 0.0003819 -7.46566e-06 0.00463425 
0.00669622 0.00674683 -0 0.000363179 -1.81709e-05 0.000519141 
0.0071944 0.00646493 -0 0.000193181 -0.000137382 0.00560683 
0.00767881 0.00731358 -0 0.000171809 -0.000153196 -0.00451121 
0.00801265 0.00764188 -0 0.000193994 -0.000102973 0.000718844 
0.00815481 0.00765842 -0 0.000262104 2.05544e-05 -0.00258443 
0.0083819 0.00771609 -0 0.000386266 0.000130947 -0.00913816 
0.00886488 0.00764894 -0 0.000285012 8.70475e-06 -0.00739519 
0.00900525 0.00768077 -0 0.000368927 0.00011876 -0.00222125 
0.00919372 0.00810197 -0 0.00052522 0.000200905 -0.00581225 
0.0095306 0.00882688 -0 0.000395642 9.5209e-05 -0.0401822 
0.00961339 0.00861767 -0 0.000430366 0.00017184 -0.0402143 
0.00990808 0.00931987 -0 0.000468264 9.67625e-05 -0.0423368 
0.0104756 0.00936073 -0 0.000284237 -0.00011196 -0.0320913 
0.010417 0.0092411 -0 0.000411728 7.25276e-05 -0.0405933 
0.010393 0.00946391 -0 0.000542259 0.000163478 -0.0439273 
0.0107337 0.00975198 -0 0.000420048 4.72653e-05 -0.0447662 
0.0108658 0.00916511 -0 0.000426691 5.22668e-05 -0.0420667 
0.0109736 0.00969896 -0 0.000395439 2.43699e-05 -0.0374909 
0.0111753 0.0100645 -0 0.000382597 -2.06891e-05 -0.0442767 
0.0112542 0.00985238 -0 0.000395341 8.63247e-06 -0.0416146 
0.0113021 0.0092048 -0 0.00041518 -1.86327e-05 -0.0349456 
0.0110856 0.00903377 -0 0.000457683 5.73734e-05 -0.036318 
0.0112048 0.0094032 -0 0.000430435 -4.61512e-07 -0.0324973 
0.0112227 0.00968 -0 0.0003703 -2.38669e-05 -0.0383828 
0.0109473 0.0094344 -0 0.000436297 0.000100334 -0.0412345 
0.011052 0.00941142 -0 0.000358006 -3.81957e-05 -0.0372209 
0.0109661 0.0092741 -0 0.000318635 -1.68709e-05 -0.035796 
0.0107741 0.00925756 -0 0.000475621 0.000125524 -0.0391004 
0.0108878 0.00929403 -0 0.000398708 1.10294e-05 -0.0380378 
0.01091 0.00900874 -0 0.000284543 -4.97096e-05 -0.0408226 
0.0106364 0.00805315 -0 0.000222682 8.98163e-06 -0.0305232 
0.0105656 0.00770965 -0 0.000258206 -9.47217e-06 -0.028419 
0.0103862 0.00733566 -0 0.000316619 9.41949e-05 -0.0261382 
0.0105059 0.00755489 -0 0.000214946 1.91639e-05 -0.0354694 
0.0105143 0.00727728 -0 0.000313503 7.1394e-05 -0.0313 
0.0107294 0.00730696 -0 0.000284267 9.20897e-05 -0.0351905 
0.0107898 0.00742471 -0 0.000339824 0.000109998 -0.0362932 
0.0109293 0.00722471 -0 0.000234781 3.71808e-05 -0.0341517 
0.0111136 0.00773647 -0 0.00020315 1.82223e-05 -0.0377816 
0.0112957 0.00792441 -0 0.000231421 1.22699e-05 -0.0394657 
0.0111102 0.00711545 -0 0.000302609 0.000125123 -0.0403381 
0.0115351 0.00724635 -0 0.000267799 9.52453e-05 -0.04778 
0.0117971 0.00765038 -0 0.000244131 0.000128129 -0.0464363 
0.0116453 0.0075886 -0 0.000273653 6.1314e-05 -0.0434552 
0.0118273 0.00772762 -0 0.000237341 9.42099e-05 -0.0448957 
0.0117978 0.00746602 -0 0.000334855 0.000172456 -0.0457166 
0.011766 0.00802079 -0 0.000277712 0.000125285 -0.0468543 
0.0120347 0.00768623 -0 8.61648e-05 -2.33023e-05 -0.0424174 
0.0118057 0.00761479 -0 0.000297289 0.000172355 -0.0480638 
0.0122285 0.00789705 -0 8.36626e-05 -8.9235e-05 -0.043806 
0.0118922 0.00758323 -0 0.000187975 0.000126964 -0.0504519 
0.0118725 0.00763375 -0 0.000315439 0.000191633 -0.0451794 
0.0123437 0.00846881 -0 3.47513e-05 -8.5654e-05 -0.0534161 
0.0120519 0.00714469 -0 0.000236604 0.000120842 -0.100709 
0.0121266 0.00738198 -0 0.000291911 0.000155892 -0.0941019 
0.0121379 0.00773567 -0 0.000190326 7.08856e-05 -0.0972924 
0.0122296 0.00756705 -0 0.000191739 7.24915e-05 -0.0984543 
0.0122091 0.00795668 -0 0.000293477 0.000158247 -0.0913428 
0.0123585 0.0083389 -0 0.000109318 1.61686e-05 -0.109287 
0.0122598 0.00810027 -0 0.000266456 0.000143715 -0.0974657 
0.012355 0.00834936 -0 0.000248838 0.000120776 -0.0944817 
0.0128415 0.00893301 -0 5.08188e-05 -2.61259e-05 -0.105309 
0.0134484 0.00898165 -0 7.76385e-05 -1.89892e-06 -0.103254 
0.0129588 0.00886229 -0 0.000323024 0.000194825 -0.0914867 
0.0129789 0.0089744 -0 8.36616e-05 1.76174e-07 -0.0917242 
0.0130005 0.00759307 -0 0.000183332 0.000123203 -0.128879 
0.0129245 0.00818244 -0 0.00023433 0.000106617 -0.134677 
0.0126062 0.00813335 -0 0.000204894 0.000198147 -0.126656 
0.01302 0.00780407 -0 9.44215e-05 -1.39467e-05 -0.119659 
0.0127126 0.00776294 -0 0.000328181 0.000233214 -0.127665 
0.0132555 0.00773308 -0 9.271e-05 7.80334e-05 -0.117808 
0.0133708 0.00850913 -0 0.00024093 0.000177779 -0.120923 
0.0128927 0.00813282 -0 0.000262179 0.000183326 -0.122108 
0.0133086 0.00908232 -0 3.91016e-05 4.13701e-05 -0.124145 
0.0129855 0.0071024 -0 0.000318594 0.000275407 -0.0980429 
0.0128594 0.00770813 -0 0.000259221 0.000210875 -0.0921167 
0.0132324 0.00720513 -0 0.000156835 0.000110444 -0.0941358 
0.0131326 0.00695962 -0 0.000157126 0.000112967 -0.0893312 
0.0128435 0.00700682 -0 0.000376403 0.00029624 -0.0875235 
0.0133227 0.00740504 -0 8.34791e-05 1.85967e-05 -0.0900432 
0.0131176 0.00750053 -0 0.000146081 8.17587e-05 -0.0876139 
0.0128909 0.00617534 -0 0.000284821 0.000247516 -0.056951 
0.0133815 0.0069083 -0 3.10776e-05 -3.8214e-05 -0.0555859 
0.0131879 0.00633126 -0 9.94262e-05 5.00113e-05 -0.0513008 
0.0130066 0.00665045 -0 0.000230674 0.000203849 -0.0629777 
0.013197 0.00641844 -0 0.000149012 7.64277e-05 -0.0522135 
0.0131793 0.00645375 -0 0.000101581 7.53804e-05 -0.0526122 
0.0130892 0.00677723 -0 0.00025222 0.000184715 -0.0540241 
0.0131114 0.00716686 -0 0.000267163 0.000181546 -0.0550432 
0.0130731 0.00606045 -0 0.000177898 0.000144063 -0.0399536 
0.0131441 0.00645 -0 0.000183362 0.000122447 -0.0411867 
0.0131412 0.00682524 -0 0.000188503 0.000146908 -0.0427254 
0.0133079 0.00695685 -0 0.000122785 5.67182e-05 -0.0445891 
0.0130647 0.00686538 -0 0.000292715 0.00022668 -0.0418518 
0.0132417 0.00701648 -0 0.000142864 7.34584e-05 -0.045254 
0.0133225 0.00707173 -0 8.42387e-05 2.83763e-05 -0.0393732 
0.0131498 0.00701675 -0 0.000253572 0.000193307 -0.0399657 
0.0133161 0.00716311 -0 8.44013e-05 4.50498e-05 -0.0416597 
0.0133327 0.00687441 -0 0.000155685 6.7954e-05 -0.0388078 
0.0131337 0.00631499 -0 0.000268484 0.00020734 -0.0421085 
0.0135044 0.00616041 -0 -6.42841e-06 -6.41033e-05 -0.0409377 
0.0132705 0.00609577 -0 0.000183265 0.000108065 -0.0440012 
0.0132794 0.00646064 -0 0.000136749 0.000116437 -0.0453445 
0.0141098 0.00716534 -0 -0.000149577 -0.000215219 -0.0504494 
0.013999 0.00682336 -0 3.61955e-05 3.16853e-05 -0.0524505 
0.0134118 0.00693879 -0 0.000243851 0.000166386 -0.0428103 
0.0140303 0.00685421 -0 -0.000182522 -0.000167047 -0.0451047 
0.0135695 0.00624838 -0 0.000202856 0.000172445 -0.0465084 
0.0136494 0.00678948 -0 8.66554e-05 2.43462e-05 -0.0549821 
0.0138077 0.00616238 -0 -3.48648e-05 -4.03188e-05 -0.0879639 
0.0134196 0.00557578 -0 0.00029001 0.000215789 -0.0720949 
0.0138348 0.00648567 -0 4.34094e-05 -8.24847e-05 -0.0797449 
0.0134944 0.00601315 -0 0.000198032 0.000134723 -0.0755376 
0.0135393 0.00542781 -0 0.000218551 0.00016255 -0.0841754 
0.013741 0.00620019 -0 -2.49511e-05 -1.72793e-05 -0.0799346 
0.0135512 0.00549781 -0 0.000113874 9.28676e-05 -0.0744511 
0.0135857 0.00632045 -0 0.000106965 9.58065e-05 -0.0804678 
0.0138524 0.00669801 -0 2.80982e-06 -4.72237e-05 -0.0820588 
0.0135187 0.00608835 -0 8.65527e-05 0.00011771 -0.0786263 
0.0139089 0.00631982 -0 0.000170339 0.000141572 -0.113121 
0.014201 0.00610828 -0 5.10713e-05 8.02159e-05 -0.122726 
0.0136995 0.00550953 -0 9.69508e-05 9.26042e-05 -0.106728 
0.0136737 0.0060702 -0 0.000178432 0.00016068 -0.119799 
0.0140088 0.00616086 -0 -5.80153e-05 -3.00527e-06 -0.115272 
0.0135398 0.00590712 -0 0.000298989 0.0002366 -0.109711 
0.0138699 0.00624481 -0 -6.4086e-05 -6.71113e-06 -0.114235 
0.013687 0.00619724 -0 0.000185664 0.000170524 -0.113402 
0.0141025 0.00630105 -0 0.000299895 0.000180795 -0.118327 
0.0142749 0.00663838 -0 0.000254406 0.000199087 -0.114899 
0.0136267 0.00464916 -0 0.000301877 0.000261992 -0.0901363 
0.0142516 0.00557926 -0 0.000176316 7.75544e-05 -0.0875814 
0.0141356 0.00539866 -0 0.000208561 0.000183237 -0.0831874 
0.014185 0.00568575 -0 0.00022239 0.000128013 -0.0881226 
0.0144555 0.00589353 -0 0.000113782 3.4738e-05 -0.0854912 
0.0142289 0.00580886 -0 0.000203103 0.000162991 -0.0806578 
0.0143743 0.00670624 -0 0.000111356 4.7525e-05 -0.0901014 
0.0143754 0.00672752 -0 6.74586e-05 2.97231e-05 -0.0894189 
0.0140814 0.00645107 -0 0.000245505 0.000198012 -0.0804925 
0.0147191 0.00676757 -0 0.000127713 3.95537e-05 -0.0891397 
0.0146922 0.0054853 -0 0.000215074 0.000189427 -0.0693705 
0.0142472 0.00527412 -0 0.000211567 0.000157588 -0.0544252 
0.0146579 0.00566429 -0 6.86686e-05 4.62093e-05 -0.0626458 
0.0144013 0.00532874 -0 0.000349066 0.000254526 -0.0668354 
0.0143511 0.00528949 -0 0.00018694 0.00011308 -0.0582852 
0.0144458 0.00587171 -0 5.92868e-05 0.000105013 -0.07032 
0.0142411 0.00553992 -0 0.000317533 0.000224625 -0.0694026 
0.0144378 0.00615683 -0 2.61048e-05 2.91569e-05 -0.0612948 
0.0142592 0.00498158 -0 0.000188154 0.000158366 -0.0293856 
0.0144888 0.00472051 -0 0.000317753 0.000114307 -0.0376957 
0.0150771 0.00528842 -0 5.95954e-05 -0.000144265 -0.0386043 
0.0147856 0.00480697 -0 0.000287753 0.000102468 -0.042745 
0.0151666 0.00519964 -0 3.91506e-05 -0.000160499 -0.0385807 
0.0153354 0.00554609 -0 -0.000108148 -0.000304954 -0.0379674 
0.0149277 0.00553948 -0 -6.94554e-05 -0.000233444 -0.0430184 
0.0146137 0.0286419 -0 1.40695e-05 -0.000239927 -0.694253 
0.0144913 0.028192 -0 -0.000139681 -0.000336916 -0.695996 
0.0133905 0.0272368 -0 0.000384466 -0.00023592 -0.688852 
0.0116134 0.00396368 -0 7.25508e-05 -0.000378453 -0.0398274 
0.0126856 0.00415403 -0 -3.74491e-05 -0.000923237 -0.0421149 
0.0118799 0.00367159 -0 -0.000116854 -0.000918557 -0.0448422 
0.0120288 0.00110498 -0 -0.000484682 -0.00112706 -0.0304303 
0.0109098 0.0004085 -0 8.13846e-05 -0.000620709 -0.00794115 
0.0112846 0.000907481 -0 -0.000583906 -0.00113913 -0.0246188 
0.0109565 0.000433713 -0 -0.000577623 -0.00105697 -0.00774582 
0.0105248 0.000579268 -0 -8.93348e-05 -0.000845598 -0.0143678 
0.0113963 0.00107762 -0 -0.000652704 -0.00149642 -0.0212281 
0.0109922 0.000402063 -0 -0.000683656 -0.00135728 -0.0140806 
0.0114105 0.00119975 -0 -0.000732151 -0.00161885 -0.0363312 
0.0115117 0.00225189 -0 -0.00086817 -0.00182641 -0.0399646 
0.0105613 0.00139225 -0 -0.000724965 -0.00159394 -0.0309255 
0.0100892 0.00192699 -0 -0.000891169 -0.00170712 -0.043799 
0.0091576 0.00193155 -0 -0.000624854 -0.00160817 -0.0369179 
0.00839013 0.0019362 -0 -0.000822028 -0.00170115 -0.0423954 
0.00754344 0.00293747 -0 -0.000954889 -0.00183601 -0.0493839 
0.00581163 0.00293595 -0 -0.000632754 -0.00146401 -0.0488903 
0.00501555 0.00346729 -0 -0.000928562 -0.00164911 -0.0415383 
0.00501555 0.00346729 -0 -0.000928562 -0.00164911 -0.0415383 
-0.0268852 -0.029084 -0 0.000343105 -0.000199542 0.0283008 
-0.0258436 -0.0272342 -0 0.000348615 -0.000285086 0.0122668 
-0.0248206 -0.0247958 -0 0.000644532 -7.87256e-05 0.0130659 
-0.0236322 -0.0240613 -0 0.000829069 0.000312803 0.0117597 
-0.0224097 -0.0120032 -0 0.000732824 0.000251352 0.0335692 
-0.0201688 -0.0104862 -0 0.000636553 1.66885e-06 0.031507 
-0.0174893 -0.00801355 -0 0.000589133 0.000106061 0.0291273 
-0.0156192 -0.00567564 -0 0.000395037 -7.07959e-05 0.0454731 
-0.0136669 -0.00458229 -0 0.000269085 -0.000218424 0.0283543 
-0.0111718 -0.00256562 -0 9.57265e-05 -0.000413027 0.0414412 
-0.00980043 -0.00135049 -0 0.000140262 -0.000327992 0.0389083 
-0.00832701 -0.00113216 -0 0.000184814 -0.000321903 0.0308041 
-0.00675917 -0.000472158 -0 0.000184989 -0.000241733 0.0304643 
-0.00536209 -0.000461161 -0 8.05553e-05 -0.000385588 0.0360506 
-0.00418693 0.000373095 -0 0.000139881 -0.000325282 0.0280857 
-0.00308758 0.00121513 -0 0.000248404 -0.000152314 0.0354469 
-0.00182498 0.00169578 -0 0.000210648 -0.000274864 0.0122135 
-0.00101388 0.0026198 -0 0.00019541 -0.000184235 0.00516915 
8.76188e-06 0.00305039 -0 0.000168236 -0.000198652 0.0123911 
0.000841498 0.00370002 -0 0.000214813 -0.000164208 7.4836e-05 
0.0016315 0.00394589 -0 0.000254574 -0.000108686 0.00764455 
0.00259298 0.00461796 -0 0.000197126 -0.000150584 0.00118803 
0.00325513 0.00522414 -0 0.000226732 -0.000119307 -8.02378e-05 
0.00404978 0.00591168 -0 0.000197665 -0.000174521 -0.00435715 
0.00467509 0.00645635 -0 0.000169753 -0.000180431 -0.00558525 
0.00524676 0.00660297 -0 0.000181945 -0.000150785 -0.00123226 
0.0057587 0.00702918 -0 0.0002013 -0.000119923 -0.00471804 
0.00628728 0.00710589 -0 0.000160088 -0.000133703 -0.0052564 
0.00675648 0.0075379 -0 0.000120802 -0.000144852 -0.00638872 
0.00722748 0.00793836 -0 0.000139158 -0.000112873 -0.0126367 
0.00759959 0.00681227 -0 0.000111767 -0.000117976 0.0138526 
0.00798279 0.00704187 -0 0.000162256 -0.000102763 0.00640626 
0.00837582 0.00703016 -0 0.000163765 -9.08373e-05 0.00914858 
0.00834149 0.00715801 -0 0.000179451 3.55063e-05 0.00207298 
0.00876564 0.00741032 -0 0.000140265 -4.34405e-06 0.000733348 
0.00918782 0.00746718 -0 7.22529e-05 -8.76742e-05 0.00607316 
0.0095281 0.00773138 -0 8.46308e-05 -0.000131963 -0.00182813 
0.00973731 0.00804636 -0 3.8419e-05 -0.000145661 -0.00342852 
0.00985998 0.00767979 -0 1.13274e-05 -0.000122727 0.00288548 
0.0100086 0.00790921 -0 7.3969e-05 -9.56202e-05 -0.0105497 
0.010292 0.00782937 -0 2.82005e-05 -0.000134801 -0.00799492 
0.0102915 0.00747997 -0 7.77744e-05 -3.96605e-05 -0.00596049 
0.0103034 0.00779539 -0 0.000265263 5.93402e-05 -0.00989403 
0.0106562 0.00792226 -0 0.000161727 -2.44122e-05 -0.00677631 
0.010687 0.00768909 -0 0.000185098 2.99566e-05 -0.00444208 
0.0109169 0.00799075 -0 0.000227959 -3.21413e-05 -0.0120607 
0.0111326 0.0082798 -0 8.45e-05 -0.000108389 -0.0251787 
0.0109191 0.00808722 -0 0.000133635 2.33876e-05 -0.0282247 
0.0111721 0.00832826 -0 0.000193279 -4.64286e-05 -0.0232355 
0.0111106 0.00837395 -0 0.000291076 7.99838e-05 -0.0265013 
0.0111544 0.00813541 -0 0.000305797 0.000115407 -0.0328199 
0.0112942 0.00824788 -0 0.000322576 7.69062e-05 -0.0290782 
0.0113554 0.00855473 -0 0.000238133 4.0523e-05 -0.0297193 
0.0114622 0.00888813 -0 0.00027517 5.40886e-05 -0.0305865 
0.0114833 0.00899658 -0 0.000373634 0.000126699 -0.0312916 
0.0116891 0.0084537 -0 0.000207827 -3.28015e-07 -0.0265286 
0.0116597 0.00842044 -0 0.000287581 4.32584e-05 -0.0227638 
0.0115149 0.00860614 -0 0.000375449 0.000163274 -0.0258521 
0.0115592 0.00871646 -0 0.000340076 0.000154551 -0.0185903 
0.0120867 0.008977 -0 0.000293999 6.09578e-05 -0.025681 
0.0124161 0.00912997 -0 0.000200069 1.20392e-05 -0.0245239 
0.011987 0.00902724 -0 0.000280415 5.13943e-05 -0.0255874 
0.0122622 0.00909582 -0 0.000151173 -4.16131e-05 -0.0240898 
0.0122232 0.00894061 -0 0.000282059 7.85184e-05 -0.0239534 
0.012215 0.00878406 -0 0.000280451 3.03141e-05 -0.0291084 
0.0124049 0.00851959 -0 0.000123637 -7.26304e-05 -0.0207546 
0.0122443 0.00797769 -0 0.000236889 1.77846e-05 -0.0211711 
0.0120964 0.00814864 -0 0.000335543 0.000126392 -0.0194914 
0.0122226 0.00820005 -0 0.000224903 7.67436e-05 -0.0234517 
0.0123078 0.0075911 -0 0.000265071 1.31785e-05 -0.0207718 
0.0122738 0.00809464 -0 0.000250491 5.98787e-05 -0.0235178 
0.012319 0.00785154 -0 0.000179901 2.66637e-05 -0.0241629 
0.0123383 0.00794533 -0 0.00024598 1.52922e-05 -0.0275604 
0.0123142 0.00801328 -0 0.00016371 3.57476e-05 -0.0255907 
0.0125477 0.0082401 -0 0.000132774 -7.69973e-05 -0.0296112 
0.012397 0.00763562 -0 0.000179335 -8.75489e-06 -0.0392136 
0.0122636 0.00747415 -0 0.000177967 6.64892e-05 -0.0342762 
0.0124277 0.00765145 -0 0.000137154 -6.29535e-05 -0.0413575 
0.0124862 0.00753379 -0 5.91373e-05 -5.74353e-05 -0.036084 
0.0121889 0.00767013 -0 0.000277387 0.000152425 -0.0373386 
0.0125574 0.00795338 -0 6.61936e-05 -9.83675e-05 -0.0400081 
0.0124932 0.0078215 -0 0.00010665 -2.6228e-05 -0.0408055 
0.0122023 0.00772369 -0 0.000281377 0.000138618 -0.0413859 
0.0123932 0.00842634 -0 0.000129426 -1.67373e-05 -0.0461353 
0.0124837 0.00818342 -0 8.57384e-05 -2.70988e-05 -0.0463195 
0.0122827 0.00751609 -0 0.000248634 0.000101133 -0.0906406 
0.0126597 0.00775507 -0 5.62491e-06 -0.000131761 -0.0899978 
0.0121989 0.00715864 -0 0.000244617 0.000153895 -0.0971036 
0.0124825 0.0070788 -0 0.000116569 -9.78271e-07 -0.0895627 
0.0125542 0.00752181 -0 7.6993e-05 -1.64728e-05 -0.0880323 
0.0122536 0.00663882 -0 0.000283854 0.000178997 -0.0840245 
0.0127299 0.00816983 -0 5.30049e-05 -8.1689e-05 -0.0958443 
0.0130196 0.00804564 -0 3.20808e-05 -4.05306e-05 -0.0935714 
0.0131156 0.008084 -0 0.000150354 4.97066e-05 -0.0941527 
0.0128771 0.00860596 -0 7.61657e-05 -3.48504e-05 -0.0947774 
0.0135056 0.00834659 -0 -4.4168e-05 -0.0001309 -0.0855947 
0.0132653 0.00823206 -0 0.000131604 8.82617e-05 -0.0849529 
0.0129991 0.00732699 -0 6.47145e-05 -4.25682e-05 -0.120559 
0.0133781 0.00725663 -0 -3.69949e-05 -6.9336e-05 -0.125739 
0.0128288 0.00676972 -0 0.000202203 0.000166166 -0.113285 
0.0128455 0.00777295 -0 0.000108917 8.05221e-05 -0.113679 
0.0133663 0.00774926 -0 -6.79942e-05 -0.000116665 -0.124975 
0.0128816 0.00743401 -0 0.000227805 0.0001551 -0.120559 
0.0129281 0.00832799 -0 0.000117323 7.0214e-05 -0.113854 
0.013148 0.00826299 -0 4.90511e-05 -3.02321e-05 -0.110911 
0.0128033 0.00804171 -0 0.000206895 0.000145598 -0.111034 
0.0131171 0.00687441 -0 5.31644e-05 5.2216e-06 -0.0908588 
0.0128989 0.00659627 -0 0.000128163 7.46022e-05 -0.085305 
0.0130624 0.00664392 -0 4.95182e-05 1.48922e-05 -0.0872347 
0.0136042 0.00766414 -0 7.00972e-05 -1.72773e-05 -0.0789822 
0.0135943 0.00775212 -0 0.000139761 9.73316e-05 -0.0893166 
0.0133638 0.00757089 -0 -3.6493e-05 -7.0286e-05 -0.0738195 
0.0136684 0.00742453 -0 3.71816e-06 -6.49884e-05 -0.0792868 
0.0131323 0.00552419 -0 0.000273841 0.000226041 -0.0509329 
0.0134797 0.00601834 -0 -7.50786e-05 -0.000103707 -0.0589875 
0.0139949 0.0060069 -0 -1.30044e-05 -8.56388e-05 -0.0494681 
0.0141145 0.00646189 -0 -2.19064e-05 -8.35201e-05 -0.0512348 
0.0134273 0.00686359 -0 0.000140335 4.73643e-05 -0.0480294 
0.0141138 0.00690016 -0 -0.000121018 -0.000178829 -0.0584157 
0.0139346 0.00647575 -0 -1.12661e-05 -0.000112389 -0.0506909 
0.0134929 0.00719091 -0 7.65174e-05 1.79289e-05 -0.0524147 
0.0137914 0.00593385 -0 -0.000105811 -0.0001162 -0.0338821 
0.0137655 0.00563353 -0 -3.36164e-05 -0.000139145 -0.0367589 
0.0135344 0.00590461 -0 -9.75403e-07 -1.6058e-05 -0.0376145 
0.0137891 0.00641486 -0 -7.99891e-05 -0.000125885 -0.0403239 
0.0136841 0.00576282 -0 -8.23082e-05 -0.000128408 -0.0312456 
0.0135203 0.0060904 -0 -3.72924e-07 -2.08323e-05 -0.0328978 
0.0137531 0.00639832 -0 -9.80626e-05 -0.000148484 -0.0382746 
0.0136741 0.00623623 -0 -4.60847e-05 -0.000129323 -0.0353679 
0.0134679 0.00651509 -0 -1.25908e-05 -4.45152e-06 -0.0368585 
0.0138556 0.00705475 -0 -0.000111855 -0.000191832 -0.0462096 
0.0137193 0.00630999 -0 -5.88711e-05 -0.000144357 -0.042181 
0.0135798 0.00643355 -0 -6.14589e-05 -8.38342e-05 -0.0371979 
0.013626 0.00665662 -0 5.58397e-06 -8.9097e-05 -0.0387488 
0.0136541 0.00653654 -0 -2.71525e-05 -0.000108848 -0.0446734 
0.0134904 0.00653762 -0 -1.80863e-05 -3.38827e-05 -0.036378 
0.0138341 0.00668317 -0 -0.000151509 -0.000249944 -0.0444774 
0.0137352 0.00666806 -0 -0.000163291 -0.000174012 -0.0489093 
0.0140045 0.00683141 -0 -0.000128654 -0.000102756 -0.0509878 
0.0138166 0.00647262 -0 0.000130089 0.000144122 -0.0464724 
0.0134062 0.00629488 -0 0.000147147 0.000129944 -0.0498159 
0.0137143 0.00573277 -0 4.32634e-05 7.48199e-05 -0.0748044 
0.0136971 0.00556049 -0 0.000110005 0.00011223 -0.0761891 
0.0134583 0.00595602 -0 0.00021774 0.000183524 -0.0737206 
0.0136993 0.00602263 -0 2.10048e-05 6.52277e-05 -0.0740734 
0.0136735 0.00617087 -0 0.00013599 0.000105409 -0.082661 
0.0136444 0.0066154 -0 0.000141597 0.000116484 -0.0891352 
0.0136262 0.00661263 -0 0.000159102 0.00013023 -0.0790918 
0.013724 0.00661701 -0 5.12839e-06 3.74918e-05 -0.0846704 
0.0136372 0.00672439 -0 0.000166679 0.000128678 -0.0793307 
0.0137249 0.00657856 -0 0.000127986 9.61071e-05 -0.0734827 
0.0137038 0.0065445 -0 3.65846e-05 6.77167e-05 -0.0818853 
0.0138005 0.00559321 -0 9.23099e-05 4.11894e-05 -0.11247 
0.0135595 0.0056878 -0 0.000178304 0.00017418 -0.112812 
0.0137621 0.00581959 -0 6.73441e-07 -4.00945e-06 -0.120558 
0.0133418 0.0057663 -0 0.000293107 0.000242804 -0.114462 
0.0137256 0.0058423 -0 2.68984e-05 6.29381e-06 -0.11216 
0.0132524 0.00595611 -0 0.000215303 0.000222885 -0.11441 
0.0136013 0.00552312 -0 9.30803e-05 5.91252e-05 -0.106673 
0.0136242 0.00596327 -0 0.000105112 5.81487e-05 -0.101563 
0.0134568 0.00521162 -0 0.000140895 0.000132388 -0.102478 
0.0138314 0.00435063 -0 3.59061e-05 -7.18559e-06 -0.0815711 
0.0134811 0.00424111 -0 0.000291123 0.000217028 -0.0796059 
0.0138912 0.00444531 -0 -2.07868e-05 -7.23664e-06 -0.0871376 
0.0141143 0.0315109 -0 7.04087e-05 1.20876e-05 -0.748548 
0.0136734 0.00499097 -0 0.000331518 0.000270937 -0.0840514 
0.0132481 0.00463682 -0 0.000231633 3.70568e-05 -0.0769568 
0.0126634 0.00383806 -0 -0.000139896 -0.000220666 -0.0916744 
0.0149301 0.00546902 -0 -0.000318696 -0.000884125 -0.0850717 
0.0117248 0.003674 -0 0.000115672 0.000435626 -0.0722065 
0.0132551 0.00100619 -0 -0.000832314 -0.000532903 -0.0530744 
0.0141851 0.00287792 -0 -0.000592265 -0.000676989 -0.0764253 
0.0120791 0.00185269 -0 0.000127922 0.000388019 -0.0504138 
0.0135453 0.00106171 -0 -0.000624401 -0.000334705 -0.0534449 
0.0138325 0.00144598 -0 -0.000303078 -0.000210142 -0.057939 
0.0130041 0.00132009 -0 0.000307371 0.000280922 -0.0733306 
0.0141907 0.0015547 -0 -0.000175656 -0.000223278 -0.0226448 
0.0140174 0.00254202 -0 -5.76602e-05 -4.77897e-05 -0.0553522 
0.0135199 0.00199494 -0 0.000133975 0.000144594 -0.0485476 
0.0139069 0.00351173 -0 -0.000141221 -3.99384e-05 -0.0250204 
0.0139083 0.00340042 -0 0.000218636 9.78654e-06 -0.027482 
0.0142651 0.00393283 -0 5.64883e-06 -5.39426e-05 -0.0276853 
0.0144424 0.00463423 -0 1.58682e-05 -4.45359e-05 -0.0315475 
0.0138109 0.00453794 -0 0.000400452 0.000269821 -0.0320938 
0.0143943 0.00482807 -0 0.000170409 8.68053e-05 -0.0276728 
0.0142946 0.00438935 -0 0.000301823 0.000171238 -0.023705 
0.0140365 0.00433964 -0 0.00040759 0.000295098 -0.0281456 
0.0145188 0.00569469 -0 0.000224302 0.000100503 -0.0261255 
0.0142869 0.00537765 -0 0.000341771 0.000199298 -0.0286408 
0.0142926 0.00554743 -0 0.000254792 0.000166615 -0.0226386 
0.0144156 0.0055975 -0 0.000334332 0.00018164 -0.0205585 
0.0143552 0.00516835 -0 0.000349608 0.000197468 -0.0210312 
0.0143538 0.00559697 -0 0.000360888 0.000221428 -0.030063 
0.0143176 0.00542709 -0 0.000441732 0.000241466 -0.0266028 
0.0143006 0.00570837 -0 0.000344079 0.000220368 -0.0283495 
0.0145512 0.00572285 -0 0.000230354 0.000134021 -0.0311209 
0.0143234 0.00569934 -0 0.00048599 0.000291486 -0.0327442 
0.0144589 0.00569674 -0 0.000224086 0.000144529 -0.0304083 
0.0144941 0.00548887 -0 0.000282224 0.000186075 -0.0302283 
0.0143436 0.00551292 -0 0.000461451 0.000274434 -0.0696215 
0.014478 0.00581673 -0 0.000195879 0.000145492 -0.0728706 
0.0143044 0.00527582 -0 0.0004341 0.000276043 -0.0641893 
0.0143505 0.0050658 -0 0.000344392 0.000211385 -0.0704816 
0.0146672 0.00515503 -0 0.000305468 0.000153588 -0.070555 
0.0145683 0.00498667 -0 0.000328811 0.000214172 -0.0682384 
0.014532 0.00534466 -0 0.000262908 0.00016815 -0.0743668 
0.0146656 0.00499293 -0 0.000279578 0.000158825 -0.0681876 
0.0145715 0.00510952 -0 0.000319514 0.00019445 -0.0701648 
0.0144657 0.00555083 -0 0.000308671 0.000214744 -0.0704017 
0.0146449 0.00523657 -0 0.000250331 0.00015595 -0.0805356 
0.0146084 0.00559089 -0 0.000228257 0.000136764 -0.195794 
0.0145313 0.00580475 -0 0.00030912 0.00019397 -0.20763 
0.0143303 0.00543156 -0 0.000313752 0.000130026 -0.196039 
0.0135634 0.00472927 -0 0.000209948 0.000172146 -0.196189 
0.0135051 0.00445327 -0 0.000355348 0.0002074 -0.19534 
0.0135852 0.00459918 -0 0.000186838 4.34588e-05 -0.19627 
0.0132798 0.00387338 -0 0.000222557 0.000126689 -0.183302 
0.0133259 0.00364092 -0 0.000402166 0.00017469 -0.190476 
0.0134216 0.00191662 -0 0.000144901 2.7105e-05 -0.18251 
0.0131405 0.00127262 -0 0.000413492 0.000221457 -0.172383 
0.0133796 0.00129801 -0 0.000401509 0.000167498 -0.174287 
0.0136954 0.0014939 -0 0.000117068 -4.91141e-05 -0.178594 
0.0133994 0.000857055 -0 0.000391604 0.000191214 -0.17728 
0.0136431 0.00142837 -0 0.00026532 6.78326e-05 -0.16961 
0.0138686 0.00146627 -0 0.000117642 -7.36645e-05 -0.161621 
0.0134683 0.00133511 -0 0.000437226 0.000219658 -0.169398 
0.0139441 0.00170946 -0 0.000145668 -3.04482e-05 -0.154783 
0.0146434 0.00185671 -0 8.02218e-05 -0.000162409 -0.160675 
0.0148807 0.00125885 -0 0.000292875 9.14474e-05 -0.129703 
0.0144687 0.00153136 -0 0.000414877 0.000162161 -0.119861 
0.0149361 0.00126377 -0 7.0145e-05 -0.000186588 -0.124173 
0.0148364 8.49366e-05 -0 0.000320209 0.000104528 -0.0707953 
0.0144482 0.00025472 -0 0.000552085 0.00033792 -0.0785135 
0.0152784 0.00197411 -0 0.000361292 0.00015878 -0.127054 
0.0148496 0.00197965 -0 0.000466028 0.000168482 -0.116512 
0.0145633 0.00163427 -0 0.000551627 0.000317625 -0.0664347 
0.0152278 0.0020754 -0 0.000258406 7.6145e-06 -0.0773072 
0.0149269 0.00201219 -0 0.000501214 0.000214091 -0.0757115 
0.0151475 0.00272807 -0 0.000504256 0.000193034 -0.0779468 
0.0148385 0.00248346 -0 0.000275265 0.000102241 -0.0706081 
0.0148661 0.00257179 -0 0.000486743 0.000193401 -0.0744764 
0.0147493 0.00322589 -0 0.000517735 0.000261043 -0.0684319 
0.0153576 0.00335079 -0 0.000229855 3.2752e-05 -0.0682472 
0.0154297 0.00259566 -0 0.000398025 0.000243606 -0.0673376 
0.0151098 0.0032832 -0 0.000325822 0.000133027 -0.0728829 
0.0152677 0.00273791 -0 0.000322476 0.000162595 -0.0579841 
0.0152923 0.00210205 -0 0.000401168 0.000181315 -0.0436225 
0.0152223 0.00237438 -0 0.000216484 0.000108027 -0.0481893 
0.0155296 0.00250751 -0 0.000364998 0.000166775 -0.0512289 
0.0155808 0.00279942 -0 0.000338155 0.000157544 -0.0525315 
0.0153465 0.0027194 -0 0.00032836 0.000166711 -0.0467573 
0.0155963 0.00235704 -0 0.000245535 9.66416e-05 -0.0532379 
0.015484 0.00338781 -0 0.000370186 0.000137924 -0.0507823 
0.0155219 0.0031313 -0 0.000250677 8.42387e-05 -0.0531847 
0.0156085 0.00309268 -0 0.000207754 5.72254e-05 -0.0715956 
0.0154778 0.00306156 -0 0.000344198 0.000124903 -0.0726369 
0.0155956 0.0032292 -0 0.000186042 2.03501e-05 -0.0777339 
0.0154052 0.0033347 -0 0.000223592 2.53662e-05 -0.0789086 
0.0154585 0.00325343 -0 0.000211218 1.04196e-05 -0.0754131 
0.0150805 0.00346971 -0 0.000273105 0.000109121 -0.0790989 
0.0152012 0.0033676 -0 0.000274595 2.56554e-05 -0.0817227 
0.015464 0.00292459 -0 5.68571e-05 -7.28097e-05 -0.081956 
0.0149628 0.00302446 -0 0.000386472 0.000151271 -0.0828118 
0.015327 0.00229463 -0 0.000261041 -4.21769e-05 -0.0796038 
0.0152101 0.00225994 -0 0.000128957 1.66947e-05 -0.0812847 
0.0151749 0.00244018 -0 0.000323155 3.14043e-05 -0.15391 
0.0152923 0.00255159 -0 0.000290725 -4.30516e-05 -0.162071 
0.0148598 0.00220513 -0 0.00011797 2.41606e-05 -0.160585 
0.0145016 0.00233737 -0 0.000420807 7.55857e-05 -0.166025 
0.0149406 0.00225887 -0 4.37869e-05 -0.000166747 -0.162874 
0.0141833 0.00215292 -0 0.000350527 0.000122484 -0.159357 
0.0144355 0.00175345 -0 0.000156769 -0.000107066 -0.160006 
0.014222 0.00226817 -0 0.000262893 -3.05422e-05 -0.159805 
0.0140691 0.00176632 -0 0.000269405 -4.90529e-06 -0.154103 
0.0139078 0.0020332 -0 0.000254584 -5.825e-06 -0.154881 
0.0137519 0.00177214 -0 0.000274914 6.19053e-06 -0.149928 
0.0138457 0.00189543 -0 0.000226842 -6.92169e-05 -0.151953 
0.0136485 0.000649095 -0 0.000295789 3.1313e-06 -0.115964 
0.0137801 0.000670195 -0 8.18801e-05 -0.000125327 -0.117526 
0.0135387 0.000518292 -0 0.000351862 4.18128e-05 -0.118908 
0.0136825 0.000519991 -0 0.000139596 -1.95299e-05 -0.122415 
0.0138307 0.000642568 -0 8.27764e-05 -0.000114214 -0.110794 
0.013536 0.00023362 -0 0.000493035 0.000134858 -0.104451 
0.0141789 0.00087896 -0 -7.58765e-05 -0.000178999 -0.11372 
0.0138699 0.000501037 -0 0.000306794 1.03641e-05 -0.111805 
0.0139362 6.54459e-05 -0 0.000326538 4.21028e-05 -0.10558 
0.0145277 0.000963897 -0 -3.87786e-05 -0.0002385 -0.110256 
0.0140845 0.000318825 -0 0.000426307 7.16477e-05 -0.107707 
0.014412 0.000701487 -0 0.000147745 -7.54811e-05 -0.109898 
0.014564 0.000581235 -0 0.000114426 -0.000200418 -0.10824 
0.0143169 3.317e-05 -0 0.000350627 3.66126e-05 -0.102992 
0.0147956 0.000378281 -0 9.40891e-05 -0.000210318 -0.111129 
0.0144718 0.000219941 -0 0.000148519 -0.000141598 -0.114476 
0.014007 0.000396073 -0 0.000428234 2.1786e-05 -0.104616 
0.0144671 0.00075826 -0 3.00803e-05 -0.000289703 -0.102495 
0.014107 0.000699788 -0 0.000219831 -0.00012053 -0.111931 
0.0141399 0.000569165 -0 0.000248016 -0.000133127 -0.103415 
0.0144439 0.000550389 -0 2.38973e-05 -0.000276845 -0.079256 
0.0142751 0.000235945 -0 0.000322336 -0.000132454 -0.0814025 
0.0145041 0.000774533 -0 0.000183617 -0.000163954 -0.083982 
0.0145027 0.000362009 -0 0.000112903 -0.000199995 -0.0684414 
0.0143901 0.000262856 -0 0.000212724 -0.000133484 -0.0787888 
0.0147346 0.000984281 -0 4.56552e-05 -0.000219637 -0.0851538 
0.0144253 0.000905514 -0 0.000205979 -8.04895e-05 -0.0793571 
0.0144078 0.00071007 -0 7.47333e-05 -0.000181006 -0.0818531 
0.0144972 0.000831932 -0 7.34398e-05 -0.000238716 -0.0855304 
0.0143031 0.000763267 -0 0.000174041 -0.000186886 -0.0813961 
0.0143167 0.000725001 -0 0.000123492 -0.000226771 -0.0762161 
0.0143294 0.000524819 -0 0.000210604 -0.000253378 -0.072346 
0.0143391 0.000452042 -0 4.0949e-05 -0.00029789 -0.0705551 
0.0142305 0.00029406 -0 0.000152963 -0.000294035 -0.0661779 
0.0142479 0.000175238 -0 0.000110316 -0.000347969 -0.0638368 
0.0142388 0.000614315 -0 -3.91738e-05 -0.000355369 -0.0807856 
0.0138393 0.000253022 -0 0.000197815 -0.000274929 -0.0682803 
0.0135106 0.000519812 -0 0.000185158 -0.000210741 -0.0688901 
0.0132984 0.000667602 -0 -8.61668e-05 -0.000256993 -0.0708521 
0.0128726 0.000643373 -0 0.000201702 -0.000124137 -0.0738296 
0.0128989 0.000596792 -0 0.000190346 -0.000204619 -0.0703237 
0.0129472 0.000209123 -0 -6.93513e-05 -0.00022718 -0.077839 
0.0125808 -0.000158519 -0 0.00033281 -2.55077e-05 -0.0739159 
0.012966 0.00044927 -0 0.000100531 -0.000184744 -0.0773817 
0.0131881 -0 -0 8.98213e-05 -0.000176467 -0.088392 
0.0130373 3.04878e-05 -0 0.000395086 -2.42391e-05 -0.0824536 
0.0135051 -4.10378e-05 -0 -4.99484e-05 -0.000273951 -0.0809633 
0.0132628 -0.000300318 -0 0.000366159 -3.82821e-05 -0.0803094 
0.0136755 -0.000236124 -0 0.000200392 -0.00013169 -0.0919125 
0.0137789 -0.000639796 -0 3.08536e-05 -0.0002169 -0.0827354 
0.0137147 -0.000725895 -0 0.000245728 -9.27293e-05 -0.0849219 
0.0138284 -0.000185698 -0 0.000221421 -0.000128097 -0.0904355 
0.0142012 -0.000481635 -0 5.22348e-05 -0.000250815 -0.0879467 
0.0141075 -0.0010981 -0 0.000180144 -0.000159446 -0.0824071 
0.0141613 -0.000760853 -0 0.000182678 -0.000159142 -0.0856111 
0.014441 -0.000937521 -0 4.56002e-05 -0.000272797 -0.0913043 
0.0143048 -0.000453025 -0 0.000207234 -0.000186231 -0.129728 
0.0145485 -0.000434875 -0 2.68169e-06 -0.000314839 -0.128613 
0.0140228 -0.000640512 -0 0.000215238 -0.00016779 -0.123103 
0.0141665 -0.00099045 -0 -5.6268e-06 -0.000272682 -0.124641 
0.0140126 -0.000860542 -0 7.90548e-05 -0.000254362 -0.122491 
0.0137574 -0.000737429 -0 8.06223e-05 -0.000236623 -0.132175 
0.0142204 -0.000986516 -0 -7.54872e-05 -0.000286372 -0.128903 
0.0144432 -0.00131911 -0 0.000113576 -0.000285245 -0.130619 
0.0135475 -0.000779808 -0 5.79746e-05 -0.000257559 -0.129778 
0.0139734 -0.00105527 -0 -7.19443e-06 -0.000268858 -0.131066 
0.0136033 -0.00103515 -0 0.000100317 -0.000231016 -0.119209 
0.0132473 -0.000755757 -0 1.65234e-05 -0.000227665 -0.134382 
0.0135178 -0.00104392 -0 0.000129615 -0.000198552 -0.133039 
0.0132616 -0.000639796 -0 4.97206e-05 -0.000234544 -0.127727 
0.0132068 -0.00110793 -0 -1.00507e-05 -0.000261521 -0.125783 
0.0133733 -0.00112063 -0 0.000123239 -0.000203649 -0.113322 
0.0130395 -3.67463e-05 -0 8.82003e-05 -0.000209764 -0.156222 
0.0131332 -0.000496209 -0 2.23003e-05 -0.00025086 -0.166378 
0.0129917 0.000130266 -0 0.000125443 -0.000176433 -0.165883 
0.0128977 -0.000309706 -0 -1.55193e-05 -0.000252786 -0.160645 
0.0131959 -0.00117311 -0 6.34612e-05 -0.000276726 -0.167918 
0.0130053 -0.00115094 -0 0.000184172 -0.000169005 -0.154419 
0.0133429 -0.00107637 -0 -0.000108091 -0.00035098 -0.163501 
0.0132882 -0.00182649 -0 0.000219287 -0.000208252 -0.159057 
0.0131922 -0.00168434 -0 6.42293e-05 -0.000301108 -0.155413 
0.0131215 -0.0022637 -0 -4.63147e-05 -0.000328874 -0.149903 
0.013146 -0.00270537 -0 0.000199198 -0.000220924 -0.155142 
0.0131788 -0.00204813 -0 -3.74332e-06 -0.000387985 -0.147186 
0.0129738 -0.00284028 -0 -1.82301e-06 -0.000280515 -0.151057 
0.0129413 -0.00244769 -0 0.000202043 -0.00022084 -0.149518 
0.0130958 -0.0018163 -0 -0.000160342 -0.000432529 -0.146322 
0.01265 -0.00211617 -0 1.80087e-05 -0.000229101 -0.15323 
0.0126826 -0.00235283 -0 6.40155e-05 -0.00018736 -0.153457 
0.0129377 -0.00182819 -0 -0.00018518 -0.000465766 -0.14111 
0.0130334 -0.00221604 -0 -7.87525e-05 -0.000307122 -0.146539 
0.0134366 -0.0018898 -0 9.91563e-06 -0.00037732 -0.14249 
0.0126321 -0.0014517 -0 -0.000112377 -0.000354533 -0.13714 
0.0130768 -0.00240397 -0 1.98025e-05 -0.000352634 -0.134055 
0.0129992 -0.00230545 -0 -4.09762e-05 -0.000382283 -0.141827 
0.0124673 -0.00251314 -0 6.77218e-05 -0.000291324 -0.138356 
0.0130441 -0.00346085 -0 -0.000140662 -0.000449992 -0.127708 
0.0126119 -0.00266317 -0 4.88977e-05 -0.000343343 -0.137046 
0.0123762 -0.00369903 -0 5.74181e-05 -0.000245145 -0.113975 
0.0125865 -0.00354633 -0 -0.000111901 -0.000359291 -0.115658 
0.012493 -0.00343162 -0 -4.49339e-05 -0.000356599 -0.112169 
0.012448 -0.0036808 -0 4.56513e-05 -0.0003146 -0.107131 
0.012436 -0.00339049 -0 1.19223e-05 -0.000357322 -0.1093 
0.0125746 -0.00347525 -0 -8.44222e-05 -0.000438838 -0.107424 
0.01239 -0.00260782 -0 0.000104364 -0.000289953 -0.107411 
0.0129572 -0.00282124 -0 -0.000124049 -0.000428744 -0.10598 
0.0128369 -0.00304914 -0 0.000188727 -0.000248295 -0.102655 
0.0120084 -0.00283679 -0 0.000249465 -0.000169565 -0.105104 
0.0127607 -0.00342062 -0 -1.83687e-05 -0.000390653 -0.0977112 
0.0123155 -0.00323805 -0 0.000151002 -0.000232118 -0.100755 
0.0120102 -0.00329563 -0 0.00011204 -0.000247406 -0.0914958 
0.0125452 -0.00333524 -0 -2.11319e-05 -0.000359644 -0.102828 
0.0121243 -0.00357145 -0 0.000228546 -0.000241651 -0.101904 
0.0122268 -0.00383762 -0 7.49552e-05 -0.000297708 -0.0829205 
0.0124531 -0.0040057 -0 -1.08968e-05 -0.000373928 -0.0735147 
0.012194 -0.00383171 -0 9.2984e-05 -0.000314975 -0.0773497 
0.0122064 -0.00391451 -0 1.86429e-05 -0.000304576 -0.0759219 
0.0122729 -0.00404549 -0 2.73976e-05 -0.000383359 -0.0766771 
0.0120143 -0.00379819 -0 0.00012173 -0.000254982 -0.0814293 
0.0124905 -0.00411746 -0 3.52006e-05 -0.000297016 -0.0805088 
0.0125338 -0.00425729 -0 0.000133092 -0.000260056 -0.0773117 
0.0120145 -0.00419793 -0 5.10161e-05 -0.000245254 -0.070482 
0.0123371 -0.00412443 -0 9.72352e-05 -0.000259545 -0.0760255 
0.0118477 -0.00362197 -0 0.000180881 -0.000173824 -0.0792636 
0.0119829 -0.00399014 -0 -1.32793e-05 -0.00028335 -0.0743731 
0.0120952 -0.00344512 -0 0.000108764 -0.000284846 -0.0757794 
0.0116056 -0.00331011 -0 0.00020201 -0.000142283 -0.0681929 
0.0119137 -0.00310716 -0 0.000148136 -0.000247772 -0.0726741 
0.0118602 -0.00249866 -0 0.000166447 -0.00023639 -0.0697144 
0.0116174 -0.00257725 -0 0.000186915 -0.000202932 -0.0671633 
0.0118511 -0.00293604 -0 0.000135512 -0.000249814 -0.0665076 
0.0116751 -0.00260004 -0 0.000243149 -0.000217655 -0.0589263 
0.0114264 -0.00260711 -0 0.000140601 -0.000164373 -0.0591191 
0.0115979 -0.00315034 -0 0.000200754 -0.000239703 -0.0695093 
0.0114909 -0.00284824 -0 0.000229973 -0.000142768 -0.066456 
0.0113797 -0.0031127 -0 0.000160192 -0.000172177 -0.0674718 
0.0114414 -0.00355303 -0 0.000259266 -0.00015754 -0.0724781 
0.0115147 -0.0036529 -0 0.000198364 -0.000136549 -0.0703946 
0.0112651 -0.00390977 -0 0.000249272 -7.17971e-05 -0.063915 
0.0115512 -0.00425711 -0 0.00021416 -0.00019282 -0.0657985 
0.0113672 -0.00389904 -0 0.000253199 -8.77798e-05 -0.0664958 
0.0115185 -0.00414455 -0 0.000129366 -0.000172212 -0.070933 
0.0115224 -0.00460017 -0 0.000228746 -0.000134204 -0.0655973 
0.0115151 -0.00321114 -0 0.000210022 -0.000145701 -0.0860702 
0.0115398 -0.00383422 -0 7.73754e-05 -0.000198375 -0.0837664 
0.0112928 -0.00345218 -0 0.000339906 -3.33168e-05 -0.0912348 
0.0113255 -0.0033187 -0 0.000190736 -0.000135491 -0.0894349 
0.0114368 -0.00353882 -0 7.78863e-05 -0.000182385 -0.0904351 
0.0109822 -0.00356305 -0 0.000394062 4.45751e-05 -0.08367 
0.0109785 -0.00359479 -0 0.000165995 -2.01434e-05 -0.0857278 
0.0109254 -0.00386676 -0 0.000143968 -7.41656e-05 -0.0895558 
0.0106142 -0.0038006 -0 0.000320622 0.000143775 -0.0885062 
0.0108114 -0.00378406 -0 0.000231847 3.02152e-05 -0.083667 
0.010965 -0.00446212 -0 0.000309782 4.30391e-05 -0.0813549 
0.0115203 -0.0043821 -0 0.000268544 0.000101889 -0.086611 
0.0115732 -0.00419945 -0 0.000515732 0.000206447 -0.088172 
0.0114715 -0.00428224 -0 0.00025886 3.4264e-05 -0.0866383 
0.0118639 -0.00435171 -0 0.000350104 0.000156912 -0.0780536 
0.0117041 -0.00413749 -0 0.000560373 0.000184116 -0.0850573 
0.0119473 -0.00363591 -0 0.000153421 1.02139e-05 -0.11133 
0.0119551 -0.00372389 -0 0.000585243 0.000213176 -0.108905 
0.0119151 -0.00365943 -0 0.000394205 0.000135372 -0.103748 
0.012086 -0.00429976 -0 0.000364486 0.000115108 -0.11109 
0.0121556 -0.00436369 -0 0.000571193 0.000165126 -0.106996 
0.0121919 -0.00448823 -0 0.000288449 5.3619e-05 -0.108043 
0.0122382 -0.00538927 -0 0.000405665 0.000127219 -0.112196 
0.0123146 -0.00547814 -0 0.000530154 0.000148569 -0.109215 
0.0123248 -0.00602344 -0 0.00021165 1.77085e-05 -0.106851 
0.0123534 -0.00632331 -0 0.000424664 0.00010678 -0.107157 
0.0126273 -0.00584856 -0 0.000316536 -1.83551e-05 -0.098656 
0.012208 -0.00575933 -0 0.000414505 0.000102204 -0.098834 
0.0126504 -0.00654039 -0 0.000319168 1.10926e-05 -0.109076 
0.0127264 -0.00506186 -0 0.000242758 -3.13156e-05 -0.107899 
0.0127859 -0.00539804 -0 0.000351957 1.93821e-05 -0.115312 
0.013047 -0.00545776 -0 0.000225988 1.04006e-05 -0.107465 
0.0127383 -0.0045653 -0 0.000338435 8.7357e-05 -0.106019 
0.0140651 -0.00567734 -0 0.000266947 -0.000153534 -0.117838 
0.0136083 -0.00542799 -0 0.000249522 -8.46301e-05 -0.112227 
0.0141134 -0.00668558 -0 -0.000108777 -0.000484723 -0.112594 
0.0141134 -0.00668558 -0 -0.000108777 -0.000484723 -0.112594 
