0.303461 -0.215151 0.352104 0.0884334 0.0630607 0.0404513 
0.453078 -0.211394 0.362159 0.0852348 0.114178 0.0401449 
0.443719 -0.208311 0.361038 0.0843641 0.111507 0.0400677 
-0.788208 0.392723 0.365284 -0.0800145 -0.289109 0.0393051 
0.0426225 -0.293253 0.233603 0.0991255 0.017814 -0.0107801 
0.282133 -0.401101 0.240685 0.146099 0.0603721 0.026264 
0.275021 -0.397657 0.239436 0.145127 0.0583429 0.0262072 
-0.319346 -0.19388 0.554353 0.0694648 -0.115889 0.00295531 
0.42434 -0.117971 -0.0417544 0.0535688 0.131301 0.000500994 
0.41741 -0.116295 -0.0423575 0.0530956 0.129323 0.000442885 
0.191585 -0.25525 0.459714 0.0882582 0.0424875 0.00147379 
-0.460341 -0.0827881 0.332903 0.0270256 -0.158641 0.0165132 
0.105718 -0.251342 0.0545993 0.0962013 0.0250125 -0.00938686 
0.266914 -0.299937 0.011872 0.107395 0.0458264 0.0318796 
-0.561777 -0.139079 0.194109 0.0595823 -0.177097 -0.0286934 
0.149265 -0.191985 0.0702057 0.0740867 0.0119526 0.0355087 
0.12025 -0.285168 0.0797445 0.101305 0.0435975 -0.0297906 
0.494338 -0.221357 0.262437 0.0768789 0.115039 0.0382083 
-0.173284 -0.135334 0.0258888 0.0474986 -0.0325644 -0.0306412 
0.446562 -0.266051 -0.0469717 0.089556 0.0935599 0.0500182 
0.422328 -0.262608 -0.0176247 0.0908456 0.130999 -0.0304894 
0.135524 -0.283082 0.030393 0.0956717 -0.0129639 0.0519837 
0.020632 -0.363252 -0.101313 0.115158 0.0193759 -0.0336491 
0.206128 -0.197899 0.119836 0.069304 0.0276517 0.0365059 
0.0122453 -0.359553 -0.181015 0.116735 0.0052126 -0.0216583 
0.638683 -0.309111 0.127013 0.104019 0.176334 0.0306056 
-0.169554 -0.0932677 -0.0645134 0.0320915 -0.0445956 -0.0132647 
0.624236 -0.0964619 -0.212936 0.0428041 0.188579 0.0186439 
0.619516 -0.095572 -0.213257 0.0425528 0.187232 0.0186039 
0.136393 -0.228591 0.0938269 0.0847626 0.0454371 0.00926862 
0.204372 -0.268853 -0.173861 0.0844281 0.0702032 0.0147249 
0.462311 -0.313602 -0.115417 0.106748 0.161699 -0.00353509 
0.182744 -0.310473 -0.191403 0.0994958 0.0536119 0.0161486 
0.249558 -0.362193 -0.0960468 0.117506 0.105173 -0.0166536 
0.545905 -0.412725 -0.105159 0.135851 0.166856 0.0394489 
0.147018 -0.347127 -0.186891 0.120277 0.0831656 -0.0257844 
0.605542 -0.296546 -0.151854 0.103831 0.167158 0.055425 
0.0802343 -0.430625 -0.103025 0.140649 0.0649123 -0.0284638 
0.541893 -0.409895 -0.125019 0.140045 0.161748 0.0595775 
0.195407 -0.400151 -0.232828 0.142689 0.0877847 -0.0291249 
0.472685 -0.2626 -0.025042 0.104185 0.142343 0.0439222 
0.069183 -0.408693 -0.216742 0.15393 0.0643997 -0.0308489 
0.547473 -0.407635 -0.133306 0.160058 0.166075 0.0348641 
0.0764297 -0.497593 -0.0735442 0.184001 0.0566444 -0.0161897 
0.491684 -0.660084 0.0255016 0.251898 0.158823 0.0309337 
0.111979 -0.545943 -0.223947 0.219141 0.0552484 -0.000992909 
0.344947 -0.73198 -0.0930446 0.290273 0.113623 0.00974192 
0.196973 -0.694309 -0.0658445 0.285902 0.0717902 0.000699868 
0.102921 -0.747599 -0.0997801 0.318261 0.0536192 -0.0110809 
0.280792 -0.748019 -0.0314033 0.309075 0.0851828 0.0239785 
0.244802 -0.785394 -0.0792511 0.340408 0.0892132 -0.00576363 
0.415429 -0.877235 -0.0491744 0.370923 0.12712 0.0368754 
0.165142 -0.960209 -0.0218083 0.397703 0.0736645 -0.0241849 
0.551918 -0.921582 0.079338 0.383113 0.156396 0.0409698 
0.0349598 -0.87782 0.00537269 0.383003 0.0514868 -0.0287652 
0.447323 -0.774999 0.0518582 0.340082 0.129813 0.0401061 
0.0999173 -0.95998 0.00664872 0.396159 0.0537359 -0.0244073 
0.180533 -0.976048 0.0623957 0.402819 0.0648163 0.00358966 
0.0842393 -0.750747 0.0027429 0.324807 0.0475493 -0.0279964 
0.446119 -0.897062 0.0317713 0.365308 0.132846 0.0374895 
0.280351 -0.712605 -0.00652874 0.29546 0.112336 -0.0130619 
0.530482 -0.700546 -0.0892643 0.287678 0.163062 0.0355635 
0.234415 -0.615255 -0.143115 0.259836 0.0929262 -0.0051245 
0.521145 -0.729092 -0.0785678 0.305042 0.172551 0.0293278 
0.291059 -0.509237 -0.346936 0.196662 0.12557 0.00107246 
0.368618 -0.491354 -0.0840746 0.182208 0.135368 0.00743727 
0.323849 -0.355818 -0.178689 0.130523 0.130408 0.0182513 
0.327691 -0.47768 -0.0810988 0.17369 0.131474 -0.00105977 
0.466922 -0.35275 -0.213141 0.135379 0.158244 0.0336999 
0.161455 -0.439279 -0.236142 0.166873 0.0891174 -0.0110523 
0.45554 -0.360802 -0.0943515 0.150348 0.145158 0.0435591 
0.107088 -0.506545 -0.283646 0.186517 0.0836021 -0.0250028 
0.505642 -0.384731 -0.340316 0.152154 0.161616 0.0556239 
0.216516 -0.401657 -0.244042 0.152536 0.110344 -0.0209563 
0.57089 -0.507242 -0.339359 0.181575 0.176337 0.0513882 
0.180693 -0.389925 -0.278773 0.153287 0.092566 -0.0217595 
0.319734 -0.414758 -0.279047 0.156205 0.119287 0.0228481 
0.563798 -0.250905 -0.238659 0.109794 0.174567 0.0382397 
0.561261 -0.250799 -0.238697 0.109764 0.173842 0.0382176 
0.159659 -0.40931 -0.20134 0.139554 0.0989002 -0.0224041 
0.627847 -0.442569 -0.305255 0.158552 0.189454 0.0363706 
0.366658 -0.472413 -0.363615 0.159344 0.131161 0.00275883 
0.33009 -0.348762 -0.234879 0.13915 0.110905 0.0269269 
0.119114 -0.265314 -0.422963 0.095287 0.048962 0.00461026 
-0.104188 -0.386897 -0.162349 0.142503 -0.00672328 0.0047914 
0.146597 -0.331272 -0.421382 0.116288 0.0425988 0.018545 
0.0730453 -0.286776 -0.383579 0.116768 0.0534305 -0.00970583 
0.135238 -0.285028 -0.224204 0.107115 0.0483491 0.0256658 
0.0245205 -0.372275 -0.300284 0.141563 0.0400952 -0.0123776 
0.521193 -0.484535 -0.373381 0.155744 0.157665 0.04026 
0.46433 -0.318665 -0.353224 0.114406 0.122142 0.0540609 
0.463549 -0.318932 -0.353127 0.114482 0.121919 0.0540536 
-0.0189742 -0.424751 -0.473986 0.153728 0.0258194 -0.0309989 
-0.0526804 -0.217221 -0.352497 0.0985971 -0.0129503 0.0367062 
0.132636 -0.379947 -0.345554 0.136317 0.0824895 -0.0288749 
0.618652 -0.40288 -0.362989 0.151513 0.187431 0.0418647 
0.0709868 -0.337545 -0.382262 0.121874 0.0539243 -0.0188687 
0.507658 -0.324444 -0.238301 0.11057 0.142606 0.0347581 
-0.0165742 -0.398554 -0.457507 0.149181 0.0135689 -0.00790195 
0.349703 -0.38729 -0.223617 0.140162 0.103718 0.025201 
0.238679 -0.368886 -0.451332 0.136867 0.0866423 -0.000412889 
0.265451 -0.308099 -0.119619 0.126897 0.0932138 0.0021586 
-0.0511772 -0.296261 -0.391985 0.119944 0.0202978 -0.0301116 
0.215916 -0.368766 -0.35648 0.133411 0.0839806 -0.00367034 
0.249473 -0.329765 -0.147504 0.111169 0.0762429 0.026862 
0.233225 -0.346546 -0.379613 0.13252 0.0843514 -0.00962094 
0.390135 -0.287043 -0.215443 0.0988531 0.0989388 0.045952 
-0.0160985 -0.353233 -0.303986 0.133279 0.0111144 -0.020902 
0.122 -0.268372 -0.321089 0.114377 0.0405902 0.0389452 
-0.242422 -0.379175 -0.29586 0.149263 -0.0353081 -0.0372558 
0.28835 -0.253827 -0.293628 0.114264 0.0853123 0.0367909 
0.475404 -0.321452 -0.1922 0.113039 0.128227 0.047403 
0.472181 -0.320425 -0.192573 0.11275 0.127307 0.0473764 
-0.0144281 -0.321398 -0.330766 0.128343 0.024531 -0.0180476 
0.279209 -0.381379 -0.301493 0.14838 0.0841176 0.023692 
0.0511591 -0.391649 -0.378145 0.153667 0.0423126 -0.0122447 
0.121583 -0.375766 -0.311058 0.155511 0.0451594 0.0167001 
0.188738 -0.360682 -0.257852 0.138044 0.0709781 0.00337767 
0.207075 -0.423101 -0.241482 0.162615 0.0786573 0.00642986 
0.234592 -0.333757 -0.216425 0.13135 0.0784068 0.0177459 
0.247354 -0.45287 -0.208968 0.175014 0.0995266 0.00203102 
0.445909 -0.441806 -0.352766 0.173442 0.13543 0.0283237 
0.0708574 -0.50879 -0.276634 0.202916 0.05172 -0.0167874 
0.377402 -0.332943 -0.218679 0.129234 0.113981 0.0392721 
-0.0923062 -0.288944 -0.465916 0.127663 0.0119682 -0.028833 
0.380187 -0.447249 -0.179348 0.173052 0.114168 0.0328576 
0.00901661 -0.375683 -0.338794 0.140043 0.0429934 -0.029004 
0.0662131 -0.301658 -0.361031 0.118263 0.041285 -0.0115197 
0.334203 -0.199575 -0.337352 0.0820157 0.088381 0.0446158 
0.145615 -0.446749 -0.325695 0.167445 0.0614671 -0.0186227 
0.0623786 -0.416076 -0.256725 0.149394 0.043331 -0.0170367 
0.065538 -0.416945 -0.256408 0.149639 0.0442328 -0.0170103 
0.162554 -0.582184 -0.327337 0.214159 0.085313 -0.0125299 
0.172353 -0.263948 -0.277875 0.122548 0.0718994 0.00795445 
0.173736 -0.263887 -0.277897 0.122531 0.0722944 0.00796669 
0.195013 -0.376152 -0.357873 0.137414 0.0595695 0.0196506 
0.097284 -0.321214 -0.172818 0.126996 0.0549244 -0.0106506 
0.0972209 -0.320683 -0.173012 0.126845 0.0549067 -0.0106502 
0.110046 -0.371798 -0.355182 0.147438 0.0543815 -0.00601112 
0.554635 -0.59237 -0.266511 0.210191 0.162091 0.0372071 
-0.0952526 -0.266222 -0.274367 0.11693 0.00221436 -0.0339989 
0.367227 -0.301018 -0.290155 0.121236 0.104425 0.0375764 
0.193159 -0.478806 -0.326639 0.189614 0.0973757 -0.021463 
0.309617 -0.322464 -0.16624 0.147571 0.0905874 0.0478405 
0.173213 -0.321117 -0.147188 0.143026 0.0494626 0.0437554 
0.173109 -0.320655 -0.147356 0.142896 0.0494331 0.0437553 
0.13429 -0.48675 -0.44139 0.188915 0.0889661 -0.0265146 
0.345372 -0.291387 -0.249824 0.109122 0.105612 0.0366992 
0.0536754 -0.419571 -0.236263 0.165647 0.0552893 -0.0216297 
0.411383 -0.461173 -0.287778 0.179757 0.140565 0.0245526 
0.043289 -0.204732 -0.42802 0.0897745 0.0339648 -0.00404377 
0.23038 -0.491277 -0.127431 0.191111 0.0739139 0.0199273 
0.178436 -0.375605 -0.238879 0.151424 0.0756045 0.0112108 
0.190572 -0.495058 -0.329069 0.195905 0.0815146 0.00583175 
0.21467 -0.426481 -0.396544 0.158428 0.071254 0.0260351 
0.0649322 -0.261661 -0.326038 0.131716 0.0496574 -0.0152659 
0.36158 -0.242398 -0.252217 0.116055 0.11306 0.0329813 
0.222083 -0.637272 -0.307946 0.238061 0.117527 -0.0210873 
0.294379 -0.318986 -0.204636 0.13854 0.0899983 0.0462449 
0.0708048 -0.421262 -0.254621 0.170336 0.0670278 -0.0223956 
0.115565 -0.29717 -0.388968 0.14285 0.0528089 0.0207924 
0.258168 -0.359844 -0.447701 0.151425 0.118407 -0.0237709 
0.621066 -0.362588 -0.140442 0.142184 0.190485 0.0428607 
-0.0542666 -0.426757 -0.387459 0.153984 0.0224455 -0.025297 
0.195444 -0.318829 -0.27021 0.129178 0.0700144 0.0256912 
0.264517 -0.437007 -0.267946 0.167389 0.118394 -0.008163 
0.217552 -0.381818 -0.258317 0.162331 0.0858977 0.022362 
0.182487 -0.376271 -0.335409 0.147373 0.0825545 0.00112154 
0.301063 -0.459399 -0.352356 0.192928 0.125809 0.0108877 
0.169097 -0.313968 -0.238904 0.13706 0.0695709 0.0184194 
0.255746 -0.511644 -0.343121 0.20294 0.111177 -0.000825846 
0.25311 -0.309436 -0.235852 0.12753 0.0990377 0.0247651 
0.104638 -0.437188 -0.332204 0.186384 0.0838901 -0.0176368 
0.283792 -0.359089 -0.258593 0.149752 0.109082 0.0286999 
0.224925 -0.380841 -0.250948 0.154724 0.110351 -0.0107642 
0.0203445 -0.415241 -0.31393 0.162198 0.0530178 -0.0231179 
0.0183918 -0.414383 -0.314243 0.161955 0.0524606 -0.0231336 
0.263375 -0.283554 -0.235205 0.123726 0.091127 0.0364989 
0.104272 -0.415334 -0.447093 0.172958 0.0804084 -0.0210136 
0.24202 -0.379405 -0.147165 0.164938 0.0952565 0.0338615 
0.0270159 -0.389818 -0.355796 0.163613 0.0685617 -0.0196364 
0.295925 -0.359297 -0.259293 0.163735 0.115117 0.0324511 
0.175445 -0.386704 -0.28187 0.167685 0.105085 -0.00953061 
0.330117 -0.466603 -0.289053 0.203357 0.127551 0.0260727 
0.235581 -0.498853 -0.338174 0.210071 0.119798 0.00135865 
0.293766 -0.532885 -0.239783 0.231307 0.133204 0.0173499 
0.209847 -0.554089 -0.271347 0.236939 0.122334 0.00744438 
0.242418 -0.495744 -0.27974 0.217374 0.117009 0.00157087 
0.355053 -0.454851 -0.26488 0.206903 0.148762 0.0175123 
0.260949 -0.685478 -0.205205 0.291838 0.134628 -0.00283945 
0.461075 -0.433898 -0.216872 0.193212 0.158714 0.0420081 
0.171296 -0.633842 -0.268369 0.278116 0.108372 -0.0130361 
0.168895 -0.583153 -0.244096 0.258699 0.094853 5.96617e-05 
0.167715 -0.816364 -0.283125 0.328803 0.104448 -0.0216719 
0.29547 -0.448602 -0.242135 0.245296 0.108107 0.0428302 
0.165192 -0.82835 -0.137866 0.354509 0.116138 -0.0215489 
0.428168 -0.849696 0.0584343 0.389044 0.154959 0.0328336 
-0.0418089 -0.750059 -0.40159 0.366971 0.0554246 -0.0181958 
0.491703 -0.578892 -0.0232295 0.274322 0.171969 0.0396913 
0.178394 -0.772208 -0.185754 0.347164 0.106054 -0.00961931 
0.340169 -0.640951 -0.0415298 0.292114 0.122 0.0301679 
0.138273 -0.534647 -0.0994372 0.252458 0.0888237 -0.00518268 
0.260283 -0.553201 -0.11297 0.243845 0.10814 0.00868563 
0.0411894 -0.490557 -0.120492 0.215863 0.0557192 -0.0225512 
0.209124 -0.731618 -0.150269 0.302811 0.106746 0.0048168 
-0.143332 -0.430724 -0.26093 0.233247 -0.0119983 -0.0108602 
0.263102 -0.388237 -0.169746 0.180519 0.0984743 0.02125 
-0.142259 -1.00335 -0.191446 0.397528 -0.0212875 -0.0224247 
-0.142519 -1.00367 -0.191329 0.397619 -0.021362 -0.0224275 
0.293933 -0.318793 -0.0830156 0.20747 0.0806129 0.0412366 
0.156823 -0.493196 0.0504481 0.243465 0.0533134 0.0228139 
0.31987 -0.705897 -0.0670243 0.334322 0.0715966 0.033501 
-0.110103 -0.611042 0.0228371 0.327577 0.0144587 -0.0349128 
0.362382 -0.896258 0.116953 0.377734 0.106083 0.0359927 
-0.0803968 -0.768527 -0.0431194 0.37519 0.0173547 -0.0241119 
0.17371 -0.562175 0.00280885 0.276812 0.0443726 0.0366827 
-0.0605988 -0.599368 -0.0192328 0.261694 0.0130138 -0.0177633 
-0.034906 -0.355841 -0.0241428 0.21291 -0.0066911 0.0211912 
0.16703 -0.651398 -0.0291331 0.287931 0.0752182 -0.0143269 
0.261367 -0.520675 -0.100286 0.262566 0.0966093 0.00496077 
0.0432934 -0.3564 -0.0915557 0.18969 0.0331967 0.0022385 
0.178313 -0.718218 -0.0735251 0.293945 0.0740062 -0.00110395 
-0.0339328 -0.538409 -0.252406 0.252239 -0.00712699 0.0103086 
0.0988497 -0.428288 -0.135056 0.236658 0.0445055 -0.00128094 
0.0282179 -0.774295 -0.260874 0.319151 0.0215997 0.0168283 
-0.101282 -0.755428 -0.265357 0.350984 2.13661e-05 -0.013514 
0.231301 -0.715269 0.0239072 0.32503 0.0728044 0.0165092 
0.051448 -0.779609 -0.169427 0.373271 0.0447246 -0.0239906 
0.319134 -0.96413 0.155117 0.432486 0.103931 0.0261203 
-0.0420208 -0.954268 -0.0796026 0.44004 0.0250968 -0.0261646 
0.139336 -0.942958 0.0905908 0.456237 0.0381589 0.0383664 
-0.18094 -0.957946 -0.109234 0.432446 -0.0206266 -0.0280712 
-0.184652 -0.568906 -0.172083 0.298138 -0.00114367 -0.0330875 
-0.180828 -0.5712 -0.17125 0.298786 -5.29457e-05 -0.0330577 
0.190481 -0.618196 -0.174146 0.251688 0.108442 -0.0237345 
0.12763 -0.187936 -0.0956711 0.124967 0.0523519 0.0379369 
0.131285 -0.189293 -0.095181 0.12535 0.053395 0.0379668 
0.0333961 -0.387755 -0.138569 0.14995 0.0530505 -0.0172045 
0.401181 -0.617742 -0.300699 0.236415 0.126772 0.0346791 
-0.0181332 -0.281226 -0.281912 0.158514 0.0347933 -0.00332852 
0.225629 -0.575143 -0.205898 0.240078 0.0926093 0.0167765 
0.0780936 -0.729971 -0.265737 0.309467 0.0497396 -0.00516069 
0.131159 -0.652879 -0.138097 0.316384 0.0674949 0.00747161 
0.153983 -0.692679 -0.223721 0.332402 0.0785865 0.00417316 
0.18079 -0.878712 -0.120653 0.419913 0.0853931 -0.00532142 
0.085723 -0.905981 -0.10554 0.432638 0.0536188 0.0123532 
0.102543 -1.12808 -0.136171 0.506443 0.0695751 -0.00928312 
0.0582601 -1.20453 0.0514653 0.560039 0.0617576 -0.0152815 
0.0585704 -1.2054 0.051781 0.560283 0.0618458 -0.0152801 
-0.0937432 -0.391176 -0.173419 0.198175 -0.0147081 0.025377 
0.0835529 -0.790107 0.100246 0.336712 0.068319 -0.0250519 
0.21773 -0.398691 -0.0941035 0.214305 0.0745299 0.0299853 
-0.0724895 -0.631074 -0.110006 0.269168 0.0201137 -0.0169941 
0.33285 -0.668992 0.10824 0.315405 0.100071 0.0374429 
-0.244515 -0.665628 -0.138347 0.295874 -0.0296037 -0.0246882 
0.28752 -0.674247 0.0176491 0.296115 0.0834469 0.0305909 
-0.0219823 -0.904419 -0.127843 0.413489 0.0373846 -0.0258659 
0.142703 -0.840841 0.264043 0.414635 0.0572345 0.0225567 
-0.0364022 -0.579923 -0.241825 0.270316 0.0237717 -0.0181306 
0.0930567 -0.82786 -0.0247599 0.374712 0.0376332 0.012799 
0.0451117 -0.75939 0.0368367 0.357101 0.0382743 -0.00221344 
0.204118 -0.726214 -0.10793 0.35949 0.0626251 0.012015 
-0.107943 -0.327418 -0.265807 0.150627 -0.0214428 -0.00999272 
-0.107248 -0.327404 -0.265812 0.150623 -0.0212443 -0.0099866 
-0.0825814 -0.242325 -0.323604 0.109779 -0.0152058 0.00130181 
0.0364925 -0.502756 -0.229711 0.211565 0.0372496 -0.0192587 
-0.0951916 -0.351353 -0.243315 0.120749 -0.0121387 -0.0146321 
0.0853094 -0.164116 -0.319298 0.0712253 0.0169654 0.0276017 
0.0817531 -0.162673 -0.319823 0.0708178 0.0159506 0.0275728 
0.015985 -0.443967 -0.421646 0.171952 0.0158806 -0.0167732 
-0.0293246 -0.201118 -0.269875 0.115384 -0.0220125 0.0320748 
-0.509563 -0.210912 -0.443464 0.099951 -0.118442 -0.0352926 
0.0342987 -0.405592 -0.482572 0.148728 0.0437275 -0.0258426 
0.0359389 -0.406326 -0.482305 0.148936 0.0441955 -0.0258294 
0.308391 -0.31243 -0.39003 0.0958239 0.0767359 0.0451259 
0.64992 -1.14109 0.127108 0.354264 0.187977 0.0528927 
0.65228 -1.14307 0.127832 0.354825 0.18865 0.0529102 
0.100151 -2.34102 -0.0432829 0.697725 0.0575828 -0.00514628 
-0.0341697 -2.78115 -0.0360051 0.858983 0.0103447 0.00425339 
-0.0321675 -2.78306 -0.0353104 0.85952 0.0109154 0.00426788 
0.358098 -3.18215 -0.231397 0.955024 0.113548 0.0171591 
0.358256 -3.18167 -0.231571 0.954888 0.113593 0.0171613 
0.153345 -3.27131 0.0231668 0.981167 0.0546098 0.0159509 
0.15153 -3.27052 0.0228794 0.980945 0.0540921 0.0159363 
0.143533 -3.2076 -0.291514 0.989176 0.0510942 0.0170101 
-0.351114 -2.91545 -0.319765 0.875609 -0.0830735 -0.00345344 
0.287656 -3.62366 -0.495779 1.10869 0.105463 0.0103952 
0.55819 -3.90795 -0.313049 1.17276 0.160799 0.0511528 
0.121127 -4.25079 -0.302607 1.2783 0.0554035 0.0056109 
0.400138 -4.46427 -0.264143 1.3489 0.0982389 0.0606716 
0.228379 -4.72188 -0.259562 1.42544 0.0886736 0.0171712 
0.749299 -4.96789 -0.231633 1.49359 0.201473 0.072798 
0.621132 -5.29994 -0.212451 1.59478 0.199126 0.023429 
0.838523 -5.53983 -0.122941 1.66667 0.23711 0.0675419 
0.684093 -5.57388 -0.158223 1.67414 0.211465 0.0230342 
0.937683 -5.64274 -0.0891525 1.69478 0.266349 0.0718061 
0.537576 -5.38824 -0.327983 1.63109 0.172071 0.0294594 
0.0773809 -5.10108 -0.987719 1.5555 0.00641779 0.0563239 
0.672978 -5.11304 -0.00273406 1.54826 0.197934 0.030744 
0.876678 -4.81798 -0.700988 1.46155 0.255938 0.0594765 
-0.00680596 -4.41724 -1.05916 1.36091 -0.00315484 0.0235205 
0.0829067 -4.3401 -0.717086 1.3329 0.0208013 0.0237015 
0.0829067 -4.3401 -0.717086 1.3329 0.0208013 0.0237015 
0.233344 -0.551766 -0.354965 0.246465 0.0859298 0.0203105 
0.196253 -0.604245 -0.236504 0.269798 0.0838443 -0.0100248 
0.297156 -0.443605 -0.267685 0.215848 0.0962329 0.0295217 
0.220636 -1.02715 -0.554916 0.30878 0.0886361 0.0431958 
0.223217 -1.02696 -0.554988 0.308727 0.0893736 0.0432188 
0.128484 -0.124227 0.00347234 0.0679185 0.0789297 -0.0115368 
0.770112 0.182998 -0.118731 -0.050228 0.246369 0.0548225 
-0.46366 -0.563099 -0.0880871 0.159243 -0.0658588 -0.0295219 
0.227589 -0.160614 -0.167902 0.0448421 0.11997 -0.0173555 
0.223679 -0.160512 -0.167935 0.0448134 0.118854 -0.0173897 
0.0457436 -0.0273284 -0.059272 0.00158879 0.0588778 -0.00840439 
0.549909 -0.325854 -0.0547271 0.100768 0.167291 0.0404493 
0.548206 -0.324904 -0.0550723 0.1005 0.166805 0.0404359 
0.430534 -0.267264 0.0189922 0.0861593 0.137945 0.0376552 
0.144365 -0.240301 -0.156421 0.0653575 0.0767593 -0.00303791 
0.179405 -0.190883 0.0146777 0.0638259 0.07383 0.0143685 
0.180802 -0.190643 0.0145893 0.0637578 0.0742293 0.0143811 
0.312278 -0.191424 -0.0694755 0.059942 0.105834 0.00981733 
0.179314 -0.226153 -0.0117641 0.0732733 0.0691978 0.00364039 
0.127939 -0.28852 -0.0463057 0.0988691 0.0501398 -0.00684131 
0.224003 -0.149287 0.0028166 0.0524206 0.069801 0.0284629 
0.223792 -0.149242 0.00279974 0.0524078 0.0697408 0.0284612 
0.0548319 -0.232963 -0.114181 0.0835645 0.0375344 -0.0124411 
0.183411 -0.254926 0.0106591 0.0813124 0.0579763 0.0263181 
-0.0362019 -0.245244 -0.0097719 0.0895238 0.0129843 -0.0266707 
0.294594 -0.273923 0.0138852 0.101314 0.083155 0.0434164 
0.086133 -0.254645 -0.0497056 0.0976252 0.0432673 -0.0205512 
0.404347 -0.264004 0.11926 0.0962895 0.111034 0.0485981 
0.13136 -0.402754 -0.103861 0.138639 0.0588847 -0.0164288 
0.329885 -0.345597 0.092594 0.131066 0.0948146 0.0322346 
0.0329128 -0.14229 -0.0424577 0.0626455 0.0252983 -0.0149903 
0.299862 -0.384237 0.0608589 0.137387 0.0827473 0.0239807 
0.0382421 -0.26634 0.00647703 0.0948156 0.0269346 -0.00430286 
0.230363 -0.379447 0.0369125 0.144043 0.0749088 0.0129048 
0.132135 -0.227205 0.0807734 0.0884579 0.0437798 0.00598428 
0.254606 -0.336888 0.0989607 0.137331 0.0669798 0.0172476 
0.164259 -0.41997 0.0310497 0.158159 0.0522238 0.00969329 
0.0472834 -0.420748 0.0562144 0.167576 0.019792 -0.00225207 
0.175844 -0.403631 0.1089 0.157476 0.0508646 0.0167151 
0.0364008 -0.45565 0.045839 0.192289 0.0182146 -0.0180266 
0.366362 -0.428095 0.116109 0.172645 0.0928458 0.0403442 
-0.178788 -0.44566 0.0505081 0.18413 -0.0429166 -0.0300541 
0.36586 -0.536412 0.196702 0.221552 0.0820393 0.0428831 
-0.0834971 -0.58476 0.0367993 0.245507 -0.0120284 -0.0268577 
0.401473 -0.687265 0.161579 0.291414 0.084698 0.0447741 
-0.113639 -0.690099 0.012549 0.283698 -0.022885 -0.0282681 
0.216476 -0.699842 0.204549 0.30548 0.0356594 0.0290974 
-0.140617 -0.690173 0.0647786 0.299927 -0.0319413 -0.0291194 
0.214327 -0.737305 0.167525 0.336747 0.0357149 0.0270583 
0.0128988 -0.839849 0.138555 0.364671 -0.00489527 -0.00668614 
0.128865 -0.976476 0.138869 0.427091 0.0144531 0.0183268 
-0.10327 -0.92397 0.190095 0.402562 -0.0310792 -0.0278428 
0.131513 -0.952792 0.203156 0.424107 0.0208553 0.00925271 
0.100011 -0.718631 0.00388698 0.297725 0.028516 0.00644877 
0.111018 -0.856378 0.124286 0.351237 0.034911 -0.0159421 
0.388345 -0.841714 0.206307 0.355027 0.0946514 0.0201647 
0.0274931 -0.839532 0.166855 0.35976 0.00540365 -0.0139757 
0.211709 -0.803299 0.219052 0.340146 0.0242381 0.0281464 
0.149085 -0.622773 0.0312502 0.247227 0.051869 -0.0208335 
0.405184 -0.376867 0.0279007 0.139401 0.104625 0.0424092 
0.0401729 -0.328194 -0.236739 0.133144 0.0309169 -0.0193355 
0.341428 -0.316645 0.042536 0.114958 0.0900466 0.0425888 
0.0257154 -0.459616 -0.167254 0.155331 0.0405277 -0.0284266 
0.352339 -0.346465 -0.166753 0.136139 0.09563 0.0415335 
-0.0731979 -0.351459 -0.0296511 0.123863 0.010102 -0.0307165 
0.396901 -0.346066 -0.0318897 0.130286 0.112605 0.0413639 
0.00605593 -0.386545 -0.150091 0.1313 0.0310777 -0.0185112 
0.319269 -0.332349 0.0237553 0.120601 0.0758746 0.0449439 
0.362025 -0.40416 -0.0835741 0.149692 0.110645 0.0328994 
0.362458 -0.404218 -0.0835527 0.149709 0.110768 0.0329031 
0.118614 -0.248688 -0.174214 0.0966903 0.0575562 -0.0114292 
0.227362 -0.493944 -0.00232807 0.174141 0.0664563 0.0147669 
0.204168 -0.323347 -0.103251 0.110514 0.0746585 -0.00664074 
0.283572 -0.310045 -0.106476 0.116268 0.0870182 0.0183338 
0.210492 -0.41892 -0.172862 0.142131 0.0754132 0.00467516 
0.131413 -0.371572 -0.09964 0.132607 0.0478545 0.000138242 
0.345304 -0.374202 -0.22853 0.119954 0.0988801 0.0267333 
0.128346 -0.312285 -0.125632 0.123784 0.0513693 -0.00362025 
0.355038 -0.266454 -0.105503 0.0898571 0.101583 0.0240456 
0.13995 -0.352191 -0.268621 0.126164 0.0529678 -0.0229315 
0.240357 -0.174616 -0.064665 0.0647902 0.0688316 0.0341865 
0.371387 -0.301219 -0.260612 0.108168 0.119609 -0.0203065 
0.309924 -0.288265 -0.189301 0.104499 0.074793 0.0435648 
-0.0318476 -0.258778 -0.237088 0.0928492 0.0152023 -0.0258017 
0.473908 -0.349583 -0.36228 0.119638 0.128025 0.0496228 
-0.207916 -0.3843 -0.321249 0.123865 -0.0387012 -0.0362818 
0.386855 -0.391737 -0.181466 0.129661 0.10212 0.0404557 
0.0316219 -0.337016 -0.464218 0.114888 0.0218421 -0.0250713 
0.0785257 -0.386811 -0.436885 0.122078 0.0356918 -0.0126128 
0.100058 -0.254862 -0.220033 0.0910131 0.0235321 0.0252238 
0.0997208 -0.254791 -0.220059 0.0909933 0.0234357 0.0252209 
0.0664636 -0.430855 -0.268732 0.123416 0.0234151 -0.00342404 
0.214578 -0.416443 -0.354952 0.146869 0.0638903 -0.00280596 
-0.0919066 -0.154985 -0.276743 0.0487852 -0.0417049 0.0077097 
0.0792844 -0.354029 -0.409758 0.115791 0.0235729 -0.00418057 
0.267421 -0.452481 -0.207967 0.134184 0.0725238 0.0175947 
-0.207103 -0.0910027 -0.34241 0.0313409 -0.0454294 -0.0298793 
-0.268484 -0.233931 -0.322515 0.0804406 -0.0583357 -0.0348319 
-0.265799 -0.234138 -0.322441 0.080499 -0.0575691 -0.0348086 
0.362947 -0.254468 -0.35878 0.0830234 0.0803001 0.0506492 
0.14498 -0.612575 -0.446509 0.194608 0.0498373 -0.0286113 
0.421107 -0.261962 -0.129257 0.0978009 0.108593 0.0467576 
-0.0264385 -0.350191 -0.540931 0.109417 0.0132473 -0.0393566 
0.306753 -0.311751 -0.318187 0.107817 0.0723623 0.0297637 
-0.269179 -0.178604 -0.451503 0.0504594 -0.069166 -0.0337713 
0.393204 -0.349701 -0.498219 0.110672 0.0888477 0.0349458 
0.0861426 -0.327538 -0.430705 0.107007 0.0307361 -0.0110836 
0.181507 -0.217635 -0.311933 0.0802558 0.035563 0.0265374 
0.0349204 -0.364445 -0.517676 0.115333 0.028112 -0.0305646 
0.174612 -0.367104 -0.376522 0.130296 0.0465042 0.00795128 
0.196151 -0.288497 -0.382495 0.0966915 0.0541251 0.00735785 
-0.00728385 -0.418411 -0.492233 0.137184 0.00358396 -0.0179269 
0.148729 -0.27435 -0.300399 0.0873815 0.0328996 0.020405 
-0.0443752 -0.320143 -0.482748 0.107892 -0.00388317 -0.0213152 
0.278734 -0.259281 -0.455992 0.0904599 0.0584327 0.0414478 
0.0571265 -0.440759 -0.456035 0.139979 0.0365672 -0.0255563 
0.244299 -0.315049 -0.376981 0.104953 0.0466061 0.0478113 
-0.0279744 -0.39179 -0.373701 0.142745 0.0125778 -0.0288034 
0.300565 -0.327172 -0.432243 0.111572 0.0745831 0.0362011 
-0.0189396 -0.469796 -0.374307 0.154328 0.0190121 -0.0352633 
0.240838 -0.232512 -0.288093 0.083416 0.0559498 0.0339602 
-0.0785863 -0.208732 -0.516685 0.0782808 -0.00137708 -0.0239539 
0.323071 -0.338245 -0.223741 0.11597 0.0875312 0.0435238 
0.0349132 -0.374351 -0.434274 0.124356 0.0227666 -0.01859 
0.320668 -0.39183 -0.376598 0.131593 0.0868421 0.0346383 
-0.00848763 -0.259859 -0.377536 0.0946781 0.0108797 -0.0102235 
0.156196 -0.281582 -0.414985 0.105251 0.0432545 0.0180059 
0.0744777 -0.322266 -0.521301 0.112376 0.0365647 -0.00439259 
0.18623 -0.348513 -0.214129 0.12684 0.0659993 0.00722247 
0.192797 -0.305374 -0.405182 0.101005 0.0693825 0.00746275 
0.238392 -0.270383 -0.235477 0.0932031 0.0619987 0.0289606 
0.242201 -0.272012 -0.234884 0.0936629 0.0630857 0.0289914 
0.132245 -0.2309 -0.392231 0.0799023 0.043576 0.00230587 
0.477894 -0.522662 -0.370858 0.16592 0.134154 0.0343275 
0.0494206 -0.241142 -0.187173 0.106532 0.0408343 -0.0125121 
0.292654 -0.235589 -0.412869 0.0698039 0.0767651 0.0350813 
0.236633 -0.31376 -0.311692 0.106883 0.0638241 0.0357983 
0.247074 -0.224913 -0.195852 0.0762016 0.0589938 0.042889 
0.0614519 -0.336496 -0.548987 0.116086 0.0470756 -0.0294493 
0.253896 -0.176685 -0.264373 0.0724174 0.0605144 0.0501337 
-0.0867709 -0.353912 -0.450497 0.120051 -0.00902117 -0.0253039 
0.205854 -0.242074 -0.449402 0.0947787 0.0477217 0.0380107 
-0.193474 -0.316515 -0.499664 0.106069 -0.0299459 -0.0313693 
0.357211 -0.336808 -0.349765 0.118343 0.100369 0.018905 
0.127858 -0.390542 -0.398028 0.14009 0.0647306 -0.0191619 
0.0777535 -0.378377 -0.325202 0.129325 0.0319762 0.0119336 
0.143301 -0.333884 -0.432326 0.124094 0.0469308 0.0138135 
0.142477 -0.333975 -0.432293 0.124119 0.0466952 0.0138061 
0.0934019 -0.20207 -0.426289 0.0690164 0.0297599 0.0168489 
0.347194 -0.597207 -0.472089 0.210878 0.120217 -0.0147182 
0.323272 -0.16705 -0.356581 0.0633115 0.0868702 0.0331681 
0.0267733 -0.311188 -0.539156 0.122751 0.0376843 -0.023804 
0.23263 -0.301455 -0.428984 0.10622 0.063839 0.0371195 
-0.0355457 -0.442095 -0.347735 0.164442 0.0300444 -0.0294364 
0.292217 -0.229729 -0.488692 0.0942124 0.0953908 0.00601003 
0.00783952 -0.439048 -0.42483 0.156773 0.028951 -0.0271721 
0.380237 -0.274259 -0.411922 0.096309 0.102054 0.0443674 
0.280565 -0.65908 -0.510397 0.230769 0.119201 -0.0250391 
0.158191 -0.0591418 -0.324428 0.0448322 0.0497452 0.0311002 
-0.0463167 -0.351008 -0.567712 0.134921 0.0202888 -0.0243247 
0.459541 -0.552934 -0.426805 0.200839 0.148177 0.0302543 
0.150161 -0.378273 -0.325399 0.133947 0.0749169 -0.0130333 
0.386928 -0.458442 -0.388958 0.177523 0.121821 0.0307177 
0.239983 -0.463881 -0.460555 0.167427 0.0939638 0.002281 
0.32484 -0.416391 -0.307738 0.153657 0.110824 0.00839078 
0.119767 -0.133191 -0.460746 0.0751812 0.0361019 0.0388783 
0.121342 -0.134163 -0.460393 0.0754554 0.0365513 0.0388905 
0.238793 -0.240881 -0.384786 0.0909896 0.0849884 0.0226725 
0.121178 -0.526805 -0.401266 0.195428 0.0631075 -0.00579815 
0.365777 -0.235089 -0.348763 0.0962141 0.113354 0.0384784 
0.251182 -0.454087 -0.382216 0.166585 0.101836 -0.00922206 
0.191582 -0.325779 -0.409443 0.126224 0.0735023 0.0301985 
-0.140264 -0.292628 -0.362005 0.128047 -0.00209178 -0.027204 
0.510151 -0.402831 -0.32546 0.148621 0.157348 0.0403853 
-0.0479899 -0.455008 -0.463272 0.169507 0.0340009 -0.0255577 
0.436525 -0.277437 -0.179721 0.106669 0.135271 0.038274 
0.295943 -0.697538 -0.279262 0.215321 0.123808 -0.00899187 
0.357711 -1.12171 -0.0344035 0.351227 0.115676 0.0454961 
0.361837 -1.84134 -0.0357333 0.550647 0.140497 0.0104021 
0.546817 -2.11708 -0.0924114 0.653051 0.183782 0.0419229 
0.443168 -2.41003 -0.305421 0.72618 0.156982 0.0222195 
0.299927 -2.53041 -0.378107 0.758807 0.115915 0.028635 
0.368176 -2.66088 -0.720569 0.797004 0.137564 0.0246525 
0.574701 -2.79237 -0.39766 0.838329 0.197703 0.0529736 
0.845546 -3.17843 -0.380248 0.937875 0.264849 0.0530213 
1.23191 -4.58356 -0.878486 1.3174 0.340818 -0.00457656 
0.54363 -3.29666 -0.154457 0.966314 0.124973 0.0803232 
0.23226 -4.36593 -0.68434 1.27332 0.0841181 -0.0182099 
-0.401646 -3.69353 -0.178165 1.09023 -0.106961 0.0540127 
-0.549892 -3.85014 -1.02538 1.13903 -0.157747 -0.0407453 
-0.443585 -3.8835 -1.12077 1.1416 -0.142381 0.0354691 
-0.556575 -3.7213 -1.03412 1.10338 -0.181575 0.0505748 
-0.0238823 -4.07558 -0.98182 1.20447 -0.0509339 0.0616854 
0.215916 -5.15983 -0.873011 1.51919 0.0714895 0.0137001 
0.323881 -6.12847 -0.514084 1.78707 0.0587893 0.0707084 
0.358683 -6.82346 -0.428256 1.98051 0.107056 0.0228252 
0.852344 -8.28991 -0.153383 2.39337 0.222144 0.0766744 
0.787551 -9.01504 -0.194892 2.60359 0.236185 0.0394252 
0.791053 -9.18132 -0.0815482 2.65884 0.219662 0.0657555 
0.208487 -9.4084 -0.410237 2.72491 0.0564528 0.045568 
0.0569897 -9.50167 -0.515187 2.76067 0.0161621 0.0398112 
0.0688166 -9.58571 -0.597352 2.77598 -0.00964471 0.0591678 
0.4623 -9.96612 -0.829796 2.90808 0.136932 0.0427141 
0.828582 -9.81686 -0.615023 2.84904 0.218589 0.0818907 
0.828582 -9.81686 -0.615023 2.84904 0.218589 0.0818907 
0.0939603 -0.529641 -0.250525 0.239745 0.0488953 -0.00742615 
0.254301 -0.399377 -0.332815 0.194562 0.0827855 0.0274396 
0.0997258 -0.475138 -0.2705 0.223943 0.0650669 -0.0175841 
0.178451 -0.767326 -0.798674 0.2356 0.121267 -0.0187141 
0.179537 -0.767279 -0.798692 0.235586 0.121577 -0.0187045 
0.565951 -0.0617871 0.254164 0.027628 0.195325 0.0458395 
0.284997 0.110506 0.187175 -0.0271697 0.138955 -0.0094827 
0.240814 -0.613214 -0.4338 0.169558 0.0947479 0.0535781 
0.205335 0.0724978 0.0996436 -0.0155707 0.125286 -0.0265255 
0.436665 -0.0396035 0.00700905 0.0145633 0.144699 0.0515816 
-0.151627 -0.287047 -0.195137 0.0886695 0.0123844 -0.0303597 
0.623396 0.0554059 0.225264 -0.0186123 0.191001 0.0461153 
-0.0612178 -0.157914 -0.0292612 0.0554822 0.02641 -0.012413 
0.0598927 -0.0902358 0.0150559 0.0299718 0.0349597 -0.0157546 
0.0590984 -0.0900934 0.015004 0.0299316 0.0347329 -0.0157613 
0.289229 -0.323088 0.0631438 0.113479 0.0915106 0.0271327 
-0.0668334 -0.113201 -0.0456246 0.0406561 -0.00225559 0.000254099 
0.244562 -0.21549 0.0949945 0.0793961 0.0716948 0.020614 
0.189456 -0.229045 -0.0173659 0.0897058 0.0717611 0.00789865 
0.103617 -0.206095 0.139055 0.0756961 0.0360116 0.0116509 
0.126842 -0.170365 -0.0452303 0.0599482 0.0494254 0.00978522 
0.00472197 -0.198011 0.0761016 0.0763639 0.00878871 0.0038691 
0.118689 -0.083155 0.127435 0.0347242 0.0394819 0.0325572 
0.235678 -0.165431 0.154591 0.0669421 0.0630429 0.0404703 
0.267094 -0.292451 0.0177782 0.110243 0.0689896 0.0372894 
-0.0605569 -0.253123 0.0507563 0.0918368 0.000218022 -0.0213306 
0.214217 -0.249961 0.089544 0.101166 0.0592303 0.0296128 
-0.0223681 -0.251248 0.0356548 0.0957082 0.00807127 -0.0248158 
0.296604 -0.257611 0.161266 0.0947846 0.0703563 0.0362035 
-0.0175368 -0.223912 -0.00850197 0.0867853 -0.001597 -0.0156215 
0.258063 -0.265615 0.144713 0.0968063 0.058219 0.0388146 
-0.0733116 -0.254981 0.0115092 0.0924867 -0.0169636 -0.0145513 
0.249651 -0.289213 0.00603809 0.111812 0.0576182 0.0313659 
-0.101639 -0.220525 0.00883232 0.0846376 -0.0305254 -0.0115135 
0.0413261 -0.18055 0.136383 0.0686609 0.00720073 -0.00321224 
0.0423062 -0.180834 0.136487 0.068741 0.00748049 -0.00320409 
0.0584946 -0.262002 0.122138 0.101762 0.00836814 0.00692532 
0.0374672 -0.244684 0.0553482 0.0986473 0.000313821 0.0141384 
0.00782896 -0.285334 0.083051 0.117916 -0.00765636 -0.00344569 
0.0930225 -0.263818 0.140054 0.0990626 0.00727096 0.0266821 
-0.127628 -0.368123 -0.0256642 0.153407 -0.037652 -0.0183679 
0.0958876 -0.273349 0.114394 0.117889 0.00591111 0.0239469 
-0.0640258 -0.269221 0.0348356 0.121498 -0.0178674 -0.0249198 
0.141682 -0.373748 0.112724 0.152084 0.0125825 0.0319698 
-0.103286 -0.359761 0.0941534 0.148593 -0.0382546 -0.0237931 
0.219605 -0.408953 0.228397 0.168362 0.0171689 0.044555 
0.277029 -0.247766 0.155501 0.107384 0.0569229 0.0397366 
0.275949 -0.247014 0.155227 0.107172 0.0566151 0.0397284 
-0.0202355 -0.254649 -0.0103552 0.109527 0.010164 -0.0242211 
0.326205 -0.337335 0.172319 0.132768 0.073649 0.0417954 
-0.076509 -0.372158 0.107296 0.143475 -0.00743317 -0.0287307 
0.21729 -0.420699 0.0755757 0.175107 0.04404 0.0309149 
0.0140846 -0.267412 0.104147 0.116133 0.0161749 -0.0138085 
0.339513 -0.425538 0.131745 0.176892 0.0893091 0.026296 
0.120374 -0.535374 0.0944872 0.219697 0.0296454 0.0108085 
0.122359 -0.535535 0.0945451 0.219742 0.0302122 0.0108257 
-0.0368893 -0.413504 -0.0218647 0.168684 -0.00204588 -0.00216954 
0.18922 -0.30029 0.0949903 0.119298 0.0659096 0.00544592 
0.0945221 -0.287772 0.0472731 0.128082 0.0449976 -0.00688439 
0.0953688 -0.28826 0.0474503 0.12822 0.0452391 -0.00687775 
0.268154 -0.173933 0.102435 0.0756117 0.0698392 0.0338735 
0.0320767 -0.536372 0.128313 0.184185 0.0272068 -0.00925538 
0.264898 -0.148479 0.00828791 0.0697718 0.0636931 0.0457783 
-0.0895978 -0.237111 -0.0561275 0.0930493 -0.00816993 -0.0232976 
0.260597 -0.28718 0.0482823 0.111027 0.07059 0.0407769 
-0.0525661 -0.263338 -0.00369873 0.104205 0.0124484 -0.025037 
0.09195 -0.197746 -0.0765636 0.0725059 0.0316019 0.0123931 
0.0415346 -0.251282 -0.0385374 0.0944999 0.0335371 -0.0267459 
0.25845 -0.148019 0.112976 0.0664412 0.0544898 0.0484957 
0.0107371 -0.160072 -0.0874993 0.066048 0.0142196 -0.0141654 
0.239515 -0.375724 0.0836725 0.127954 0.0545314 0.0403654 
0.0536008 -0.210183 -0.0776973 0.0807021 0.0228416 -0.0128181 
0.270993 -0.269134 0.00649827 0.0976646 0.0680705 0.0279598 
-0.11871 -0.239244 -0.000325516 0.0799006 -0.0211687 -0.0156911 
0.282942 -0.240946 0.0391113 0.0840971 0.0736633 0.0233411 
0.16022 -0.29705 -0.0025051 0.0990557 0.0415449 -0.000475838 
0.324899 -0.312393 0.106054 0.11179 0.0805703 0.0307877 
0.174864 -0.21322 -0.0159005 0.0790113 0.0534774 0.00339981 
0.0273718 -0.297755 -0.0310127 0.11223 0.0060511 0.0104539 
0.048539 -0.130125 -0.062171 0.0539729 0.0147576 0.00758747 
-0.0566255 -0.19955 -0.0608216 0.0771387 -0.0162423 -0.00186208 
0.255188 -0.129465 -0.0798033 0.0410972 0.0584234 0.0247273 
0.0494731 -0.227743 -0.0739955 0.0840082 0.014065 -0.00887567 
0.178763 -0.247969 -0.0236162 0.0828312 0.0381043 0.0277231 
-0.0827464 -0.256534 -0.105128 0.0929948 -0.0184432 -0.0155646 
0.327837 -0.268915 0.0367674 0.0947246 0.0756434 0.0425212 
-0.169518 -0.281073 -0.0843262 0.0878955 -0.0409384 -0.0296003 
0.246353 -0.190709 -0.171093 0.0700297 0.0446211 0.0446194 
-0.131075 -0.178159 -0.225298 0.0650809 -0.0219356 -0.0409802 
0.436582 -0.372519 0.0548975 0.10725 0.101265 0.0357762 
0.0528741 -0.38144 -0.260124 0.119637 0.0287171 -0.0330029 
-0.170715 -0.167291 -0.267217 0.0494037 -0.0464438 -0.028383 
-0.170734 -0.166877 -0.267368 0.0492867 -0.0464489 -0.0283825 
0.165478 -0.169815 -0.196117 0.0598519 0.0219531 0.0327179 
-0.141162 0.00386621 -0.21727 0.00217296 -0.0496281 0.0146335 
-0.139713 0.00363253 -0.217185 0.00223895 -0.0492146 0.0146459 
-0.0856132 -0.223154 -0.320569 0.0612956 -0.0229328 -0.015215 
0.185401 -0.465825 -0.23178 0.139591 0.0417368 0.00186099 
-0.0875746 -0.0704273 -0.139427 0.0216663 -0.0364957 0.00427957 
0.237109 -0.352095 -0.347924 0.11895 0.056726 0.00554908 
0.501594 -0.365635 -0.185734 0.097048 0.126835 0.0244505 
0.201748 -0.277048 -0.4277 0.0726553 0.0430427 0.0270691 
0.198035 -0.276135 -0.428032 0.0723975 0.041983 0.027038 
0.0743613 -0.354245 -0.384016 0.115294 0.0301201 -0.0248053 
-0.0438525 -0.0730209 -0.327117 0.0197287 -0.0363987 0.0278996 
0.0109198 -0.322455 -0.491035 0.0988036 0.0161337 -0.0269259 
0.30272 -0.263936 -0.341144 0.0805689 0.0620272 0.0405859 
-0.0546232 -0.294268 -0.393397 0.0911819 -0.00647778 -0.0296345 
-0.240061 -0.193083 -0.474052 0.0716723 -0.0652525 -0.0296967 
-0.240097 -0.193423 -0.473928 0.0717684 -0.0652631 -0.0296976 
0.25902 -0.228917 -0.424039 0.0716439 0.0433089 0.0465767 
-0.107177 -0.363582 -0.500794 0.110395 -0.027185 -0.0390602 
0.279571 -0.222267 -0.29205 0.0615753 0.0565814 0.0394367 
0.0238148 -0.343887 -0.472601 0.0956648 0.0240599 -0.0351748 
-0.0909616 -0.186448 -0.47957 0.0586141 -0.020359 -0.01039 
-0.0915708 -0.18655 -0.479533 0.0586429 -0.020533 -0.0103955 
0.250971 -0.213415 -0.456269 0.0692712 0.0553825 0.033811 
0.210418 -0.423794 -0.452913 0.120541 0.0586423 0.00264348 
-0.0142411 -0.225592 -0.312412 0.0745802 -0.0173088 0.014649 
0.164916 -0.263241 -0.495618 0.0771498 0.037452 0.00152071 
0.134025 -0.352403 -0.358678 0.108105 0.038648 -0.00716912 
0.0508572 -0.16233 -0.34757 0.0503845 0.0159354 0.00721767 
0.0918174 -0.26371 -0.649162 0.0828531 0.0308131 -0.00718367 
0.23121 -0.290314 -0.3968 0.0965813 0.0500975 0.0362958 
-0.0781644 -0.241764 -0.438244 0.0768581 -0.0142926 -0.0181699 
0.374781 -0.362042 -0.459079 0.108877 0.0843091 0.0351414 
-0.142289 -0.324396 -0.394709 0.104748 -0.0213712 -0.0335459 
0.161827 -0.265774 -0.42809 0.0825951 0.0301217 0.0315425 
-0.0288438 -0.308365 -0.625784 0.101735 0.0145224 -0.0307317 
0.378988 -0.248885 -0.272048 0.087933 0.0931656 0.0419536 
-0.0710633 -0.238225 -0.513927 0.0781503 -0.00381684 -0.0243055 
0.449715 -0.414799 -0.391534 0.133165 0.111044 0.0360516 
-0.139787 -0.297877 -0.472108 0.10322 -0.0197916 -0.0298087 
0.403269 -0.29157 -0.420282 0.0939936 0.106885 0.0337877 
-0.0394111 -0.275287 -0.469129 0.0937005 -0.00327503 -0.021205 
0.199472 -0.315172 -0.332158 0.116057 0.0576026 0.0237453 
0.0515411 -0.238818 -0.543776 0.0776556 0.021622 -0.00823607 
0.0241265 -0.271149 -0.460192 0.0811101 0.0106205 -0.00540049 
0.0235477 -0.270692 -0.460358 0.0809812 0.0104554 -0.00540483 
0.173806 -0.298051 -0.400145 0.097846 0.0455715 0.0116417 
0.122979 -0.466899 -0.472346 0.14446 0.0311421 0.0183109 
0.0265863 -0.253344 -0.344185 0.0876012 0.0216045 -0.00990502 
0.241894 -0.273518 -0.442314 0.0873829 0.0750824 0.0125436 
0.163124 -0.404043 -0.379904 0.143007 0.0652455 -0.0193939 
0.355187 -0.314518 -0.346978 0.103076 0.097136 0.0298636 
0.0470111 -0.413399 -0.495978 0.134285 0.0381707 -0.018766 
0.220311 -0.211713 -0.403976 0.0715827 0.0492136 0.0413272 
0.318998 -0.195044 -0.439357 0.0570837 0.0711628 0.0431684 
0.320698 -0.195278 -0.439272 0.0571499 0.0716481 0.043183 
0.198949 -0.313328 -0.410553 0.113418 0.0674345 0.00609538 
0.0587927 -0.393302 -0.584256 0.125236 0.0527938 -0.0281147 
0.0597046 -0.393225 -0.584284 0.125214 0.0530543 -0.0281065 
0.320625 -0.160096 -0.330815 0.0545139 0.0884836 0.0350799 
0.0957136 -0.369083 -0.539976 0.120154 0.0442923 -0.0170412 
0.270991 -0.153948 -0.373218 0.0583565 0.077505 0.0318918 
0.00726144 -0.329783 -0.428397 0.102246 0.015722 -0.00805715 
0.0133339 -0.197973 -0.475954 0.0648876 0.00624497 0.0121575 
-0.0880373 -0.268383 -0.4275 0.0834163 -0.0106575 -0.009591 
-0.0863826 -0.269354 -0.427147 0.0836907 -0.0101855 -0.00957805 
0.194918 -0.244098 -0.555251 0.0764832 0.0546516 0.0112193 
0.0374378 -0.342158 -0.478286 0.113254 0.0375421 -0.012029 
0.0360491 -0.346387 -0.531089 0.116493 0.0251948 -0.0119134 
0.0330165 -0.345299 -0.531484 0.116186 0.0243293 -0.0119383 
0.164895 -0.174651 -0.414171 0.0726855 0.0475252 0.0471993 
-0.0684872 -0.19373 -0.548875 0.063277 0.0105776 -0.0302795 
0.20619 -0.26986 -0.526794 0.0901258 0.0594279 0.0351149 
-0.235374 -0.268858 -0.45887 0.100556 -0.0330744 -0.0377039 
0.00488343 0.265336 -0.364677 -0.106267 -0.0760685 0.0485836 
-0.779179 0.657338 -0.519264 -0.223523 -0.122493 -0.0306461 
1.18571 -0.407865 -0.518638 0.0949618 0.281689 0.0360027 
-0.121895 0.359178 -0.376604 -0.101379 -0.0231757 -0.0202928 
0.386014 0.210319 -0.1154 -0.0795513 0.0956973 0.0420621 
0.00735062 -0.48701 -0.95719 0.14765 -0.0113153 -0.0283815 
-0.212299 0.244681 -0.052276 -0.0681029 -0.0759618 0.0146495 
0.451689 -0.439021 -0.695913 0.132371 0.11893 0.0170714 
0.444685 -0.436544 -0.696814 0.131672 0.116931 0.0170139 
0.00708797 -0.0416681 -0.149921 0.0205106 0.0160342 0.0104502 
0.160403 -0.329227 -0.438794 0.101917 0.0464561 0.0144989 
0.618808 -0.494955 -0.662841 0.154919 0.180152 0.026248 
0.0366663 -0.501426 -0.322432 0.179054 0.0283099 -0.0108425 
0.413972 -0.0795565 -0.542428 0.0411366 0.10977 0.0315695 
-0.163438 -0.333929 -0.49386 0.118006 -0.0153464 -0.0309178 
0.0717801 -0.363245 -0.338234 0.119538 0.0275684 0.0208989 
0.244645 -0.257541 -0.490134 0.093455 0.091087 -0.020873 
0.309914 -0.281888 -0.31538 0.106861 0.0912913 0.0439848 
-0.0127334 -0.408761 -0.476301 0.142367 0.0354431 -0.0283315 
0.543956 -0.333883 -0.340438 0.119439 0.147849 0.0511634 
-0.123107 -0.359343 -0.432247 0.136177 0.0120076 -0.0200879 
0.407268 -0.422568 -0.433028 0.145064 0.119013 0.0377396 
-0.0593803 -0.411751 -0.452956 0.148164 0.0288616 -0.0235666 
0.126882 -0.276479 -0.29555 0.11631 0.0485759 0.0271253 
0.0212048 -0.345053 -0.509262 0.124713 0.0513167 -0.0184492 
0.297107 -0.397765 -0.286166 0.151532 0.105048 0.0305454 
0.101026 -0.339312 -0.431543 0.123452 0.064491 -0.00631472 
0.277651 -0.360535 -0.435027 0.142119 0.100101 0.0214066 
0.0244623 -0.292256 -0.441838 0.108128 0.0353043 -0.00230906 
0.228084 -0.335357 -0.409145 0.129741 0.0864573 0.012685 
-0.0340625 -0.261459 -0.480553 0.105376 0.0214133 0.00126476 
0.0629397 -0.427676 -0.289931 0.154274 0.0405237 -0.00283197 
0.21091 -0.319406 -0.432719 0.108494 0.0827171 0.00659461 
0.0935767 -0.278664 -0.399664 0.122665 0.0510292 -0.000459379 
0.23292 -0.276033 -0.327585 0.094812 0.084714 0.0253725 
0.0496132 -0.402368 -0.453588 0.139 0.0335992 -0.00539479 
0.301939 -0.272358 -0.363696 0.0997171 0.0864605 0.0378163 
0.0914144 -0.422951 -0.496656 0.157524 0.0597847 -0.0138132 
0.38008 -0.482441 -0.459217 0.168486 0.122472 0.0340948 
0.0612608 -0.403067 -0.377928 0.141531 0.0606325 -0.0325442 
0.3544 -0.42478 -0.444422 0.147073 0.115107 0.0372293 
-0.0163729 -0.336598 -0.456016 0.123291 0.0353772 -0.0233314 
0.232578 -0.205528 -0.362229 0.0772569 0.0640142 0.0494556 
0.0264147 -0.421105 -0.536571 0.151207 0.0421493 -0.0177012 
0.401263 -0.247678 -0.29471 0.0940436 0.11195 0.0422192 
0.0586077 -0.300962 -0.511141 0.115988 0.0553904 -0.026424 
-0.118266 -0.0814164 -0.287032 0.0310727 -0.00781672 -0.0214482 
-0.119691 -0.0813934 -0.287039 0.0310661 -0.00822374 -0.0214606 
0.0669869 -0.209505 -0.551784 0.0804362 0.00316376 0.0286242 
0.217597 -0.396291 -0.292293 0.120763 0.0619787 -0.00383801 
0.13771 0.00990056 -0.352132 0.0085983 0.0217979 0.0220041 
-0.283394 -0.308133 -0.553818 0.0980174 -0.085779 -0.0152386 
-0.00223705 -0.0841726 -0.384159 0.0283867 -0.00384844 0.00856253 
-0.142057 -0.169796 -0.404804 0.0494633 -0.045744 0.00192319 
-0.407914 0.00747782 -0.532103 0.0122185 -0.122458 -0.00760839 
0.185413 -0.135482 -0.392901 0.051235 0.0434202 0.0230955 
-0.085232 -0.195492 -0.320162 0.0575468 -0.0177123 -0.0117743 
0.29759 -0.322134 -0.358589 0.0968017 0.0591378 0.0386481 
-0.150669 -0.26324 -0.366147 0.0901013 -0.0367728 -0.0238145 
-0.237721 -0.190192 -0.361705 0.0746528 -0.0466769 -0.0316648 
-0.0244811 -0.0722678 -0.36148 0.0229185 0.00442801 -0.00474269 
-0.0269042 -0.0703512 -0.362177 0.0223772 0.00373713 -0.00476085 
-0.0509549 -0.35245 -0.372625 0.119366 0.00182462 -0.0282414 
0.0399487 -0.0347791 -0.108781 0.0193517 -0.00963751 0.0355589 
0.165513 -0.273152 -0.336253 0.0951802 0.040964 0.024198 
0.162972 -0.271406 -0.336886 0.0946871 0.0402395 0.0241786 
-0.237643 -0.158568 -0.473434 0.070423 -0.0344761 -0.0274603 
0.30508 -0.288198 -0.23546 0.110505 0.0868238 0.0326317 
-0.106323 -0.349939 -0.382371 0.131891 0.00633337 -0.0297894 
0.131127 -0.10664 -0.317524 0.060382 0.0461141 0.0213026 
-0.142596 -0.3632 -0.47585 0.13293 -0.010493 -0.0218719 
0.214412 -0.141351 -0.364574 0.0781793 0.0772919 0.024825 
-0.00422479 -0.425107 -0.268164 0.154922 0.0277936 0.000392232 
0.202369 -0.0263282 -0.372927 0.0312012 0.0624732 0.0117778 
0.128529 -0.304333 -0.381165 0.124578 0.0635371 0.000754014 
0.131548 -0.30601 -0.380557 0.125052 0.0643982 0.00077779 
0.115368 -0.184229 -0.34768 0.0666267 0.0474173 0.0153126 
0.00777095 -0.524395 -0.286785 0.182919 0.0357566 -0.0112471 
0.251068 -0.194508 -0.28353 0.0876356 0.0898486 0.0217358 
0.025543 -0.320184 -0.31556 0.119587 0.044178 -0.0162586 
0.173054 -0.249508 -0.294068 0.111248 0.0584006 0.0372348 
-0.0398387 -0.153547 -0.325646 0.0796399 0.0134982 -0.0152519 
0.233883 -0.313194 -0.291564 0.108902 0.0719245 0.0337602 
-0.00408592 -0.443853 -0.393877 0.164975 0.0464802 -0.0239066 
0.151984 -0.127717 -0.249137 0.0709868 0.0530954 0.0312279 
0.209739 -0.268751 -0.217082 0.12636 0.0675677 0.034351 
0.21093 -0.269109 -0.216952 0.126461 0.0679077 0.0343609 
0.00410648 -0.383758 -0.345812 0.173308 0.0386641 -0.00673963 
0.202737 -0.51995 -0.192822 0.215922 0.0610431 0.0341234 
0.0542191 -0.549437 -0.194324 0.264562 0.0335767 0.0172246 
0.0538578 -0.54942 -0.19433 0.264557 0.0334735 0.0172215 
0.0307967 -0.601662 -0.386815 0.297154 0.0437449 -0.00493876 
0.199434 -0.601855 -0.171666 0.273275 0.0683485 0.00785976 
0.150724 -0.516457 -0.267446 0.225602 0.0616397 0.00206491 
-0.0692883 -0.597181 -0.262141 0.274689 -0.00168157 -0.00453785 
0.276557 -0.650605 -0.240089 0.263671 0.0923999 0.0163693 
-0.021643 -0.608291 -0.253563 0.292027 0.0016659 -0.0013598 
0.0863543 -0.552153 -0.185951 0.266087 0.0150585 0.0289314 
-0.0345678 -0.845187 -0.311287 0.378781 0.00479183 -0.0124754 
0.0859481 -0.795947 -0.199853 0.389849 0.0242383 0.0178247 
-0.127048 -0.871705 -0.245928 0.403229 0.00559608 -0.0281162 
-0.0560815 -0.829492 -0.0635277 0.374617 0.0221595 -0.0236133 
-0.0523505 -0.831451 -0.0628153 0.37517 0.0232239 -0.0235837 
-0.164407 -0.799967 -0.164775 0.388247 -0.0265708 -0.0231758 
-0.162444 -0.801922 -0.164064 0.388799 -0.0260114 -0.0231618 
-0.0194371 -0.618826 -0.133553 0.27878 -0.0196997 0.034267 
-0.112572 -0.879353 -0.183931 0.389273 -0.00583454 -0.030219 
-0.0216624 -0.675749 -0.00732396 0.340434 -0.0243557 0.0190467 
-0.166608 -0.613081 -0.205938 0.259817 -0.0240949 -0.0242526 
0.0187509 -0.421434 -0.17532 0.213446 0.000277974 0.0116944 
-0.0800636 -0.587483 -0.108892 0.265933 -0.0157807 -0.00626223 
0.027363 -0.587691 -0.0452885 0.279274 0.00933752 0.0108317 
-0.120038 -0.58642 -0.307395 0.260413 -0.0364828 -0.00796912 
-0.0590368 -0.261528 -0.249305 0.131665 -0.0153556 0.00857889 
-0.119135 -0.226688 -0.486535 0.0906189 -0.0319344 -0.00190021 
-0.0940694 -0.0736551 -0.454995 0.0543376 -0.0212946 -0.00896799 
-0.128276 -0.163395 -0.282407 0.0902627 -0.0297754 0.00346698 
0.0519787 -0.430175 -0.400228 0.180604 0.0246806 -0.0152558 
0.0917305 -0.268694 -0.271068 0.140807 0.0137956 0.0204301 
-0.327807 -0.472171 -0.252906 0.223975 -0.0722117 -0.0190621 
0.126406 -0.53867 -0.264208 0.223869 0.00861771 0.0318 
-0.179261 -0.667688 -0.262238 0.307048 -0.038774 -0.0191059 
0.0304284 -0.693742 -0.135097 0.322122 -0.00412039 0.0212884 
-0.180379 -0.783854 -0.278705 0.358384 -0.0352274 -0.032467 
0.0508284 -0.718705 -0.151538 0.366176 0.00328338 0.0189879 
-0.18463 -0.571237 -0.302351 0.287889 -0.0449124 -0.0291276 
0.182676 -0.465323 -0.243583 0.204135 0.0366398 0.0288338 
-0.411279 -0.297888 -0.351674 0.169267 -0.103715 -0.0263576 
0.343128 -0.515035 -0.233272 0.199802 0.088975 0.0286163 
-0.161364 -0.361782 -0.340937 0.166048 -0.0188113 -0.0169261 
0.102561 -0.38752 -0.305847 0.168657 0.01612 0.0277996 
0.0879853 -0.545557 -0.205238 0.237815 0.0442374 -0.0176919 
-0.109945 -0.566622 -0.272775 0.260115 -0.0289988 0.0120186 
-0.167477 -0.610367 -0.374688 0.270526 -0.0170649 -0.0106755 
0.121892 -0.764073 -0.186519 0.353596 0.0365548 0.00787697 
-0.137475 -0.524038 -0.370417 0.248184 -0.0221213 -0.00203835 
-0.0270282 -0.737951 -0.188261 0.328441 0.000646346 -0.00109247 
-0.037928 -0.694531 -0.267374 0.340725 -0.00565294 0.00568997 
-0.186055 -0.717836 -0.140685 0.349635 -0.0398276 -0.0125596 
-0.0607865 -0.751042 -0.105671 0.355706 -0.0216685 0.00731078 
-0.134533 -0.936137 -0.0186521 0.455352 -0.0157359 -0.0199956 
0.0507461 -0.93349 0.0956819 0.424673 0.00709944 0.0190626 
-0.037917 -1.06484 0.000815259 0.497572 0.00508667 -0.0214301 
0.223675 -1.21289 0.350688 0.557643 0.0478269 0.0290422 
-0.142745 -1.27372 0.17291 0.608161 -0.015898 -0.020705 
0.188591 -1.45875 0.418155 0.67045 0.0478933 0.0253639 
-0.0116674 -1.45935 0.379337 0.684205 0.0168149 -0.0274095 
0.0567574 -1.17862 0.210438 0.55657 0.00807767 0.0149321 
-0.287396 -0.551861 -0.0432338 0.259796 -0.0627879 -0.0318015 
0.170144 -0.228288 -0.260662 0.0959002 0.0429975 0.0281477 
-0.0876652 -0.306418 -0.372313 0.126524 -0.0113013 -0.0132024 
0.0820373 -0.158316 -0.214822 0.0869784 0.0160086 0.0203365 
-0.104268 -0.321147 -0.496573 0.119756 -0.0137805 -0.0175313 
-0.0956038 -0.121552 -0.284536 0.0637462 -0.0321263 0.0163552 
-0.122788 -0.273407 -0.514484 0.095282 -0.0241929 -0.0171829 
-0.0778479 -0.173006 -0.296942 0.0910007 -0.0292847 0.00361994 
0.13501 -0.450212 -0.328839 0.185991 0.0391559 0.00663837 
0.131296 -0.447713 -0.329748 0.185286 0.0380967 0.00660982 
-0.198751 -0.394046 -0.235185 0.180647 -0.0485928 0.00365597 
-0.115713 -0.61057 -0.395665 0.2583 -0.0253067 -0.00306237 
0.0252001 -0.268656 -0.401703 0.163864 0.00974814 0.0112328 
-0.191013 -0.41609 -0.364793 0.218382 -0.0456842 -0.00869186 
-0.0307131 -0.639495 -0.267362 0.285064 -0.0116572 0.0113632 
-0.089745 -0.778747 -0.27364 0.34621 -0.00909026 -0.0245584 
-0.0132592 -0.662043 -0.16121 0.3207 -0.00972755 0.0182438 
-0.087657 -0.805956 -0.0684297 0.390544 -0.00148871 -0.0184631 
0.0556199 -0.779557 -0.0629685 0.38048 -0.00495987 0.0223041 
-0.281165 -1.00115 -0.0799422 0.490844 -0.0711078 -0.0258874 
-0.0186124 -1.02349 0.00543606 0.4938 -0.0135028 0.020305 
0.021172 -0.959552 -0.0544026 0.489271 -0.00395059 0.0127116 
-0.0660323 -0.738415 -0.0295489 0.33178 -0.00807451 0.00609799 
0.0437301 -0.909784 0.000983843 0.431958 0.00577743 0.0112658 
0.0451256 -0.910431 0.00121935 0.432141 0.0061756 0.011277 
-0.339495 -0.774344 -0.0811607 0.37755 -0.0800604 -0.0245921 
0.061219 -1.03324 0.160862 0.497275 0.0111772 0.0114147 
-0.196888 -0.624193 -0.260118 0.321818 -0.0354451 -0.00936178 
-0.0036724 -0.707787 -0.0335233 0.330566 -0.00319615 0.00793602 
-0.0934909 -0.637419 -0.24706 0.289609 -0.0173152 -0.0103811 
-0.20407 -0.670039 -0.244772 0.316875 -0.0397556 -0.0160924 
-0.0730959 -0.675865 -0.101432 0.297966 -0.0129677 0.00733776 
-0.0490337 -1.05133 0.0395746 0.440244 -0.0137454 -0.0120939 
-0.267392 -0.464859 -0.309131 0.222816 -0.0542625 -0.0138205 
-0.267079 -0.464964 -0.309092 0.222845 -0.0541735 -0.0138179 
-0.230254 -0.596489 -0.267017 0.282471 -0.0506941 -0.0299793 
-0.231095 -0.595659 -0.267319 0.282236 -0.0509339 -0.0299853 
0.0825993 -0.509895 -0.0957319 0.239417 0.0165637 0.020578 
-0.144111 -0.682953 -0.147001 0.2983 -0.0177482 -0.0310723 
-0.177716 -0.629303 -0.0653371 0.284685 -0.0619817 0.0167085 
-0.230507 -1.02003 -0.478294 0.373944 -0.0477132 -0.0210541 
0.220916 -0.580543 -0.0359561 0.269968 0.0455656 0.0253637 
-0.436881 -0.830292 -0.211881 0.365828 -0.103071 -0.0265695 
0.151021 -0.72136 -0.00221639 0.348516 0.0127172 0.0173178 
-0.170667 -0.716399 -0.019932 0.343 -0.0362011 -0.0302995 
-0.0843588 -0.969938 -0.0210938 0.430178 -0.0275775 0.00454238 
-0.208223 -0.850057 -0.0978292 0.395545 -0.0406265 -0.0231529 
0.00336424 -0.95933 0.000225478 0.413328 0.00253193 0.00295092 
-0.265325 -0.656598 -0.160876 0.318807 -0.0589988 -0.0143264 
0.0831828 -0.890033 0.0134385 0.405409 0.0182495 0.00162438 
0.0543659 -0.666686 -0.0539886 0.316737 0.0330684 0.0026032 
0.0387012 -0.935835 -0.0524966 0.403145 0.00037893 -0.00110646 
0.0380659 -0.934228 -0.0530829 0.402691 0.000198457 -0.00110943 
-0.216944 -0.703316 -0.218321 0.339457 -0.038579 -0.0134298 
0.117594 -1.0092 0.140328 0.433666 0.0267521 0.00603539 
-0.191338 -0.677677 -0.133357 0.34628 -0.0522532 -0.0250744 
-0.130897 -0.636371 -0.00294505 0.292138 -0.0525241 0.0121518 
-0.0596212 -1.00866 0.182739 0.431798 -0.0100243 -0.0256688 
0.013075 -0.75089 0.0320365 0.34941 -0.0166239 0.0189553 
-0.161448 -0.800119 -0.279618 0.365283 -0.0374048 -0.0242746 
-0.040278 -0.862086 0.102302 0.406478 -0.0337585 0.0174543 
-0.253693 -0.667427 -0.302759 0.294198 -0.0519495 -0.0310479 
0.119088 -0.652388 -0.0732321 0.291779 0.0187637 0.0186731 
-0.184122 -0.792488 -0.0953009 0.357305 -0.0314567 -0.0258983 
0.0245748 -0.850527 0.130637 0.391093 -0.0065868 0.0169773 
-0.215858 -0.696963 -0.150985 0.34261 -0.0470963 -0.0208995 
-0.278889 -0.975962 -0.0213957 0.454911 -0.0654898 -0.0221927 
-0.27718 -0.97773 -0.0207516 0.45541 -0.0650028 -0.0221806 
-0.155482 -0.931158 0.0477699 0.444952 -0.0526087 0.0109901 
-0.158802 -0.812274 -0.0778987 0.365845 -0.0271794 -0.0168131 
-0.106756 -0.791196 -0.127741 0.381922 -0.0382879 0.00880717 
-0.221463 -0.75488 -0.0727105 0.332958 -0.0608058 -0.00964432 
-0.0175767 -0.696914 -0.160728 0.300055 -0.00420536 0.00353718 
-0.146631 -0.57504 -0.251856 0.286105 -0.0435394 -0.00296433 
-0.0506346 -0.87505 -0.205722 0.388544 -0.0163838 0.000197196 
-0.136844 -0.87977 -0.0297125 0.418358 -0.0452697 0.000693374 
-0.22132 -1.00162 0.0114446 0.469386 -0.0575656 -0.010506 
-0.0998326 -0.847635 -0.0930567 0.392678 -0.0339171 -0.000978618 
-0.190979 -0.943283 0.0668467 0.439452 -0.0423462 -0.0152182 
-0.0456027 -0.937408 0.0635713 0.431394 -0.0185147 0.0134277 
0.0758487 -0.88463 0.0525737 0.42435 0.00638164 0.0208582 
0.0765019 -0.88523 0.0527919 0.42452 0.00656782 0.020863 
-0.262458 -1.00193 -0.0326589 0.453821 -0.0592296 -0.0231449 
0.149275 -1.15749 0.216824 0.527043 0.0297676 0.0171965 
-0.258641 -0.97002 -0.187731 0.436258 -0.0491058 -0.0315517 
-0.0741495 -0.682078 -0.0247045 0.29166 -0.0121948 0.0114747 
-0.164607 -0.781871 -0.146435 0.349749 -0.0169591 -0.0259961 
-0.0208507 -0.72998 0.0623288 0.344021 -0.0119427 0.0239776 
-0.192008 -0.887601 -0.172477 0.381728 -0.0312963 -0.0185447 
0.000183145 -1.02583 0.101184 0.454251 0.00906556 0.0121766 
-0.18791 -1.02921 -0.00207854 0.449173 -0.026866 -0.0197955 
-0.0504924 -0.891299 -0.169589 0.414613 -0.00622356 0.00537969 
-0.0436726 -1.01945 -0.0301576 0.473088 0.00748143 -0.0157408 
-0.0989503 -0.771147 -0.00266659 0.353206 -0.0210674 0.00524262 
-0.12412 -0.711807 -0.319723 0.310528 -0.0133711 -0.0119415 
-0.0364083 -0.713336 -0.0435924 0.329856 -0.00882231 0.00294267 
-0.134111 -0.695849 -0.142582 0.300199 -0.0284728 -0.00632631 
-0.201751 -0.747831 -0.137939 0.335031 -0.0544158 -0.00148573 
-0.107705 -0.84175 -0.0479419 0.378726 -0.0277702 -0.00175601 
-0.234804 -0.854434 -0.0393028 0.402164 -0.0546795 -0.013446 
0.0149738 -0.483061 0.019314 0.248233 0.0128155 0.00497394 
-0.178869 -0.751847 -0.239215 0.34547 -0.0394514 -0.0130051 
-0.0648269 -0.810254 -0.149261 0.366391 -0.0159966 0.0096476 
-0.113297 -0.867762 -0.233517 0.39398 -0.0284432 -0.00876431 
0.0359332 -0.855851 0.0294182 0.397577 0.00568805 0.0142181 
-0.329613 -0.993371 -0.114188 0.453204 -0.0746418 -0.0259156 
-0.0180486 -1.04726 -0.0250531 0.472627 -0.0138908 0.0115917 
-0.119007 -1.10414 -0.00701137 0.487767 -0.0157207 -0.0271709 
-0.0418983 -0.763091 0.0631551 0.382217 -0.0136659 0.00643054 
-0.217204 -0.987602 -0.125525 0.446164 -0.0407834 -0.0264168 
0.0401083 -0.992442 0.297819 0.440466 -0.004106 0.0167725 
-0.150928 -0.509945 -0.336019 0.235358 -0.0227144 -0.0199287 
0.0489244 -0.0541816 -0.436092 0.0040588 0.00397947 0.0157869 
-0.173878 -0.0381485 -0.698759 0.0144111 -0.0320519 -0.0191024 
-0.190355 0.035995 -0.504312 -0.0141107 -0.0677537 0.00247557 
-0.165064 -0.203693 -0.569004 0.0495384 -0.0519233 0.00438733 
-0.164482 -0.203347 -0.56913 0.0494406 -0.0517568 0.004393 
-0.331672 -0.0252302 -0.583578 -0.000770389 -0.0798357 -0.010195 
-0.165026 -0.165475 -0.496319 0.0381563 -0.0530084 0.00133203 
-0.245902 -0.0261981 -0.775288 0.0201207 -0.0617542 -0.016031 
-0.195161 -0.119883 -0.496675 0.0324332 -0.0577581 -0.00237918 
-0.24188 -0.0680243 -0.579716 0.0172785 -0.0525522 -0.0158849 
-0.0921427 -0.336835 -0.741987 0.0986561 -0.0156234 -0.012595 
-0.19362 -0.137669 -0.488017 0.0226074 -0.0705067 0.0049803 
-0.209112 -0.149126 -0.525969 0.0411545 -0.0424801 -0.0216766 
-0.132271 -0.177934 -0.51782 0.0358757 -0.0472808 0.00994588 
-0.350955 -0.149197 -0.493243 0.0385638 -0.0917981 -0.0212415 
0.107033 -0.21641 -0.465777 0.0701506 0.0180521 0.0239669 
-0.052771 -0.0416828 -0.393799 -0.00125708 -0.0313109 0.0181493 
-0.0505186 -0.0439238 -0.392985 -0.000624221 -0.030669 0.0181654 
-0.111167 -0.445386 -0.556769 0.13582 -0.0101743 -0.0255251 
-0.239614 -0.36452 -0.615619 0.104786 -0.0602199 -0.0225341 
-0.239972 -0.363164 -0.616113 0.104403 -0.0603215 -0.0225351 
0.116691 -0.133504 -0.420316 0.0332291 0.0325956 0.0140671 
-0.0822412 -0.277758 -0.53898 0.063909 -0.0388902 0.013678 
-0.0829736 -0.276925 -0.539283 0.0636736 -0.0390988 0.013673 
0.363515 -0.0932759 -0.596291 0.0267745 0.0938989 0.00689935 
-0.321774 0.0554225 -0.650562 -0.0100231 -0.0796319 -0.0162351 
-0.322152 0.0532043 -0.649755 -0.00939671 -0.0797411 -0.0162421 
0.334874 -1.35273 -0.303475 0.368333 0.0893537 0.0280353 
0.393601 -1.72866 -0.884695 0.482694 0.113821 0.0127078 
0.393601 -1.72866 -0.884695 0.482694 0.113821 0.0127078 
