-0.0125607 -0.00225785 0 -0.00024078 0.000728033 -0.0210974 
-0.0128538 -0.00256738 0 -0.00020213 0.000748528 -0.0178695 
-0.0119226 -0.00186568 0 -0.000847319 -0.000376945 -0.0161711 
-0.0108441 -0.000279754 0 -0.00108655 -0.000570287 -0.016863 
-0.0113857 -0.00882393 0 -0.000354842 0.000508141 -0.0148341 
-0.0112776 -0.00806534 0 -0.000612232 0.000140283 -0.0132007 
-0.0103294 -0.00921345 0 -0.00100667 -0.00082882 -0.0117462 
-0.00982779 -0.00886387 0 -0.00112535 -0.000462425 -0.0144187 
-0.00971478 -0.00848308 0 -0.000770365 4.33259e-06 -0.0188589 
-0.00893909 -0.008995 0 -0.00131332 -0.0007574 -0.0183382 
-0.00865906 -0.00956437 0 -0.00106382 -0.000320446 -0.0208904 
-0.00835419 -0.00857562 0 -0.000948141 -0.00023349 -0.02466 
-0.00792009 -0.00826478 0 -0.00108115 -0.000469644 -0.0253858 
-0.00768459 -0.00869992 0 -0.000990942 -0.000220727 -0.0282875 
-0.00735211 -0.00825405 0 -0.00103957 -0.000345984 -0.0307295 
-0.00706917 -0.00718626 0 -0.000960318 -0.000301992 -0.031932 
-0.00691688 -0.00736746 0 -0.000966989 -0.000166873 -0.0347828 
-0.00655603 -0.0063279 0 -0.00101334 -0.000413568 -0.0360427 
-0.00645924 -0.0062125 0 -0.000808601 -0.000135989 -0.0372254 
-0.00627518 -0.00588629 0 -0.000842117 -0.000140537 -0.0393909 
-0.0059312 -0.00555938 0 -0.00101062 -0.000435807 -0.0400145 
-0.00602871 -0.0055747 0 -0.000622681 7.97652e-05 -0.0417635 
-0.00569779 -0.0049535 0 -0.000882074 -0.000259927 -0.0429539 
-0.00557947 -0.0047099 0 -0.000861612 -0.000219748 -0.0441315 
-0.00559723 -0.0049043 0 -0.000543503 0.000141799 -0.0458375 
-0.00523406 -0.0042952 0 -0.000968178 -0.000422069 -0.0479453 
-0.00525421 -0.00470698 0 -0.000648568 -4.28328e-05 -0.0491428 
-0.00522381 -0.00457382 0 -0.000544583 8.28193e-05 -0.0511012 
-0.00492877 -0.00409076 0 -0.000960362 -0.000388943 -0.0525334 
-0.00501525 -0.00345087 0 -0.000669199 -2.05547e-05 -0.0541277 
-0.00496548 -0.00326106 0 -0.000482672 0.000147829 -0.0556232 
-0.00472558 -0.00340483 0 -0.000868352 -0.000302923 -0.0553514 
-0.00477499 -0.00357005 0 -0.000653003 -6.47031e-05 -0.054073 
-0.0048039 -0.00325632 0 -0.000552366 0.000188216 -0.0549573 
-0.00459391 -0.00312829 0 -0.000730237 -0.000161314 -0.0540692 
-0.00464493 -0.0034624 0 -0.000591719 1.98989e-05 -0.0537388 
-0.00462705 -0.00337648 0 -0.000586861 9.64661e-05 -0.053988 
-0.00449002 -0.00356707 0 -0.000620605 -0.000100796 -0.0532626 
-0.0044992 -0.00374314 0 -0.000640976 -2.64223e-06 -0.0532724 
-0.00448328 -0.00365186 0 -0.000532413 0.000123375 -0.0538467 
-0.0043807 -0.0036214 0 -0.00078441 -0.000110874 -0.0548569 
-0.00448483 -0.00373498 0 -0.000409427 0.000174791 -0.0550745 
-0.00429904 -0.00347358 0 -0.000671446 -8.52903e-05 -0.0556012 
-0.00440758 -0.00352365 0 -0.00055915 0.000115641 -0.0562308 
-0.00433594 -0.00331825 0 -0.00063202 -2.08934e-06 -0.0564323 
-0.00433999 -0.00342658 0 -0.000531085 0.000136424 -0.056834 
-0.00437945 -0.00355324 0 -0.000533596 0.000169722 -0.0568586 
-0.0042547 -0.00336578 0 -0.000662688 -4.85295e-05 -0.0565021 
-0.00436473 -0.00340146 0 -0.000402337 0.000297196 -0.0571472 
-0.00426787 -0.00346136 0 -0.000527927 0.000117388 -0.0569273 
-0.00410962 -0.00337574 0 -0.000660514 -3.99685e-05 -0.0564633 
-0.00427735 -0.00345886 0 -0.000389367 0.000335116 -0.0569456 
-0.00411826 -0.00299767 0 -0.000537186 0.000101604 -0.0563517 
-0.00400573 -0.00298026 0 -0.000595622 1.05599e-05 -0.0562228 
-0.00408041 -0.00318655 0 -0.000413214 0.000255064 -0.0562735 
-0.0039106 -0.00292465 0 -0.000599764 -1.27802e-05 -0.0552958 
-0.00394213 -0.00305772 0 -0.000564781 0.000100191 -0.0554026 
-0.00390244 -0.00298336 0 -0.000450375 0.000155223 -0.0545867 
-0.00378329 -0.00274402 0 -0.000632437 -4.21511e-05 -0.0540827 
-0.00382757 -0.0028725 0 -0.000465663 0.000112823 -0.0540477 
-0.00375861 -0.00272909 0 -0.000449041 8.20889e-05 -0.0531303 
-0.00371814 -0.00282586 0 -0.000564831 -2.2667e-05 -0.0529787 
-0.00369745 -0.00292972 0 -0.000401255 3.24876e-05 -0.0523078 
-0.00362092 -0.00253707 0 -0.000444369 -6.75959e-05 -0.0516808 
-0.00369215 -0.00256687 0 -0.000376564 6.6841e-05 -0.051548 
-0.00357586 -0.00262401 0 -0.000426211 -0.000103998 -0.0510104 
-0.00361043 -0.00269088 0 -0.000348157 -1.4006e-05 -0.0509824 
-0.00362957 -0.00269395 0 -0.000403092 -3.91327e-05 -0.0507134 
-0.00366747 -0.00266272 0 -0.000297591 3.8466e-05 -0.0503516 
-0.00370741 -0.00273362 0 -0.000400598 -4.26376e-05 -0.0505985 
-0.00370675 -0.00273561 0 -0.000400168 -3.87004e-05 -0.0497504 
-0.00379395 -0.00277072 0 -0.000218784 0.000100842 -0.0500184 
-0.00377226 -0.00275743 0 -0.000425154 -8.76264e-05 -0.0496684 
-0.00380433 -0.00277993 0 -0.000469535 -9.23938e-05 -0.0492508 
-0.00390953 -0.00305283 0 -0.000106468 0.000172637 -0.049349 
-0.00379807 -0.00265354 0 -0.00048096 -0.000154504 -0.048815 
-0.00388896 -0.00281078 0 -0.000324885 -5.64423e-07 -0.048523 
-0.00393951 -0.00280187 0 -0.000129176 0.000123455 -0.0497511 
-0.00388843 -0.00262058 0 -0.000403131 -6.37894e-05 -0.051132 
-0.00400358 -0.00279236 0 -7.84115e-05 0.000200767 -0.0510701 
-0.00397521 -0.00256452 0 -0.000245523 6.27332e-05 -0.0525048 
-0.00390434 -0.0027402 0 -0.000421567 -0.000137886 -0.053291 
-0.00409353 -0.00298584 0 -6.42323e-05 0.000219295 -0.05382 
-0.00389963 -0.00269052 0 -0.000448721 -0.000223112 -0.0545152 
-0.0040735 -0.00299621 0 -0.00024868 6.81746e-05 -0.0553814 
-0.00400144 -0.00300336 0 -0.000282276 -5.12504e-05 -0.0555252 
-0.00403023 -0.00282285 0 -0.000345851 -7.17872e-05 -0.0564585 
-0.00402474 -0.0026814 0 -0.000372425 -8.35304e-05 -0.056869 
-0.00412333 -0.00259137 0 -0.000204383 8.23926e-05 -0.0574479 
-0.00397569 -0.00254244 0 -0.000516601 -0.000254971 -0.0589171 
-0.00407183 -0.00270867 0 -0.000201089 8.20416e-06 -0.0607347 
-0.00411385 -0.00282672 0 -0.000308149 -1.00312e-05 -0.0615159 
-0.00397253 -0.00261089 0 -0.000599962 -0.000336298 -0.0630106 
-0.00415862 -0.00289175 0 -9.69755e-05 9.47639e-05 -0.0642038 
-0.00406927 -0.00283477 0 -0.000416982 -0.00017181 -0.0650862 
-0.00409228 -0.00292566 0 -0.000305922 -9.47664e-05 -0.0663885 
-0.00420052 -0.00258815 0 -5.70252e-05 0.000115484 -0.0676245 
-0.00405705 -0.00228143 0 -0.000437469 -0.000227809 -0.0681469 
-0.00421053 -0.00249228 0 -7.21345e-05 0.000115022 -0.0688252 
-0.00416291 -0.00248685 0 -0.000240055 -6.35419e-05 -0.06841 
-0.00414956 -0.00245959 0 -0.000408385 -0.000176542 -0.0690869 
-0.00418007 -0.00269118 0 -0.000112753 -1.23056e-05 -0.0686723 
-0.00417674 -0.0025726 0 -0.000363513 -0.000149414 -0.0688839 
-0.0042209 -0.00264087 0 -0.000213394 -2.56735e-05 -0.0690207 
-0.00415254 -0.00207335 0 -0.000284716 -0.000160954 -0.068706 
-0.004273 -0.00222331 0 -0.00025133 4.60151e-06 -0.0692349 
-0.0042429 -0.0022237 0 -0.000168259 -9.39526e-06 -0.0679679 
-0.00420332 -0.00221074 0 -0.000302753 -0.000128086 -0.0669493 
-0.00431257 -0.00236562 0 -0.000170203 8.57337e-05 -0.0668909 
-0.00422859 -0.00234258 0 -0.000190498 -6.61931e-05 -0.0653228 
-0.0042032 -0.00250337 0 -0.00036842 -0.000169419 -0.0649842 
-0.00436151 -0.00256664 0 -2.59189e-05 0.000147597 -0.064171 
-0.00423884 -0.0020231 0 -0.000336572 -0.000171192 -0.0628572 
-0.00429726 -0.00215188 0 -0.000255782 -5.92845e-05 -0.0623735 
-0.00431287 -0.00217533 0 -0.000218831 -3.65928e-05 -0.0607308 
-0.00428295 -0.0021295 0 -0.000391757 -0.000159202 -0.0587597 
-0.00434619 -0.0022682 0 -8.29304e-05 5.31743e-05 -0.0576783 
-0.00431573 -0.0022223 0 -0.000157861 -2.06352e-05 -0.0559559 
-0.00432903 -0.00224525 0 -0.000253208 -7.5218e-05 -0.0542101 
-0.00432467 -0.0024128 0 -0.000152851 -4.05097e-05 -0.0526319 
-0.00434363 -0.00232619 0 -0.000131682 -4.62841e-06 -0.0510283 
-0.00436175 -0.00215793 0 -0.000223325 -3.66763e-05 -0.0495955 
-0.00436443 -0.0022828 0 -0.000108629 4.56741e-07 -0.0480534 
-0.00437433 -0.00223365 0 -6.79973e-05 2.95689e-05 -0.0466696 
-0.0043447 -0.00222784 0 -0.000275121 -0.000104752 -0.0450392 
-0.00440043 -0.00231868 0 -8.92183e-05 -2.4524e-06 -0.0436009 
-0.00438046 -0.00220171 0 -0.00024003 -8.14581e-05 -0.0427161 
-0.00434881 -0.00214931 0 -0.000251751 -0.000133629 -0.040775 
-0.00458509 -0.00241339 0 0.000125996 0.000161369 -0.0388693 
-0.00474739 -0.00227067 0 -1.43594e-05 3.8147e-05 -0.0367268 
-0.00446951 -0.00226271 0 -8.73216e-05 -2.24711e-06 -0.0359574 
-0.00476331 -0.00198787 0 0.00023614 0.000282366 -0.0340683 
-0.00467896 -0.00197664 0 -0.000115844 -7.83752e-05 -0.0322853 
-0.00460285 -0.00226715 0 -0.000131614 -1.25572e-05 -0.0313055 
-0.00485653 -0.00219211 0 3.6393e-05 5.5501e-05 -0.0298951 
-0.00479937 -0.00200167 0 0.000143662 0.000102948 -0.0298108 
-0.00474828 -0.00238651 0 -2.82138e-06 0.000124078 -0.0289556 
-0.00495887 -0.00231007 0 2.03441e-05 5.31794e-05 -0.0272382 
-0.00497305 -0.00231719 0 -7.91872e-05 -1.69954e-05 -0.0262046 
-0.00478357 -0.00227505 0 -1.4187e-05 7.02465e-05 -0.0264081 
-0.00482112 -0.00234321 0 -1.42249e-05 -7.12185e-05 -0.0249277 
-0.004821 -0.0022848 0 -0.000116113 -2.92142e-05 -0.0246552 
-0.00477278 -0.0022471 0 -6.19787e-05 1.9336e-06 -0.0239879 
-0.00473148 -0.00197053 0 -0.000136881 -0.000175546 -0.0226082 
-0.00475532 -0.00201687 0 -0.000190316 -3.14458e-05 -0.0224395 
-0.00469804 -0.00212365 0 -0.000177675 -9.53931e-05 -0.0223205 
-0.00460386 -0.00210032 0 -5.87268e-05 -0.000187016 -0.0229376 
-0.00471359 -0.0021272 0 -4.6991e-05 -4.172e-06 -0.0223682 
-0.00463855 -0.00211877 0 -0.000194248 -0.000181304 -0.0226667 
-0.00460589 -0.00223041 0 -8.65575e-06 -0.000129627 -0.0229692 
-0.00467831 -0.00208673 0 -0.000214121 -8.00538e-05 -0.0223797 
-0.00461304 -0.00208923 0 -7.61093e-05 -0.000121087 -0.0230616 
-0.00458318 -0.00226066 0 -0.000122682 -0.000143484 -0.0228703 
-0.00467354 -0.00183833 0 -8.79799e-05 7.81462e-06 -0.0224264 
-0.0045374 -0.00188488 0 -0.000124594 -0.000227412 -0.0224713 
-0.00467342 -0.001847 0 -5.1406e-06 -1.79712e-05 -0.0216458 
-0.00469786 -0.00190347 0 -0.000126502 -7.48895e-05 -0.0201663 
-0.00466007 -0.00186592 0 -1.65109e-06 -6.49529e-05 -0.0200681 
-0.00470871 -0.00185931 0 3.93377e-05 2.71272e-05 -0.0193101 
-0.0046069 -0.00193053 0 -0.000324439 -0.000225394 -0.0187334 
-0.00474387 -0.0021604 0 0.00022339 0.000136262 -0.0178504 
-0.004686 -0.00173607 0 -8.07962e-06 1.88082e-06 -0.0171212 
-0.0046218 -0.0017933 0 -0.000131481 -0.000109444 -0.0165775 
-0.00476438 -0.00191596 0 0.000173287 0.000173676 -0.0150683 
-0.00470722 -0.00171128 0 -3.61561e-05 -6.19298e-06 -0.0129791 
-0.00458729 -0.00176761 0 -0.000248276 -0.000222011 -0.012372 
-0.00476199 -0.00181448 0 7.11805e-05 0.000123385 -0.0105535 
-0.00465745 -0.00177798 0 -7.05619e-05 -7.64795e-05 -0.00877329 
-0.00466979 -0.00186789 0 -7.33696e-05 -0.000102372 -0.00756938 
-0.0046984 -0.00197932 0 -4.17227e-05 -5.42955e-06 -0.00551556 
-0.00470275 -0.0015296 0 -3.91591e-05 -4.29531e-05 -0.00460553 
-0.00472689 -0.00163072 0 1.51686e-05 8.72771e-06 -0.00291226 
-0.00470436 -0.0016593 0 6.93724e-06 -1.05571e-05 -0.000726232 
-0.00470698 -0.00172752 0 -6.63282e-05 -8.1724e-05 0.00194631 
-0.00470352 -0.00172257 0 -4.51068e-05 -5.34713e-06 0.00424142 
-0.00474155 -0.00174108 0 4.85883e-05 4.85977e-05 0.0063945 
-0.00468409 -0.00173023 0 -0.000154862 -0.000146773 0.00902146 
-0.0047344 -0.00172213 0 -1.06361e-05 2.124e-05 0.0109755 
-0.00476092 -0.00173923 0 -1.66047e-06 2.25881e-05 0.0131 
-0.00469613 -0.00162712 0 -0.000167478 -0.00011569 0.0157714 
-0.00465393 -0.00172412 0 -0.000127972 -0.000120734 0.0181542 
-0.00468057 -0.00173175 0 -0.000176035 -0.000148871 0.0206324 
-0.00468349 -0.0017688 0 -0.000295574 -0.000195906 0.0232896 
-0.00474334 -0.00188091 0 -3.08212e-05 -2.20022e-05 0.0257323 
-0.00468349 -0.00196987 0 -0.000224561 -0.000192751 0.0283971 
-0.00472635 -0.0019834 0 -0.000221796 -0.000153146 0.0309309 
-0.00482005 -0.00203946 0 6.8148e-05 8.42266e-05 0.0333563 
-0.00471848 -0.00200713 0 -0.000164757 -0.000163122 0.0359796 
-0.00472373 -0.00211382 0 -0.00032037 -0.000203322 0.0385639 
-0.00479531 -0.0021193 0 -6.27034e-05 -2.83302e-05 0.0410737 
-0.00474155 -0.00191143 0 -0.000125625 -0.000116303 0.0434787 
-0.00478798 -0.00201327 0 -0.000163016 -6.31416e-05 0.0457606 
-0.00479478 -0.00196475 0 -0.000142116 -7.31689e-05 0.0470514 
-0.00467807 -0.00193816 0 -0.000270702 -0.000218866 0.0483356 
-0.00486797 -0.0019317 0 -6.91282e-05 5.91827e-05 0.0500435 
-0.00476015 -0.00183749 0 -0.0001995 -0.00011023 0.0515284 
-0.0046562 -0.00174171 0 -0.000318574 -0.000191764 0.0522496 
-0.00483018 -0.0019044 0 3.54699e-05 8.83464e-05 0.05394 
-0.0046044 -0.00176537 0 -0.00042224 -0.000298279 0.0559017 
-0.00465852 -0.0019277 0 -0.000147693 -6.77862e-05 0.0566919 
-0.00465393 -0.00199535 0 -0.000154062 -9.04046e-05 0.0588164 
-0.00453037 -0.00184572 0 -0.000383697 -0.000270237 0.0602108 
-0.00453806 -0.00205147 0 -6.25395e-05 -9.20824e-05 0.0608009 
-0.00452232 -0.00183478 0 -0.000279543 -0.000194988 0.063073 
-0.00430375 -0.00183848 0 -0.000509335 -0.000313233 0.0600282 
-0.0041073 -0.00180945 0 -0.000224921 -0.000178433 0.0562792 
-0.00448477 -0.00172946 0 -0.000184175 -8.97196e-05 0.0599001 
-0.00456053 -0.00184256 0 -0.000332263 -0.000163319 0.058955 
-0.00429708 -0.00155213 0 -0.000377088 -0.000126316 0.0540957 
-0.00451785 -0.00138226 0 -0.000240297 -6.02535e-05 0.0561768 
-0.00438243 -0.00141639 0 -0.000519139 -0.000200172 0.053322 
-0.00433123 -0.000736475 0 -0.000407412 -8.70016e-05 0.0512162 
-0.00447845 -0.000718862 0 -0.000301955 -2.81416e-05 0.0516234 
-0.00432402 -0.000800878 0 -0.000583736 -0.000198424 0.0492819 
-0.00435793 -0.000865132 0 -0.000383278 -5.81231e-05 0.0488409 
-0.00438219 -0.000912011 0 -0.000363693 -7.73325e-05 0.0480472 
-0.00422239 -0.000893652 0 -0.00057369 -0.000228979 0.0465459 
-0.00437242 -0.000897408 0 -0.00028747 4.26201e-05 0.0460315 
-0.00428474 -0.00103158 0 -0.000476685 -0.000160421 0.0447975 
-0.0042448 -0.00103185 0 -0.000495648 -0.000125612 0.0439612 
-0.00445604 -0.00107899 0 -0.000161903 0.000148844 0.0436391 
-0.00431424 -0.00123605 0 -0.000591675 -0.000255291 0.0424766 
-0.00440198 -0.000579178 0 -0.000329898 1.25031e-05 0.0414844 
-0.00451785 -0.000749379 0 -0.000259479 8.08295e-05 0.0414956 
-0.00446868 -0.00074026 0 -0.000513486 -0.000131493 0.0415903 
-0.00458515 -0.000895292 0 -0.000296878 0.00010311 0.0428941 
-0.00454271 -0.000945479 0 -0.000252745 3.44905e-05 0.0423642 
-0.00461972 -0.000914395 0 -0.000315099 0.000104363 0.0430851 
-0.00456512 -0.000572652 0 -0.000291584 8.05952e-05 0.0440732 
-0.00449073 -0.000992805 0 -0.000449264 -2.29161e-05 0.0440054 
-0.00467694 -0.00087297 0 -0.000194688 0.000265279 0.0459817 
-0.00453019 -0.000739753 0 -0.000537342 -0.000134434 0.0481002 
-0.00423717 -0.000656366 0 -0.000715603 -0.000318169 0.0459762 
-0.00447935 -0.000785708 0 -0.000270875 7.56831e-05 0.049446 
-0.00446802 -0.000920236 0 -0.000453732 -0.00016853 0.0528962 
-0.00439209 -0.00104854 0 -0.00110944 -0.000375293 0.0530045 
-0.00473464 -0.00106227 0 -0.000664664 -0.000116405 0.0565013 
-0.00475347 -0.00102806 0 -0.000544195 -5.17922e-05 0.0589768 
-0.0045476 -0.00131032 0 -0.000934096 -0.000291093 0.0598189 
-0.00480783 -0.00139779 0 -0.00061911 -8.71285e-05 0.0627008 
-0.00481105 -0.001257 0 -0.000606923 -1.05523e-05 0.0646576 
-0.00471908 -0.00135595 0 -0.000750479 -0.000187505 0.0664651 
-0.00485742 -0.00109348 0 -0.000513104 -4.43198e-05 0.0689207 
-0.00489557 -0.00108913 0 -0.000569028 4.09824e-05 0.0706387 
-0.00487965 -0.00111723 0 -0.000661466 -9.81435e-05 0.0732079 
-0.00512516 -0.00119451 0 -0.00040426 0.000166122 0.0766194 
-0.00506502 -0.00106877 0 -0.000439118 0.000109591 0.0793824 
-0.00496548 -0.00112814 0 -0.000504089 -2.22228e-05 0.0819511 
-0.00514352 -0.00111404 0 -0.000477972 0.000103581 0.0845397 
-0.00506115 -0.00112855 0 -0.000423059 -5.75915e-05 0.0872826 
-0.00479996 -0.00119025 0 -0.000443831 -4.76012e-05 0.0895507 
-0.00492585 -0.00125387 0 -0.000379665 7.6636e-05 0.0920681 
-0.00482732 -0.00114536 0 -0.000462895 -4.35715e-05 0.0948332 
-0.00469035 -0.00109819 0 -0.00049953 -0.000106895 0.0971844 
-0.00484651 -0.00110018 0 -0.000136326 0.000163685 0.0994818 
-0.00478846 -0.00107795 0 -0.000394464 -2.61693e-05 0.102241 
-0.00469398 -0.00109291 0 -0.000588164 -7.4857e-05 0.1038 
-0.00472206 -0.00103125 0 -8.83081e-05 0.000146512 0.10532 
-0.00465167 -0.000943929 0 -0.000450489 -8.47644e-05 0.107899 
-0.00461346 -0.000993192 0 -0.000481236 -1.19242e-05 0.109157 
-0.00459087 -0.00107428 0 -0.00021915 2.00852e-05 0.111058 
-0.00450659 -0.000837922 0 -0.000507554 -0.000158346 0.113062 
-0.00452578 -0.000979364 0 -0.000379674 -1.49613e-05 0.114507 
-0.00464928 -0.000748217 0 -0.000288849 -8.74165e-06 0.117167 
-0.00476545 -0.000678539 0 -0.000137204 -1.64333e-05 0.119736 
-0.00449449 -0.000786752 0 -0.000426944 -0.000172859 0.120271 
-0.00475293 -0.000641912 0 -0.000174056 8.11837e-06 0.122608 
-0.00494647 -0.000649124 0 9.79466e-05 7.08833e-05 0.12563 
-0.00501758 -0.000677437 0 -0.000353272 -0.000160646 0.127975 
-0.00484645 -0.000645101 0 -0.000454698 -0.00019565 0.126808 
-0.00489819 -0.000559449 0 -1.41308e-05 -4.31284e-06 0.125791 
-0.00493443 -0.000546455 0 -0.000479906 -0.00017002 0.127135 
-0.00486499 -0.000625938 0 -0.000214394 -3.41495e-05 0.125754 
-0.00504744 -0.000568509 0 -4.76078e-06 7.88441e-05 0.126529 
-0.00515246 -0.000505 0 1.7044e-05 3.50402e-05 0.127753 
-0.00495917 -0.000617534 0 -8.96048e-05 0.000127765 0.125461 
-0.00542194 -0.000522733 0 0.00020933 0.00041609 0.127994 
-0.00549948 -0.000532866 0 -0.000100392 0.000297107 0.128509 
-0.00529218 -0.000452995 0 0.000129412 0.000439676 0.126479 
-0.00564891 2.5928e-06 0 0.000385502 0.000711547 0.129497 
-0.00547826 -0.000610709 0 9.19442e-05 0.00049026 0.129496 
-0.00507873 -0.00032565 0 0.000115965 0.000423415 0.12776 
-0.00531667 -0.000205666 0 0.000169076 0.000587696 0.130217 
-0.00487089 -0.000531524 0 -6.49137e-05 0.000474299 0.129663 
-0.00479043 -0.000202805 0 0.000357821 0.000724567 0.130921 
-0.00472313 -0.000173092 0 6.84159e-05 0.000712407 0.13175 
-0.00435233 -0.000338227 0 -0.000150007 0.000568451 0.13158 
-0.00445241 -0.00026384 0 0.000248059 0.000907895 0.133636 
-0.00427431 -0.00020355 0 0.000112815 0.000844429 0.133858 
-0.00411719 -0.000158608 0 9.24471e-05 0.000861931 0.134666 
-0.00404251 -0.000297725 0 0.000257503 0.000969614 0.136006 
-0.00387979 -0.000254542 0 0.000133416 0.000962871 0.136153 
-0.00378782 -0.000288695 0 0.000423025 0.00113723 0.137756 
-0.00364357 -0.000274599 0 0.000486296 0.0012095 0.138594 
-0.00345093 -0.00028941 0 0.000385846 0.00120392 0.138877 
-0.00327778 -0.000284463 0 0.000607918 0.00127018 0.140136 
-0.00333923 -0.000229239 0 0.000741914 0.00138035 0.142265 
-0.0032407 -0.000193357 0 0.000616345 0.00130854 0.143714 
-0.0025965 -0.000261456 0 0.000721367 0.00114349 0.142974 
-0.00270063 -0.000182092 0 0.000668179 0.00134945 0.145206 
-0.00248849 -0.000305384 0 0.000617828 0.00120952 0.145705 
-0.00217211 -0.000209183 0 0.000724298 0.00112103 0.146302 
-0.00217211 -0.000209183 0 0.000724298 0.00112103 0.146302 
0.00867116 0.0090864 0 -0.000484174 0.000368706 -0.185731 
0.00845575 0.0087525 0 -0.000526898 0.000261673 -0.182758 
0.00792938 0.00832602 0 -0.000990061 -3.82714e-05 -0.182142 
0.00715929 0.00789529 0 -0.00119584 -0.000303689 -0.183133 
0.00680035 0.00458893 0 -0.000906571 -0.00012582 -0.181198 
0.00616032 0.0039638 0 -0.000876079 -0.000122194 -0.180607 
0.00532877 0.00311202 0 -0.00117539 -0.000348908 -0.180096 
0.00469071 0.00216019 0 -0.000387465 0.00028472 -0.177127 
0.00413489 0.00181246 0 -0.000777113 -2.35223e-05 -0.176121 
0.00360489 0.00105518 0 -0.00118524 -0.000332603 -0.175115 
0.00316876 0.00118899 0 -0.00111394 -0.000215554 -0.173334 
0.00252032 0.00106332 0 -0.000639535 0.000203719 -0.171524 
0.00224918 0.000578612 0 -0.000743943 -3.32325e-05 -0.169873 
0.00180322 -5.88894e-05 0 -0.000912592 -0.000174959 -0.168405 
0.00135541 5.15878e-05 0 -0.000799864 -2.98999e-05 -0.166668 
0.000981212 -0.000177771 0 -0.00062713 0.00012386 -0.164926 
0.000591934 -0.000536323 0 -0.000458254 0.000202757 -0.162922 
0.000282288 -0.000764072 0 -0.000469563 0.000179541 -0.161145 
-7.08699e-05 -0.00105953 0 -0.000425051 0.000260117 -0.159196 
-0.000427544 -0.00103229 0 -0.000297058 0.000293313 -0.157067 
-0.000642121 -0.0011006 0 -0.000408093 0.000136872 -0.15509 
-0.000906229 -0.00124952 0 -0.000426896 0.000116099 -0.15332 
-0.00115085 -0.00132445 0 -0.000438398 0.000119533 -0.151784 
-0.00137234 -0.00133649 0 -0.000324735 0.000198738 -0.149642 
-0.00149536 -0.00152293 0 -0.000466165 8.52394e-06 -0.147831 
-0.00177068 -0.00187966 0 -0.000342362 0.000186232 -0.145969 
-0.0019424 -0.0019159 0 -0.000309838 0.000210094 -0.143729 
-0.00204563 -0.00196609 0 -0.000477375 9.33207e-06 -0.1418 
-0.00223207 -0.00224894 0 -0.000453973 2.27136e-05 -0.140219 
-0.00239813 -0.00215498 0 -0.000241477 0.000171727 -0.138031 
-0.0025596 -0.00243786 0 -0.000214761 0.000191495 -0.136431 
-0.00267088 -0.00254729 0 -0.000242493 0.000128716 -0.13474 
-0.00271827 -0.00255281 0 -0.00032763 -2.56931e-05 -0.132789 
-0.00279397 -0.00257203 0 -0.000482832 -0.000163684 -0.1312 
-0.00295496 -0.00254965 0 -0.000356265 -1.08809e-05 -0.129256 
-0.00300175 -0.00256026 0 -0.000461159 -0.00014845 -0.127627 
-0.00306457 -0.00270066 0 -0.000656525 -0.000251131 -0.126151 
-0.00317687 -0.00294229 0 -0.000494552 -0.000119011 -0.124181 
-0.00320446 -0.00287256 0 -0.000537957 -0.0002148 -0.122427 
-0.00330269 -0.00310662 0 -0.000585331 -0.000120953 -0.121464 
-0.00349188 -0.00312024 0 -0.000355296 0.00013995 -0.120859 
-0.00347233 -0.00308037 0 -0.00051466 -9.06595e-05 -0.119632 
-0.00346434 -0.00315464 0 -0.000677824 -0.000204347 -0.118757 
-0.00357789 -0.00325066 0 -0.00052506 -5.90816e-05 -0.117708 
-0.00362194 -0.00305504 0 -0.000533364 -6.53334e-05 -0.116843 
-0.00365788 -0.00323299 0 -0.000494298 -3.04623e-05 -0.115927 
-0.00372511 -0.00335482 0 -0.000478246 2.58614e-05 -0.11494 
-0.0037514 -0.00328413 0 -0.000494177 -1.07906e-05 -0.113875 
-0.00376737 -0.00306827 0 -0.000518975 2.32909e-05 -0.112919 
-0.00369519 -0.00301126 0 -0.000572104 -7.17168e-05 -0.112242 
-0.00373495 -0.0031344 0 -0.000538044 5.7689e-07 -0.110931 
-0.00374091 -0.00322667 0 -0.000462875 2.98336e-05 -0.109752 
-0.00364912 -0.0031448 0 -0.000545372 -0.000125418 -0.108896 
-0.00368398 -0.00313714 0 -0.000447508 4.77446e-05 -0.107661 
-0.00365537 -0.00309137 0 -0.000398294 2.10886e-05 -0.106764 
-0.00359136 -0.00308585 0 -0.000594526 -0.000156905 -0.105914 
-0.00362927 -0.00309801 0 -0.000498385 -1.37868e-05 -0.104569 
-0.00363666 -0.00300291 0 -0.000355679 6.2137e-05 -0.103498 
-0.00354546 -0.00268438 0 -0.000278352 -1.1227e-05 -0.102556 
-0.00352186 -0.00256988 0 -0.000322757 1.18402e-05 -0.101442 
-0.00346208 -0.00244522 0 -0.000395774 -0.000117744 -0.100196 
-0.00350195 -0.0025183 0 -0.000268682 -2.39549e-05 -0.0987347 
-0.00350475 -0.00242576 0 -0.000391879 -8.92425e-05 -0.0973453 
-0.00357646 -0.00243565 0 -0.000355334 -0.000115112 -0.0962248 
-0.0035966 -0.0024749 0 -0.00042478 -0.000137498 -0.0950478 
-0.0036431 -0.00240824 0 -0.000293476 -4.64761e-05 -0.0936337 
-0.00370455 -0.00257882 0 -0.000253937 -2.27779e-05 -0.0927886 
-0.00376523 -0.00264147 0 -0.000289276 -1.53374e-05 -0.0914512 
-0.00370342 -0.00237182 0 -0.000378261 -0.000156404 -0.0899958 
-0.00384504 -0.00241545 0 -0.000334749 -0.000119057 -0.0889731 
-0.00393236 -0.00255013 0 -0.000305164 -0.000160161 -0.0873593 
-0.00388175 -0.00252953 0 -0.000342066 -7.66425e-05 -0.0868599 
-0.00394243 -0.00257587 0 -0.000296676 -0.000117762 -0.0860949 
-0.0039326 -0.00248867 0 -0.000418569 -0.00021557 -0.0844872 
-0.00392199 -0.0026736 0 -0.00034714 -0.000156606 -0.0833759 
-0.00401157 -0.00256208 0 -0.000107706 2.91278e-05 -0.0823859 
-0.00393522 -0.00253826 0 -0.000371611 -0.000215444 -0.0811017 
-0.00407618 -0.00263235 0 -0.000104578 0.000111544 -0.0801321 
-0.00396407 -0.00252774 0 -0.000234968 -0.000158705 -0.0789779 
-0.00395751 -0.00254458 0 -0.000394299 -0.000239542 -0.0779761 
-0.00411457 -0.00282294 0 -4.34392e-05 0.000107067 -0.0769399 
-0.00401729 -0.00238156 0 -0.000295755 -0.000151053 -0.0760355 
-0.00404221 -0.00246066 0 -0.000364888 -0.000194865 -0.0752229 
-0.00404596 -0.00257856 0 -0.000237907 -8.86071e-05 -0.0751365 
-0.00407654 -0.00252235 0 -0.000239673 -9.06144e-05 -0.0761675 
-0.00406969 -0.00265223 0 -0.000366846 -0.000197808 -0.0752759 
-0.00411952 -0.00277963 0 -0.000136648 -2.02107e-05 -0.0756399 
-0.00408661 -0.00270009 0 -0.00033307 -0.000179644 -0.0759418 
-0.00411832 -0.00278312 0 -0.000311047 -0.00015097 -0.0754761 
-0.00428051 -0.00297767 0 -6.35235e-05 3.26573e-05 -0.0756633 
-0.00448281 -0.00299388 0 -9.70482e-05 2.37365e-06 -0.0738149 
-0.00431961 -0.0029541 0 -0.00040378 -0.000243531 -0.0745859 
-0.00432628 -0.00299147 0 -0.000104577 -2.20218e-07 -0.0754895 
-0.0043335 -0.00253102 0 -0.000229165 -0.000154003 -0.0740549 
-0.00430816 -0.00272748 0 -0.000292912 -0.000133271 -0.0745421 
-0.00420207 -0.00271112 0 -0.000256118 -0.000247684 -0.0755157 
-0.00433999 -0.00260136 0 -0.000118027 1.74334e-05 -0.0762897 
-0.00423753 -0.00258765 0 -0.000410226 -0.000291518 -0.0769495 
-0.00441849 -0.00257769 0 -0.000115887 -9.75417e-05 -0.0761255 
-0.00445694 -0.00283638 0 -0.000301163 -0.000222224 -0.0762913 
-0.00429755 -0.00271094 0 -0.000327723 -0.000229157 -0.0781487 
-0.00443619 -0.00302744 0 -4.88771e-05 -5.17126e-05 -0.0772321 
-0.00432849 -0.00236747 0 -0.000398243 -0.000344259 -0.0783546 
-0.00428647 -0.00256938 0 -0.000324026 -0.000263594 -0.0792593 
-0.0044108 -0.00240171 0 -0.000196044 -0.000138054 -0.0785474 
-0.00437754 -0.00231987 0 -0.000196408 -0.000141209 -0.0782939 
-0.00428116 -0.00233561 0 -0.000470504 -0.0003703 -0.0785 
-0.0044409 -0.00246835 0 -0.000104349 -2.32459e-05 -0.0779302 
-0.00437254 -0.00250018 0 -0.000182601 -0.000102198 -0.0773884 
-0.00429696 -0.00205845 0 -0.000356026 -0.000309395 -0.0772635 
-0.00446051 -0.00230277 0 -3.8847e-05 4.77675e-05 -0.0769678 
-0.00439596 -0.00211042 0 -0.000124283 -6.25141e-05 -0.0754662 
-0.00433552 -0.00221682 0 -0.000288343 -0.000254811 -0.0740315 
-0.004399 -0.00213948 0 -0.000186265 -9.55346e-05 -0.0732397 
-0.0043931 -0.00215125 0 -0.000126977 -9.42255e-05 -0.07183 
-0.00436306 -0.00225908 0 -0.000315275 -0.000230893 -0.070943 
-0.00437045 -0.00238895 0 -0.000333954 -0.000226933 -0.0695729 
-0.0043577 -0.00202015 0 -0.000222373 -0.000180079 -0.068152 
-0.00438136 -0.00215 0 -0.000229202 -0.000153058 -0.0670195 
-0.0043804 -0.00227508 0 -0.000235628 -0.000183635 -0.0653062 
-0.00443596 -0.00231895 0 -0.000153481 -7.08978e-05 -0.0634443 
-0.00435489 -0.00228846 0 -0.000365894 -0.00028335 -0.0622268 
-0.0044139 -0.00233883 0 -0.00017858 -9.1823e-05 -0.060547 
-0.00444084 -0.00235724 0 -0.000105298 -3.54704e-05 -0.0588861 
-0.00438327 -0.00233892 0 -0.000316965 -0.000241634 -0.0576182 
-0.0044387 -0.0023877 0 -0.000105502 -5.63122e-05 -0.0558582 
-0.00444424 -0.00229147 0 -0.000194606 -8.49425e-05 -0.0540097 
-0.0043779 -0.002105 0 -0.000335606 -0.000259175 -0.052642 
-0.00450146 -0.00205347 0 8.03551e-06 8.01291e-05 -0.0508772 
-0.0044235 -0.00203192 0 -0.000229081 -0.000135081 -0.0490365 
-0.00442648 -0.00215355 0 -0.000170937 -0.000145546 -0.0474876 
-0.00470328 -0.00238845 0 0.000186971 0.000269024 -0.045433 
-0.00466633 -0.00227445 0 -4.52444e-05 -3.96066e-05 -0.0434791 
-0.00447059 -0.00231293 0 -0.000304814 -0.000207982 -0.0425308 
-0.00467676 -0.00228474 0 0.000228153 0.000208809 -0.0407203 
-0.00452316 -0.00208279 0 -0.00025357 -0.000215556 -0.0391431 
-0.0045498 -0.00226316 0 -0.000108319 -3.04328e-05 -0.0373908 
-0.00460255 -0.00205413 0 4.3581e-05 5.03986e-05 -0.0359887 
-0.00447321 -0.00185859 0 -0.000362512 -0.000269736 -0.0344713 
-0.00461161 -0.00216189 0 -5.42618e-05 0.000103106 -0.0338302 
-0.00449812 -0.00200438 0 -0.00024754 -0.000168404 -0.0333147 
-0.00451308 -0.00180927 0 -0.000273189 -0.000203187 -0.0314484 
-0.00458032 -0.00206673 0 3.11889e-05 2.15991e-05 -0.0310979 
-0.00451708 -0.0018326 0 -0.000142342 -0.000116084 -0.0300624 
-0.00452858 -0.00210682 0 -0.000133707 -0.000119758 -0.0289265 
-0.00461745 -0.00223267 0 -3.51227e-06 5.90296e-05 -0.0283542 
-0.00450623 -0.00202945 0 -0.000108191 -0.000147137 -0.02678 
-0.00463629 -0.00210661 0 -0.000212923 -0.000176965 -0.0254111 
-0.00473368 -0.00203609 0 -6.38392e-05 -0.00010027 -0.0237589 
-0.00456649 -0.00183651 0 -0.000121189 -0.000115755 -0.0245405 
-0.00455791 -0.0020234 0 -0.00022304 -0.00020085 -0.0247895 
-0.00466961 -0.00205362 0 7.25192e-05 3.75659e-06 -0.0237541 
-0.00451326 -0.00196904 0 -0.000373737 -0.00029575 -0.0239269 
-0.00462329 -0.0020816 0 8.01075e-05 8.38892e-06 -0.0241901 
-0.00456232 -0.00206575 0 -0.000232081 -0.000213155 -0.0231051 
-0.00470084 -0.00210035 0 -0.000374869 -0.000225994 -0.0222474 
-0.0047583 -0.00221279 0 -0.000318007 -0.000248858 -0.0208352 
-0.00454223 -0.00154972 0 -0.000377346 -0.000327489 -0.022334 
-0.00475055 -0.00185975 0 -0.000220395 -9.6943e-05 -0.0212724 
-0.00471187 -0.00179955 0 -0.000260702 -0.000229046 -0.0199312 
-0.00472832 -0.00189525 0 -0.000277988 -0.000160017 -0.0196533 
-0.0048185 -0.00196451 0 -0.000142227 -4.34225e-05 -0.0179186 
-0.00474298 -0.00193629 0 -0.000253879 -0.000203739 -0.0170987 
-0.00479144 -0.00223541 0 -0.000139195 -5.94062e-05 -0.0166519 
-0.0047918 -0.00224251 0 -8.43233e-05 -3.71538e-05 -0.0147225 
-0.00469381 -0.00215036 0 -0.000306881 -0.000247515 -0.0142289 
-0.00490636 -0.00225586 0 -0.000159641 -4.94421e-05 -0.0134409 
-0.00489742 -0.00182843 0 -0.000268842 -0.000236784 -0.0110699 
-0.00474906 -0.00175804 0 -0.000264459 -0.000196985 -0.010878 
-0.00488597 -0.0018881 0 -8.58358e-05 -5.77616e-05 -0.00949877 
-0.00480044 -0.00177625 0 -0.000436333 -0.000318157 -0.00681873 
-0.00478369 -0.00176316 0 -0.000233675 -0.00014135 -0.00585733 
-0.00481528 -0.00195724 0 -7.41085e-05 -0.000131266 -0.00398491 
-0.00474703 -0.00184664 0 -0.000396916 -0.000280781 -0.00198494 
-0.0048126 -0.00205228 0 -3.2631e-05 -3.64462e-05 -0.000864066 
-0.00475305 -0.00166053 0 -0.000235193 -0.000197958 0.000494319 
-0.00482959 -0.0015735 0 -0.000397191 -0.000142884 0.00250267 
-0.00502568 -0.00176281 0 -7.44943e-05 0.000180332 0.00496658 
-0.00492853 -0.00160232 0 -0.000359692 -0.000128085 0.00782208 
-0.00505555 -0.00173321 0 -4.89383e-05 0.000200624 0.00999193 
-0.00511181 -0.0018487 0 0.000135185 0.000381192 0.0123308 
-0.00497591 -0.00184649 0 8.68192e-05 0.000291806 0.0147138 
-0.00487125 -0.00954729 0 -1.75869e-05 0.000299908 0.0171336 
-0.00483042 -0.00939733 0 0.000174601 0.000421144 0.0193895 
-0.00446349 -0.00907892 0 -0.000480583 0.0002949 0.0037577 
-0.00387114 -0.00132123 0 -9.06886e-05 0.000473066 -0.0179199 
-0.00422853 -0.00138468 0 4.68114e-05 0.00115405 -0.0209686 
-0.00395995 -0.00122386 0 0.000146068 0.0011482 -0.0232658 
-0.0040096 -0.000368327 0 0.000605853 0.00140882 -0.0129513 
-0.0036366 -0.000136167 0 -0.000101731 0.000775886 -0.0157428 
-0.00376153 -0.000302494 0 0.000729882 0.00142391 -0.0131628 
-0.00365216 -0.000144571 0 0.000722029 0.00132122 -0.00666367 
-0.00350827 -0.000193089 0 0.000111669 0.001057 -0.00651241 
-0.00379878 -0.000359207 0 0.00081588 0.00187053 -0.00296149 
-0.00366408 -0.000134021 0 0.00085457 0.00169661 0.00150693 
-0.00380349 -0.000399917 0 0.000915189 0.00202356 0.00309566 
-0.00383723 -0.000750631 0 0.00108521 0.00228301 0.00666696 
-0.00352043 -0.000464082 0 0.000906207 0.00199242 0.0098071 
-0.00336307 -0.000642329 0 0.00111396 0.0021339 0.0116263 
-0.00305253 -0.000643849 0 0.000781067 0.00201021 0.0150059 
-0.00279671 -0.000645399 0 0.00102754 0.00212644 0.0174732 
-0.00251448 -0.000979155 0 0.00119361 0.00229501 0.0192069 
-0.00193721 -0.000978649 0 0.000790942 0.00183002 0.0224889 
-0.00167185 -0.00115576 0 0.0011607 0.00206139 0.0245049 
-0.00167185 -0.00115576 0 0.0011607 0.00206139 0.0245049 
0.00896174 0.00969467 0 -0.000428881 0.000249427 -0.227271 
0.00861454 0.00907806 0 -0.000435769 0.000356357 -0.224759 
0.00827354 0.00826526 0 -0.000805665 9.84071e-05 -0.222257 
0.00787741 0.00802043 0 -0.00103634 -0.000391004 -0.220839 
0.00746989 0.00400105 0 -0.00091603 -0.000314191 -0.219449 
0.00672293 0.0034954 0 -0.000795692 -2.08606e-06 -0.218072 
0.00582975 0.00267118 0 -0.000736417 -0.000132577 -0.215821 
0.00520641 0.00189188 0 -0.000493797 8.84949e-05 -0.213398 
0.00455564 0.00152743 0 -0.000336357 0.00027303 -0.211229 
0.00372392 0.000855207 0 -0.000119658 0.000516284 -0.208826 
0.00326681 0.000450164 0 -0.000175327 0.00040999 -0.206396 
0.00277567 0.000377387 0 -0.000231017 0.000402378 -0.204218 
0.00225306 0.000157386 0 -0.000231236 0.000302166 -0.201304 
0.00178736 0.00015372 0 -0.000100694 0.000481985 -0.199036 
0.00139564 -0.000124365 0 -0.000174851 0.000406602 -0.196998 
0.00102919 -0.000405043 0 -0.000310505 0.000190392 -0.194377 
0.000608325 -0.000565261 0 -0.00026331 0.00034358 -0.192263 
0.000337958 -0.000873268 0 -0.000244262 0.000230294 -0.189882 
-2.92063e-06 -0.0010168 0 -0.000210295 0.000248315 -0.187353 
-0.000280499 -0.00123334 0 -0.000268516 0.00020526 -0.186001 
-0.000543833 -0.0013153 0 -0.000318218 0.000135858 -0.184212 
-0.000864327 -0.00153932 0 -0.000246407 0.00018823 -0.182087 
-0.00108504 -0.00174138 0 -0.000283414 0.000149134 -0.180451 
-0.00134993 -0.00197056 0 -0.000247082 0.000218151 -0.178785 
-0.00155836 -0.00215212 0 -0.000212191 0.000225538 -0.17698 
-0.00174892 -0.00220099 0 -0.000227431 0.000188481 -0.175348 
-0.00191957 -0.00234306 0 -0.000251624 0.000149904 -0.173789 
-0.00209576 -0.00236863 0 -0.000200109 0.000167129 -0.171991 
-0.00225216 -0.00251263 0 -0.000151003 0.000181065 -0.170242 
-0.00240916 -0.00264612 0 -0.000173948 0.000141092 -0.168691 
-0.0025332 -0.00227076 0 -0.000139708 0.00014747 -0.166861 
-0.00266093 -0.00234729 0 -0.00020282 0.000128454 -0.165302 
-0.00279194 -0.00234339 0 -0.000204706 0.000113547 -0.163669 
-0.0027805 -0.002386 0 -0.000224313 -4.43829e-05 -0.161402 
-0.00292188 -0.00247011 0 -0.000175331 5.43007e-06 -0.159697 
-0.00306261 -0.00248906 0 -9.03162e-05 0.000109593 -0.157685 
-0.00317603 -0.00257713 0 -0.000105789 0.000164954 -0.155896 
-0.00324577 -0.00268212 0 -4.80238e-05 0.000182077 -0.154009 
-0.00328666 -0.00255993 0 -1.41593e-05 0.000153409 -0.15206 
-0.00333619 -0.0026364 0 -9.24613e-05 0.000119525 -0.150301 
-0.00343066 -0.00260979 0 -3.52506e-05 0.000168501 -0.148449 
-0.00343049 -0.00249332 0 -9.7218e-05 4.95756e-05 -0.146822 
-0.00343448 -0.00259846 0 -0.000331579 -7.41753e-05 -0.14532 
-0.00355208 -0.00264075 0 -0.000202159 3.05153e-05 -0.143414 
-0.00356233 -0.00256303 0 -0.000231373 -3.74458e-05 -0.141784 
-0.00363898 -0.00266358 0 -0.000284949 4.01767e-05 -0.14022 
-0.00371087 -0.00275993 0 -0.000105625 0.000135486 -0.138241 
-0.0036397 -0.00269574 0 -0.000167044 -2.92345e-05 -0.136685 
-0.00372404 -0.00277609 0 -0.000241598 5.80357e-05 -0.135371 
-0.00370353 -0.00279132 0 -0.000363845 -9.99798e-05 -0.134007 
-0.00371814 -0.0027118 0 -0.000382247 -0.000144259 -0.132707 
-0.00376475 -0.00274929 0 -0.00040322 -9.61328e-05 -0.13138 
-0.00378513 -0.00285158 0 -0.000297666 -5.06538e-05 -0.130173 
-0.00382072 -0.00296271 0 -0.000343962 -6.76108e-05 -0.129047 
-0.00382775 -0.00299886 0 -0.000467043 -0.000158374 -0.127622 
-0.00389636 -0.0028179 0 -0.000259784 4.10019e-07 -0.126527 
-0.00388658 -0.00280681 0 -0.000359476 -5.4073e-05 -0.125433 
-0.0038383 -0.00286871 0 -0.000469311 -0.000204093 -0.12409 
-0.00385308 -0.00290549 0 -0.000425095 -0.000193189 -0.122612 
-0.00402892 -0.00299233 0 -0.000367499 -7.61973e-05 -0.120893 
-0.00413871 -0.00304332 0 -0.000250086 -1.5049e-05 -0.119208 
-0.00399566 -0.00300908 0 -0.000350519 -6.42429e-05 -0.11793 
-0.00408739 -0.00303194 0 -0.000188966 5.20164e-05 -0.116535 
-0.00407439 -0.0029802 0 -0.000352574 -9.8148e-05 -0.11501 
-0.00407165 -0.00292802 0 -0.000350563 -3.78926e-05 -0.11372 
-0.00413495 -0.00283986 0 -0.000154546 9.07881e-05 -0.112287 
-0.00408143 -0.00265923 0 -0.000296111 -2.22308e-05 -0.110857 
-0.00403214 -0.00271621 0 -0.000419428 -0.00015799 -0.109409 
-0.00407422 -0.00273335 0 -0.000281129 -9.59295e-05 -0.107679 
-0.00410259 -0.00253037 0 -0.000331339 -1.64731e-05 -0.106103 
-0.00409126 -0.00269821 0 -0.000313114 -7.48484e-05 -0.104515 
-0.00410634 -0.00261718 0 -0.000224877 -3.33297e-05 -0.102966 
-0.00411278 -0.00264844 0 -0.000307475 -1.91152e-05 -0.101344 
-0.00410473 -0.00267109 0 -0.000204638 -4.46845e-05 -0.0998197 
-0.00418258 -0.0027467 0 -0.000165967 9.62467e-05 -0.0983616 
-0.00413233 -0.00254521 0 -0.000224169 1.09436e-05 -0.0969106 
-0.00408787 -0.00249138 0 -0.000222458 -8.31115e-05 -0.0953491 
-0.00414258 -0.00255048 0 -0.000171442 7.86919e-05 -0.0940021 
-0.00416207 -0.00251126 0 -7.39216e-05 7.17941e-05 -0.0928359 
-0.00406295 -0.00255671 0 -0.000346734 -0.000190531 -0.0913363 
-0.0041858 -0.00265113 0 -8.2742e-05 0.000122959 -0.0903798 
-0.0041644 -0.00260717 0 -0.000133313 3.2785e-05 -0.0890737 
-0.00406742 -0.00257456 0 -0.000351721 -0.000173272 -0.0878203 
-0.00413108 -0.00280878 0 -0.000161783 2.09217e-05 -0.0866267 
-0.00416124 -0.00272781 0 -0.000107173 3.38735e-05 -0.0852951 
-0.00409424 -0.00250536 0 -0.000310793 -0.000126417 -0.0841066 
-0.00421989 -0.00258502 0 -7.03114e-06 0.000164701 -0.0831369 
-0.00406629 -0.00238621 0 -0.000305771 -0.000192368 -0.0829259 
-0.00416082 -0.0023596 0 -0.000145711 1.22284e-06 -0.083543 
-0.00418472 -0.00250727 0 -9.62412e-05 2.05911e-05 -0.0827605 
-0.00408453 -0.00221294 0 -0.000354818 -0.000223746 -0.0831536 
-0.00424331 -0.00272328 0 -6.62562e-05 0.000102111 -0.0829545 
-0.00433987 -0.00268188 0 -4.0101e-05 5.06632e-05 -0.081169 
-0.00437188 -0.00269467 0 -0.000187942 -6.21332e-05 -0.0809924 
-0.00429237 -0.00286865 0 -9.52072e-05 4.3563e-05 -0.0823092 
-0.00450188 -0.0027822 0 5.521e-05 0.000163625 -0.0801586 
-0.00442177 -0.00274402 0 -0.000164505 -0.000110327 -0.079357 
-0.00433302 -0.00244233 0 -8.08931e-05 5.32103e-05 -0.0807844 
-0.00445938 -0.00241888 0 4.62436e-05 8.667e-05 -0.0790187 
-0.00427628 -0.00225657 0 -0.000252754 -0.000207708 -0.0796261 
-0.00428182 -0.00259098 0 -0.000136146 -0.000100653 -0.0815256 
-0.00445545 -0.00258309 0 8.49927e-05 0.000145831 -0.0802072 
-0.00429386 -0.002478 0 -0.000284756 -0.000193875 -0.0811653 
-0.00430936 -0.002776 0 -0.000146654 -8.77675e-05 -0.0821321 
-0.00438267 -0.00275433 0 -6.13138e-05 3.77902e-05 -0.0820111 
-0.00426775 -0.00268057 0 -0.000258619 -0.000181997 -0.0824627 
-0.00437236 -0.00229147 0 -6.64556e-05 -6.52701e-06 -0.082983 
-0.00429964 -0.00219876 0 -0.000160204 -9.32528e-05 -0.0824726 
-0.00435412 -0.00221464 0 -6.18978e-05 -1.86152e-05 -0.0827559 
-0.00453472 -0.00255471 0 -8.76215e-05 2.15966e-05 -0.0814041 
-0.00453144 -0.00258404 0 -0.000174702 -0.000121664 -0.080418 
-0.00445461 -0.00252363 0 4.56163e-05 8.78575e-05 -0.0808718 
-0.00455612 -0.00247484 0 -4.6477e-06 8.12355e-05 -0.0796055 
-0.00437742 -0.0018414 0 -0.000342302 -0.000282551 -0.0792222 
-0.00449324 -0.00200611 0 9.38482e-05 0.000129634 -0.0785003 
-0.00466496 -0.0020023 0 1.62554e-05 0.000107049 -0.0770354 
-0.00470483 -0.00215396 0 2.73829e-05 0.0001044 -0.0753401 
-0.00447577 -0.00228786 0 -0.000175419 -5.92054e-05 -0.0748163 
-0.00470459 -0.00230005 0 0.000151272 0.000223537 -0.0730109 
-0.00464487 -0.00215858 0 1.40826e-05 0.000140487 -0.0717596 
-0.00449765 -0.00239697 0 -9.56468e-05 -2.24112e-05 -0.0704449 
-0.00459713 -0.00197795 0 0.000132263 0.00014525 -0.0690622 
-0.00458848 -0.00187784 0 4.20205e-05 0.000173932 -0.0676588 
-0.00451148 -0.0019682 0 1.21925e-06 2.00725e-05 -0.0660782 
-0.00459635 -0.00213829 0 9.99864e-05 0.000157356 -0.063995 
-0.00456136 -0.00192094 0 0.000102885 0.00016051 -0.0622756 
-0.00450677 -0.00203013 0 4.66155e-07 2.60403e-05 -0.0605396 
-0.00458437 -0.00213277 0 0.000122578 0.000185605 -0.0586996 
-0.00455803 -0.00207874 0 5.76059e-05 0.000161653 -0.0567719 
-0.0044893 -0.0021717 0 1.57384e-05 5.5644e-06 -0.0550138 
-0.00461853 -0.00235158 0 0.000139819 0.00023979 -0.0534728 
-0.00457311 -0.00210333 0 7.35888e-05 0.000180446 -0.051445 
-0.00452662 -0.00214452 0 7.68237e-05 0.000104793 -0.0499334 
-0.00454199 -0.00221887 0 -6.97996e-06 0.000111371 -0.0485215 
-0.00455135 -0.00217885 0 3.39407e-05 0.00013606 -0.0464149 
-0.00449681 -0.00217921 0 2.26079e-05 4.23534e-05 -0.044429 
-0.00461137 -0.00222772 0 0.000189387 0.00031243 -0.042845 
-0.00457841 -0.00222269 0 0.000204113 0.000217516 -0.0408797 
-0.00466818 -0.00227714 0 0.000160818 0.000128445 -0.0385235 
-0.00460553 -0.00215754 0 -0.000162611 -0.000180152 -0.0366135 
-0.00446874 -0.00209829 0 -0.000183934 -0.00016243 -0.0357713 
-0.00457144 -0.00191092 0 -5.40792e-05 -9.35248e-05 -0.0335601 
-0.00456572 -0.0018535 0 -0.000137506 -0.000140288 -0.0318868 
-0.00448608 -0.00198534 0 -0.000272175 -0.000229405 -0.0315509 
-0.00456643 -0.00200754 0 -2.62559e-05 -8.15346e-05 -0.0301063 
-0.00455785 -0.00205696 0 -0.000169987 -0.000131761 -0.0290073 
-0.00454813 -0.00220513 0 -0.000176996 -0.000145605 -0.0282742 
-0.00454205 -0.00220421 0 -0.000198878 -0.000162788 -0.0271924 
-0.00457466 -0.00220567 0 -6.41048e-06 -4.68648e-05 -0.0265502 
-0.00454575 -0.00224146 0 -0.000208349 -0.000160847 -0.0257298 
-0.00457495 -0.00219285 0 -0.000159983 -0.000120134 -0.024541 
-0.00456792 -0.0021815 0 -4.57307e-05 -8.46459e-05 -0.0237793 
-0.00460017 -0.0018644 0 -0.000115387 -5.14867e-05 -0.0225371 
-0.00451982 -0.00189593 0 -0.00022288 -0.000217725 -0.0213973 
-0.00458735 -0.00193986 0 -8.41802e-07 5.01181e-06 -0.0215924 
-0.00444728 -0.0019221 0 -0.000366384 -0.000303505 -0.0218504 
-0.00457519 -0.00194743 0 -3.3623e-05 -7.86726e-06 -0.0208811 
-0.00441748 -0.00198537 0 -0.000269128 -0.000278606 -0.0214702 
-0.00453377 -0.00184104 0 -0.00011635 -7.39065e-05 -0.0206869 
-0.0045414 -0.00198776 0 -0.00013139 -7.26858e-05 -0.0203542 
-0.00448561 -0.00173721 0 -0.000176119 -0.000165485 -0.0203215 
-0.00461048 -0.00145021 0 -4.48827e-05 8.98199e-06 -0.0192391 
-0.00449371 -0.0014137 0 -0.000363903 -0.000271285 -0.0188185 
-0.00463039 -0.00148177 0 2.59836e-05 9.0458e-06 -0.0178901 
-0.00470477 -0.0105036 0 -8.80109e-05 -1.51095e-05 -0.0158693 
-0.00455779 -0.00166366 0 -0.000414397 -0.000338671 -0.0156362 
-0.00441605 -0.00154561 0 -0.000289541 -4.6321e-05 -0.0326018 
-0.00422114 -0.00127935 0 0.000174869 0.000275832 -0.0386963 
-0.00497669 -0.00182301 0 0.00039837 0.00110516 -0.0192363 
-0.00390828 -0.00122467 0 -0.000144589 -0.000544532 -0.0334521 
-0.00441837 -0.000335395 0 0.00104039 0.000666129 -0.0290133 
-0.00472838 -0.000959307 0 0.000740332 0.000846236 -0.0215866 
-0.00402635 -0.000617564 0 -0.000159902 -0.000485023 -0.0277117 
-0.00451511 -0.000353903 0 0.000780501 0.000418381 -0.022064 
-0.00461084 -0.000481993 0 0.000378848 0.000262678 -0.0196722 
-0.00433469 -0.000440031 0 -0.000384214 -0.000351152 -0.0199632 
-0.00473022 -0.000518233 0 0.00021957 0.000279097 -0.016122 
-0.00467247 -0.00084734 0 7.20753e-05 5.97371e-05 -0.0149745 
-0.00450665 -0.000664979 0 -0.000167469 -0.000180742 -0.0135171 
-0.00463563 -0.00117058 0 0.000176526 4.99229e-05 -0.00975915 
-0.00463611 -0.00113347 0 -0.000273295 -1.22332e-05 -0.00895379 
-0.00475502 -0.00131094 0 -7.06104e-06 6.74282e-05 -0.00593791 
-0.00481415 -0.00154474 0 -1.98352e-05 5.56699e-05 -0.00278169 
-0.00460362 -0.00151265 0 -0.000500564 -0.000337276 -0.000468031 
-0.00479811 -0.00160936 0 -0.000213011 -0.000108507 0.00223954 
-0.00476485 -0.00146312 0 -0.000377278 -0.000214048 0.00479297 
-0.00467885 -0.00144655 0 -0.000509487 -0.000368872 0.00712945 
-0.0048396 -0.00189823 0 -0.000280377 -0.000125629 0.00996028 
-0.00476229 -0.00179255 0 -0.000427213 -0.000249122 0.0126408 
-0.0047642 -0.00184914 0 -0.00031849 -0.000208269 0.0151398 
-0.00480521 -0.00186583 0 -0.000417916 -0.00022705 0.0179058 
-0.00478506 -0.00172278 0 -0.00043701 -0.000246835 0.0204728 
-0.00478458 -0.00186566 0 -0.00045111 -0.000276785 0.023297 
-0.00477254 -0.00180903 0 -0.000552165 -0.000301832 0.0261571 
-0.00476688 -0.00190279 0 -0.000430099 -0.000275459 0.0287374 
-0.00485039 -0.00190762 0 -0.000287943 -0.000167526 0.0314121 
-0.00477445 -0.00189978 0 -0.000607487 -0.000364357 0.0342201 
-0.00481963 -0.00189891 0 -0.000280107 -0.000180661 0.0366915 
-0.00483137 -0.00182962 0 -0.00035278 -0.000232594 0.0393165 
-0.00478119 -0.00183764 0 -0.000576813 -0.000343043 0.0420241 
-0.00482601 -0.00193891 0 -0.000244848 -0.000181864 0.0445764 
-0.00476813 -0.00175861 0 -0.000542625 -0.000345054 0.0463088 
-0.00478351 -0.0016886 0 -0.00043049 -0.000264231 0.0471455 
-0.00488907 -0.00171834 0 -0.000381835 -0.000191985 0.0496832 
-0.00485611 -0.00166222 0 -0.000411014 -0.000267715 0.0516702 
-0.00484401 -0.00178155 0 -0.000328635 -0.000210187 0.0527577 
-0.00488853 -0.00166431 0 -0.000349472 -0.000198531 0.0550299 
-0.00485718 -0.00170317 0 -0.000399392 -0.000243063 0.0565641 
-0.0048219 -0.00185028 0 -0.000385839 -0.00026843 0.0583083 
-0.00488162 -0.00174552 0 -0.000312914 -0.000194938 0.0604342 
-0.00486946 -0.00186363 0 -0.000285321 -0.000170955 0.0617916 
-0.00484377 -0.00193492 0 -0.000386399 -0.000242463 0.0633681 
-0.00477678 -0.00181052 0 -0.00039219 -0.000162533 0.0617143 
-0.00452113 -0.00157642 0 -0.000262435 -0.000215182 0.0582403 
-0.0045017 -0.00148442 0 -0.000444185 -0.00025925 0.0586586 
-0.0045284 -0.00153306 0 -0.000233547 -5.43236e-05 0.0566269 
-0.0044266 -0.00129113 0 -0.000278196 -0.000158361 0.0549635 
-0.00444198 -0.00121364 0 -0.000502707 -0.000218363 0.0546273 
-0.00447387 -0.000638872 0 -0.000181127 -3.38812e-05 0.0528756 
-0.00438017 -0.000424206 0 -0.000516865 -0.000276822 0.0521982 
-0.00445986 -0.00043267 0 -0.000501886 -0.000209373 0.0514808 
-0.00456512 -0.000497967 0 -0.000146334 6.13926e-05 0.0505957 
-0.00446647 -0.000285685 0 -0.000489504 -0.000239018 0.0504041 
-0.00454772 -0.000476122 0 -0.00033165 -8.47907e-05 0.0495256 
-0.00462288 -0.000488758 0 -0.000147053 9.20806e-05 0.0485905 
-0.00448942 -0.000445038 0 -0.000546533 -0.000274573 0.0486908 
-0.00464803 -0.00056982 0 -0.000182085 3.80603e-05 0.0481006 
-0.00488114 -0.000618905 0 -0.000100277 0.000203012 0.0492466 
-0.00496024 -0.000419617 0 -0.000366094 -0.000114309 0.051499 
-0.00482291 -0.000510454 0 -0.000518596 -0.000202701 0.0500011 
-0.00497872 -0.000421256 0 -8.76813e-05 0.000233235 0.0500526 
-0.00494546 -2.83122e-05 0 -0.000400261 -0.00013066 0.0528383 
-0.00481606 -8.49068e-05 0 -0.000690107 -0.0004224 0.0537624 
-0.0050928 -0.000658035 0 -0.000451615 -0.000198475 0.0567634 
-0.00494987 -0.000659883 0 -0.000582535 -0.000210602 0.0580823 
-0.00485444 -0.000544757 0 -0.000689533 -0.000397031 0.0582139 
-0.00507593 -0.000691801 0 -0.000323007 -9.51812e-06 0.0589683 
-0.00497562 -0.000670731 0 -0.000626517 -0.000267614 0.0618037 
-0.00504917 -0.000909358 0 -0.00063032 -0.000241293 0.0638847 
-0.00494617 -0.000827819 0 -0.000344082 -0.000127801 0.0644665 
-0.00495535 -0.000857264 0 -0.000608428 -0.000241751 0.0673385 
-0.00491643 -0.0010753 0 -0.000647169 -0.000326304 0.0689057 
-0.0051192 -0.00111693 0 -0.000287318 -4.094e-05 0.0708219 
-0.00514323 -0.000865221 0 -0.000497532 -0.000304508 0.0739433 
-0.00503659 -0.0010944 0 -0.000407277 -0.000166283 0.0751305 
-0.00508922 -0.000912637 0 -0.000403095 -0.000203243 0.0776261 
-0.00509745 -0.000700682 0 -0.00050146 -0.000226643 0.0794759 
-0.00507408 -0.00079146 0 -0.000270605 -0.000135033 0.0815095 
-0.00517654 -0.000835836 0 -0.000456248 -0.000208469 0.0849793 
-0.00519359 -0.000933141 0 -0.000422694 -0.00019693 0.0873956 
-0.00511551 -0.000906467 0 -0.00041045 -0.000208389 0.0894484 
-0.00519878 -0.000785679 0 -0.000306919 -0.000120802 0.0924088 
-0.00516135 -0.00112927 0 -0.000462733 -0.000172405 0.0945261 
-0.00517398 -0.00104377 0 -0.000313346 -0.000105298 0.0971252 
-0.00520283 -0.00103089 0 -0.000259692 -7.15318e-05 0.099785 
-0.00515926 -0.00102052 0 -0.000430248 -0.000156128 0.102103 
-0.00519854 -0.0010764 0 -0.000232553 -2.54377e-05 0.104074 
-0.00513506 -0.00111157 0 -0.00027949 -3.17078e-05 0.105561 
-0.00515282 -0.00108448 0 -0.000264022 -1.30245e-05 0.107915 
-0.00502682 -0.00115657 0 -0.000341381 -0.000136401 0.109212 
-0.00506705 -0.00112253 0 -0.000343243 -3.20693e-05 0.110906 
-0.00515467 -0.000974864 0 -7.10714e-05 9.10121e-05 0.113401 
-0.0049876 -0.00100815 0 -0.00048309 -0.000189089 0.114609 
-0.00510901 -0.000764877 0 -0.000326301 5.27212e-05 0.116114 
-0.00507003 -0.000753313 0 -0.000161196 -2.08683e-05 0.1186 
-0.00505829 -0.000813395 0 -0.000403944 -3.92554e-05 0.119934 
-0.00509745 -0.000850528 0 -0.000363406 5.38144e-05 0.121564 
-0.00495327 -0.000735044 0 -0.000147463 -3.02008e-05 0.12176 
-0.00483388 -0.000779122 0 -0.000526009 -9.44822e-05 0.120211 
-0.00498021 -0.000752956 0 -5.47336e-05 0.000208434 0.121351 
-0.00472778 -0.00071764 0 -0.000438158 -0.000153105 0.120755 
-0.00481182 -0.000584483 0 -0.000195961 0.000133833 0.120027 
-0.00474066 -0.000756055 0 -0.000328616 3.81778e-05 0.120764 
-0.00468969 -0.000588775 0 -0.000336756 6.13162e-06 0.120114 
-0.00463593 -0.000677735 0 -0.00031823 7.28124e-06 0.119984 
-0.00458395 -0.000590712 0 -0.000343642 -7.73816e-06 0.12028 
-0.00461525 -0.000631809 0 -0.000283552 8.65212e-05 0.119966 
-0.0045495 -0.000216365 0 -0.000369736 -3.91412e-06 0.120369 
-0.00459337 -0.000223398 0 -0.00010235 0.000156659 0.1205 
-0.00451291 -0.000172764 0 -0.000439827 -5.2266e-05 0.121143 
-0.00456083 -0.00017333 0 -0.000174494 2.44123e-05 0.122959 
-0.00461024 -0.000214189 0 -0.000103471 0.000142767 0.122774 
-0.00451201 -7.78735e-05 0 -0.000616293 -0.000168572 0.123866 
-0.00472629 -0.000292987 0 9.48456e-05 0.000223748 0.125328 
-0.00462329 -0.000167012 0 -0.000383492 -1.29551e-05 0.125795 
-0.00464541 -2.18153e-05 0 -0.000408173 -5.26284e-05 0.127413 
-0.00484258 -0.000321299 0 4.84732e-05 0.000298125 0.128032 
-0.00469482 -0.000106275 0 -0.000532884 -8.95597e-05 0.129272 
-0.00480402 -0.000233829 0 -0.000184681 9.43513e-05 0.130728 
-0.00485468 -0.000193745 0 -0.000143032 0.000250522 0.13109 
-0.00477231 -1.10567e-05 0 -0.000438284 -4.57657e-05 0.132833 
-0.00493187 -0.000126094 0 -0.000117611 0.000262898 0.133499 
-0.00482392 -7.33137e-05 0 -0.000185649 0.000176998 0.134722 
-0.00466901 -0.000132024 0 -0.000535292 -2.72325e-05 0.135822 
-0.00482237 -0.000252753 0 -3.76004e-05 0.000362129 0.136366 
-0.00470233 -0.000233263 0 -0.000274789 0.000150663 0.137951 
-0.0047133 -0.000189722 0 -0.00031002 0.000166409 0.139107 
-0.00481462 -0.000183463 0 -2.98716e-05 0.000346056 0.139844 
-0.00475836 -7.86483e-05 0 -0.00040292 0.000165568 0.141047 
-0.00483471 -0.000258178 0 -0.000229521 0.000204942 0.143313 
-0.00483423 -0.00012067 0 -0.000141128 0.000249993 0.144879 
-0.00479668 -8.76188e-05 0 -0.000265905 0.000166855 0.146285 
-0.00491154 -0.000328094 0 -5.7069e-05 0.000274547 0.148578 
-0.00480843 -0.000301838 0 -0.000257474 0.000100612 0.150446 
-0.00480258 -0.00023669 0 -9.34166e-05 0.000226258 0.151533 
-0.00483239 -0.000277311 0 -9.17998e-05 0.000298394 0.153492 
-0.00476772 -0.000254422 0 -0.000217551 0.000233607 0.155034 
-0.00477225 -0.000241667 0 -0.000154365 0.000283464 0.156601 
-0.00477648 -0.00017494 0 -0.000263255 0.000316723 0.158208 
-0.0047797 -0.000150681 0 -5.11863e-05 0.000372362 0.160237 
-0.00474352 -9.80198e-05 0 -0.000191204 0.000367544 0.161909 
-0.0047493 -5.84126e-05 0 -0.000137895 0.000434961 0.163785 
-0.00474626 -0.000204772 0 4.89673e-05 0.000444211 0.166102 
-0.0046131 -8.43406e-05 0 -0.000247269 0.000343661 0.167809 
-0.00450355 -0.000173271 0 -0.000231447 0.000263426 0.169356 
-0.0044328 -0.000222534 0 0.000107709 0.000321241 0.171165 
-0.00429088 -0.000214458 0 -0.000252127 0.000155171 0.173328 
-0.00429964 -0.000198931 0 -0.000237932 0.000255774 0.174676 
-0.00431573 -6.97076e-05 0 8.66892e-05 0.000283975 0.176771 
-0.0041936 5.28395e-05 0 -0.000416012 3.18847e-05 0.17852 
-0.00432199 -0.000149757 0 -0.000125664 0.00023093 0.180175 
-0.00439602 0 0 -0.000112277 0.000220584 0.18184 
-0.00434577 -1.01626e-05 0 -0.000493858 3.02989e-05 0.18356 
-0.0045017 1.36793e-05 0 6.24355e-05 0.000342439 0.184866 
-0.00442094 0.000100106 0 -0.000457699 4.78526e-05 0.186167 
-0.0045585 7.87079e-05 0 -0.00025049 0.000164612 0.188336 
-0.00459296 0.000213265 0 -3.8567e-05 0.000271125 0.189464 
-0.00457156 0.000241965 0 -0.00030716 0.000115912 0.190922 
-0.00460947 6.18994e-05 0 -0.000276777 0.000160121 0.192324 
-0.00473374 0.000160545 0 -6.52935e-05 0.000313519 0.193792 
-0.00470251 0.000366032 0 -0.00022518 0.000199307 0.195179 
-0.00472045 0.000253618 0 -0.000228348 0.000198927 0.196404 
-0.00481367 0.000312507 0 -5.70003e-05 0.000340996 0.19805 
-0.00476825 0.000151008 0 -0.000259043 0.000232789 0.199239 
-0.00484949 0.000144958 0 -3.35211e-06 0.000393549 0.200603 
-0.00467426 0.000213504 0 -0.000269048 0.000209737 0.200929 
-0.00472218 0.00033015 0 7.0335e-06 0.000340852 0.200606 
-0.00467086 0.000286847 0 -9.88185e-05 0.000317953 0.201858 
-0.0045858 0.00024581 0 -0.000100778 0.000295778 0.201945 
-0.00474012 0.000328839 0 9.4359e-05 0.000357965 0.20312 
-0.00481439 0.000439703 0 -0.00014197 0.000356556 0.204092 
-0.00451583 0.000259936 0 -7.24683e-05 0.000321949 0.202819 
-0.0046578 0.000351757 0 8.99304e-06 0.000336072 0.204447 
-0.00453442 0.000345051 0 -0.000125396 0.000288771 0.204182 
-0.00441575 0.000251919 0 -2.06542e-05 0.000284582 0.203941 
-0.00450593 0.000347972 0 -0.000162018 0.000248191 0.20536 
-0.00442052 0.000213265 0 -6.21507e-05 0.00029318 0.204908 
-0.00440228 0.00036931 0 1.25633e-05 0.000326901 0.204719 
-0.00445777 0.000373542 0 -0.000154049 0.000254562 0.205903 
-0.00434649 1.22488e-05 0 -0.00011025 0.000262205 0.205372 
-0.00437772 0.000165403 0 -2.78754e-05 0.000313575 0.206127 
-0.00433058 -4.3422e-05 0 -0.000156804 0.000220541 0.206109 
-0.00429922 0.000103235 0 1.93991e-05 0.000315983 0.203992 
-0.00439864 0.000391036 0 -7.93265e-05 0.000345908 0.204444 
-0.00433511 0.000383645 0 -0.000230215 0.000211257 0.203587 
-0.00444764 0.00035879 0 0.000135114 0.000438724 0.202301 
-0.0044294 0.000608832 0 -0.000274109 0.000260315 0.20255 
-0.00439739 0.000561446 0 -8.02866e-05 0.000376385 0.201736 
-0.00437385 0.000754565 0 5.78934e-05 0.000411093 0.200608 
-0.00438201 0.000901788 0 -0.000248998 0.000276155 0.201053 
-0.00439292 0.000682712 0 4.67914e-06 0.000484982 0.200064 
-0.00432462 0.00094676 0 2.27877e-06 0.000350644 0.199635 
-0.00431377 0.000815898 0 -0.000252553 0.000276049 0.19966 
-0.00436527 0.000605434 0 0.000200427 0.000540661 0.19889 
-0.00421667 0.000705391 0 -2.25109e-05 0.000286376 0.198435 
-0.00422752 0.000784278 0 -8.00194e-05 0.0002342 0.198581 
-0.00431257 0.000609398 0 0.000231475 0.000582207 0.197569 
-0.00434446 0.00073868 0 9.84406e-05 0.000383903 0.198403 
-0.00447887 0.000629932 0 -1.23945e-05 0.00047165 0.198879 
-0.00421071 0.0004839 0 0.000140471 0.000443166 0.196896 
-0.00435895 0.000801325 0 -2.47531e-05 0.000440792 0.197625 
-0.00433308 0.000768483 0 5.12202e-05 0.000477853 0.197383 
-0.00415576 0.000837713 0 -8.46522e-05 0.000364155 0.196604 
-0.00434804 0.00115362 0 0.000175828 0.00056249 0.196979 
-0.00420398 0.000887722 0 -6.11221e-05 0.000429178 0.19619 
-0.00412542 0.00123301 0 -7.17726e-05 0.000306431 0.196365 
-0.00419551 0.00118211 0 0.000139876 0.000449114 0.196443 
-0.00416434 0.00114387 0 5.61674e-05 0.000445749 0.196131 
-0.00414932 0.00122693 0 -5.70641e-05 0.00039325 0.197256 
-0.00414532 0.00113016 0 -1.49028e-05 0.000446653 0.196925 
-0.00419152 0.00115842 0 0.000105528 0.000548548 0.197369 
-0.00413001 0.000869274 0 -0.000130455 0.000362441 0.198284 
-0.00431907 0.000940412 0 0.000155062 0.00053593 0.199069 
-0.00427896 0.00101638 0 -0.000235909 0.000310369 0.20028 
-0.00400281 0.000945598 0 -0.000311831 0.000211956 0.199517 
-0.00425357 0.00114021 0 2.29609e-05 0.000488316 0.200751 
-0.00410515 0.00107935 0 -0.000188752 0.000290147 0.201046 
-0.00400341 0.00109854 0 -0.000140049 0.000309257 0.201046 
-0.00418174 0.00111175 0 2.64149e-05 0.000449556 0.202408 
-0.00404143 0.00119048 0 -0.000285683 0.000302064 0.202383 
-0.00407559 0.00127921 0 -9.3694e-05 0.000372136 0.203232 
-0.00415105 0.00133523 0 1.36209e-05 0.00046741 0.203611 
-0.00406468 0.00127724 0 -0.00011623 0.000393719 0.2042 
-0.00406879 0.00130484 0 -2.33037e-05 0.00038072 0.206003 
-0.00409096 0.0013485 0 -3.42469e-05 0.000479199 0.206348 
-0.00400478 0.00126606 0 -0.000152163 0.000318728 0.207505 
-0.0041635 0.00137249 0 -4.40007e-05 0.00037127 0.209813 
-0.00417793 0.0014191 0 -0.000166365 0.00032507 0.210648 
-0.00400484 0.00139931 0 -6.37702e-05 0.000306568 0.210574 
-0.00411236 0.00137481 0 -0.000121544 0.000324431 0.212708 
-0.00394922 0.00120732 0 -0.000226101 0.00021728 0.212975 
-0.00399429 0.00133005 0 1.65991e-05 0.000354188 0.213954 
-0.00403172 0.00114837 0 -0.000135954 0.000356058 0.215184 
-0.00386852 0.00110337 0 -0.000252512 0.000177853 0.215632 
-0.00397122 0.00103572 0 -0.00018517 0.000309715 0.216917 
-0.0039534 0.000832886 0 -0.000208059 0.000295487 0.217957 
-0.00387245 0.000859082 0 -0.000233644 0.000253665 0.218632 
-0.00395036 0.000978678 0 -0.000169391 0.000312268 0.219878 
-0.00389171 0.000866681 0 -0.000303936 0.000272068 0.220787 
-0.0038088 0.000869036 0 -0.000175752 0.000205466 0.221936 
-0.00386596 0.00105011 0 -0.000250943 0.000299629 0.222979 
-0.00383031 0.000949413 0 -0.000287467 0.00017846 0.224696 
-0.00379324 0.00103757 0 -0.00020024 0.000215221 0.225269 
-0.0038138 0.00118434 0 -0.000324082 0.000196925 0.226323 
-0.00383824 0.00121763 0 -0.000247954 0.000170686 0.227735 
-0.00375503 0.00130326 0 -0.00031159 8.97464e-05 0.228158 
-0.0038504 0.00141904 0 -0.0002677 0.000241026 0.22911 
-0.00378907 0.00129968 0 -0.000316499 0.000109725 0.23042 
-0.00383949 0.00138152 0 -0.000161707 0.000215264 0.231215 
-0.0038408 0.00153339 0 -0.000285932 0.000167755 0.23227 
-0.00383836 0.00107038 0 -0.000262528 0.000182126 0.233245 
-0.00384659 0.00127807 0 -9.67192e-05 0.000247968 0.233919 
-0.00376427 0.00115073 0 -0.000424882 4.1646e-05 0.234728 
-0.00377518 0.00110623 0 -0.00023842 0.000169364 0.234706 
-0.00381225 0.00117961 0 -9.73579e-05 0.000227981 0.235352 
-0.00366074 0.00118768 0 -0.000492577 -5.57189e-05 0.235627 
-0.00365949 0.00119826 0 -0.000207494 2.51792e-05 0.236021 
-0.00364178 0.00128892 0 -0.00017996 9.27071e-05 0.236249 
-0.00353807 0.00126687 0 -0.000400778 -0.000179718 0.236947 
-0.00360382 0.00126135 0 -0.000289809 -3.7769e-05 0.237211 
-0.00365502 0.00148737 0 -0.000387228 -5.37988e-05 0.237376 
-0.00384009 0.0014607 0 -0.00033568 -0.000127362 0.238843 
-0.00385773 0.00139982 0 -0.000644666 -0.000258059 0.23962 
-0.00382382 0.00142741 0 -0.000323574 -4.283e-05 0.238836 
-0.00395465 0.00145057 0 -0.000437629 -0.00019614 0.240315 
-0.00390136 0.00137916 0 -0.000700466 -0.000230145 0.240029 
-0.00398242 0.00121197 0 -0.000191776 -1.27674e-05 0.240437 
-0.00398505 0.0012413 0 -0.000731554 -0.00026647 0.241428 
-0.0039717 0.00121981 0 -0.000492756 -0.000169214 0.240328 
-0.00402868 0.00143325 0 -0.000455607 -0.000143885 0.240216 
-0.00405186 0.00145456 0 -0.000713991 -0.000206408 0.240605 
-0.00406396 0.00149608 0 -0.000360561 -6.70238e-05 0.239582 
-0.0040794 0.00179642 0 -0.000507082 -0.000159024 0.239728 
-0.00410485 0.00182605 0 -0.000662693 -0.000185711 0.239794 
-0.00410825 0.00200781 0 -0.000264563 -2.21356e-05 0.238712 
-0.00411779 0.00210777 0 -0.00053083 -0.000133474 0.23889 
-0.0042091 0.00194952 0 -0.00039567 2.29438e-05 0.238586 
-0.00406933 0.00191978 0 -0.000518131 -0.000127756 0.237932 
-0.00421679 0.00218013 0 -0.00039896 -1.38658e-05 0.2384 
-0.00424212 0.00168729 0 -0.000303448 3.91445e-05 0.238301 
-0.00426197 0.00179935 0 -0.000439946 -2.42276e-05 0.238494 
-0.00434899 0.00181925 0 -0.000282485 -1.30007e-05 0.238999 
-0.00424612 0.00152177 0 -0.000423043 -0.000109196 0.238307 
-0.00468838 0.00189245 0 -0.000333684 0.000191918 0.239831 
-0.00453609 0.00180933 0 -0.000311903 0.000105788 0.23863 
-0.00470448 0.00222853 0 0.000135972 0.000605903 0.237732 
-0.00470448 0.00222853 0 0.000135972 0.000605903 0.237732 
