0.588116 ,-0.621295 ,-0.517796, -0.696351 
-0.727219 ,-0.686402 ,-0.00237702, 0.0116999 
-0.353939 ,0.377949 ,-0.855501, 0.0867486 
0 ,0 ,0, 1 
0.588115 ,-0.621295 ,-0.517796, -0.696351 
-0.72722 ,-0.686401 ,-0.00237792, 0.0116995 
-0.353938 ,0.37795 ,-0.855501, 0.0867486 
0 ,0 ,0, 1 
0.588155 ,-0.62137 ,-0.51766, -0.69587 
-0.727228 ,-0.686392 ,-0.00235498, 0.0117025 
-0.353855 ,0.377842 ,-0.855583, 0.0865318 
0 ,0 ,0, 1 
0.588335 ,-0.621505 ,-0.517294, -0.694874 
-0.727201 ,-0.68642 ,-0.00236752, 0.0116873 
-0.35361 ,0.37757 ,-0.855804, 0.0862646 
0 ,0 ,0, 1 
0.588388 ,-0.621501 ,-0.517238, -0.694659 
-0.727171 ,-0.686453 ,-0.00237336, 0.011684 
-0.353585 ,0.377517 ,-0.855838, 0.0862339 
0 ,0 ,0, 1 
0.588477 ,-0.621525 ,-0.517108, -0.693935 
-0.727129 ,-0.686497 ,-0.00236728, 0.0116736 
-0.353521 ,0.377397 ,-0.855917, 0.086078 
0 ,0 ,0, 1 
0.588504 ,-0.621457 ,-0.51716, -0.693319 
-0.727083 ,-0.686546 ,-0.00238338, 0.0116563 
-0.353573 ,0.37742 ,-0.855886, 0.0860455 
0 ,0 ,0, 1 
0.588521 ,-0.621604 ,-0.516964, -0.692834 
-0.727158 ,-0.686466 ,-0.00239386, 0.0116722 
-0.35339 ,0.377323 ,-0.856004, 0.0859749 
0 ,0 ,0, 1 
0.588467 ,-0.621584 ,-0.517049, -0.692182 
-0.727162 ,-0.686462 ,-0.00235529, 0.0116829 
-0.35347 ,0.377364 ,-0.855953, 0.0859111 
0 ,0 ,0, 1 
0.588508 ,-0.621591 ,-0.516994, -0.691601 
-0.72715 ,-0.686475 ,-0.00237264, 0.0116668 
-0.353428 ,0.377329 ,-0.855986, 0.0859255 
0 ,0 ,0, 1 
0.588514 ,-0.621656 ,-0.516908, -0.691049 
-0.727189 ,-0.686433 ,-0.0023912, 0.0116574 
-0.353336 ,0.377298 ,-0.856037, 0.085844 
0 ,0 ,0, 1 
0.588385 ,-0.621639 ,-0.517076, -0.690469 
-0.727247 ,-0.686372 ,-0.0023694, 0.0116679 
-0.353434 ,0.377436 ,-0.855936, 0.0858338 
0 ,0 ,0, 1 
0.588461 ,-0.621688 ,-0.516932, -0.689875 
-0.727239 ,-0.68638 ,-0.00239406, 0.0116514 
-0.353323 ,0.377342 ,-0.856023, 0.0858423 
0 ,0 ,0, 1 
0.588375 ,-0.621629 ,-0.5171, -0.689373 
-0.727245 ,-0.686374 ,-0.00236426, 0.0116633 
-0.353455 ,0.37745 ,-0.855922, 0.0858085 
0 ,0 ,0, 1 
0.588368 ,-0.621747 ,-0.516967, -0.688715 
-0.727314 ,-0.686301 ,-0.00236489, 0.0116677 
-0.353324 ,0.377388 ,-0.856002, 0.0857354 
0 ,0 ,0, 1 
0.588402 ,-0.621753 ,-0.51692, -0.688145 
-0.727312 ,-0.686303 ,-0.00240059, 0.011636 
-0.353271 ,0.377374 ,-0.85603, 0.0857601 
0 ,0 ,0, 1 
0.58839 ,-0.621732 ,-0.516959, -0.687586 
-0.727301 ,-0.686314 ,-0.00238695, 0.0116377 
-0.353312 ,0.377389 ,-0.856007, 0.0856964 
0 ,0 ,0, 1 
0.588316 ,-0.621805 ,-0.516956, -0.686998 
-0.727372 ,-0.68624 ,-0.00235486, 0.0116697 
-0.353291 ,0.377404 ,-0.856009, 0.0856701 
0 ,0 ,0, 1 
0.588315 ,-0.621809 ,-0.516952, -0.686439 
-0.727391 ,-0.686219 ,-0.00239536, 0.0116413 
-0.353253 ,0.377436 ,-0.856011, 0.0857061 
0 ,0 ,0, 1 
0.588278 ,-0.621715 ,-0.517108, -0.685916 
-0.727359 ,-0.686253 ,-0.00239027, 0.0116265 
-0.35338 ,0.377529 ,-0.855917, 0.0856859 
0 ,0 ,0, 1 
0.588254 ,-0.621785 ,-0.51705, -0.685325 
-0.727395 ,-0.686215 ,-0.00234924, 0.0116601 
-0.353347 ,0.377481 ,-0.855952, 0.0856731 
0 ,0 ,0, 1 
0.588285 ,-0.621917 ,-0.516856, -0.684667 
-0.727472 ,-0.686133 ,-0.0024039, 0.011635 
-0.353137 ,0.377412 ,-0.856069, 0.0855752 
0 ,0 ,0, 1 
0.58817 ,-0.621707 ,-0.51724, -0.684258 
-0.727424 ,-0.686184 ,-0.00240468, 0.0116111 
-0.353426 ,0.377667 ,-0.855837, 0.0856835 
0 ,0 ,0, 1 
0.588229 ,-0.621844 ,-0.517007, -0.683576 
-0.727451 ,-0.686155 ,-0.00237114, 0.011637 
-0.353273 ,0.377492 ,-0.855978, 0.085578 
0 ,0 ,0, 1 
0.588191 ,-0.621869 ,-0.517021, -0.683023 
-0.727482 ,-0.686123 ,-0.00235939, 0.0116483 
-0.353273 ,0.377511 ,-0.85597, 0.0855634 
0 ,0 ,0, 1 
0.588142 ,-0.621754 ,-0.517214, -0.682509 
-0.727467 ,-0.686139 ,-0.0024062, 0.0116101 
-0.353384 ,0.377671 ,-0.855853, 0.0855857 
0 ,0 ,0, 1 
0.588199 ,-0.621838 ,-0.517049, -0.68189 
-0.727471 ,-0.686135 ,-0.00238446, 0.0116252 
-0.353283 ,0.377541 ,-0.855952, 0.0855728 
0 ,0 ,0, 1 
0.588206 ,-0.621911 ,-0.516953, -0.681267 
-0.727495 ,-0.686109 ,-0.0023548, 0.0116471 
-0.353222 ,0.377466 ,-0.85601, 0.0854682 
0 ,0 ,0, 1 
0.588059 ,-0.621797 ,-0.517256, -0.680827 
-0.727539 ,-0.686062 ,-0.00240586, 0.0116046 
-0.353374 ,0.377739 ,-0.855827, 0.085555 
0 ,0 ,0, 1 
0.588194 ,-0.621966 ,-0.5169, -0.680107 
-0.727549 ,-0.686052 ,-0.00239857, 0.0116153 
-0.353128 ,0.377481 ,-0.856042, 0.085479 
0 ,0 ,0, 1 
0.588059 ,-0.62186 ,-0.517181, -0.67967 
-0.727547 ,-0.686054 ,-0.00234276, 0.0116435 
-0.353357 ,0.377651 ,-0.855873, 0.0854806 
0 ,0 ,0, 1 
0.588058 ,-0.621891 ,-0.517145, -0.679084 
-0.72759 ,-0.686008 ,-0.00240453, 0.0116018 
-0.35327 ,0.377683 ,-0.855895, 0.085483 
0 ,0 ,0, 1 
0.58804 ,-0.621962 ,-0.51708, -0.678499 
-0.727636 ,-0.685959 ,-0.00239482, 0.0116136 
-0.353206 ,0.377654 ,-0.855934, 0.085463 
0 ,0 ,0, 1 
0.588025 ,-0.621964 ,-0.517095, -0.677936 
-0.72763 ,-0.685966 ,-0.00235707, 0.0116323 
-0.353243 ,0.37764 ,-0.855925, 0.0854363 
0 ,0 ,0, 1 
0.588099 ,-0.621989 ,-0.51698, -0.677323 
-0.727617 ,-0.685979 ,-0.00239656, 0.011597 
-0.353147 ,0.377573 ,-0.855994, 0.0853851 
0 ,0 ,0, 1 
0.587946 ,-0.621926 ,-0.517231, -0.676866 
-0.727673 ,-0.68592 ,-0.00239832, 0.0115957 
-0.353288 ,0.377785 ,-0.855842, 0.0854993 
0 ,0 ,0, 1 
0.587974 ,-0.622037 ,-0.517066, -0.676217 
-0.7277 ,-0.685891 ,-0.00235853, 0.011632 
-0.353184 ,0.377656 ,-0.855942, 0.0853894 
0 ,0 ,0, 1 
0.587974 ,-0.621977 ,-0.517137, -0.675701 
-0.727668 ,-0.685925 ,-0.00236017, 0.0116266 
-0.353249 ,0.377692 ,-0.855899, 0.0854116 
0 ,0 ,0, 1 
0.588066 ,-0.621967 ,-0.517044, -0.675071 
-0.727634 ,-0.685962 ,-0.00241894, 0.0115779 
-0.353168 ,0.377641 ,-0.855955, 0.0853643 
0 ,0 ,0, 1 
0.588028 ,-0.621978 ,-0.517075, -0.674527 
-0.727645 ,-0.68595 ,-0.00237799, 0.0116163 
-0.353208 ,0.377645 ,-0.855937, 0.0853857 
0 ,0 ,0, 1 
0.58793 ,-0.621955 ,-0.517213, -0.674006 
-0.727674 ,-0.685919 ,-0.0023399, 0.0116406 
-0.353311 ,0.377738 ,-0.855853, 0.085373 
0 ,0 ,0, 1 
0.588039 ,-0.621997 ,-0.517039, -0.673366 
-0.727666 ,-0.685928 ,-0.0024196, 0.0115782 
-0.353147 ,0.377654 ,-0.855958, 0.085329 
0 ,0 ,0, 1 
0.588006 ,-0.62196 ,-0.517121, -0.672817 
-0.727652 ,-0.685942 ,-0.00238915, 0.0115999 
-0.353229 ,0.377689 ,-0.855909, 0.0853283 
0 ,0 ,0, 1 
0.587946 ,-0.621896 ,-0.517267, -0.672322 
-0.727632 ,-0.685964 ,-0.00233966, 0.0116383 
-0.353372 ,0.377756 ,-0.855821, 0.0853525 
0 ,0 ,0, 1 
0.588123 ,-0.621938 ,-0.517014, -0.671645 
-0.727583 ,-0.686016 ,-0.00241583, 0.0115843 
-0.353177 ,0.377591 ,-0.855974, 0.0852545 
0 ,0 ,0, 1 
0.588037 ,-0.621941 ,-0.517109, -0.671104 
-0.727627 ,-0.685969 ,-0.00239682, 0.0115946 
-0.35323 ,0.377672 ,-0.855916, 0.0852743 
0 ,0 ,0, 1 
0.588026 ,-0.621937 ,-0.517126, -0.670548 
-0.72761 ,-0.685987 ,-0.00234513, 0.011636 
-0.353284 ,0.377645 ,-0.855906, 0.085252 
0 ,0 ,0, 1 
0.588082 ,-0.621925 ,-0.517077, -0.669954 
-0.727588 ,-0.68601 ,-0.00238717, 0.0116038 
-0.353235 ,0.377623 ,-0.855936, 0.0851922 
0 ,0 ,0, 1 
0.588041 ,-0.621935 ,-0.517112, -0.669392 
-0.727627 ,-0.685969 ,-0.00240942, 0.011583 
-0.353224 ,0.377681 ,-0.855914, 0.0852322 
0 ,0 ,0, 1 
0.587993 ,-0.621941 ,-0.517159, -0.668832 
-0.727629 ,-0.685966 ,-0.00233973, 0.0116376 
-0.353298 ,0.377676 ,-0.855886, 0.0851809 
0 ,0 ,0, 1 
0.588012 ,-0.621881 ,-0.51721, -0.668296 
-0.727595 ,-0.686003 ,-0.00236259, 0.0116162 
-0.353338 ,0.377709 ,-0.855855, 0.085207 
0 ,0 ,0, 1 
0.588086 ,-0.622019 ,-0.51696, -0.667604 
-0.727652 ,-0.685942 ,-0.00242351, 0.0115726 
-0.353097 ,0.377592 ,-0.856006, 0.0850939 
0 ,0 ,0, 1 
0.587893 ,-0.621907 ,-0.517314, -0.667183 
-0.727669 ,-0.685924 ,-0.0023416, 0.0116343 
-0.353382 ,0.37781 ,-0.855793, 0.0852091 
0 ,0 ,0, 1 
0.588012 ,-0.621967 ,-0.517106, -0.666516 
-0.727639 ,-0.685956 ,-0.00235689, 0.0116226 
-0.353246 ,0.377652 ,-0.855918, 0.085111 
0 ,0 ,0, 1 
0.588001 ,-0.621988 ,-0.517093, -0.665955 
-0.727677 ,-0.685916 ,-0.00240421, 0.0115793 
-0.353187 ,0.37769 ,-0.855926, 0.0850811 
0 ,0 ,0, 1 
0.587864 ,-0.621972 ,-0.517269, -0.665433 
-0.727727 ,-0.685863 ,-0.00235124, 0.011623 
-0.353313 ,0.377813 ,-0.85582, 0.0851096 
0 ,0 ,0, 1 
0.58794 ,-0.622011 ,-0.517135, -0.664823 
-0.727707 ,-0.685884 ,-0.00235936, 0.0116188 
-0.353227 ,0.37771 ,-0.855901, 0.0850756 
0 ,0 ,0, 1 
0.587984 ,-0.622045 ,-0.517045, -0.664207 
-0.727716 ,-0.685874 ,-0.00239984, 0.0115793 
-0.353135 ,0.377673 ,-0.855955, 0.0850008 
0 ,0 ,0, 1 
0.587882 ,-0.622076 ,-0.517123, -0.663657 
-0.727781 ,-0.685805 ,-0.00237202, 0.0116081 
-0.35317 ,0.377747 ,-0.855908, 0.0850118 
0 ,0 ,0, 1 
0.587819 ,-0.621992 ,-0.517296, -0.663165 
-0.727764 ,-0.685823 ,-0.00235369, 0.0116194 
-0.35331 ,0.377853 ,-0.855803, 0.0850824 
0 ,0 ,0, 1 
0.588008 ,-0.622097 ,-0.516954, -0.662443 
-0.727728 ,-0.685862 ,-0.00239414, 0.0115765 
-0.35307 ,0.37761 ,-0.85601, 0.0849155 
0 ,0 ,0, 1 
0.587808 ,-0.622026 ,-0.517268, -0.662017 
-0.727798 ,-0.685788 ,-0.00237325, 0.0116025 
-0.35326 ,0.377862 ,-0.85582, 0.08501 
0 ,0 ,0, 1 
0.587812 ,-0.622059 ,-0.517223, -0.661405 
-0.727802 ,-0.685783 ,-0.00234641, 0.0116249 
-0.353243 ,0.377815 ,-0.855847, 0.0849792 
0 ,0 ,0, 1 
0.587941 ,-0.622072 ,-0.517062, -0.660784 
-0.727752 ,-0.685836 ,-0.00238954, 0.0115783 
-0.353133 ,0.377697 ,-0.855945, 0.0849077 
0 ,0 ,0, 1 
0.587872 ,-0.622103 ,-0.517101, -0.660207 
-0.727808 ,-0.685777 ,-0.00238723, 0.0115865 
-0.353131 ,0.377754 ,-0.855921, 0.0848681 
0 ,0 ,0, 1 
0.587846 ,-0.622099 ,-0.517136, -0.659654 
-0.727808 ,-0.685777 ,-0.00235499, 0.0116225 
-0.353175 ,0.37776 ,-0.8559, 0.0849201 
0 ,0 ,0, 1 
0.587962 ,-0.621953 ,-0.517181, -0.659101 
-0.72767 ,-0.685923 ,-0.00237811, 0.011589 
-0.353267 ,0.377735 ,-0.855873, 0.0848623 
0 ,0 ,0, 1 
0.587959 ,-0.62203 ,-0.51709, -0.658493 
-0.727719 ,-0.685871 ,-0.00239104, 0.0115857 
-0.35317 ,0.377702 ,-0.855928, 0.0848473 
0 ,0 ,0, 1 
0.587844 ,-0.622048 ,-0.5172, -0.657957 
-0.727781 ,-0.685806 ,-0.00235372, 0.0116192 
-0.353234 ,0.377792 ,-0.855861, 0.0848425 
0 ,0 ,0, 1 
0.587965 ,-0.621973 ,-0.517153, -0.657368 
-0.727684 ,-0.685908 ,-0.00238963, 0.0115813 
-0.353233 ,0.377729 ,-0.85589, 0.084837 
0 ,0 ,0, 1 
0.587949 ,-0.622043 ,-0.517087, -0.656763 
-0.727729 ,-0.68586 ,-0.00238509, 0.0115881 
-0.353166 ,0.377701 ,-0.85593, 0.0847994 
0 ,0 ,0, 1 
0.587858 ,-0.622076 ,-0.51715, -0.656217 
-0.727789 ,-0.685797 ,-0.00235542, 0.0116174 
-0.353195 ,0.377761 ,-0.855891, 0.0847424 
0 ,0 ,0, 1 
0.587899 ,-0.621992 ,-0.517205, -0.655674 
-0.727733 ,-0.685857 ,-0.00239055, 0.0115784 
-0.353241 ,0.377792 ,-0.855858, 0.0848075 
0 ,0 ,0, 1 
0.587853 ,-0.622058 ,-0.517177, -0.655072 
-0.727787 ,-0.685799 ,-0.00236831, 0.0115933 
-0.353206 ,0.377787 ,-0.855875, 0.0847281 
0 ,0 ,0, 1 
0.587709 ,-0.622059 ,-0.517341, -0.654596 
-0.727863 ,-0.685718 ,-0.00234736, 0.0116212 
-0.35329 ,0.377933 ,-0.855776, 0.084777 
0 ,0 ,0, 1 
0.587844 ,-0.622047 ,-0.517201, -0.653945 
-0.727788 ,-0.685798 ,-0.00237477, 0.0115931 
-0.353218 ,0.377809 ,-0.85586, 0.0847152 
0 ,0 ,0, 1 
0.587763 ,-0.622016 ,-0.51733, -0.653445 
-0.727809 ,-0.685776 ,-0.00234932, 0.0116048 
-0.353311 ,0.377899 ,-0.855783, 0.084777 
0 ,0 ,0, 1 
0.58764 ,-0.622106 ,-0.517362, -0.652916 
-0.727931 ,-0.685646 ,-0.00235069, 0.0116233 
-0.353265 ,0.377985 ,-0.855763, 0.0847664 
0 ,0 ,0, 1 
0.587627 ,-0.622021 ,-0.517479, -0.652418 
-0.727896 ,-0.685684 ,-0.0023609, 0.0116092 
-0.353359 ,0.378058 ,-0.855693, 0.0848324 
0 ,0 ,0, 1 
0.587593 ,-0.622042 ,-0.517492, -0.651907 
-0.727913 ,-0.685665 ,-0.00232658, 0.011631 
-0.353379 ,0.378056 ,-0.855685, 0.0848653 
0 ,0 ,0, 1 
0.587542 ,-0.622044 ,-0.517548, -0.651425 
-0.727935 ,-0.685643 ,-0.0023033, 0.0116406 
-0.35342 ,0.378094 ,-0.855651, 0.08492 
0 ,0 ,0, 1 
0.587521 ,-0.622002 ,-0.517622, -0.65099 
-0.727947 ,-0.685629 ,-0.00236048, 0.0115957 
-0.353428 ,0.378188 ,-0.855606, 0.0850068 
0 ,0 ,0, 1 
0.587484 ,-0.62198 ,-0.517691, -0.650537 
-0.727953 ,-0.685623 ,-0.00235193, 0.011597 
-0.353478 ,0.378237 ,-0.855564, 0.0851501 
0 ,0 ,0, 1 
0.587452 ,-0.622008 ,-0.517693, -0.650095 
-0.727978 ,-0.685597 ,-0.00232718, 0.011614 
-0.353481 ,0.378236 ,-0.855563, 0.0852239 
0 ,0 ,0, 1 
0.587381 ,-0.621973 ,-0.517816, -0.649747 
-0.727994 ,-0.685579 ,-0.00231372, 0.0116219 
-0.353565 ,0.378326 ,-0.855489, 0.0854212 
0 ,0 ,0, 1 
0.58739 ,-0.622 ,-0.517772, -0.649318 
-0.728019 ,-0.685553 ,-0.00235149, 0.0115932 
-0.353498 ,0.378329 ,-0.855515, 0.0855412 
0 ,0 ,0, 1 
0.587304 ,-0.621943 ,-0.517939, -0.649009 
-0.728037 ,-0.685534 ,-0.0023461, 0.0115952 
-0.353606 ,0.378456 ,-0.855414, 0.0857961 
0 ,0 ,0, 1 
0.587258 ,-0.621914 ,-0.518026, -0.648718 
-0.728045 ,-0.685525 ,-0.00234119, 0.0115959 
-0.353664 ,0.378521 ,-0.855362, 0.0859849 
0 ,0 ,0, 1 
0.587176 ,-0.621837 ,-0.518212, -0.648468 
-0.72805 ,-0.68552 ,-0.00233847, 0.0115935 
-0.353791 ,0.378657 ,-0.855249, 0.0862576 
0 ,0 ,0, 1 
0.587148 ,-0.621808 ,-0.518277, -0.648199 
-0.728055 ,-0.685515 ,-0.00234859, 0.0115859 
-0.353826 ,0.378713 ,-0.855209, 0.0865162 
0 ,0 ,0, 1 
0.587146 ,-0.621794 ,-0.518297, -0.647909 
-0.728055 ,-0.685514 ,-0.00236531, 0.0115745 
-0.353829 ,0.378738 ,-0.855197, 0.0867893 
0 ,0 ,0, 1 
0.587167 ,-0.621798 ,-0.518269, -0.64763 
-0.728053 ,-0.685517 ,-0.00238579, 0.0115606 
-0.353798 ,0.378728 ,-0.855215, 0.087027 
0 ,0 ,0, 1 
0.587193 ,-0.621801 ,-0.518235, -0.647335 
-0.728049 ,-0.68552 ,-0.00240901, 0.0115459 
-0.353762 ,0.378715 ,-0.855235, 0.0873038 
0 ,0 ,0, 1 
0.587213 ,-0.621799 ,-0.518216, -0.647048 
-0.728045 ,-0.685525 ,-0.00242839, 0.0115327 
-0.35374 ,0.37871 ,-0.855246, 0.0875692 
0 ,0 ,0, 1 
0.587281 ,-0.621847 ,-0.51808, -0.646698 
-0.728041 ,-0.685529 ,-0.00245254, 0.0115198 
-0.353634 ,0.378624 ,-0.855329, 0.0878234 
0 ,0 ,0, 1 
0.587184 ,-0.621795 ,-0.518254, -0.646479 
-0.728056 ,-0.685513 ,-0.00242087, 0.0115429 
-0.353764 ,0.37874 ,-0.855223, 0.0881089 
0 ,0 ,0, 1 
0.587188 ,-0.621813 ,-0.518227, -0.646165 
-0.728061 ,-0.685508 ,-0.00241486, 0.0115486 
-0.353747 ,0.378719 ,-0.85524, 0.0883266 
0 ,0 ,0, 1 
0.587158 ,-0.621763 ,-0.518321, -0.645889 
-0.728056 ,-0.685513 ,-0.00242495, 0.0115381 
-0.353808 ,0.37879 ,-0.855183, 0.0886102 
0 ,0 ,0, 1 
0.587179 ,-0.621769 ,-0.51829, -0.645563 
-0.728052 ,-0.685517 ,-0.00243873, 0.0115266 
-0.35378 ,0.378774 ,-0.855202, 0.0888225 
0 ,0 ,0, 1 
0.587166 ,-0.621726 ,-0.518356, -0.64528 
-0.728039 ,-0.685532 ,-0.00244313, 0.0115194 
-0.353831 ,0.378818 ,-0.855161, 0.0890897 
0 ,0 ,0, 1 
0.587175 ,-0.62176 ,-0.518305, -0.644955 
-0.728046 ,-0.685524 ,-0.00242848, 0.0115323 
-0.353801 ,0.378776 ,-0.855192, 0.0892921 
0 ,0 ,0, 1 
0.587176 ,-0.621757 ,-0.518307, -0.644631 
-0.728043 ,-0.685527 ,-0.00242782, 0.0115337 
-0.353804 ,0.378776 ,-0.855191, 0.0895718 
0 ,0 ,0, 1 
0.587146 ,-0.621707 ,-0.518401, -0.644363 
-0.728035 ,-0.685535 ,-0.00243113, 0.0115262 
-0.353871 ,0.378842 ,-0.855134, 0.0898129 
0 ,0 ,0, 1 
0.587238 ,-0.62177 ,-0.518222, -0.643981 
-0.728028 ,-0.685543 ,-0.00246159, 0.0115076 
-0.353733 ,0.378725 ,-0.855243, 0.0900403 
0 ,0 ,0, 1 
0.587244 ,-0.621807 ,-0.518171, -0.643659 
-0.728035 ,-0.685535 ,-0.00243954, 0.0115265 
-0.353707 ,0.378679 ,-0.855274, 0.0902416 
0 ,0 ,0, 1 
0.587158 ,-0.621719 ,-0.518373, -0.643422 
-0.728033 ,-0.685538 ,-0.0024271, 0.0115323 
-0.353856 ,0.378818 ,-0.855151, 0.0905809 
0 ,0 ,0, 1 
0.587255 ,-0.621788 ,-0.518181, -0.643052 
-0.728024 ,-0.685547 ,-0.00245422, 0.0115154 
-0.353711 ,0.37869 ,-0.855267, 0.0907691 
0 ,0 ,0, 1 
0.58728 ,-0.621786 ,-0.518154, -0.642721 
-0.728016 ,-0.685555 ,-0.00247169, 0.0115019 
-0.353686 ,0.378676 ,-0.855284, 0.0910239 
0 ,0 ,0, 1 
0.587207 ,-0.621723 ,-0.518314, -0.642482 
-0.728018 ,-0.685553 ,-0.00245727, 0.0115076 
-0.353804 ,0.378785 ,-0.855187, 0.0912619 
0 ,0 ,0, 1 
0.587139 ,-0.621688 ,-0.518431, -0.642223 
-0.728028 ,-0.685543 ,-0.00243044, 0.0115287 
-0.353896 ,0.37886 ,-0.855116, 0.0915619 
0 ,0 ,0, 1 
0.587138 ,-0.621656 ,-0.518472, -0.641952 
-0.728016 ,-0.685556 ,-0.00244153, 0.0115187 
-0.353924 ,0.37889 ,-0.855091, 0.0918323 
0 ,0 ,0, 1 
0.587162 ,-0.621653 ,-0.518448, -0.641664 
-0.728006 ,-0.685566 ,-0.00245686, 0.011507 
-0.353903 ,0.378876 ,-0.855106, 0.0920656 
0 ,0 ,0, 1 
0.587143 ,-0.621655 ,-0.518467, -0.641395 
-0.728013 ,-0.685559 ,-0.00244168, 0.0115236 
-0.353922 ,0.378884 ,-0.855094, 0.0923713 
0 ,0 ,0, 1 
0.587194 ,-0.621686 ,-0.518373, -0.64108 
-0.727995 ,-0.685578 ,-0.00243027, 0.0115355 
-0.353874 ,0.3788 ,-0.855151, 0.0926411 
0 ,0 ,0, 1 
0.587174 ,-0.621639 ,-0.518452, -0.640836 
-0.727986 ,-0.685587 ,-0.00244443, 0.0115236 
-0.353924 ,0.378861 ,-0.855103, 0.0929331 
0 ,0 ,0, 1 
0.587311 ,-0.621754 ,-0.518158, -0.640454 
-0.727981 ,-0.685593 ,-0.00247026, 0.0115136 
-0.35371 ,0.37866 ,-0.855281, 0.0931299 
0 ,0 ,0, 1 
0.587229 ,-0.62171 ,-0.518303, -0.640218 
-0.727984 ,-0.68559 ,-0.00242308, 0.0115494 
-0.353837 ,0.37874 ,-0.855193, 0.0934445 
0 ,0 ,0, 1 
0.587206 ,-0.62165 ,-0.518403, -0.639984 
-0.727966 ,-0.685609 ,-0.00242421, 0.0115444 
-0.353915 ,0.378803 ,-0.855133, 0.0937201 
0 ,0 ,0, 1 
0.587197 ,-0.621618 ,-0.518451, -0.639712 
-0.727961 ,-0.685615 ,-0.00244142, 0.0115314 
-0.35394 ,0.378846 ,-0.855104, 0.0940055 
0 ,0 ,0, 1 
0.587186 ,-0.621614 ,-0.518468, -0.639433 
-0.727964 ,-0.685611 ,-0.00244022, 0.0115335 
-0.353951 ,0.378859 ,-0.855093, 0.0942445 
0 ,0 ,0, 1 
0.587191 ,-0.621619 ,-0.518457, -0.639116 
-0.727952 ,-0.685623 ,-0.00241199, 0.011555 
-0.353967 ,0.378828 ,-0.8551, 0.0945125 
0 ,0 ,0, 1 
0.587223 ,-0.62163 ,-0.518406, -0.638785 
-0.727949 ,-0.685627 ,-0.00243267, 0.0115406 
-0.353921 ,0.378802 ,-0.855131, 0.094753 
0 ,0 ,0, 1 
0.587177 ,-0.621576 ,-0.518524, -0.638515 
-0.727948 ,-0.685628 ,-0.00243962, 0.011531 
-0.353998 ,0.378891 ,-0.85506, 0.0949969 
0 ,0 ,0, 1 
0.587251 ,-0.621642 ,-0.51836, -0.63814 
-0.727941 ,-0.685635 ,-0.00244037, 0.0115343 
-0.353889 ,0.378769 ,-0.855159, 0.0951983 
0 ,0 ,0, 1 
0.587209 ,-0.621605 ,-0.518453, -0.63784 
-0.727937 ,-0.685639 ,-0.00242067, 0.011546 
-0.353967 ,0.378823 ,-0.855103, 0.0954667 
0 ,0 ,0, 1 
0.587194 ,-0.62158 ,-0.518499, -0.637513 
-0.727939 ,-0.685638 ,-0.00243376, 0.0115332 
-0.35399 ,0.378865 ,-0.855075, 0.0957001 
0 ,0 ,0, 1 
0.587222 ,-0.621598 ,-0.518446, -0.637164 
-0.727939 ,-0.685638 ,-0.00245089, 0.0115197 
-0.353943 ,0.378836 ,-0.855107, 0.0958929 
0 ,0 ,0, 1 
0.58726 ,-0.621628 ,-0.518366, -0.636781 
-0.72794 ,-0.685636 ,-0.00246823, 0.0115061 
-0.353876 ,0.378789 ,-0.855155, 0.0960769 
0 ,0 ,0, 1 
0.587288 ,-0.621651 ,-0.518308, -0.636401 
-0.727934 ,-0.685642 ,-0.00246376, 0.0115075 
-0.353843 ,0.378741 ,-0.85519, 0.0962707 
0 ,0 ,0, 1 
0.587243 ,-0.621611 ,-0.518407, -0.636105 
-0.727936 ,-0.685641 ,-0.00245754, 0.0115091 
-0.353913 ,0.37881 ,-0.855131, 0.0965234 
0 ,0 ,0, 1 
0.587248 ,-0.621618 ,-0.518393, -0.635765 
-0.727941 ,-0.685636 ,-0.00246675, 0.0115001 
-0.353895 ,0.378808 ,-0.855139, 0.096693 
0 ,0 ,0, 1 
0.58721 ,-0.621582 ,-0.518479, -0.635462 
-0.727945 ,-0.685631 ,-0.00247084, 0.0114956 
-0.353949 ,0.378875 ,-0.855087, 0.0969403 
0 ,0 ,0, 1 
0.587196 ,-0.621601 ,-0.518472, -0.635128 
-0.727957 ,-0.685619 ,-0.00245194, 0.0115126 
-0.35395 ,0.378865 ,-0.855091, 0.0971702 
0 ,0 ,0, 1 
0.587194 ,-0.621586 ,-0.518492, -0.634798 
-0.727946 ,-0.68563 ,-0.00244609, 0.0115139 
-0.353973 ,0.378871 ,-0.855079, 0.0973965 
0 ,0 ,0, 1 
0.587181 ,-0.621568 ,-0.518529, -0.634511 
-0.727948 ,-0.685628 ,-0.00245454, 0.0115067 
-0.353992 ,0.378903 ,-0.855057, 0.097613 
0 ,0 ,0, 1 
0.587193 ,-0.621569 ,-0.518514, -0.634162 
-0.727949 ,-0.685627 ,-0.00247169, 0.0114938 
-0.353971 ,0.378903 ,-0.855066, 0.0978529 
0 ,0 ,0, 1 
0.587212 ,-0.621583 ,-0.518475, -0.633802 
-0.727942 ,-0.685634 ,-0.00246412, 0.0114969 
-0.353953 ,0.378867 ,-0.855089, 0.0980307 
0 ,0 ,0, 1 
0.587142 ,-0.621523 ,-0.518627, -0.63352 
-0.727941 ,-0.685635 ,-0.00244221, 0.0115085 
-0.354071 ,0.378964 ,-0.854997, 0.0982867 
0 ,0 ,0, 1 
0.587241 ,-0.621625 ,-0.518392, -0.633089 
-0.727949 ,-0.685627 ,-0.00246581, 0.0114974 
-0.353891 ,0.378811 ,-0.855139, 0.0984349 
0 ,0 ,0, 1 
0.587161 ,-0.621556 ,-0.518566, -0.632805 
-0.727956 ,-0.68562 ,-0.00246248, 0.0114964 
-0.354008 ,0.378939 ,-0.855034, 0.0986994 
0 ,0 ,0, 1 
0.58712 ,-0.62153 ,-0.518642, -0.632522 
-0.727965 ,-0.68561 ,-0.00245863, 0.0114996 
-0.354058 ,0.378997 ,-0.854988, 0.0989388 
0 ,0 ,0, 1 
0.587204 ,-0.621635 ,-0.518422, -0.632089 
-0.727976 ,-0.685598 ,-0.0024679, 0.0115021 
-0.353895 ,0.378848 ,-0.855121, 0.0991454 
0 ,0 ,0, 1 
0.587161 ,-0.621583 ,-0.518533, -0.631822 
-0.727967 ,-0.685608 ,-0.00245298, 0.0115077 
-0.353985 ,0.378915 ,-0.855054, 0.0993556 
0 ,0 ,0, 1 
0.58715 ,-0.621551 ,-0.518583, -0.631512 
-0.72796 ,-0.685616 ,-0.00246143, 0.0115002 
-0.354019 ,0.378953 ,-0.855024, 0.0996331 
0 ,0 ,0, 1 
0.587169 ,-0.621588 ,-0.518519, -0.631166 
-0.727968 ,-0.685607 ,-0.00245866, 0.0115063 
-0.353972 ,0.378909 ,-0.855063, 0.0998584 
0 ,0 ,0, 1 
0.587087 ,-0.621522 ,-0.51869, -0.630931 
-0.72797 ,-0.685605 ,-0.00243713, 0.0115199 
-0.354101 ,0.379022 ,-0.854959, 0.10013 
0 ,0 ,0, 1 
0.587105 ,-0.621506 ,-0.518689, -0.630628 
-0.727951 ,-0.685625 ,-0.00243531, 0.0115181 
-0.354112 ,0.37901 ,-0.85496, 0.10035 
0 ,0 ,0, 1 
0.587117 ,-0.621505 ,-0.518676, -0.630284 
-0.727948 ,-0.685628 ,-0.00244735, 0.0115091 
-0.354098 ,0.379006 ,-0.854967, 0.100593 
0 ,0 ,0, 1 
0.587119 ,-0.621514 ,-0.518664, -0.629953 
-0.727953 ,-0.685622 ,-0.00245134, 0.0115072 
-0.354084 ,0.379003 ,-0.854974, 0.100814 
0 ,0 ,0, 1 
0.587163 ,-0.621577 ,-0.518539, -0.629585 
-0.727959 ,-0.685616 ,-0.00244461, 0.0115155 
-0.353999 ,0.37891 ,-0.855051, 0.10098 
0 ,0 ,0, 1 
0.58716 ,-0.621549 ,-0.518575, -0.629259 
-0.727947 ,-0.685629 ,-0.00244779, 0.01151 
-0.354029 ,0.378933 ,-0.855029, 0.101229 
0 ,0 ,0, 1 
0.587122 ,-0.621502 ,-0.518674, -0.628953 
-0.727944 ,-0.685632 ,-0.0024498, 0.0115034 
-0.354097 ,0.379004 ,-0.854969, 0.101456 
0 ,0 ,0, 1 
0.587168 ,-0.62155 ,-0.518565, -0.628569 
-0.727948 ,-0.685627 ,-0.00246141, 0.0114984 
-0.354012 ,0.378934 ,-0.855035, 0.101657 
0 ,0 ,0, 1 
0.587177 ,-0.621589 ,-0.518507, -0.62819 
-0.727959 ,-0.685616 ,-0.00244868, 0.0115085 
-0.353974 ,0.37889 ,-0.85507, 0.101806 
0 ,0 ,0, 1 
0.587131 ,-0.621542 ,-0.518616, -0.627872 
-0.727961 ,-0.685615 ,-0.00244826, 0.0115045 
-0.354049 ,0.378969 ,-0.855004, 0.102041 
0 ,0 ,0, 1 
0.587223 ,-0.621622 ,-0.518417, -0.627441 
-0.727959 ,-0.685616 ,-0.00246909, 0.0114924 
-0.3539 ,0.378836 ,-0.855125, 0.102193 
0 ,0 ,0, 1 
0.587248 ,-0.621649 ,-0.518355, -0.627044 
-0.727962 ,-0.685613 ,-0.00247664, 0.0114871 
-0.353851 ,0.378797 ,-0.855162, 0.10238 
0 ,0 ,0, 1 
0.587187 ,-0.621613 ,-0.518467, -0.626738 
-0.72797 ,-0.685604 ,-0.00245759, 0.0114971 
-0.353935 ,0.378871 ,-0.855094, 0.102563 
0 ,0 ,0, 1 
0.587114 ,-0.621555 ,-0.51862, -0.62644 
-0.727975 ,-0.685599 ,-0.0024434, 0.0115052 
-0.354047 ,0.378977 ,-0.855001, 0.102834 
0 ,0 ,0, 1 
0.587143 ,-0.621588 ,-0.518547, -0.626058 
-0.727981 ,-0.685593 ,-0.00245364, 0.0114984 
-0.353987 ,0.378933 ,-0.855046, 0.103004 
0 ,0 ,0, 1 
0.58708 ,-0.621532 ,-0.518686, -0.625763 
-0.727984 ,-0.685589 ,-0.00244713, 0.0114997 
-0.354084 ,0.379032 ,-0.854962, 0.103247 
0 ,0 ,0, 1 
0.587078 ,-0.621535 ,-0.518684, -0.625417 
-0.727987 ,-0.685587 ,-0.00244537, 0.011499 
-0.354083 ,0.379031 ,-0.854962, 0.103418 
0 ,0 ,0, 1 
0.587058 ,-0.621518 ,-0.518727, -0.625062 
-0.72799 ,-0.685583 ,-0.00244985, 0.0114957 
-0.354108 ,0.379066 ,-0.854936, 0.103681 
0 ,0 ,0, 1 
0.58703 ,-0.621496 ,-0.518786, -0.624761 
-0.727993 ,-0.68558 ,-0.00244526, 0.0114965 
-0.354149 ,0.379108 ,-0.854901, 0.10387 
0 ,0 ,0, 1 
0.587034 ,-0.6215 ,-0.518777, -0.624393 
-0.727996 ,-0.685577 ,-0.00245364, 0.0114892 
-0.354136 ,0.379108 ,-0.854906, 0.104074 
0 ,0 ,0, 1 
0.587047 ,-0.621505 ,-0.518756, -0.624059 
-0.727995 ,-0.685578 ,-0.00246289, 0.0114825 
-0.354117 ,0.379098 ,-0.854919, 0.104288 
0 ,0 ,0, 1 
0.587017 ,-0.621481 ,-0.518818, -0.623732 
-0.728 ,-0.685573 ,-0.00246205, 0.0114819 
-0.354158 ,0.379145 ,-0.854881, 0.10453 
0 ,0 ,0, 1 
0.587012 ,-0.62149 ,-0.518813, -0.623393 
-0.728006 ,-0.685566 ,-0.0024605, 0.0114819 
-0.354151 ,0.379144 ,-0.854884, 0.104696 
0 ,0 ,0, 1 
0.587091 ,-0.621558 ,-0.518643, -0.622989 
-0.728004 ,-0.685568 ,-0.00247687, 0.0114739 
-0.354026 ,0.379029 ,-0.854987, 0.104892 
0 ,0 ,0, 1 
0.587106 ,-0.621574 ,-0.518607, -0.622634 
-0.728006 ,-0.685566 ,-0.00248014, 0.011472 
-0.353998 ,0.379005 ,-0.855009, 0.105098 
0 ,0 ,0, 1 
0.58705 ,-0.621527 ,-0.518726, -0.622342 
-0.728008 ,-0.685564 ,-0.00246877, 0.0114779 
-0.354085 ,0.379086 ,-0.854937, 0.105353 
0 ,0 ,0, 1 
0.587109 ,-0.621574 ,-0.518603, -0.621981 
-0.728005 ,-0.685567 ,-0.0024827, 0.0114701 
-0.353994 ,0.379003 ,-0.855011, 0.105539 
0 ,0 ,0, 1 
0.587162 ,-0.621611 ,-0.518498, -0.621599 
-0.728 ,-0.685572 ,-0.00249772, 0.0114602 
-0.353915 ,0.378933 ,-0.855075, 0.105738 
0 ,0 ,0, 1 
0.587093 ,-0.621549 ,-0.518651, -0.621314 
-0.728 ,-0.685573 ,-0.00248114, 0.0114672 
-0.354031 ,0.379035 ,-0.854982, 0.105975 
0 ,0 ,0, 1 
0.587053 ,-0.621525 ,-0.518724, -0.621027 
-0.728005 ,-0.685567 ,-0.00246928, 0.0114751 
-0.354086 ,0.379084 ,-0.854938, 0.106203 
0 ,0 ,0, 1 
0.587045 ,-0.621498 ,-0.518766, -0.620707 
-0.728001 ,-0.685572 ,-0.00248128, 0.011464 
-0.354109 ,0.379118 ,-0.854913, 0.10644 
0 ,0 ,0, 1 
0.587056 ,-0.621503 ,-0.518748, -0.620344 
-0.727998 ,-0.685574 ,-0.00248554, 0.0114588 
-0.354095 ,0.379107 ,-0.854924, 0.106628 
0 ,0 ,0, 1 
0.587047 ,-0.621521 ,-0.518737, -0.619976 
-0.72801 ,-0.685562 ,-0.00247781, 0.0114678 
-0.354086 ,0.3791 ,-0.85493, 0.106842 
0 ,0 ,0, 1 
0.587021 ,-0.621523 ,-0.518764, -0.619621 
-0.728022 ,-0.685549 ,-0.00246673, 0.0114761 
-0.354105 ,0.37912 ,-0.854914, 0.107029 
0 ,0 ,0, 1 
0.587057 ,-0.621555 ,-0.518684, -0.619223 
-0.728021 ,-0.685551 ,-0.0024728, 0.0114711 
-0.354047 ,0.379064 ,-0.854962, 0.107188 
0 ,0 ,0, 1 
0.587044 ,-0.621543 ,-0.518713, -0.618868 
-0.728024 ,-0.685547 ,-0.00247786, 0.0114662 
-0.354062 ,0.37909 ,-0.854945, 0.107402 
0 ,0 ,0, 1 
0.587044 ,-0.621543 ,-0.518714, -0.618486 
-0.728028 ,-0.685543 ,-0.00248684, 0.0114587 
-0.354055 ,0.379098 ,-0.854944, 0.10761 
0 ,0 ,0, 1 
0.587046 ,-0.621557 ,-0.518695, -0.618129 
-0.728034 ,-0.685536 ,-0.00248626, 0.011458 
-0.354039 ,0.379087 ,-0.854956, 0.107769 
0 ,0 ,0, 1 
0.587093 ,-0.62161 ,-0.518578, -0.617739 
-0.728039 ,-0.685531 ,-0.00249396, 0.0114556 
-0.353951 ,0.379009 ,-0.855026, 0.107947 
0 ,0 ,0, 1 
0.58715 ,-0.621666 ,-0.518446, -0.617307 
-0.728042 ,-0.685528 ,-0.00250841, 0.0114471 
-0.35385 ,0.378923 ,-0.855107, 0.108133 
0 ,0 ,0, 1 
0.587071 ,-0.621597 ,-0.518617, -0.617056 
-0.728047 ,-0.685523 ,-0.00250011, 0.0114508 
-0.35397 ,0.379045 ,-0.855003, 0.108392 
0 ,0 ,0, 1 
0.587046 ,-0.621587 ,-0.518659, -0.61675 
-0.728054 ,-0.685515 ,-0.00249522, 0.0114543 
-0.353997 ,0.379077 ,-0.854978, 0.108593 
0 ,0 ,0, 1 
0.587046 ,-0.621587 ,-0.518658, -0.6164 
-0.728051 ,-0.685518 ,-0.00248804, 0.0114591 
-0.354003 ,0.37907 ,-0.854978, 0.108818 
0 ,0 ,0, 1 
0.587012 ,-0.621548 ,-0.518744, -0.616122 
-0.728045 ,-0.685524 ,-0.00247767, 0.0114652 
-0.354071 ,0.379123 ,-0.854926, 0.109065 
0 ,0 ,0, 1 
0.587005 ,-0.62154 ,-0.518761, -0.61581 
-0.728045 ,-0.685525 ,-0.00247761, 0.0114662 
-0.354083 ,0.379135 ,-0.854916, 0.109301 
0 ,0 ,0, 1 
0.587053 ,-0.621581 ,-0.518657, -0.615444 
-0.728043 ,-0.685527 ,-0.00248563, 0.0114622 
-0.354009 ,0.379064 ,-0.854979, 0.109485 
0 ,0 ,0, 1 
0.587048 ,-0.621566 ,-0.518682, -0.615128 
-0.728039 ,-0.685531 ,-0.00248993, 0.0114592 
-0.354025 ,0.379083 ,-0.854963, 0.10974 
0 ,0 ,0, 1 
0.586985 ,-0.621504 ,-0.518827, -0.614837 
-0.728036 ,-0.685534 ,-0.00247564, 0.0114634 
-0.354135 ,0.379178 ,-0.854876, 0.109951 
0 ,0 ,0, 1 
0.587026 ,-0.621562 ,-0.518712, -0.61442 
-0.728045 ,-0.685525 ,-0.00247681, 0.011468 
-0.35405 ,0.379099 ,-0.854946, 0.110138 
0 ,0 ,0, 1 
0.587052 ,-0.621592 ,-0.518646, -0.614061 
-0.728048 ,-0.685521 ,-0.00248215, 0.0114659 
-0.354 ,0.379057 ,-0.854985, 0.110311 
0 ,0 ,0, 1 
0.586986 ,-0.621518 ,-0.518809, -0.613748 
-0.728045 ,-0.685525 ,-0.00247755, 0.0114628 
-0.354117 ,0.379171 ,-0.854886, 0.110569 
0 ,0 ,0, 1 
0.587007 ,-0.621529 ,-0.518772, -0.613403 
-0.728042 ,-0.685528 ,-0.00248697, 0.0114557 
-0.354087 ,0.379148 ,-0.854909, 0.110765 
0 ,0 ,0, 1 
0.587047 ,-0.621579 ,-0.518667, -0.613023 
-0.72805 ,-0.68552 ,-0.00249657, 0.0114549 
-0.354004 ,0.379081 ,-0.854973, 0.110974 
0 ,0 ,0, 1 
0.587054 ,-0.621589 ,-0.518647, -0.612675 
-0.728044 ,-0.685526 ,-0.00247953, 0.0114661 
-0.354004 ,0.379053 ,-0.854985, 0.111151 
0 ,0 ,0, 1 
0.586974 ,-0.621517 ,-0.518823, -0.612381 
-0.72805 ,-0.68552 ,-0.00247458, 0.0114668 
-0.354126 ,0.379182 ,-0.854878, 0.11144 
0 ,0 ,0, 1 
0.586984 ,-0.62151 ,-0.518821, -0.612067 
-0.728045 ,-0.685525 ,-0.00248685, 0.0114555 
-0.354119 ,0.379184 ,-0.854879, 0.111626 
0 ,0 ,0, 1 
0.586976 ,-0.621491 ,-0.518852, -0.611741 
-0.728041 ,-0.685529 ,-0.00249067, 0.0114521 
-0.35414 ,0.379207 ,-0.854861, 0.111873 
0 ,0 ,0, 1 
0.586988 ,-0.62155 ,-0.518769, -0.611355 
-0.728057 ,-0.685512 ,-0.0024684, 0.0114727 
-0.354088 ,0.379142 ,-0.854911, 0.112023 
0 ,0 ,0, 1 
0.586921 ,-0.621473 ,-0.518937, -0.611052 
-0.728052 ,-0.685518 ,-0.00246298, 0.0114712 
-0.35421 ,0.379258 ,-0.854809, 0.112279 
0 ,0 ,0, 1 
0.587001 ,-0.621548 ,-0.518756, -0.610627 
-0.728055 ,-0.685514 ,-0.00248498, 0.011458 
-0.35407 ,0.379142 ,-0.854919, 0.112407 
0 ,0 ,0, 1 
0.586979 ,-0.621537 ,-0.518794, -0.610261 
-0.728062 ,-0.685507 ,-0.00248617, 0.0114546 
-0.354091 ,0.379174 ,-0.854896, 0.112577 
0 ,0 ,0, 1 
0.58689 ,-0.621467 ,-0.518979, -0.609966 
-0.72807 ,-0.685498 ,-0.00247215, 0.011461 
-0.354223 ,0.379304 ,-0.854783, 0.112811 
0 ,0 ,0, 1 
0.586925 ,-0.621535 ,-0.518858, -0.609538 
-0.728088 ,-0.685479 ,-0.00247402, 0.0114654 
-0.354129 ,0.379226 ,-0.854857, 0.112984 
0 ,0 ,0, 1 
0.586939 ,-0.621557 ,-0.518816, -0.609163 
-0.728093 ,-0.685474 ,-0.00247685, 0.0114633 
-0.354095 ,0.3792 ,-0.854883, 0.113135 
0 ,0 ,0, 1 
0.586923 ,-0.62154 ,-0.518854, -0.608816 
-0.728096 ,-0.68547 ,-0.00248412, 0.0114563 
-0.354115 ,0.379234 ,-0.854859, 0.113339 
0 ,0 ,0, 1 
0.587006 ,-0.621635 ,-0.518646, -0.608388 
-0.728105 ,-0.685462 ,-0.00249655, 0.0114546 
-0.35396 ,0.379094 ,-0.854986, 0.113506 
0 ,0 ,0, 1 
0.586955 ,-0.62158 ,-0.518771, -0.608102 
-0.72809 ,-0.685478 ,-0.00246066, 0.0114771 
-0.354076 ,0.379156 ,-0.85491, 0.113765 
0 ,0 ,0, 1 
0.586999 ,-0.621609 ,-0.518686, -0.607741 
-0.728087 ,-0.68548 ,-0.00247792, 0.0114655 
-0.354008 ,0.379103 ,-0.854961, 0.11394 
0 ,0 ,0, 1 
0.586946 ,-0.62155 ,-0.518816, -0.607452 
-0.728089 ,-0.685478 ,-0.00248507, 0.011458 
-0.354092 ,0.379203 ,-0.854882, 0.114199 
0 ,0 ,0, 1 
0.58692 ,-0.62156 ,-0.518834, -0.607101 
-0.728104 ,-0.685462 ,-0.00247339, 0.0114687 
-0.354104 ,0.379217 ,-0.854872, 0.114399 
0 ,0 ,0, 1 
0.586915 ,-0.621565 ,-0.518833, -0.606736 
-0.728108 ,-0.685458 ,-0.00246868, 0.0114725 
-0.354104 ,0.379216 ,-0.854872, 0.114605 
0 ,0 ,0, 1 
0.586936 ,-0.621568 ,-0.518806, -0.606362 
-0.728096 ,-0.685471 ,-0.00246608, 0.0114691 
-0.354093 ,0.379188 ,-0.854889, 0.114742 
0 ,0 ,0, 1 
0.58689 ,-0.621522 ,-0.518912, -0.606021 
-0.728101 ,-0.685466 ,-0.00247319, 0.0114622 
-0.35416 ,0.379272 ,-0.854824, 0.114998 
0 ,0 ,0, 1 
0.58693 ,-0.621583 ,-0.518794, -0.605583 
-0.728114 ,-0.685451 ,-0.00248078, 0.0114597 
-0.354066 ,0.379197 ,-0.854896, 0.115126 
0 ,0 ,0, 1 
0.586875 ,-0.621571 ,-0.518871, -0.605246 
-0.728134 ,-0.685431 ,-0.00246664, 0.0114701 
-0.354117 ,0.379255 ,-0.854849, 0.115308 
0 ,0 ,0, 1 
0.586935 ,-0.621631 ,-0.518732, -0.604827 
-0.728139 ,-0.685425 ,-0.00248362, 0.01146 
-0.354008 ,0.379166 ,-0.854933, 0.115464 
0 ,0 ,0, 1 
0.586862 ,-0.621559 ,-0.5189, -0.604519 
-0.728141 ,-0.685423 ,-0.00247973, 0.0114593 
-0.354125 ,0.379287 ,-0.854832, 0.115725 
0 ,0 ,0, 1 
0.586883 ,-0.621588 ,-0.518842, -0.604148 
-0.72814 ,-0.685424 ,-0.00247063, 0.0114668 
-0.354091 ,0.37924 ,-0.854867, 0.115867 
0 ,0 ,0, 1 
0.586907 ,-0.621623 ,-0.518772, -0.603759 
-0.728148 ,-0.685416 ,-0.00247654, 0.0114638 
-0.354035 ,0.379196 ,-0.854909, 0.116044 
0 ,0 ,0, 1 
0.586956 ,-0.621679 ,-0.51865, -0.603331 
-0.728153 ,-0.685411 ,-0.00248367, 0.0114596 
-0.353944 ,0.379114 ,-0.854983, 0.116193 
0 ,0 ,0, 1 
0.586953 ,-0.621687 ,-0.518644, -0.602953 
-0.72816 ,-0.685403 ,-0.00248734, 0.0114575 
-0.353934 ,0.379116 ,-0.854987, 0.116381 
0 ,0 ,0, 1 
0.586892 ,-0.621653 ,-0.518753, -0.602621 
-0.728172 ,-0.68539 ,-0.00247481, 0.0114638 
-0.35401 ,0.379194 ,-0.85492, 0.116551 
0 ,0 ,0, 1 
0.586885 ,-0.621659 ,-0.518754, -0.602218 
-0.728178 ,-0.685383 ,-0.00247112, 0.0114647 
-0.354009 ,0.379196 ,-0.85492, 0.116701 
0 ,0 ,0, 1 
0.586891 ,-0.621677 ,-0.518726, -0.601802 
-0.728186 ,-0.685375 ,-0.00247597, 0.0114599 
-0.353982 ,0.379182 ,-0.854937, 0.116851 
0 ,0 ,0, 1 
0.586836 ,-0.621639 ,-0.518834, -0.601428 
-0.728196 ,-0.685364 ,-0.00247135, 0.0114584 
-0.354054 ,0.379263 ,-0.854872, 0.11703 
0 ,0 ,0, 1 
0.586832 ,-0.62165 ,-0.518825, -0.601052 
-0.728205 ,-0.685355 ,-0.00247362, 0.0114548 
-0.354042 ,0.379263 ,-0.854877, 0.117159 
0 ,0 ,0, 1 
0.586825 ,-0.621657 ,-0.518824, -0.600634 
-0.728216 ,-0.685343 ,-0.0024801, 0.0114493 
-0.354031 ,0.379271 ,-0.854877, 0.117336 
0 ,0 ,0, 1 
0.586796 ,-0.621646 ,-0.518871, -0.600263 
-0.728226 ,-0.685333 ,-0.00247928, 0.0114475 
-0.354058 ,0.37931 ,-0.854849, 0.117497 
0 ,0 ,0, 1 
0.586784 ,-0.62165 ,-0.51888, -0.59988 
-0.728236 ,-0.685322 ,-0.00248077, 0.0114448 
-0.354058 ,0.379323 ,-0.854843, 0.117645 
0 ,0 ,0, 1 
0.586774 ,-0.621665 ,-0.518872, -0.599479 
-0.728251 ,-0.685306 ,-0.00248173, 0.0114444 
-0.354043 ,0.379325 ,-0.854848, 0.1178 
0 ,0 ,0, 1 
0.5867 ,-0.621617 ,-0.519014, -0.599096 
-0.728264 ,-0.685292 ,-0.00247324, 0.0114479 
-0.354138 ,0.37943 ,-0.854762, 0.118022 
0 ,0 ,0, 1 
0.586729 ,-0.621694 ,-0.518889, -0.598635 
-0.728288 ,-0.685267 ,-0.0024686, 0.0114526 
-0.354043 ,0.379349 ,-0.854838, 0.11806 
0 ,0 ,0, 1 
0.586693 ,-0.621693 ,-0.518931, -0.59824 
-0.728306 ,-0.685248 ,-0.00246298, 0.0114564 
-0.354065 ,0.379386 ,-0.854813, 0.118221 
0 ,0 ,0, 1 
0.586722 ,-0.621729 ,-0.518855, -0.597778 
-0.728313 ,-0.68524 ,-0.00247376, 0.0114466 
-0.354002 ,0.37934 ,-0.854859, 0.118352 
0 ,0 ,0, 1 
0.586635 ,-0.621705 ,-0.518982, -0.597409 
-0.728342 ,-0.68521 ,-0.00245294, 0.011462 
-0.354086 ,0.379435 ,-0.854782, 0.118523 
0 ,0 ,0, 1 
0.586638 ,-0.621758 ,-0.518915, -0.596994 
-0.728366 ,-0.685184 ,-0.00244559, 0.0114707 
-0.354032 ,0.379395 ,-0.854822, 0.118625 
0 ,0 ,0, 1 
0.58669 ,-0.621807 ,-0.518797, -0.59655 
-0.728371 ,-0.685178 ,-0.00246622, 0.011456 
-0.353935 ,0.379324 ,-0.854894, 0.11878 
0 ,0 ,0, 1 
0.586624 ,-0.621768 ,-0.518919, -0.59618 
-0.728385 ,-0.685164 ,-0.00245756, 0.0114569 
-0.354016 ,0.379414 ,-0.85482, 0.118948 
0 ,0 ,0, 1 
0.586568 ,-0.621762 ,-0.51899, -0.595823 
-0.72841 ,-0.685138 ,-0.00244615, 0.0114677 
-0.354059 ,0.379472 ,-0.854777, 0.119131 
0 ,0 ,0, 1 
0.58668 ,-0.621901 ,-0.518697, -0.595316 
-0.728427 ,-0.685119 ,-0.00246275, 0.0114628 
-0.353837 ,0.379277 ,-0.854955, 0.119192 
0 ,0 ,0, 1 
0.586613 ,-0.621841 ,-0.518843, -0.594952 
-0.728433 ,-0.685112 ,-0.00246187, 0.0114565 
-0.353935 ,0.379387 ,-0.854866, 0.119386 
0 ,0 ,0, 1 
0.586575 ,-0.621821 ,-0.51891, -0.594579 
-0.728444 ,-0.685101 ,-0.00245983, 0.0114546 
-0.353976 ,0.37944 ,-0.854825, 0.11954 
0 ,0 ,0, 1 
0.586554 ,-0.621853 ,-0.518896, -0.594169 
-0.728471 ,-0.685072 ,-0.00245423, 0.0114638 
-0.353955 ,0.37944 ,-0.854834, 0.119697 
0 ,0 ,0, 1 
0.58657 ,-0.621883 ,-0.518842, -0.59371 
-0.72848 ,-0.685062 ,-0.00245915, 0.0114557 
-0.353909 ,0.379408 ,-0.854867, 0.119777 
0 ,0 ,0, 1 
0.586548 ,-0.621868 ,-0.518886, -0.59328 
-0.728487 ,-0.685055 ,-0.002464, 0.0114458 
-0.353933 ,0.379447 ,-0.85484, 0.119924 
0 ,0 ,0, 1 
0.586546 ,-0.621927 ,-0.518816, -0.592831 
-0.728517 ,-0.685023 ,-0.00245756, 0.0114575 
-0.353873 ,0.379408 ,-0.854882, 0.120052 
0 ,0 ,0, 1 
