-0.000341967 0.00257272 0.0332514 0.0116999 5.73401 
1.41966e-07 -1.80031e-07 0.0332514 -1.4419e-06 0.79393 
1.35383e-06 -1.02481e-05 0.0334682 -1.11911e-05 23.747 
-2.24715e-06 3.34436e-06 0.0337354 1.29865e-05 2.50444 
-5.86734e-06 1.55621e-06 0.0337661 2.69345e-05 -4.74024 
-6.07427e-06 -7.47611e-06 0.033922 2.62359e-05 -15.2256 
-6.6508e-06 -1.02569e-05 0.0339545 3.05228e-05 -16.314 
1.06998e-05 1.15121e-05 0.0340251 -5.12229e-05 -12.7444 
9.66977e-07 -1.65917e-05 0.0340889 -4.28032e-06 107.083 
1.16402e-09 8.79488e-06 0.0340745 -5.74828e-09 -44907.6 
9.84e-06 -2.10476e-06 0.034156 -4.08462e-05 -5.5444 
9.59074e-06 -2.38048e-05 0.0341662 -4.88187e-05 8.52189 
6.23978e-07 1.89464e-05 0.0341577 -2.4825e-06 -230.792 
4.1813e-07 -2.58883e-05 0.0341915 -2.06956e-06 359.946 
1.37236e-05 4.06009e-06 0.0342646 -5.9408e-05 -8.73639 
3.71901e-06 6.53399e-06 0.0342399 -2.00056e-05 -14.9681 
-1.68674e-06 -1.04893e-05 0.0343036 7.44822e-06 -47.6556 
9.11205e-06 -2.65621e-06 0.0343299 -4.18015e-05 -4.49871 
8.33874e-06 5.02715e-06 0.0342939 -3.55416e-05 -10.9659 
-3.33202e-06 -2.04368e-05 0.0343141 1.32136e-05 -52.422 
2.5303e-06 5.39006e-06 0.0343269 -1.04525e-05 -22.0744 
2.15264e-05 8.80812e-06 0.0344248 -8.10151e-05 -10.8767 
-4.41328e-06 -3.37827e-05 0.0343165 2.01069e-05 -55.3566 
2.21802e-06 1.15956e-05 0.034422 -8.38435e-06 -47.8634 
4.23887e-06 -4.49929e-06 0.0344366 -2.00894e-05 0.376431 
2.86058e-06 -1.99889e-05 0.0344143 -1.16806e-05 42.6099 
-1.04554e-06 2.01512e-05 0.0344272 5.42232e-06 102.347 
1.89873e-06 -5.41597e-06 0.0345318 -8.38014e-06 12.1543 
1.22118e-05 -3.27494e-05 0.034445 -6.88225e-05 8.66352 
1.32992e-07 4.89912e-05 0.034521 -6.80585e-07 -2090.89 
-3.08841e-06 -5.34987e-05 0.0345194 1.44197e-05 -113.684 
1.31981e-05 7.31971e-06 0.034517 -6.43118e-05 -9.24289 
7.76693e-06 6.84085e-06 0.034537 -3.24198e-05 -13.0464 
-2.86231e-06 -9.9114e-06 0.0345637 1.34001e-05 -27.5797 
3.14421e-06 7.17903e-06 0.0346149 -1.2588e-05 -23.6918 
9.33267e-06 -1.74638e-05 0.0345007 -5.16153e-05 4.5661 
-2.94133e-08 3.05371e-06 0.0346106 1.24337e-07 702.776 
-4.44709e-06 -6.21247e-06 0.0345884 2.41609e-05 -12.7555 
2.86363e-07 3.16757e-06 0.0346357 -1.23555e-06 -80.7102 
-3.51487e-06 -7.3068e-07 0.0346143 1.66569e-05 -7.36348 
3.10327e-06 -1.6606e-05 0.034627 -1.24157e-05 31.4074 
7.80857e-06 1.18522e-05 0.034671 -3.3255e-05 -17.052 
-6.21325e-06 -1.01907e-05 0.0346717 2.55873e-05 -18.4906 
-1.11082e-05 -1.26682e-05 0.0346475 4.3099e-05 -15.9223 
-2.59127e-06 1.72489e-05 0.0347455 1.0889e-05 38.7414 
9.03679e-06 -8.77015e-06 0.0347257 -3.4565e-05 -0.222145 
-9.57659e-06 -7.1065e-06 0.034748 4.24924e-05 -11.2989 
3.57232e-07 -3.87184e-06 0.0348077 -1.42107e-06 71.0532 
9.64309e-06 1.74152e-06 0.0347678 -4.94674e-05 -6.61946 
-7.87233e-06 -1.31465e-05 0.0348191 3.30499e-05 -18.2651 
-3.03353e-06 -2.53087e-06 0.034793 1.56347e-05 -10.2291 
1.87455e-05 1.12187e-05 0.0349061 -7.85525e-05 -10.928 
-5.2489e-06 -2.10436e-05 0.0347909 2.39192e-05 -31.595 
-5.03505e-06 8.66167e-06 0.034889 1.96218e-05 5.29754 
1.51598e-05 -2.89666e-06 0.0349189 -6.42864e-05 -5.46287 
3.78869e-06 -1.64413e-05 0.0348904 -1.5458e-05 23.4595 
-3.87383e-06 9.66464e-06 0.0349244 1.57274e-05 10.5427 
8.38438e-06 -1.37646e-06 0.0349992 -3.73047e-05 -5.36743 
9.37985e-06 -8.20064e-06 0.0349882 -3.67511e-05 -0.917058 
-4.41138e-06 -1.26437e-05 0.0349176 2.10451e-05 -23.2091 
-1.024e-07 1.79701e-05 0.0350845 4.17793e-07 1218.97 
8.47769e-06 -2.84104e-05 0.03499 -4.18601e-05 13.6089 
-2.82638e-06 1.69706e-07 0.0350208 1.12245e-05 -6.75846 
-1.86882e-06 9.05401e-06 0.0350923 9.48595e-06 21.5847 
1.03249e-05 -1.15338e-05 0.0351319 -4.23433e-05 0.812652 
-6.31958e-06 2.67225e-06 0.0350799 2.7535e-05 -3.77599 
-2.21642e-05 -1.33449e-05 0.0351377 9.48026e-05 -10.6597 
1.04667e-05 6.36761e-06 0.0351527 -4.33456e-05 -11.0482 
7.52831e-06 -1.33357e-05 0.0351575 -3.15305e-05 5.23881 
-1.49914e-05 3.92998e-06 0.035163 5.72746e-05 -5.49243 
8.10004e-06 1.92509e-06 0.0352006 -3.45933e-05 -8.23279 
9.00778e-06 -1.72671e-05 0.0352576 -3.13765e-05 7.466 
-4.27125e-06 3.58069e-06 0.0351925 1.98829e-05 -0.986894 
1.00918e-05 -8.48334e-06 0.0352719 -3.9261e-05 -1.16147 
9.63958e-06 -1.16613e-05 0.035223 -4.46018e-05 1.28686 
-1.06454e-05 6.23913e-06 0.0352848 4.49478e-05 -2.77825 
2.61367e-06 -6.47813e-06 0.035223 -1.3279e-05 8.26224 
2.06437e-05 -6.58437e-06 0.0352336 -8.85879e-05 -4.50438 
-4.41755e-06 -4.72277e-06 0.0351676 1.965e-05 -13.2268 
6.42497e-07 3.42357e-06 0.0351347 -2.95513e-06 -39.1617 
3.47484e-06 1.16724e-06 0.03508 -1.5359e-05 -8.61569 
7.90195e-06 3.57363e-06 0.0349931 -4.08588e-05 -8.02612 
1.41841e-06 6.0684e-06 0.0348499 -6.50173e-06 -33.042 
1.90654e-06 4.2504e-06 0.0347761 -1.09442e-05 -16.1771 
2.23259e-06 2.4745e-06 0.0345788 -1.03134e-05 -13.1991 
7.00139e-06 -5.28007e-07 0.0344588 -4.06521e-05 -4.62113 
3.26825e-06 -1.02397e-05 0.0342038 -1.48306e-05 13.7432 
1.47221e-06 -1.54591e-05 0.0340151 -8.3854e-06 49.0374 
1.53041e-06 -2.51377e-05 0.0337424 -7.13514e-06 98.0543 
1.91107e-06 -5.16468e-05 0.0334838 -9.53666e-06 155.753 
1.62592e-06 -7.21837e-05 0.0332107 -7.34245e-06 289.352 
1.56831e-06 -8.24374e-05 0.032973 -6.85145e-06 357.965 
1.25505e-06 -9.80488e-05 0.0326962 -5.67924e-06 521.268 
1.01008e-06 -9.68011e-05 0.0324308 -4.17542e-06 707.404 
7.37959e-07 -0.000119754 0.0321766 -3.88894e-06 951.115 
-3.94463e-07 -5.35485e-05 0.0318911 1.72749e-06 -979.151 
5.3857e-08 -7.38272e-05 0.0316734 -3.05982e-07 7612.17 
7.74861e-07 -6.92921e-05 0.0313898 -3.40161e-06 641.694 
8.90164e-07 -7.37418e-05 0.0311775 -4.77201e-06 489.662 
-1.29569e-06 -6.98012e-05 0.0309103 5.679e-06 -405.02 
-6.27159e-07 -8.09219e-05 0.0307079 3.06449e-06 -866.581 
-6.34795e-07 -0.000103001 0.0304282 2.88431e-06 -1180.84 
-1.14218e-07 -6.18473e-05 0.0301871 5.10681e-07 -4019.3 
9.31831e-07 -0.000132983 0.0299596 -4.37874e-06 1006.6 
-1.59415e-06 -9.2362e-05 0.0297584 6.51208e-06 -484.837 
-1.00186e-06 -6.82089e-05 0.0294191 4.73798e-06 -496.536 
7.39053e-07 -0.000133705 0.0292309 -2.84183e-06 1600.67 
4.43377e-07 -0.000107572 0.0289761 -2.16439e-06 1708.18 
-4.88835e-08 -4.83047e-05 0.0287381 1.88806e-07 -8911.58 
-1.17389e-06 -9.01211e-05 0.0284381 5.64178e-06 -569.024 
-8.69423e-07 -0.000114595 0.0281677 3.46217e-06 -1183.99 
-8.64992e-08 -0.00011078 0.0279344 4.29936e-07 -9231.15 
-1.64775e-06 -0.000135136 0.0276287 7.08455e-06 -698.816 
-4.93722e-06 -0.000160607 0.0273589 2.43222e-05 -248.778 
2.11781e-07 -0.000101026 0.0270669 -9.86915e-07 3774.03 
-3.43895e-07 -0.000164634 0.0268701 1.5403e-06 -3986.15 
-4.4039e-06 -7.85602e-05 0.0265555 2.08047e-05 -150.167 
-2.59976e-06 -8.0994e-05 0.0262799 1.1172e-05 -284.721 
8.68274e-07 -8.96471e-05 0.0259945 -4.44144e-06 768.961 
3.14261e-07 -8.40089e-05 0.0257555 -1.33622e-06 2431.93 
-4.5882e-06 -9.69957e-05 0.0254875 2.45912e-05 -162.076 
1.44644e-06 -9.12869e-05 0.025247 -6.07939e-06 585.332 
1.54957e-06 -3.84066e-05 0.0250031 -7.69133e-06 191.657 
-2.40736e-06 -7.59467e-05 0.0248017 9.5134e-06 -332.081 
-2.37943e-06 -4.32383e-05 0.0245333 9.97896e-06 -186.334 
2.83057e-06 -3.75719e-05 0.0242999 -1.06575e-05 134.148 
2.56155e-06 -4.48773e-05 0.0241071 -9.58787e-06 183.077 
2.74431e-06 -4.87818e-05 0.0239231 -1.05235e-05 182.866 
-1.41022e-06 -4.4074e-05 0.0237293 5.18864e-06 -369.423 
3.71529e-07 -3.1231e-05 0.0234766 -1.60929e-06 816.807 
2.8562e-06 -3.23853e-05 0.023307 -1.08274e-05 117.014 
1.59421e-06 -3.38321e-05 0.0230597 -7.24053e-06 193.083 
-6.10857e-07 -4.93242e-05 0.0228298 2.22938e-06 -981.115 
-2.13682e-06 -4.50924e-05 0.0226035 8.57559e-06 -243.653 
1.90854e-06 -3.76878e-05 0.022387 -6.58565e-06 242.682 
2.50101e-06 -5.09727e-05 0.0221471 -9.4904e-06 230.615 
-1.98246e-06 -4.01991e-05 0.0219693 6.68753e-06 -287.105 
-2.07069e-06 -2.71372e-05 0.0217132 6.98097e-06 -192.691 
3.40053e-06 -5.91098e-05 0.0215651 -1.16906e-05 220.974 
2.48288e-06 -2.63621e-05 0.0213006 -8.18163e-06 137.022 
1.43437e-06 -3.76403e-05 0.0210612 -5.35842e-06 320.819 
1.52831e-06 -7.54387e-05 0.0208546 -5.33952e-06 663.744 
-2.23493e-06 -2.15795e-05 0.0206444 9.86938e-06 -116.882 
-1.94614e-07 -4.22673e-05 0.0203669 7.29092e-07 -2859.51 
3.51611e-07 -4.22872e-05 0.0201416 -1.63375e-06 1274.39 
-1.67223e-06 -2.12987e-05 0.0198699 6.16517e-06 -187.516 
-3.37194e-06 -3.60523e-05 0.0196498 1.4206e-05 -141.232 
1.18174e-06 -4.54662e-05 0.0194075 -4.04394e-06 564.258 
1.43282e-06 -4.41132e-05 0.0191861 -5.32871e-06 417.465 
-5.26927e-07 -4.53141e-05 0.0190201 1.68733e-06 -1428.37 
-1.60787e-06 -3.82791e-05 0.0187709 5.36104e-06 -396.365 
1.09791e-06 -2.37125e-05 0.0185436 -3.62784e-06 336.159 
1.85621e-06 -4.80039e-05 0.0183427 -6.00262e-06 419.128 
6.87518e-07 -2.84068e-05 0.0181938 -2.41181e-06 631.706 
1.67811e-06 -2.82767e-05 0.0179589 -5.30799e-06 279.028 
1.68795e-06 -5.23377e-05 0.0178068 -6.05055e-06 470.108 
2.01823e-06 -3.74791e-05 0.0176199 -6.15235e-06 327.118 
4.41608e-07 -1.37626e-05 0.0174365 -1.54581e-06 494.221 
-8.71595e-08 -2.36526e-05 0.0171665 2.69218e-07 -5136.78 
2.57611e-06 -3.40121e-05 0.0169962 -9.47239e-06 195.261 
8.99837e-07 -2.18785e-05 0.0167529 -3.10651e-06 403.101 
8.03554e-07 -3.19733e-05 0.0165817 -3.1188e-06 602.722 
1.61188e-06 -4.63622e-05 0.0163194 -5.75771e-06 476.258 
8.56788e-07 -3.26402e-05 0.01613 -2.91878e-06 675.094 
2.21098e-06 -4.41062e-05 0.0159256 -7.89378e-06 333.261 
1.22598e-06 -4.78286e-05 0.0157124 -3.80532e-06 779.433 
1.32461e-06 -3.94e-05 0.0154702 -4.57353e-06 538.143 
1.9348e-06 -3.38505e-05 0.0153036 -6.26298e-06 332.989 
6.35594e-07 -5.86524e-05 0.0151079 -2.59825e-06 1477.99 
7.16909e-07 -4.66781e-05 0.0149019 -2.53572e-06 1216.32 
-2.16056e-07 -3.22586e-05 0.0146466 9.78184e-07 -2266.66 
4.41911e-07 -5.11551e-05 0.0144612 -1.70535e-06 2056.38 
5.86203e-07 -4.9151e-05 0.0142616 -2.60074e-06 1309.35 
-8.46587e-07 -2.04333e-05 0.0140246 3.35857e-06 -451.777 
-1.12736e-07 -2.70322e-05 0.0137973 4.65743e-07 -4224.23 
1.10492e-06 -3.39249e-05 0.01356 -4.28085e-06 565.393 
6.44663e-07 -3.31133e-05 0.0133717 -2.46355e-06 985.636 
7.76602e-07 -3.3963e-05 0.0131579 -3.13622e-06 804.205 
1.21562e-06 -2.90018e-05 0.012971 -4.25467e-06 503.489 
6.92754e-07 -3.17959e-05 0.0128124 -2.69149e-06 901.948 
2.04213e-06 -3.09806e-05 0.012598 -6.66244e-06 344.778 
2.41057e-06 -3.21267e-05 0.0123904 -9.0213e-06 265.851 
1.85259e-06 -2.38315e-05 0.0122314 -6.00412e-06 299.283 
1.27876e-06 -3.22125e-05 0.0120525 -4.92666e-06 520.958 
2.23153e-06 -3.97086e-05 0.0118668 -8.03068e-06 393.258 
6.06082e-07 -1.86779e-05 0.0116077 -2.56944e-06 605.921 
1.0169e-06 -2.21091e-05 0.0114072 -3.91744e-06 472 
-1.48902e-06 -4.14631e-05 0.0111823 5.68884e-06 -675.195 
-2.26046e-06 -3.19335e-05 0.0109346 8.70072e-06 -359.41 
-3.33179e-07 -4.43834e-05 0.0106992 1.14673e-06 -3644.64 
1.27441e-07 -4.41795e-05 0.0105149 -4.57964e-07 9148.03 
-2.73024e-07 -4.6403e-05 0.0102599 8.89658e-07 -5113.62 
-9.39402e-07 -1.79015e-05 0.0100486 3.62566e-06 -517.139 
7.99869e-07 -5.01524e-05 0.00986163 -2.61937e-06 1910.58 
1.01343e-06 -3.21632e-05 0.00968906 -3.86184e-06 832.491 
3.38542e-07 -2.35444e-05 0.00943124 -1.15308e-06 2133.88 
8.13306e-07 -3.19241e-05 0.00923523 -3.17138e-06 1062.22 
1.54395e-06 -4.27506e-05 0.00902648 -5.25393e-06 868.888 
-3.29387e-06 -3.06647e-05 0.00884859 1.20556e-05 -318.336 
1.53257e-06 -3.09244e-05 0.0085604 -5.28672e-06 649.452 
1.19078e-06 -3.40054e-05 0.00837423 -4.14262e-06 945.905 
-1.15203e-07 -4.13404e-05 0.00812734 4.14531e-07 -12304.9 
-5.16834e-07 -3.64532e-05 0.00797675 1.75812e-06 -2636.19 
-5.45488e-07 -2.0953e-05 0.00772119 1.92793e-06 -1444.22 
3.72799e-06 -4.25778e-05 0.00759296 -1.17162e-05 436.709 
2.53775e-06 -2.04004e-05 0.00742268 -8.99199e-06 267.626 
1.1472e-06 -1.59427e-05 0.00718928 -3.49962e-06 588.062 
2.88957e-06 -4.36252e-05 0.00701603 -1.01184e-05 573.814 
1.92194e-06 -3.46065e-05 0.00686475 -6.15674e-06 773.334 
2.32206e-06 -2.75325e-05 0.00666082 -8.14128e-06 464.9 
1.97908e-06 -5.39295e-05 0.00649355 -6.19369e-06 1291.69 
-8.56552e-06 -2.8077e-05 0.00623478 2.7305e-05 -215.239 
1.87788e-06 -3.72638e-05 0.0060598 -5.80641e-06 1005.69 
2.43383e-06 -2.45686e-05 0.00580082 -7.4814e-06 510.038 
1.44958e-06 -2.54242e-05 0.00560141 -4.84003e-06 884.315 
2.76516e-07 -3.1315e-05 0.00539528 -8.76596e-07 6562.77 
-1.74555e-06 -1.99379e-05 0.00525773 6.35864e-06 -648.582 
2.88039e-06 -2.37084e-05 0.00500228 -9.5156e-06 437.565 
3.19487e-06 -2.75942e-05 0.00487406 -1.23321e-05 405.928 
2.69601e-06 -1.50186e-05 0.00469235 -9.06901e-06 289.569 
2.82764e-06 -2.70434e-05 0.00453606 -1.09431e-05 487.844 
9.12522e-07 -1.2898e-05 0.0042747 -3.11036e-06 901.445 
-1.53546e-06 -1.3815e-05 0.00413349 5.52405e-06 -672.273 
2.29942e-06 -5.56327e-06 0.00395605 -7.99041e-06 103.252 
2.01041e-06 -1.34811e-05 0.00380685 -6.91892e-06 435.499 
2.13681e-06 -6.66093e-06 0.00361879 -7.70063e-06 162.347 
1.89685e-06 -5.92318e-06 0.00344919 -6.48989e-06 179.869 
1.3781e-06 -6.28349e-06 0.00329931 -5.32938e-06 278.981 
3.13905e-06 -1.10287e-05 0.00314885 -1.06527e-05 235.206 
2.61985e-06 -4.6953e-06 0.00296988 -1.08154e-05 64.615 
3.19039e-06 -8.0406e-06 0.00284141 -1.06282e-05 160.607 
3.40219e-06 -7.80036e-06 0.00266362 -1.33923e-05 123.294 
3.08862e-06 -4.1351e-06 0.00250265 -1.05327e-05 39.7001 
2.80561e-06 -4.82698e-06 0.00235505 -1.09636e-05 78.2872 
3.60772e-06 -4.04387e-06 0.00220016 -1.25665e-05 15.7748 
2.63849e-06 -5.67237e-06 0.0019782 -9.84841e-06 155.726 
4.34956e-06 -3.93507e-06 0.00194002 -1.60557e-05 -13.3071 
3.37154e-06 -7.27249e-06 0.00177859 -1.26442e-05 173.461 
3.47667e-06 -6.00891e-06 0.00164827 -1.36776e-05 112.322 
3.63528e-06 -3.00569e-06 0.00147749 -1.28793e-05 -33.0855 
3.28569e-06 1.9236e-06 0.00137505 -1.29514e-05 -292.513 
4.35102e-06 1.45961e-07 0.00121959 -1.4912e-05 -247.271 
3.39958e-06 -2.93251e-07 0.00105248 -1.26243e-05 -233.79 
3.71636e-06 -1.77676e-06 0.000868991 -1.22366e-05 -182.404 
4.17891e-06 -3.18299e-06 0.000808209 -1.60095e-05 -76.9698 
3.3616e-06 -1.70246e-06 0.00061395 -1.18859e-05 -227.362 
2.96078e-06 -3.41589e-07 0.000460275 -1.11642e-05 -509.707 
3.99052e-06 3.7554e-06 0.000302613 -1.46113e-05 -1751.84 
4.20047e-06 1.44641e-06 0.000222683 -1.52423e-05 -1663.69 
3.83476e-06 3.19241e-06 7.63685e-05 -1.42653e-05 -6450.39 
3.83476e-06 3.19241e-06 7.63685e-05 -1.42653e-05 -6450.39 
