1.79394e+07 -1.37813e+07 6.36714e+06 -1.17356e+06 -2.13342e+06 37368 
1.79687e+07 -1.35214e+07 6.46759e+06 -1.19021e+06 -2.13194e+06 41780 
1.79277e+07 -1.38177e+07 6.33052e+06 -1.17591e+06 -2.12577e+06 38123 
1.7854e+07 -1.35249e+07 6.51922e+06 -1.18388e+06 -2.12239e+06 34757 
1.81212e+07 -1.38601e+07 6.35784e+06 -1.18314e+06 -2.12748e+06 47761 
1.79202e+07 -1.36607e+07 6.40176e+06 -1.18526e+06 -2.1377e+06 36891 
1.79745e+07 -1.36259e+07 6.46682e+06 -1.1706e+06 -2.12005e+06 46676 
1.79125e+07 -1.38669e+07 6.30369e+06 -1.18408e+06 -2.1325e+06 35479 
1.80337e+07 -1.35908e+07 6.48464e+06 -1.17824e+06 -2.1136e+06 41730 
1.78692e+07 -1.37634e+07 6.29467e+06 -1.17959e+06 -2.13562e+06 35827 
1.80812e+07 -1.35524e+07 6.46903e+06 -1.18668e+06 -2.1222e+06 39373 
1.78341e+07 -1.38015e+07 6.34604e+06 -1.17775e+06 -2.13157e+06 40255 
1.79982e+07 -1.35588e+07 6.43698e+06 -1.18742e+06 -2.12215e+06 32905 
1.7893e+07 -1.38015e+07 6.47955e+06 -1.17334e+06 -2.13417e+06 39425 
1.79517e+07 -1.36414e+07 6.45671e+06 -1.19042e+06 -2.13011e+06 31326 
1.80077e+07 -1.38041e+07 6.48121e+06 -1.17654e+06 -2.1305e+06 45491 
1.79218e+07 -1.35997e+07 6.41484e+06 -1.1822e+06 -2.13126e+06 34943 
1.80405e+07 -1.36659e+07 6.40728e+06 -1.17012e+06 -2.11982e+06 51610 
1.78896e+07 -1.36774e+07 6.32279e+06 -1.18718e+06 -2.14044e+06 38089 
1.80516e+07 -1.36197e+07 6.42255e+06 -1.17369e+06 -2.12091e+06 45521 
1.78523e+07 -1.37127e+07 6.35196e+06 -1.17518e+06 -2.14405e+06 36999 
1.80795e+07 -1.35961e+07 6.47249e+06 -1.18736e+06 -2.12074e+06 40787 
1.78727e+07 -1.38253e+07 6.34707e+06 -1.17484e+06 -2.13965e+06 37648 
1.79919e+07 -1.34583e+07 6.47772e+06 -1.18206e+06 -2.11289e+06 36294 
1.78506e+07 -1.37973e+07 6.3666e+06 -1.17217e+06 -2.13226e+06 42373 
1.7941e+07 -1.35608e+07 6.45145e+06 -1.19276e+06 -2.12594e+06 30818 
1.78425e+07 -1.37238e+07 6.36015e+06 -1.17785e+06 -2.12689e+06 43348 
1.79078e+07 -1.36169e+07 6.42236e+06 -1.18778e+06 -2.13212e+06 30049 
1.77779e+07 -1.35898e+07 6.30913e+06 -1.18519e+06 -2.14351e+06 37386 
1.77779e+07 -1.35898e+07 6.30913e+06 -1.18519e+06 -2.14351e+06 37386 
1.80814e+07 -1.35728e+07 6.3999e+06 -1.17414e+06 -2.11141e+06 46541 
1.77815e+07 -1.37252e+07 6.3219e+06 -1.17688e+06 -2.14374e+06 42169 
1.80145e+07 -1.34812e+07 6.51053e+06 -1.17831e+06 -2.11678e+06 43412 
1.77155e+07 -1.3713e+07 6.2811e+06 -1.17329e+06 -2.14061e+06 37225 
1.80005e+07 -1.35631e+07 6.4612e+06 -1.18203e+06 -2.12178e+06 34778 
1.78358e+07 -1.38161e+07 6.36462e+06 -1.17813e+06 -2.13729e+06 38544 
1.80462e+07 -1.36004e+07 6.44965e+06 -1.19172e+06 -2.12684e+06 34100 
1.79261e+07 -1.37699e+07 6.43986e+06 -1.17468e+06 -2.13174e+06 41095 
1.79236e+07 -1.3587e+07 6.42837e+06 -1.19092e+06 -2.12948e+06 33293 
1.80033e+07 -1.37174e+07 6.45481e+06 -1.1719e+06 -2.12578e+06 45026 
1.79312e+07 -1.36332e+07 6.36371e+06 -1.19096e+06 -2.13091e+06 33328 
1.79788e+07 -1.36396e+07 6.47562e+06 -1.171e+06 -2.12304e+06 46780 
1.79023e+07 -1.36861e+07 6.37897e+06 -1.17869e+06 -2.14088e+06 38073 
1.80655e+07 -1.36282e+07 6.4344e+06 -1.1754e+06 -2.11585e+06 48696 
1.7841e+07 -1.36886e+07 6.29288e+06 -1.17548e+06 -2.13984e+06 38903 
1.80243e+07 -1.35614e+07 6.48931e+06 -1.18103e+06 -2.11403e+06 43182 
1.78685e+07 -1.3784e+07 6.30153e+06 -1.17607e+06 -2.1379e+06 34428 
1.80024e+07 -1.36025e+07 6.47276e+06 -1.18396e+06 -2.12324e+06 34544 
1.78732e+07 -1.38359e+07 6.37168e+06 -1.17764e+06 -2.13286e+06 33938 
1.80186e+07 -1.35619e+07 6.437e+06 -1.1919e+06 -2.12326e+06 35217 
1.78955e+07 -1.3746e+07 6.43474e+06 -1.17285e+06 -2.12585e+06 43624 
1.79378e+07 -1.35337e+07 6.43656e+06 -1.18733e+06 -2.1268e+06 34476 
1.8082e+07 -1.38269e+07 6.40738e+06 -1.17348e+06 -2.13464e+06 45110 
1.78903e+07 -1.3583e+07 6.39079e+06 -1.18975e+06 -2.13055e+06 31751 
1.80047e+07 -1.36996e+07 6.44856e+06 -1.17455e+06 -2.12072e+06 49077 
1.78256e+07 -1.3605e+07 6.42629e+06 -1.17413e+06 -2.13546e+06 37633 
1.80533e+07 -1.3647e+07 6.36638e+06 -1.1718e+06 -2.11844e+06 50527 
1.78395e+07 -1.37273e+07 6.36854e+06 -1.18099e+06 -2.1365e+06 35353 
1.80615e+07 -1.35436e+07 6.4284e+06 -1.17616e+06 -2.11898e+06 40922 
1.78256e+07 -1.38417e+07 6.28846e+06 -1.1774e+06 -2.14297e+06 35530 
1.79518e+07 -1.34806e+07 6.42602e+06 -1.18218e+06 -2.11975e+06 34500 
1.79461e+07 -1.38443e+07 6.32643e+06 -1.17697e+06 -2.13218e+06 38788 
1.80094e+07 -1.35488e+07 6.45873e+06 -1.19112e+06 -2.12625e+06 32594 
1.78928e+07 -1.37638e+07 6.36914e+06 -1.16853e+06 -2.12658e+06 47586 
1.79513e+07 -1.36348e+07 6.45202e+06 -1.1895e+06 -2.12891e+06 30948 
1.80243e+07 -1.36625e+07 6.52776e+06 -1.17747e+06 -2.12536e+06 47501 
1.78576e+07 -1.37183e+07 6.32311e+06 -1.18197e+06 -2.14035e+06 36875 
1.80957e+07 -1.35844e+07 6.50892e+06 -1.17524e+06 -2.11975e+06 44677 
1.78455e+07 -1.37329e+07 6.26243e+06 -1.17444e+06 -2.14048e+06 39773 
1.80505e+07 -1.35717e+07 6.44259e+06 -1.18431e+06 -2.1176e+06 40958 
1.79236e+07 -1.37559e+07 6.3254e+06 -1.17568e+06 -2.13414e+06 37890 
1.80274e+07 -1.35136e+07 6.4598e+06 -1.1871e+06 -2.11697e+06 33949 
1.78603e+07 -1.38611e+07 6.37691e+06 -1.17726e+06 -2.13272e+06 38844 
1.79571e+07 -1.35445e+07 6.52658e+06 -1.19687e+06 -2.13218e+06 31360 
1.78383e+07 -1.36456e+07 6.43932e+06 -1.19451e+06 -2.1474e+06 38941 
1.77344e+07 -1.34052e+07 6.5482e+06 -1.21333e+06 -2.15333e+06 31622 
1.76742e+07 -1.3431e+07 6.56825e+06 -1.209e+06 -2.16438e+06 49445 
1.75592e+07 -1.32794e+07 6.64958e+06 -1.22701e+06 -2.18647e+06 39396 
1.76016e+07 -1.32289e+07 6.84056e+06 -1.24121e+06 -2.18281e+06 49091 
1.73696e+07 -1.32036e+07 6.88454e+06 -1.25913e+06 -2.21913e+06 36832 
1.74701e+07 -1.30622e+07 7.03239e+06 -1.27534e+06 -2.21586e+06 43545 
1.71168e+07 -1.3081e+07 6.97641e+06 -1.29002e+06 -2.2522e+06 35960 
1.72563e+07 -1.27797e+07 7.32497e+06 -1.30432e+06 -2.25067e+06 39945 
1.69861e+07 -1.28976e+07 7.28892e+06 -1.31224e+06 -2.28114e+06 38526 
1.7036e+07 -1.25437e+07 7.52845e+06 -1.34365e+06 -2.2823e+06 35599 
1.68703e+07 -1.27507e+07 7.58176e+06 -1.33602e+06 -2.30137e+06 39645 
1.68243e+07 -1.24224e+07 7.84369e+06 -1.37406e+06 -2.3215e+06 33394 
1.67703e+07 -1.25926e+07 7.88734e+06 -1.36228e+06 -2.32052e+06 44991 
1.68291e+07 -1.24496e+07 7.94213e+06 -1.37996e+06 -2.32791e+06 33700 
1.68847e+07 -1.24877e+07 7.93677e+06 -1.36275e+06 -2.3171e+06 50237 
1.68668e+07 -1.25946e+07 7.84311e+06 -1.36134e+06 -2.31443e+06 35906 
1.70327e+07 -1.259e+07 7.9125e+06 -1.35373e+06 -2.29832e+06 49966 
1.68538e+07 -1.27393e+07 7.8192e+06 -1.34934e+06 -2.31613e+06 36364 
1.71335e+07 -1.26208e+07 7.87426e+06 -1.351e+06 -2.29237e+06 42368 
1.68893e+07 -1.2873e+07 7.69596e+06 -1.3426e+06 -2.3085e+06 34974 
1.70809e+07 -1.25412e+07 7.87029e+06 -1.35516e+06 -2.28919e+06 35469 
1.69204e+07 -1.28517e+07 7.61183e+06 -1.3375e+06 -2.29243e+06 42038 
1.70627e+07 -1.2584e+07 7.88995e+06 -1.35904e+06 -2.28798e+06 30255 
1.6991e+07 -1.27702e+07 7.79276e+06 -1.33879e+06 -2.2895e+06 45622 
1.69507e+07 -1.26351e+07 7.83181e+06 -1.354e+06 -2.29742e+06 30718 
1.70467e+07 -1.26764e+07 7.90426e+06 -1.3392e+06 -2.28415e+06 50077 
1.68909e+07 -1.27088e+07 7.89112e+06 -1.36121e+06 -2.31417e+06 38659 
1.71614e+07 -1.26624e+07 7.78311e+06 -1.34799e+06 -2.2811e+06 49827 
1.69394e+07 -1.27947e+07 7.80325e+06 -1.35168e+06 -2.30691e+06 38473 
1.7161e+07 -1.26252e+07 7.87195e+06 -1.35452e+06 -2.28559e+06 40857 
1.69102e+07 -1.27742e+07 7.80723e+06 -1.36339e+06 -2.31365e+06 33290 
1.71393e+07 -1.26187e+07 8.02314e+06 -1.35863e+06 -2.28391e+06 39312 
1.68239e+07 -1.27071e+07 7.84532e+06 -1.3657e+06 -2.32018e+06 39798 
1.69191e+07 -1.238e+07 8.13879e+06 -1.3864e+06 -2.31306e+06 35566 
1.68465e+07 -1.26626e+07 8.05891e+06 -1.37426e+06 -2.32318e+06 39011 
1.69495e+07 -1.25035e+07 8.2156e+06 -1.38974e+06 -2.32473e+06 38449 
1.68476e+07 -1.26726e+07 7.89259e+06 -1.36313e+06 -2.32063e+06 47265 
1.68462e+07 -1.25023e+07 8.06275e+06 -1.38178e+06 -2.32908e+06 39411 
1.69516e+07 -1.26298e+07 8.06162e+06 -1.36768e+06 -2.31601e+06 54073 
1.6857e+07 -1.25884e+07 7.87215e+06 -1.37665e+06 -2.32587e+06 38589 
1.71526e+07 -1.26546e+07 7.81823e+06 -1.35619e+06 -2.29234e+06 51370 
1.67833e+07 -1.26883e+07 7.85903e+06 -1.37148e+06 -2.32389e+06 36629 
1.71119e+07 -1.26306e+07 8.0133e+06 -1.37353e+06 -2.30345e+06 44378 
1.68699e+07 -1.28132e+07 7.75317e+06 -1.3612e+06 -2.31252e+06 33624 
1.71484e+07 -1.26081e+07 7.81455e+06 -1.36068e+06 -2.28371e+06 34669 
1.69766e+07 -1.28212e+07 7.69535e+06 -1.35402e+06 -2.29917e+06 36307 
1.7117e+07 -1.26672e+07 7.5923e+06 -1.35474e+06 -2.27522e+06 39870 
1.70423e+07 -1.28208e+07 7.48598e+06 -1.33034e+06 -2.28035e+06 48460 
1.71951e+07 -1.27815e+07 7.55089e+06 -1.34708e+06 -2.27354e+06 36703 
1.71543e+07 -1.272e+07 7.66631e+06 -1.3437e+06 -2.28026e+06 51251 
1.71263e+07 -1.27815e+07 7.48457e+06 -1.3335e+06 -2.26723e+06 36243 
1.721e+07 -1.27543e+07 7.53537e+06 -1.33265e+06 -2.26674e+06 51624 
1.70008e+07 -1.28237e+07 7.54373e+06 -1.34948e+06 -2.29078e+06 37323 
1.70806e+07 -1.25801e+07 7.60633e+06 -1.36157e+06 -2.28974e+06 47948 
1.68653e+07 -1.27122e+07 7.72109e+06 -1.36847e+06 -2.31963e+06 40761 
1.72294e+07 -1.26514e+07 7.53412e+06 -1.34894e+06 -2.27013e+06 39457 
1.69384e+07 -1.27847e+07 7.65797e+06 -1.34827e+06 -2.29019e+06 42747 
1.72185e+07 -1.26627e+07 7.67616e+06 -1.35956e+06 -2.29111e+06 34778 
1.71772e+07 -1.28631e+07 7.46298e+06 -1.33129e+06 -2.26911e+06 43971 
1.71166e+07 -1.2682e+07 7.54587e+06 -1.35621e+06 -2.28369e+06 34714 
1.71743e+07 -1.27845e+07 7.51837e+06 -1.33568e+06 -2.26504e+06 47305 
1.70275e+07 -1.26392e+07 7.64183e+06 -1.35995e+06 -2.30188e+06 40878 
1.71953e+07 -1.26366e+07 7.66834e+06 -1.36034e+06 -2.29304e+06 48248 
1.70359e+07 -1.27553e+07 7.5231e+06 -1.34312e+06 -2.29952e+06 40165 
1.70467e+07 -1.25168e+07 7.72143e+06 -1.36538e+06 -2.3013e+06 47375 
1.68907e+07 -1.27449e+07 7.72158e+06 -1.36633e+06 -2.31547e+06 38180 
1.70995e+07 -1.25805e+07 7.61768e+06 -1.35742e+06 -2.28144e+06 39600 
1.68654e+07 -1.27221e+07 7.57088e+06 -1.37191e+06 -2.3157e+06 38968 
1.69896e+07 -1.24117e+07 7.72966e+06 -1.37249e+06 -2.3007e+06 40468 
1.69947e+07 -1.28378e+07 7.47466e+06 -1.3501e+06 -2.2904e+06 41361 
1.70827e+07 -1.254e+07 7.69139e+06 -1.36831e+06 -2.28955e+06 36315 
1.71286e+07 -1.2858e+07 7.57699e+06 -1.33931e+06 -2.28024e+06 45486 
1.7142e+07 -1.26157e+07 7.60486e+06 -1.36041e+06 -2.28524e+06 33439 
1.70967e+07 -1.26951e+07 7.62529e+06 -1.34606e+06 -2.27937e+06 49043 
1.71824e+07 -1.272e+07 7.35067e+06 -1.33739e+06 -2.26545e+06 39082 
1.72251e+07 -1.27807e+07 7.51035e+06 -1.33612e+06 -2.26977e+06 54887 
1.71668e+07 -1.28783e+07 7.44489e+06 -1.33891e+06 -2.27656e+06 38358 
1.73349e+07 -1.27723e+07 7.55012e+06 -1.32439e+06 -2.25005e+06 47628 
1.70593e+07 -1.28311e+07 7.45241e+06 -1.33996e+06 -2.28614e+06 36847 
1.73152e+07 -1.2635e+07 7.54278e+06 -1.35032e+06 -2.26583e+06 40193 
1.71319e+07 -1.29527e+07 7.41719e+06 -1.33042e+06 -2.27187e+06 41189 
1.71983e+07 -1.25544e+07 7.49491e+06 -1.34726e+06 -2.26882e+06 39328 
1.71443e+07 -1.28786e+07 7.44612e+06 -1.32674e+06 -2.27405e+06 45469 
1.71929e+07 -1.26956e+07 7.53096e+06 -1.35142e+06 -2.27514e+06 34609 
1.71851e+07 -1.28745e+07 7.49838e+06 -1.32456e+06 -2.26312e+06 48581 
1.70326e+07 -1.27187e+07 7.58185e+06 -1.35412e+06 -2.2939e+06 38212 
1.71703e+07 -1.27583e+07 7.60084e+06 -1.33896e+06 -2.27412e+06 52548 
1.72021e+07 -1.27778e+07 7.55105e+06 -1.35032e+06 -2.29248e+06 37123 
1.72679e+07 -1.26766e+07 7.65047e+06 -1.34922e+06 -2.27982e+06 51331 
1.69994e+07 -1.27756e+07 7.52775e+06 -1.35518e+06 -2.29988e+06 37690 
1.71999e+07 -1.25896e+07 7.57372e+06 -1.35624e+06 -2.27895e+06 43049 
1.69659e+07 -1.27789e+07 7.62283e+06 -1.36455e+06 -2.30502e+06 36347 
1.72425e+07 -1.26801e+07 7.57056e+06 -1.35156e+06 -2.26728e+06 37387 
1.69467e+07 -1.28047e+07 7.6288e+06 -1.36351e+06 -2.30303e+06 37681 
1.70756e+07 -1.25795e+07 7.68827e+06 -1.37717e+06 -2.29657e+06 38559 
1.69519e+07 -1.27773e+07 7.54398e+06 -1.36133e+06 -2.30296e+06 46856 
1.71923e+07 -1.27401e+07 7.50701e+06 -1.3454e+06 -2.27252e+06 38707 
1.70696e+07 -1.27428e+07 7.56401e+06 -1.33762e+06 -2.28023e+06 54144 
1.71037e+07 -1.27765e+07 7.50031e+06 -1.35405e+06 -2.28072e+06 34476 
1.72596e+07 -1.2847e+07 7.4429e+06 -1.32981e+06 -2.26106e+06 48762 
1.72062e+07 -1.293e+07 7.41634e+06 -1.33863e+06 -2.27006e+06 33710 
1.73018e+07 -1.283e+07 7.42975e+06 -1.32537e+06 -2.25073e+06 43934 
1.71187e+07 -1.28968e+07 7.40621e+06 -1.33698e+06 -2.27427e+06 34681 
1.73525e+07 -1.2763e+07 7.52817e+06 -1.33816e+06 -2.25188e+06 41718 
1.70856e+07 -1.28685e+07 7.34327e+06 -1.32953e+06 -2.27449e+06 40180 
1.7199e+07 -1.2565e+07 7.66163e+06 -1.36056e+06 -2.27227e+06 42462 
1.7055e+07 -1.2855e+07 7.49161e+06 -1.34822e+06 -2.28354e+06 41884 
1.71514e+07 -1.26301e+07 7.41003e+06 -1.34886e+06 -2.2746e+06 40408 
1.70385e+07 -1.27873e+07 7.54939e+06 -1.35298e+06 -2.2936e+06 48719 
1.69492e+07 -1.25915e+07 7.63302e+06 -1.37886e+06 -2.31315e+06 44003 
1.69377e+07 -1.25944e+07 7.74661e+06 -1.37867e+06 -2.31388e+06 51347 
1.6962e+07 -1.2584e+07 7.59794e+06 -1.36712e+06 -2.29695e+06 40055 
1.72247e+07 -1.26932e+07 7.67042e+06 -1.35815e+06 -2.2803e+06 42615 
1.70582e+07 -1.28219e+07 7.45539e+06 -1.35516e+06 -2.29335e+06 33749 
1.73594e+07 -1.28023e+07 7.52889e+06 -1.33643e+06 -2.25391e+06 40882 
1.7137e+07 -1.28939e+07 7.36393e+06 -1.34129e+06 -2.27338e+06 34499 
1.71816e+07 -1.26085e+07 7.64466e+06 -1.35733e+06 -2.27696e+06 45368 
1.70992e+07 -1.29076e+07 7.47042e+06 -1.34774e+06 -2.29046e+06 43040 
1.7169e+07 -1.26027e+07 7.60408e+06 -1.35643e+06 -2.27508e+06 44851 
1.70806e+07 -1.2819e+07 7.40488e+06 -1.33871e+06 -2.27805e+06 45184 
1.70003e+07 -1.25225e+07 7.71701e+06 -1.36964e+06 -2.28974e+06 44963 
1.71446e+07 -1.28394e+07 7.40766e+06 -1.33827e+06 -2.27164e+06 50634 
1.7118e+07 -1.26554e+07 7.61341e+06 -1.35892e+06 -2.28861e+06 41227 
1.71519e+07 -1.27351e+07 7.61295e+06 -1.35248e+06 -2.28092e+06 50310 
1.70724e+07 -1.26896e+07 7.65576e+06 -1.36922e+06 -2.30028e+06 38246 
1.7427e+07 -1.2992e+07 7.26841e+06 -1.32102e+06 -2.24411e+06 48920 
1.7171e+07 -1.29368e+07 7.36846e+06 -1.33572e+06 -2.26175e+06 34710 
1.7368e+07 -1.28028e+07 7.3836e+06 -1.31702e+06 -2.24013e+06 47369 
1.7209e+07 -1.28754e+07 7.42505e+06 -1.33278e+06 -2.26593e+06 30805 
1.73887e+07 -1.27681e+07 7.54044e+06 -1.33458e+06 -2.2511e+06 42284 
1.70901e+07 -1.28969e+07 7.32436e+06 -1.33329e+06 -2.27506e+06 41776 
1.7241e+07 -1.26792e+07 7.55024e+06 -1.34959e+06 -2.26748e+06 47954 
1.70346e+07 -1.27577e+07 7.58893e+06 -1.34029e+06 -2.28078e+06 50953 
1.70617e+07 -1.25265e+07 7.77724e+06 -1.37228e+06 -2.29195e+06 41188 
1.71119e+07 -1.26707e+07 7.49518e+06 -1.3551e+06 -2.27879e+06 35840 
1.71119e+07 -1.26707e+07 7.49518e+06 -1.3551e+06 -2.27879e+06 35840 
1.73507e+07 -1.28378e+07 7.41301e+06 -1.33213e+06 -2.25882e+06 45055 
1.72029e+07 -1.2865e+07 7.42213e+06 -1.34e+06 -2.26819e+06 31756 
1.73647e+07 -1.28334e+07 7.4562e+06 -1.33622e+06 -2.2513e+06 42448 
1.71949e+07 -1.29462e+07 7.27011e+06 -1.32496e+06 -2.26194e+06 37161 
1.73731e+07 -1.28313e+07 7.40572e+06 -1.33003e+06 -2.24564e+06 46118 
1.71832e+07 -1.29581e+07 7.28708e+06 -1.32564e+06 -2.26343e+06 42986 
1.72324e+07 -1.26911e+07 7.51487e+06 -1.34631e+06 -2.26208e+06 46812 
1.70656e+07 -1.28344e+07 7.56529e+06 -1.34436e+06 -2.287e+06 45807 
1.72224e+07 -1.2697e+07 7.30468e+06 -1.33548e+06 -2.2611e+06 42590 
1.71058e+07 -1.28313e+07 7.43904e+06 -1.33728e+06 -2.2681e+06 50028 
1.72321e+07 -1.27551e+07 7.26941e+06 -1.33886e+06 -2.26425e+06 40837 
1.73093e+07 -1.28846e+07 7.30832e+06 -1.31576e+06 -2.25012e+06 51367 
1.72135e+07 -1.29186e+07 7.16065e+06 -1.33116e+06 -2.25755e+06 38497 
1.75508e+07 -1.30254e+07 7.21603e+06 -1.30527e+06 -2.2223e+06 45065 
1.71815e+07 -1.30064e+07 7.19708e+06 -1.32762e+06 -2.26315e+06 35825 
1.74788e+07 -1.29094e+07 7.27915e+06 -1.30893e+06 -2.22812e+06 38452 
1.71914e+07 -1.30048e+07 7.1679e+06 -1.31726e+06 -2.25712e+06 36984 
1.73644e+07 -1.28163e+07 7.27755e+06 -1.32302e+06 -2.23724e+06 42151 
1.71134e+07 -1.29437e+07 7.32331e+06 -1.33229e+06 -2.26883e+06 43854 
1.7452e+07 -1.28713e+07 7.22804e+06 -1.30754e+06 -2.23234e+06 43104 
1.72742e+07 -1.30286e+07 7.21373e+06 -1.30272e+06 -2.24761e+06 49371 
1.74852e+07 -1.30305e+07 6.96836e+06 -1.28894e+06 -2.22015e+06 40606 
1.74654e+07 -1.31955e+07 7.07864e+06 -1.28934e+06 -2.21897e+06 49712 
1.7358e+07 -1.29758e+07 7.15377e+06 -1.3121e+06 -2.24989e+06 37042 
1.74184e+07 -1.29761e+07 7.32303e+06 -1.31084e+06 -2.23889e+06 48346 
1.7327e+07 -1.30627e+07 7.08702e+06 -1.31469e+06 -2.25155e+06 36058 
1.73362e+07 -1.29045e+07 7.22775e+06 -1.32533e+06 -2.25051e+06 44646 
1.71242e+07 -1.29246e+07 7.2053e+06 -1.33516e+06 -2.27466e+06 39454 
1.74283e+07 -1.28461e+07 7.21006e+06 -1.32844e+06 -2.25178e+06 40234 
1.72817e+07 -1.30385e+07 7.05348e+06 -1.30636e+06 -2.24291e+06 39980 
1.73405e+07 -1.28001e+07 7.27096e+06 -1.32731e+06 -2.24653e+06 36558 
1.72142e+07 -1.29395e+07 7.28789e+06 -1.32574e+06 -2.27088e+06 43459 
1.74559e+07 -1.30258e+07 7.08095e+06 -1.30544e+06 -2.2277e+06 35912 
1.73985e+07 -1.31259e+07 7.08939e+06 -1.29649e+06 -2.23557e+06 48644 
1.7373e+07 -1.29771e+07 7.08324e+06 -1.31388e+06 -2.24506e+06 41749 
1.75783e+07 -1.31805e+07 6.9118e+06 -1.27797e+06 -2.2125e+06 49797 
1.73483e+07 -1.30238e+07 7.04271e+06 -1.29471e+06 -2.23609e+06 39018 
1.74763e+07 -1.30301e+07 7.13009e+06 -1.2929e+06 -2.22635e+06 44573 
1.73988e+07 -1.31755e+07 6.97605e+06 -1.29554e+06 -2.22641e+06 31422 
1.75364e+07 -1.30351e+07 6.97532e+06 -1.28052e+06 -2.20055e+06 42958 
