0.0447047 -0.0292281 0.0296573 0.0648165 -0.00836968 0.0678117 
0.0501522 -0.0984581 0.0597039 0.11687 -0.00450239 0.140939 
0.101973 -0.120974 0.0937169 0.182077 -0.0148673 0.208571 
0.0897156 -0.173037 0.122771 0.238733 -0.0088241 0.281158 
0.167328 -0.217837 0.135247 0.296597 -0.0270017 0.350182 
0.147439 -0.231525 0.139817 0.292268 -0.019084 0.352437 
0.162076 -0.217896 0.131646 0.295994 -0.0282269 0.349506 
0.170145 -0.208887 0.133636 0.298378 -0.0278959 0.348989 
0.203393 -0.225912 0.121877 0.292873 -0.0397636 0.350078 
0.168583 -0.202499 0.157823 0.301484 -0.0260271 0.3485 
0.16738 -0.240903 0.143113 0.289351 -0.0293828 0.353917 
0.185284 -0.196456 0.160467 0.301909 -0.0292503 0.349366 
0.143323 -0.251351 0.154848 0.286538 -0.0201866 0.357366 
0.153415 -0.202038 0.149761 0.302449 -0.0212468 0.349995 
0.131233 -0.231006 0.125402 0.293585 -0.017689 0.3554 
0.152597 -0.185898 0.10952 0.306641 -0.0253481 0.347643 
0.130868 -0.226462 0.106782 0.29631 -0.0195408 0.353726 
0.15219 -0.217984 0.100797 0.298279 -0.0285274 0.34846 
0.15277 -0.234619 0.137251 0.293351 -0.0214659 0.351177 
0.165166 -0.252166 0.137672 0.288262 -0.0282759 0.350334 
0.148699 -0.242075 0.177673 0.293579 -0.017687 0.34947 
0.160973 -0.265708 0.156948 0.285042 -0.023964 0.352434 
0.16688 -0.219491 0.167072 0.300175 -0.020856 0.348152 
0.135565 -0.264543 0.149864 0.286083 -0.0194726 0.355542 
0.139901 -0.211 0.160245 0.301608 -0.0180074 0.348756 
0.120929 -0.2449 0.148416 0.289324 -0.0145192 0.356454 
0.120281 -0.192822 0.174742 0.304206 -0.0117786 0.348685 
0.0911053 -0.226575 0.175116 0.293932 -0.00346173 0.355508 
0.0993818 -0.177438 0.20917 0.309787 0.00312802 0.347376 
0.0711251 -0.195409 0.239814 0.305609 0.0173976 0.350454 
0.0945078 -0.21418 0.237805 0.299592 0.0064976 0.349767 
0.0913409 -0.20522 0.24855 0.304217 0.0107459 0.34756 
0.077713 -0.239574 0.236172 0.29332 0.0092421 0.349845 
0.0888112 -0.213604 0.236073 0.300966 0.00427792 0.346168 
0.0958422 -0.249779 0.196333 0.289702 -0.00567613 0.352323 
0.100789 -0.180812 0.201356 0.310819 -0.00220361 0.343817 
0.103282 -0.236562 0.170219 0.293619 -0.00669916 0.354152 
0.136024 -0.184061 0.166753 0.309494 -0.0139141 0.346905 
0.129663 -0.231769 0.136363 0.294302 -0.0148607 0.355339 
0.149703 -0.211015 0.125609 0.300211 -0.0221694 0.350089 
0.138296 -0.249947 0.132837 0.288553 -0.017422 0.357004 
0.1326 -0.234809 0.130196 0.293052 -0.0198242 0.351861 
0.125688 -0.242826 0.148638 0.291998 -0.0140327 0.352929 
0.146564 -0.257736 0.134459 0.286755 -0.0251771 0.351979 
0.140735 -0.237971 0.175815 0.293751 -0.0163202 0.349876 
0.129911 -0.261443 0.153164 0.285817 -0.0200146 0.351561 
0.152796 -0.225372 0.179837 0.297529 -0.0198847 0.348609 
0.14454 -0.251382 0.163019 0.288457 -0.0214312 0.354014 
0.154468 -0.194938 0.171659 0.306173 -0.0202481 0.348708 
0.144494 -0.238196 0.144003 0.291565 -0.0208974 0.35689 
0.157805 -0.194026 0.148502 0.305185 -0.0233207 0.350084 
0.121065 -0.238636 0.139414 0.291121 -0.014936 0.357035 
0.16476 -0.219443 0.12802 0.297573 -0.0273809 0.351314 
0.133342 -0.256604 0.142642 0.286647 -0.0162157 0.357148 
0.147728 -0.235816 0.131251 0.292216 -0.0240992 0.351267 
0.122758 -0.245096 0.148292 0.291539 -0.014229 0.352768 
0.157452 -0.24631 0.143584 0.29037 -0.0270365 0.349677 
0.120937 -0.224754 0.174906 0.296202 -0.0126654 0.349205 
0.132254 -0.255227 0.159352 0.287667 -0.0209643 0.351166 
0.145149 -0.209615 0.188666 0.303122 -0.0173015 0.346567 
0.144976 -0.245097 0.189194 0.291502 -0.0181594 0.35309 
0.160866 -0.202525 0.18869 0.304652 -0.0196227 0.349353 
0.149057 -0.251806 0.174733 0.289956 -0.0182258 0.35717 
0.162831 -0.19701 0.180159 0.305034 -0.0211491 0.348401 
0.135218 -0.243839 0.158924 0.290412 -0.0168093 0.356691 
0.155594 -0.229511 0.122646 0.293963 -0.0262362 0.351991 
0.129982 -0.233793 0.13899 0.293497 -0.0159247 0.352578 
0.139563 -0.24147 0.121611 0.291335 -0.0236213 0.350792 
0.140996 -0.238763 0.145554 0.293887 -0.0183773 0.351166 
0.145718 -0.261747 0.144925 0.286212 -0.0219621 0.352668 
0.166495 -0.23415 0.179625 0.295532 -0.0221634 0.350238 
0.146891 -0.287087 0.159701 0.27886 -0.0220138 0.35917 
0.167127 -0.21482 0.17802 0.299224 -0.0229081 0.350728 
0.129521 -0.257043 0.139154 0.285674 -0.0158383 0.359417 
0.113834 -0.216125 0.149124 0.298815 -0.00511379 0.353366 
0.0247475 -0.236838 0.150851 0.29217 0.025841 0.358142 
-0.0385222 -0.196827 0.16349 0.30408 0.0530968 0.348718 
-0.174725 -0.233031 0.182067 0.295688 0.104513 0.352428 
-0.288698 -0.224811 0.177327 0.297058 0.146281 0.347757 
-0.44505 -0.217417 0.167677 0.300495 0.204099 0.346441 
-0.569367 -0.226241 0.12945 0.297529 0.24871 0.345143 
-0.721061 -0.193396 0.125501 0.308704 0.31061 0.342674 
-0.889171 -0.218159 0.0691757 0.301263 0.36666 0.34619 
-1.04942 -0.174206 0.0610587 0.31743 0.430221 0.340409 
-1.23784 -0.216476 0.0244665 0.304763 0.494676 0.346911 
-1.40426 -0.172227 -0.00350599 0.319933 0.554173 0.340184 
-1.6108 -0.220371 -0.0812775 0.306715 0.619094 0.34712 
-1.7499 -0.175568 -0.128839 0.319471 0.666745 0.339773 
-1.89249 -0.214489 -0.195364 0.307965 0.71126 0.346512 
-1.96021 -0.200392 -0.250067 0.312137 0.729438 0.341047 
-2.00787 -0.221441 -0.282493 0.305859 0.743101 0.344985 
-1.97018 -0.228902 -0.321535 0.301764 0.722689 0.343321 
-1.93538 -0.220989 -0.326797 0.305657 0.71072 0.343236 
-1.8713 -0.241911 -0.349689 0.298419 0.68263 0.34485 
-1.79759 -0.189759 -0.338092 0.314536 0.661216 0.340439 
-1.78185 -0.228344 -0.353853 0.302358 0.650993 0.346576 
-1.73126 -0.176014 -0.314323 0.317659 0.639695 0.340971 
-1.73349 -0.227793 -0.329409 0.300504 0.63601 0.351 
-1.72332 -0.186539 -0.316673 0.311735 0.632761 0.344871 
-1.76019 -0.228154 -0.326113 0.298907 0.64111 0.352204 
-1.75098 -0.204654 -0.339729 0.304608 0.634121 0.346151 
-1.80127 -0.220086 -0.374559 0.300949 0.649172 0.348613 
-1.76899 -0.223659 -0.369171 0.298461 0.639043 0.345416 
-1.77299 -0.212808 -0.369193 0.302603 0.644337 0.344942 
-1.7534 -0.244799 -0.390271 0.291868 0.635322 0.347955 
-1.74732 -0.211452 -0.371393 0.302918 0.643594 0.346322 
-1.74286 -0.260062 -0.404769 0.287019 0.633978 0.354115 
-1.78301 -0.204851 -0.395019 0.304846 0.653316 0.347563 
-1.87188 -0.258909 -0.41952 0.288101 0.678855 0.356525 
-1.92394 -0.208071 -0.43196 0.303576 0.698589 0.349341 
-1.99547 -0.251121 -0.484031 0.290378 0.715887 0.354639 
-2.0099 -0.201191 -0.445029 0.306309 0.729852 0.344858 
-2.05575 -0.232583 -0.468135 0.297609 0.742262 0.349136 
-2.01296 -0.202992 -0.476136 0.305769 0.7281 0.340881 
-2.00162 -0.214589 -0.439309 0.302935 0.730329 0.342295 
-1.91731 -0.223265 -0.397301 0.299292 0.704638 0.341176 
-1.91921 -0.211678 -0.388268 0.30275 0.707881 0.341973 
-1.86683 -0.232703 -0.408368 0.294658 0.687473 0.344977 
-1.82177 -0.195494 -0.36369 0.306575 0.679936 0.343822 
-1.77914 -0.235187 -0.375957 0.293528 0.659541 0.351275 
-1.7668 -0.186579 -0.354993 0.308567 0.659492 0.347378 
-1.70273 -0.237926 -0.331351 0.291118 0.636915 0.355418 
-1.63275 -0.20147 -0.250612 0.302195 0.6193 0.349031 
-1.57739 -0.253049 -0.23667 0.285584 0.599509 0.356592 
-1.54738 -0.238444 -0.220223 0.289142 0.590898 0.351066 
-1.51294 -0.265594 -0.191753 0.280706 0.578175 0.355264 
-1.48534 -0.267166 -0.195183 0.280629 0.566371 0.352507 
-1.49562 -0.260779 -0.202395 0.28244 0.572364 0.354223 
-1.53977 -0.271791 -0.18854 0.27879 0.589564 0.353427 
-1.5803 -0.230865 -0.176874 0.292259 0.610268 0.349125 
-1.58936 -0.263793 -0.18282 0.282099 0.614517 0.353379 
-1.63023 -0.220179 -0.186856 0.29518 0.629909 0.349037 
-1.63857 -0.274004 -0.212677 0.28063 0.630447 0.356578 
-1.57745 -0.249175 -0.216371 0.288355 0.607224 0.353689 
-1.53369 -0.289803 -0.201861 0.275652 0.591117 0.3614 
-1.52215 -0.263531 -0.20531 0.282446 0.585129 0.356362 
-1.52811 -0.296441 -0.197829 0.274366 0.590838 0.360551 
-1.53349 -0.296619 -0.192819 0.273086 0.593156 0.358176 
-1.56957 -0.290878 -0.184967 0.277325 0.609163 0.356692 
-1.61659 -0.30347 -0.1975 0.273926 0.623348 0.355359 
-1.67608 -0.267686 -0.20912 0.286637 0.648438 0.351016 
-1.67234 -0.286225 -0.205659 0.279817 0.644736 0.354814 
-1.69021 -0.226451 -0.172147 0.297427 0.658078 0.34838 
-1.76007 -0.266927 -0.178076 0.283829 0.679529 0.355164 
-1.7006 -0.215217 -0.156543 0.29803 0.663284 0.349748 
-1.70046 -0.271238 -0.14943 0.280549 0.660823 0.358856 
-1.65872 -0.237361 -0.165465 0.290532 0.645473 0.352596 
-1.64318 -0.292224 -0.182746 0.27474 0.633604 0.36157 
-1.58467 -0.268887 -0.193931 0.28023 0.610621 0.357042 
-1.56445 -0.312285 -0.177079 0.267843 0.602222 0.363592 
-1.49886 -0.299918 -0.174493 0.270369 0.578479 0.358138 
-1.47813 -0.302635 -0.15615 0.270013 0.574847 0.359923 
-1.43018 -0.309233 -0.17235 0.266706 0.550673 0.358384 
-1.39951 -0.285063 -0.150502 0.275663 0.545555 0.356636 
-1.41451 -0.316147 -0.186293 0.266176 0.547021 0.361044 
-1.39419 -0.278974 -0.176844 0.277959 0.542469 0.358387 
-1.43547 -0.328042 -0.163199 0.263433 0.55477 0.365275 
-1.43371 -0.28568 -0.140005 0.277126 0.560734 0.358942 
-1.44318 -0.32375 -0.152583 0.264982 0.561787 0.36551 
-1.42398 -0.27196 -0.153951 0.279947 0.552629 0.356274 
-1.4822 -0.289662 -0.157254 0.275739 0.573462 0.358913 
-1.47161 -0.257649 -0.188718 0.284149 0.566492 0.351833 
-1.48861 -0.279951 -0.203033 0.27889 0.575036 0.356189 
-1.4948 -0.293543 -0.227286 0.27455 0.574008 0.354437 
-1.53227 -0.280091 -0.211585 0.280097 0.594876 0.354078 
-1.52794 -0.322176 -0.212226 0.266808 0.591949 0.35955 
-1.55186 -0.289626 -0.203017 0.277607 0.60708 0.357906 
-1.56141 -0.308927 -0.201775 0.26941 0.606369 0.362161 
-1.58074 -0.244624 -0.185088 0.28836 0.618559 0.356083 
-1.61258 -0.282724 -0.203125 0.275582 0.627261 0.362304 
-1.61524 -0.220874 -0.194714 0.293282 0.632973 0.352813 
-1.58115 -0.259132 -0.188084 0.281515 0.617885 0.358077 
-1.59252 -0.225398 -0.179583 0.291568 0.621564 0.349229 
-1.56428 -0.252068 -0.166585 0.28347 0.611507 0.35397 
-1.48415 -0.242057 -0.157892 0.286112 0.580411 0.350336 
-1.42211 -0.258107 -0.165646 0.281976 0.555923 0.35536 
-1.39028 -0.26168 -0.166956 0.280182 0.541761 0.355108 
-1.34934 -0.247624 -0.155042 0.285129 0.531859 0.357142 
-1.32486 -0.285713 -0.176366 0.272989 0.516811 0.361497 
-1.33221 -0.257387 -0.148658 0.282785 0.523793 0.358549 
-1.40381 -0.306514 -0.162425 0.267093 0.543828 0.364329 
-1.43605 -0.267209 -0.15743 0.278684 0.56044 0.359132 
-1.4657 -0.308554 -0.140196 0.266242 0.5718 0.363913 
-1.50148 -0.259559 -0.12349 0.281398 0.590779 0.354774 
-1.58165 -0.277876 -0.142469 0.275339 0.621383 0.356902 
-1.61734 -0.235881 -0.140769 0.288124 0.639 0.348512 
-1.6729 -0.259584 -0.131839 0.281745 0.658771 0.351995 
-1.68343 -0.261744 -0.186343 0.280564 0.657077 0.352105 
-1.6673 -0.259801 -0.174227 0.282341 0.654699 0.354594 
-1.5826 -0.290546 -0.201324 0.27249 0.615619 0.360243 
-1.48232 -0.278278 -0.172689 0.27672 0.582577 0.362047 
-1.45838 -0.306886 -0.198072 0.267559 0.569297 0.365367 
-1.42596 -0.259098 -0.171188 0.282156 0.56413 0.358068 
-1.45556 -0.305367 -0.187857 0.266826 0.567336 0.363178 
-1.47319 -0.262421 -0.148214 0.280024 0.580196 0.35566 
-1.57226 -0.293598 -0.170689 0.269731 0.609021 0.35839 
-1.52345 -0.256452 -0.145023 0.280212 0.596169 0.352089 
-1.56718 -0.293866 -0.151741 0.269343 0.607867 0.357816 
-1.55355 -0.273222 -0.162109 0.275199 0.6034 0.353694 
-1.59688 -0.289891 -0.194555 0.270871 0.618004 0.357353 
-1.44189 -0.287446 -0.183674 0.271122 0.566609 0.356342 
-1.42273 -0.277911 -0.186205 0.274271 0.559714 0.358485 
-1.35137 -0.29397 -0.175751 0.268462 0.530075 0.360032 
-1.30815 -0.28294 -0.158214 0.273767 0.516246 0.361766 
-1.2492 -0.318192 -0.166873 0.26234 0.488463 0.366538 
-1.30633 -0.282223 -0.145379 0.274629 0.511573 0.36201 
-1.34918 -0.327808 -0.161833 0.26077 0.523273 0.365748 
-1.41536 -0.285576 -0.169878 0.27345 0.548067 0.35868 
-1.51241 -0.312169 -0.193231 0.264203 0.579248 0.360942 
-1.55246 -0.285221 -0.158468 0.272773 0.600343 0.35819 
-1.59553 -0.319532 -0.172114 0.262566 0.613356 0.36458 
-1.5484 -0.313698 -0.168516 0.265306 0.59811 0.363789 
-1.49775 -0.323414 -0.16011 0.263288 0.584511 0.369153 
-1.39072 -0.325318 -0.149955 0.261858 0.547719 0.369653 
-1.32335 -0.299497 -0.138254 0.269725 0.525309 0.365465 
-1.26371 -0.315442 -0.153566 0.263442 0.500118 0.366323 
-1.25541 -0.274517 -0.129286 0.275397 0.500592 0.360978 
-1.28352 -0.302702 -0.133966 0.265196 0.507221 0.36268 
-1.32979 -0.259069 -0.13152 0.279411 0.525343 0.354784 
-1.36119 -0.297277 -0.120464 0.267815 0.536044 0.359236 
-1.39587 -0.258396 -0.107268 0.279224 0.550567 0.352751 
-1.41366 -0.293381 -0.0922848 0.269131 0.558902 0.358168 
-1.35904 -0.277959 -0.0771218 0.274677 0.540759 0.354272 
-1.28919 -0.287773 -0.0248015 0.270852 0.523311 0.357966 
-1.20031 -0.290567 -0.0578542 0.268578 0.487097 0.358652 
-1.14443 -0.277485 -0.0351388 0.273895 0.473548 0.359194 
-1.0971 -0.292277 -0.066015 0.269386 0.448546 0.361974 
-1.08132 -0.258586 -0.042785 0.280132 0.448502 0.359984 
-1.0884 -0.294672 -0.0657023 0.26901 0.443597 0.364633 
-1.1613 -0.242234 -0.046832 0.285091 0.474656 0.356986 
-1.14982 -0.30018 -0.0609858 0.268162 0.462881 0.363558 
-1.15232 -0.25404 -0.0443384 0.281913 0.467257 0.354264 
-1.0941 -0.29324 -0.0329505 0.270328 0.444628 0.359093 
-1.01467 -0.255903 -0.0348235 0.280721 0.416808 0.352309 
-0.964427 -0.287091 -0.0255866 0.273535 0.399614 0.357181 
-0.965486 -0.26791 -0.0473388 0.2783 0.398641 0.353724 
-0.94201 -0.270904 -0.0319748 0.278023 0.396796 0.356893 
-1.00216 -0.266646 -0.0561986 0.278192 0.418627 0.355986 
-1.089 -0.254186 -0.0331468 0.283981 0.457738 0.355302 
-1.10289 -0.282257 -0.0378743 0.274854 0.463323 0.359122 
-1.08305 -0.253695 0.013128 0.284018 0.464282 0.356516 
-1.13307 -0.29178 0.000620265 0.272183 0.476646 0.36227 
-1.14927 -0.269289 -0.00367863 0.280505 0.483096 0.358276 
-1.08505 -0.303708 -0.0135496 0.269796 0.454832 0.36442 
-1.04083 -0.261026 -0.0121009 0.281477 0.436917 0.356846 
-1.04075 -0.282823 -0.0190033 0.275141 0.437466 0.359514 
-0.928436 -0.265202 -0.00326639 0.279819 0.398954 0.35419 
-0.876762 -0.273111 0.0227653 0.2776 0.379654 0.356316 
-0.878734 -0.27558 0.0125683 0.277368 0.376931 0.354348 
-0.86104 -0.268818 0.0282017 0.279869 0.372903 0.357097 
-0.823423 -0.284673 0.0306808 0.274098 0.352686 0.359785 
