0.223524 -0.14614 0.148286 0.324082 -0.0418484 0.339058 
0.0272375 -0.34615 0.150233 0.260267 0.0193364 0.365637 
0.259103 -0.112577 0.170065 0.326033 -0.0518245 0.33816 
-0.061286 -0.260316 0.145268 0.283283 0.030216 0.362937 
0.388061 -0.224002 0.0623828 0.289321 -0.0908882 0.345119 
0.12408 -0.21458 0.171137 0.302435 -0.00225956 0.350335 
0.100422 -0.278004 0.10938 0.278896 -0.0263782 0.350979 
0.299445 -0.0675309 0.180011 0.337956 -0.0501693 0.335578 
0.104955 -0.345444 0.0864729 0.255758 -0.0291229 0.368382 
0.214014 -0.106935 0.242115 0.332375 -0.0222057 0.337226 
0.118065 -0.406603 0.0975864 0.241768 -0.0190381 0.377421 
0.189942 -0.0557688 0.196152 0.341685 -0.0257155 0.328223 
0.0896369 -0.342003 0.151913 0.261105 -0.00485102 0.375577 
0.155414 -0.0988827 0.0610374 0.335312 -0.0344236 0.331528 
0.103107 -0.251774 0.12032 0.288052 -0.00441674 0.364251 
0.224884 -0.181063 0.0181787 0.307053 -0.0573335 0.338635 
0.0812993 -0.258587 0.182462 0.290026 0.00332098 0.358638 
0.196246 -0.299612 0.121988 0.270953 -0.0497843 0.349246 
0.158312 -0.18206 0.243306 0.310671 0.000884252 0.345118 
0.165088 -0.339507 0.122426 0.26261 -0.038467 0.360033 
0.142549 -0.130611 0.218181 0.333638 -0.00438909 0.334315 
0.142669 -0.376749 0.0788381 0.24734 -0.0280638 0.373459 
0.225781 -0.0685272 0.17261 0.346616 -0.0342445 0.327836 
0.00173633 -0.407321 0.157264 0.240214 0.00780141 0.382064 
0.186767 -0.0717928 0.174334 0.340234 -0.0311408 0.326105 
0.0476935 -0.300108 0.159036 0.272219 0.0130516 0.372807 
0.139425 -0.116363 0.210466 0.321749 -0.0143609 0.334615 
0.0799041 -0.237292 0.174479 0.295244 0.00734005 0.361947 
0.0431193 -0.161636 0.327536 0.319488 0.0407501 0.341406 
0.0454834 -0.161645 0.327555 0.319345 0.0402071 0.341495 
0.164607 -0.393962 0.14899 0.242132 -0.0414484 0.36937 
0.123591 -0.0715672 0.26419 0.344875 0.00688048 0.323579 
0.0117649 -0.40906 0.112587 0.240762 -0.000178811 0.373374 
0.0986102 -0.031787 0.327044 0.357715 0.0159292 0.32302 
0.0806384 -0.34252 0.128852 0.263024 -0.00956319 0.37227 
0.18934 -0.0491257 0.174109 0.347719 -0.0240858 0.32684 
0.136057 -0.350315 0.108502 0.258872 -0.0155973 0.375254 
0.175476 -0.146559 0.0952565 0.32014 -0.0362535 0.337142 
0.0668039 -0.270327 0.175096 0.281757 0.011196 0.365189 
0.180841 -0.23875 0.0750806 0.292566 -0.0461063 0.346018 
0.132302 -0.243783 0.210249 0.289431 -0.000348973 0.361415 
0.107579 -0.274624 0.0952963 0.281368 -0.0276083 0.349539 
0.140915 -0.186645 0.18747 0.314868 -0.00729614 0.342482 
0.171184 -0.344879 0.104201 0.255544 -0.0445255 0.360442 
0.151696 -0.139925 0.281858 0.327547 -0.001822 0.335499 
0.078181 -0.361141 0.0969918 0.249758 -0.0188212 0.369842 
0.222005 -0.0942689 0.228663 0.339928 -0.0269584 0.334782 
0.0996322 -0.316693 0.103383 0.269508 -0.015029 0.369505 
0.220825 -0.0626636 0.1474 0.344125 -0.0386099 0.333915 
0.101829 -0.356211 0.143579 0.254507 -0.00506843 0.376408 
0.144736 -0.140292 0.119486 0.317855 -0.0309379 0.33581 
0.0383002 -0.31732 0.183222 0.269611 0.0149651 0.369536 
0.318107 -0.220727 0.0464137 0.301766 -0.0772534 0.340901 
0.063738 -0.248472 0.220512 0.289496 0.0172161 0.363084 
0.173758 -0.252268 0.0866225 0.282354 -0.0444861 0.347005 
0.0198854 -0.18669 0.20469 0.314469 0.0184132 0.343314 
0.21177 -0.323394 0.159681 0.263765 -0.0490723 0.354083 
0.135532 -0.112945 0.203024 0.330924 -0.00539782 0.338538 
0.120323 -0.400836 0.142741 0.246823 -0.0242783 0.372888 
0.238233 -0.0242125 0.233193 0.359628 -0.0261721 0.324014 
0.019021 -0.364099 0.20733 0.256369 0.0141234 0.375925 
0.291223 -0.110531 0.157164 0.329515 -0.0563885 0.335401 
0.0764861 -0.359352 0.133236 0.257444 0.00158637 0.377621 
0.18919 -0.126853 0.169873 0.322213 -0.0388949 0.329042 
0.100169 -0.25836 0.127017 0.286519 -0.00447278 0.365465 
0.120904 -0.292458 0.0259408 0.274127 -0.0330111 0.352423 
0.163162 -0.131944 0.238882 0.327184 -0.00483119 0.338337 
0.124389 -0.397735 0.0463445 0.246631 -0.0368964 0.368692 
0.196354 -0.113319 0.289587 0.334972 -0.0126749 0.330914 
0.12378 -0.373279 0.12387 0.248149 -0.0223967 0.372975 
0.224791 -0.154475 0.199443 0.320725 -0.034018 0.34027 
0.065141 -0.396624 0.139259 0.243826 -0.00408293 0.382997 
0.225568 -0.0364007 0.137941 0.348447 -0.041368 0.326485 
0.00832264 -0.324434 0.0952586 0.267223 0.0226741 0.374359 
0.0453467 -0.168693 0.173717 0.313853 0.0312259 0.342716 
-0.220641 -0.258039 0.208077 0.287502 0.120756 0.364155 
-0.251207 -0.19657 0.202454 0.303376 0.132196 0.335874 
-0.455447 -0.217421 0.230827 0.306488 0.215714 0.345038 
-0.561539 -0.283334 0.0715625 0.274072 0.231514 0.351002 
-0.736413 -0.131724 0.125465 0.331035 0.320316 0.336135 
-0.842228 -0.302158 0.0169429 0.272675 0.343811 0.357668 
-1.00968 -0.0323447 0.18271 0.359251 0.441696 0.323529 
-1.29599 -0.341232 -0.0508012 0.269282 0.495964 0.362618 
-1.36279 -0.0635718 0.0309775 0.354909 0.54932 0.322094 
-1.67849 -0.343073 -0.057496 0.267696 0.64259 0.368645 
-1.67434 -0.0809137 -0.12292 0.348525 0.641296 0.324037 
-2.04239 -0.273067 -0.206148 0.293162 0.766302 0.358205 
-1.99151 -0.117214 -0.288607 0.333064 0.734217 0.325885 
-2.07572 -0.258179 -0.301649 0.297381 0.771894 0.35579 
-2.01708 -0.272586 -0.331012 0.288555 0.733482 0.341319 
-1.91266 -0.18616 -0.28505 0.317134 0.709609 0.343724 
-1.85395 -0.310373 -0.401356 0.272689 0.66424 0.349885 
-1.8175 -0.0776488 -0.314916 0.352526 0.674373 0.32546 
-1.75533 -0.362787 -0.416109 0.26119 0.631447 0.363862 
-1.64849 -0.0118242 -0.273028 0.369139 0.626413 0.319265 
-1.83399 -0.379088 -0.363856 0.256246 0.658491 0.374407 
-1.60099 -0.0487194 -0.203708 0.349195 0.607752 0.321859 
-1.82867 -0.336545 -0.390346 0.266748 0.655948 0.375606 
-1.70444 -0.156516 -0.352429 0.317345 0.615201 0.333217 
-1.83286 -0.219902 -0.320226 0.305001 0.66816 0.355932 
-1.78794 -0.261585 -0.431934 0.284752 0.623545 0.34414 
-1.85247 -0.125881 -0.37786 0.330898 0.683004 0.334171 
-1.66725 -0.354412 -0.363404 0.254307 0.605307 0.359622 
-1.72445 -0.10226 -0.352543 0.338055 0.641667 0.330845 
-1.73491 -0.379859 -0.425613 0.25133 0.623086 0.370996 
-1.75754 -0.09485 -0.337545 0.339999 0.664907 0.335978 
-1.83015 -0.368929 -0.544738 0.251404 0.634921 0.373133 
-1.86801 -0.0783587 -0.314656 0.343442 0.701998 0.326866 
-2.1688 -0.372546 -0.475048 0.25433 0.769363 0.375654 
-1.99523 -0.125671 -0.487812 0.328707 0.721753 0.335075 
-2.11517 -0.310097 -0.597899 0.274006 0.751397 0.362468 
-1.90228 -0.11928 -0.349728 0.33106 0.704749 0.324224 
-2.09729 -0.235321 -0.430188 0.29994 0.764048 0.348257 
-1.95484 -0.224592 -0.515054 0.295133 0.698554 0.334382 
-1.93852 -0.183655 -0.303673 0.314536 0.732895 0.342146 
-1.69361 -0.353478 -0.387859 0.255789 0.622944 0.356874 
-1.91177 -0.061345 -0.304567 0.348354 0.720963 0.328208 
-1.83541 -0.340448 -0.530686 0.259476 0.662008 0.363275 
-1.72952 -0.0385449 -0.291663 0.354722 0.660868 0.328609 
-1.72539 -0.382118 -0.365009 0.249298 0.630922 0.37941 
-1.6319 -0.11044 -0.283041 0.330985 0.6227 0.337386 
-1.59142 -0.318079 -0.186357 0.261112 0.608078 0.368407 
-1.48551 -0.158169 -0.126989 0.314857 0.573933 0.331343 
-1.45271 -0.296442 -0.221951 0.271666 0.561911 0.366413 
-1.57538 -0.309093 -0.282777 0.267089 0.587869 0.351779 
-1.45968 -0.246185 -0.140691 0.288807 0.559087 0.358378 
-1.45344 -0.325941 -0.203508 0.260726 0.549053 0.35462 
-1.5369 -0.126236 -0.163046 0.323911 0.603898 0.339925 
-1.67346 -0.351498 -0.152676 0.253419 0.647914 0.362434 
-1.77802 -0.104465 -0.22445 0.334431 0.691388 0.330271 
-1.50496 -0.410823 -0.170422 0.23801 0.580334 0.379645 
-1.6578 -0.107874 -0.223686 0.326129 0.626008 0.332908 
-1.57858 -0.39536 -0.292148 0.251162 0.606589 0.377634 
-1.36786 -0.227353 -0.171145 0.292044 0.531799 0.347984 
-1.55924 -0.307605 -0.151902 0.270915 0.610853 0.36883 
-1.44729 -0.279461 -0.187667 0.27198 0.550396 0.354456 
-1.68756 -0.272425 -0.186284 0.285729 0.654552 0.353849 
-1.60549 -0.396252 -0.267095 0.244764 0.618179 0.36576 
-1.54827 -0.198649 -0.13189 0.313238 0.611835 0.340565 
-1.79432 -0.370564 -0.214563 0.253918 0.681776 0.362164 
-1.74476 -0.100539 -0.245766 0.335535 0.675849 0.332744 
-1.66886 -0.365122 -0.168983 0.25163 0.63604 0.372836 
-1.69485 -0.0973797 -0.0995343 0.332812 0.684891 0.333593 
-1.89756 -0.40103 -0.161532 0.24525 0.71909 0.374481 
-1.497 -0.112016 -0.1069 0.324924 0.60055 0.335084 
-1.74404 -0.380643 -0.210202 0.248128 0.663546 0.378287 
-1.46014 -0.195735 -0.249157 0.301548 0.559286 0.341535 
-1.61719 -0.371695 -0.185938 0.253848 0.625546 0.378465 
-1.60498 -0.284345 -0.217457 0.2727 0.604178 0.351839 
-1.39589 -0.329006 -0.0226413 0.262991 0.558551 0.367832 
-1.41608 -0.318808 -0.197271 0.260758 0.544831 0.351017 
-1.3565 -0.209322 -0.157443 0.29977 0.541127 0.35046 
-1.37745 -0.404682 -0.266939 0.237311 0.50468 0.370769 
-1.45163 -0.163496 -0.108216 0.317487 0.578584 0.343101 
-1.47089 -0.484428 -0.201595 0.215552 0.56588 0.389871 
-1.31448 -0.132943 -0.150026 0.319674 0.522076 0.337736 
-1.56289 -0.45466 -0.0892189 0.227144 0.602629 0.384899 
-1.36867 -0.192872 -0.150968 0.305776 0.534499 0.339104 
-1.49899 -0.353849 -0.171108 0.256762 0.583848 0.375943 
-1.37489 -0.225478 -0.208436 0.29038 0.520092 0.343687 
-1.60555 -0.221451 -0.166541 0.298632 0.626239 0.350933 
-1.50995 -0.294594 -0.246537 0.269196 0.567781 0.349497 
-1.45366 -0.304382 -0.222544 0.279478 0.57722 0.360885 
-1.52993 -0.421811 -0.292372 0.235065 0.578705 0.367182 
-1.56227 -0.158216 -0.129933 0.318115 0.624435 0.341895 
-1.58387 -0.431877 -0.169745 0.232185 0.611604 0.378291 
-1.62956 -0.131847 -0.200492 0.32319 0.643437 0.341277 
-1.50141 -0.400885 -0.216335 0.238497 0.573666 0.38216 
-1.62658 -0.100294 -0.208934 0.329815 0.639651 0.336791 
-1.72148 -0.348715 -0.220119 0.254221 0.667945 0.373 
-1.5972 -0.12263 -0.127692 0.320684 0.640167 0.330838 
-1.45908 -0.323137 -0.167341 0.264357 0.567996 0.367595 
-1.55828 -0.232215 -0.173829 0.288761 0.592059 0.337923 
-1.48538 -0.233641 -0.143943 0.289324 0.589367 0.360492 
-1.32079 -0.29866 -0.176655 0.267436 0.512466 0.354833 
-1.28703 -0.20288 -0.166465 0.300004 0.517728 0.355955 
-1.29991 -0.341004 -0.173889 0.255386 0.497183 0.366337 
-1.3536 -0.161933 -0.114261 0.313492 0.542552 0.348092 
-1.36297 -0.424089 -0.250558 0.228628 0.514128 0.382267 
-1.35755 -0.157028 -0.0381178 0.316413 0.547372 0.340095 
-1.64504 -0.448514 -0.2353 0.221547 0.617903 0.384855 
-1.4611 -0.144479 -0.148911 0.313338 0.580243 0.340353 
-1.50181 -0.368658 -0.0280909 0.251285 0.599352 0.371997 
-1.5419 -0.179115 -0.167029 0.304404 0.609026 0.336567 
-1.75839 -0.248613 -0.133015 0.286121 0.700392 0.350737 
-1.82351 -0.238541 -0.226799 0.285472 0.705988 0.342905 
-1.7389 -0.262992 -0.104261 0.281444 0.679099 0.357766 
-1.55444 -0.379459 -0.300609 0.245379 0.590879 0.372546 
-1.46128 -0.1694 -0.106451 0.31329 0.597137 0.349013 
-1.33486 -0.40234 -0.268499 0.236864 0.504991 0.378984 
-1.32215 -0.1772 -0.0836236 0.306624 0.540781 0.351926 
-1.61918 -0.406033 -0.231176 0.235636 0.612699 0.374363 
-1.39231 -0.140519 -0.166192 0.318366 0.565043 0.336051 
-1.60932 -0.400746 -0.189796 0.236641 0.613168 0.374564 
-1.42301 -0.187608 -0.0702801 0.302854 0.569289 0.341393 
-1.8175 -0.333085 -0.195999 0.255159 0.684905 0.365576 
-1.37509 -0.220302 -0.102848 0.288039 0.548441 0.34286 
-1.61099 -0.327588 -0.199781 0.264021 0.623533 0.364685 
-1.54117 -0.297527 -0.241638 0.265922 0.590831 0.353954 
-1.63963 -0.270952 -0.232508 0.281212 0.642307 0.359689 
-1.04259 -0.320859 -0.141595 0.256415 0.427934 0.360523 
-1.27926 -0.172632 -0.115505 0.303786 0.513963 0.353573 
-1.2542 -0.407882 -0.147511 0.234977 0.47534 0.37242 
-1.32507 -0.242376 -0.153952 0.292445 0.521687 0.362623 
-1.34487 -0.447213 -0.2758 0.224079 0.503389 0.383551 
-1.32825 -0.141014 -0.0341265 0.31786 0.543484 0.337883 
-1.49354 -0.400553 -0.197778 0.23449 0.572465 0.372265 
-1.5851 -0.196724 -0.187735 0.298377 0.59931 0.33708 
-1.81028 -0.37534 -0.270717 0.246207 0.677593 0.37393 
-1.54512 -0.312473 -0.101983 0.266932 0.608862 0.369793 
-1.54363 -0.312571 -0.102355 0.266823 0.608551 0.369834 
-1.25788 -0.371381 -0.179789 0.248191 0.496235 0.368307 
-1.33183 -0.245306 -0.145704 0.288289 0.531316 0.363901 
-1.27512 -0.384858 -0.219944 0.239057 0.493631 0.37643 
-1.20826 -0.18337 -0.0434773 0.306267 0.496813 0.348851 
-1.24547 -0.392297 -0.178918 0.235407 0.482595 0.374126 
-1.21635 -0.166755 -0.0583872 0.307967 0.498602 0.34158 
-1.47239 -0.38623 -0.169106 0.237282 0.564463 0.372413 
-1.50649 -0.166693 -0.20771 0.31013 0.584243 0.336953 
-1.36523 -0.374411 0.0118036 0.24829 0.550315 0.371108 
-1.41887 -0.197891 -0.112939 0.292449 0.555213 0.341701 
-1.30531 -0.341681 0.0165275 0.257502 0.540278 0.368667 
-1.19928 -0.30912 -0.0932906 0.265013 0.473746 0.352933 
-1.15726 -0.215761 0.0538914 0.291006 0.497001 0.355423 
-0.920812 -0.388381 -0.15346 0.236922 0.369246 0.374535 
-1.1395 -0.132481 0.000637611 0.319031 0.487467 0.344411 
-1.06866 -0.415641 -0.137854 0.23496 0.415269 0.382568 
-1.12037 -0.140664 0.0228597 0.318742 0.473524 0.342985 
-1.19269 -0.396196 -0.0606951 0.235397 0.472481 0.378665 
-1.2853 -0.126188 -0.0591086 0.317326 0.524538 0.3363 
-1.08208 -0.422212 -0.0701315 0.234387 0.428592 0.377273 
-1.08118 -0.184942 -0.0546167 0.303714 0.43715 0.336094 
-0.829251 -0.336665 0.0797994 0.260818 0.360378 0.367134 
-0.795547 -0.209508 -0.0700602 0.287362 0.333384 0.344746 
-1.03408 -0.282127 -0.0129243 0.281392 0.438567 0.360658 
-1.08738 -0.32631 -0.178892 0.258215 0.423728 0.359989 
-0.963795 -0.199908 0.0222032 0.302328 0.427924 0.35194 
-1.13001 -0.315378 -0.0413199 0.261663 0.469531 0.362598 
-1.22973 -0.147209 0.0451988 0.316306 0.528942 0.341327 
-1.10351 -0.42248 -0.0365615 0.23576 0.466487 0.379756 
-0.988199 -0.183498 0.0761191 0.304032 0.428527 0.346958 
-1.21391 -0.390335 -0.0403352 0.243156 0.489744 0.380713 
-1.21098 -0.202926 -0.0628143 0.303273 0.501777 0.342626 
-0.908656 -0.3193 -0.00415579 0.26276 0.387624 0.372045 
-0.882402 -0.209073 -0.0293182 0.294164 0.376914 0.341891 
-0.9878 -0.292482 0.0416073 0.272354 0.431269 0.360298 
-0.652345 -0.302228 0.0383491 0.266545 0.297188 0.354093 
-0.952609 -0.242471 0.0673442 0.292178 0.405276 0.353256 
-0.918513 -0.331648 -0.0551411 0.261596 0.374007 0.362202 
-0.793935 -0.175259 0.0488489 0.306671 0.356773 0.355635 
-0.799712 -0.371759 0.054003 0.2435 0.330186 0.373738 
