0.101118 0 -0.00111762 0 0 0 
0.101254 0 -0.00125381 0 0 0 
0.102549 0 -0.00254932 0 0 0 
0.102243 0 -0.00224289 0 0 0 
0.104183 0 -0.0041832 0 0 0 
0.103686 0 -0.00368598 0 0 0 
0.104052 0 -0.0040519 0 0 0 
0.104254 0 -0.00425361 0 0 0 
0.105085 0 -0.00508482 0 0 0 
0.104215 0 -0.00421459 0 0 0 
0.104185 0 -0.00418451 0 0 0 
0.104632 0 -0.00463211 0 0 0 
0.103583 0 -0.00358307 0 0 0 
0.103835 0 -0.00383536 0 0 0 
0.103281 0 -0.00328083 0 0 0 
0.103815 0 -0.00381492 0 0 0 
0.103272 0 -0.0032717 0 0 0 
0.103805 0 -0.00380475 0 0 0 
0.103819 0 -0.00381924 0 0 0 
0.104129 0 -0.00412914 0 0 0 
0.103717 0 -0.00371747 0 0 0 
0.104024 0 -0.00402432 0 0 0 
0.104172 0 -0.00417199 0 0 0 
0.103389 0 -0.00338912 0 0 0 
0.103498 0 -0.00349751 0 0 0 
0.103023 0 -0.00302324 0 0 0 
0.103007 0 -0.00300702 0 0 0 
0.102278 0 -0.00227763 0 0 0 
0.102485 0 -0.00248455 0 0 0 
0.101778 0 -0.00177813 0 0 0 
0.102363 0 -0.00236269 0 0 0 
0.102284 0 -0.00228352 0 0 0 
0.101943 0 -0.00194283 0 0 0 
0.10222 0 -0.00222028 0 0 0 
0.102396 0 -0.00239606 0 0 0 
0.10252 0 -0.00251972 0 0 0 
0.102582 0 -0.00258205 0 0 0 
0.103401 0 -0.00340061 0 0 0 
0.103242 0 -0.00324157 0 0 0 
0.103743 0 -0.00374259 0 0 0 
0.103457 0 -0.0034574 0 0 0 
0.103315 0 -0.00331501 0 0 0 
0.103142 0 -0.0031422 0 0 0 
0.103664 0 -0.00366411 0 0 0 
0.103518 0 -0.00351838 0 0 0 
0.103248 0 -0.00324777 0 0 0 
0.10382 0 -0.0038199 0 0 0 
0.103613 0 -0.00361349 0 0 0 
0.103862 0 -0.00386169 0 0 0 
0.103612 0 -0.00361236 0 0 0 
0.103945 0 -0.00394514 0 0 0 
0.103027 0 -0.00302661 0 0 0 
0.104119 0 -0.00411899 0 0 0 
0.103334 0 -0.00333355 0 0 0 
0.103693 0 -0.0036932 0 0 0 
0.103069 0 -0.00306895 0 0 0 
0.103936 0 -0.0039363 0 0 0 
0.103023 0 -0.00302342 0 0 0 
0.103306 0 -0.00330634 0 0 0 
0.103629 0 -0.00362872 0 0 0 
0.103624 0 -0.0036244 0 0 0 
0.104022 0 -0.00402166 0 0 0 
0.103726 0 -0.00372643 0 0 0 
0.104071 0 -0.00407077 0 0 0 
0.10338 0 -0.00338045 0 0 0 
0.10389 0 -0.00388986 0 0 0 
0.10325 0 -0.00324956 0 0 0 
0.103489 0 -0.00348908 0 0 0 
0.103525 0 -0.00352489 0 0 0 
0.103643 0 -0.00364295 0 0 0 
0.104162 0 -0.00416238 0 0 0 
0.103672 0 -0.00367227 0 0 0 
0.104178 0 -0.00417817 0 0 0 
0.103238 0 -0.00323801 0 0 0 
0.102846 0 -0.00284585 0 0 0 
0.100619 0 -0.000618688 0 0 0 
0.0990369 0 0.000963055 0 0 0 
0.0956319 0 0.00436813 0 0 0 
0.0927826 0 0.00721744 0 0 0 
0.0888738 0 0.0111262 0 0 0 
0.0857658 0 0.0142342 0 0 0 
0.0819735 0 0.0180265 0 0 0 
0.0777707 0 0.0222293 0 0 0 
0.0737645 0 0.0262355 0 0 0 
0.0690541 0 0.0309459 0 0 0 
0.0648936 0 0.0351064 0 0 0 
0.05973 0 0.04027 0 0 0 
0.0562525 0 0.0437475 0 0 0 
0.0526878 0 0.0473122 0 0 0 
0.0509948 0 0.0490052 0 0 0 
0.0498032 0 0.0501968 0 0 0 
0.0507454 0 0.0492546 0 0 0 
0.0516155 0 0.0483845 0 0 0 
0.0532174 0 0.0467826 0 0 0 
0.0550604 0 0.0449396 0 0 0 
0.0554537 0 0.0445463 0 0 0 
0.0567185 0 0.0432815 0 0 0 
0.0566626 0 0.0433374 0 0 0 
0.0569171 0 0.0430829 0 0 0 
0.0559952 0 0.0440048 0 0 0 
0.0562255 0 0.0437745 0 0 0 
0.0549681 0 0.0450319 0 0 0 
0.0557753 0 0.0442247 0 0 0 
0.0556752 0 0.0443248 0 0 0 
0.0561649 0 0.0438351 0 0 0 
0.0563169 0 0.0436831 0 0 0 
0.0564285 0 0.0435715 0 0 0 
0.0554247 0 0.0445753 0 0 0 
0.053203 0 0.046797 0 0 0 
0.0519014 0 0.0480986 0 0 0 
0.0501132 0 0.0498868 0 0 0 
0.0497526 0 0.0502474 0 0 0 
0.0486061 0 0.0513939 0 0 0 
0.0496759 0 0.0503241 0 0 0 
0.0499595 0 0.0500405 0 0 0 
0.0520673 0 0.0479327 0 0 0 
0.0520199 0 0.0479801 0 0 0 
0.0533292 0 0.0466708 0 0 0 
0.0544558 0 0.0455442 0 0 0 
0.0555215 0 0.0444785 0 0 0 
0.05583 0 0.04417 0 0 0 
0.0574318 0 0.0425682 0 0 0 
0.0591814 0 0.0408186 0 0 0 
0.0605654 0 0.0394346 0 0 0 
0.0613154 0 0.0386846 0 0 0 
0.0621765 0 0.0378235 0 0 0 
0.0628664 0 0.0371336 0 0 0 
0.0626095 0 0.0373905 0 0 0 
0.0615057 0 0.0384943 0 0 0 
0.0604925 0 0.0395075 0 0 0 
0.0602661 0 0.0397339 0 0 0 
0.0592443 0 0.0407557 0 0 0 
0.0590358 0 0.0409642 0 0 0 
0.0605639 0 0.0394361 0 0 0 
0.0616578 0 0.0383422 0 0 0 
0.0619462 0 0.0380538 0 0 0 
0.0617973 0 0.0382027 0 0 0 
0.0616628 0 0.0383372 0 0 0 
0.0607607 0 0.0392393 0 0 0 
0.0595854 0 0.0404146 0 0 0 
0.058098 0 0.041902 0 0 0 
0.0581915 0 0.0418085 0 0 0 
0.0577447 0 0.0422553 0 0 0 
0.0559983 0 0.0440017 0 0 0 
0.0574849 0 0.0425151 0 0 0 
0.0574885 0 0.0425115 0 0 0 
0.0585321 0 0.0414679 0 0 0 
0.0589204 0 0.0410796 0 0 0 
0.0603833 0 0.0396167 0 0 0 
0.0608888 0 0.0391112 0 0 0 
0.0625286 0 0.0374714 0 0 0 
0.0630468 0 0.0369532 0 0 0 
0.0642455 0 0.0357545 0 0 0 
0.0650123 0 0.0349877 0 0 0 
0.0646373 0 0.0353627 0 0 0 
0.0651453 0 0.0348547 0 0 0 
0.0641133 0 0.0358867 0 0 0 
0.0641573 0 0.0358427 0 0 0 
0.0639204 0 0.0360796 0 0 0 
0.0644004 0 0.0355996 0 0 0 
0.062945 0 0.037055 0 0 0 
0.0632097 0 0.0367903 0 0 0 
0.0627848 0 0.0372152 0 0 0 
0.0626301 0 0.0373699 0 0 0 
0.0616932 0 0.0383068 0 0 0 
0.0618016 0 0.0381984 0 0 0 
0.0612036 0 0.0387964 0 0 0 
0.0609648 0 0.0390352 0 0 0 
0.0604815 0 0.0395185 0 0 0 
0.0596855 0 0.0403145 0 0 0 
0.0596189 0 0.0403811 0 0 0 
0.0604713 0 0.0395287 0 0 0 
0.060187 0 0.039813 0 0 0 
0.0608929 0 0.0391071 0 0 0 
0.0628964 0 0.0371036 0 0 0 
0.0644472 0 0.0355528 0 0 0 
0.065243 0 0.034757 0 0 0 
0.0662664 0 0.0337336 0 0 0 
0.0668785 0 0.0331215 0 0 0 
0.0666947 0 0.0333053 0 0 0 
0.0649046 0 0.0350954 0 0 0 
0.0640987 0 0.0359013 0 0 0 
0.0633576 0 0.0366424 0 0 0 
0.062463 0 0.037537 0 0 0 
0.0604588 0 0.0395412 0 0 0 
0.0595664 0 0.0404336 0 0 0 
0.0581774 0 0.0418226 0 0 0 
0.0579143 0 0.0420857 0 0 0 
0.0583174 0 0.0416826 0 0 0 
0.0604351 0 0.0395649 0 0 0 
0.0629419 0 0.0370581 0 0 0 
0.0635405 0 0.0364595 0 0 0 
0.0643511 0 0.0356489 0 0 0 
0.0636109 0 0.0363891 0 0 0 
0.0631701 0 0.0368299 0 0 0 
0.0606934 0 0.0393066 0 0 0 
0.0619139 0 0.0380861 0 0 0 
0.0608204 0 0.0391796 0 0 0 
0.0611612 0 0.0388388 0 0 0 
0.0600781 0 0.0399219 0 0 0 
0.0639526 0 0.0360474 0 0 0 
0.0644318 0 0.0355682 0 0 0 
0.0662157 0 0.0337843 0 0 0 
0.0672962 0 0.0327038 0 0 0 
0.0687701 0 0.0312299 0 0 0 
0.0673418 0 0.0326582 0 0 0 
0.0662704 0 0.0337296 0 0 0 
0.0646159 0 0.0353841 0 0 0 
0.0621898 0 0.0378102 0 0 0 
0.0611885 0 0.0388115 0 0 0 
0.0601116 0 0.0398884 0 0 0 
0.0612899 0 0.0387101 0 0 0 
0.0625562 0 0.0374438 0 0 0 
0.0652321 0 0.0347679 0 0 0 
0.0669164 0 0.0330836 0 0 0 
0.0684072 0 0.0315928 0 0 0 
0.0686148 0 0.0313852 0 0 0 
0.067912 0 0.032088 0 0 0 
0.0667552 0 0.0332448 0 0 0 
0.0659704 0 0.0340296 0 0 0 
0.0651033 0 0.0348967 0 0 0 
0.0646585 0 0.0353415 0 0 0 
0.0660241 0 0.0339759 0 0 0 
0.0677702 0 0.0322298 0 0 0 
0.0699923 0 0.0300077 0 0 0 
0.0713892 0 0.0286108 0 0 0 
0.0725725 0 0.0274275 0 0 0 
0.072967 0 0.027033 0 0 0 
0.0727899 0 0.0272101 0 0 0 
0.0709674 0 0.0290326 0 0 0 
0.0712545 0 0.0287455 0 0 0 
0.0711919 0 0.0288081 0 0 0 
0.0726475 0 0.0273525 0 0 0 
0.0746332 0 0.0253668 0 0 0 
0.0758893 0 0.0241107 0 0 0 
0.0758628 0 0.0241372 0 0 0 
0.0764497 0 0.0235503 0 0 0 
0.0749459 0 0.0250541 0 0 0 
0.072775 0 0.027225 0 0 0 
0.0724279 0 0.0275721 0 0 0 
0.0729238 0 0.0270762 0 0 0 
0.0716732 0 0.0283268 0 0 0 
0.0712684 0 0.0287316 0 0 0 
0.0728737 0 0.0271263 0 0 0 
0.0739793 0 0.0260207 0 0 0 
0.0739813 0 0.0260187 0 0 0 
0.0767891 0 0.0232109 0 0 0 
0.0780809 0 0.0219191 0 0 0 
0.0780317 0 0.0219683 0 0 0 
0.078474 0 0.021526 0 0 0 
0.078474 0 0.021526 0 0 0 
