1.47914e+07 -1.18019e+07 8.19539e+06 -1.1734e+06 -2.01985e+06 37631 
1.47914e+07 -1.18019e+07 8.19539e+06 -1.1734e+06 -2.01985e+06 37631 
1.49174e+07 -1.15251e+07 8.3709e+06 -1.11114e+06 -2.01903e+06 4710 
1.47395e+07 -1.17767e+07 8.31293e+06 -1.1314e+06 -2.00705e+06 35588 
1.49694e+07 -1.15602e+07 8.25604e+06 -1.1221e+06 -2.04802e+06 2413 
1.48191e+07 -1.16369e+07 8.32765e+06 -1.10318e+06 -2.00419e+06 20228 
1.48016e+07 -1.17858e+07 8.21061e+06 -1.15778e+06 -2.03543e+06 28263 
1.49484e+07 -1.15503e+07 8.40424e+06 -1.10802e+06 -2.018e+06 4621 
1.4751e+07 -1.17591e+07 8.26822e+06 -1.12883e+06 -2.01676e+06 34988 
1.50026e+07 -1.15362e+07 8.23686e+06 -1.11998e+06 -2.04436e+06 983 
1.47428e+07 -1.16762e+07 8.34029e+06 -1.10637e+06 -1.99804e+06 27392 
1.48344e+07 -1.17788e+07 8.21014e+06 -1.15382e+06 -2.03576e+06 26667 
1.48788e+07 -1.15307e+07 8.35377e+06 -1.09957e+06 -2.00469e+06 6116 
1.47267e+07 -1.1802e+07 8.24875e+06 -1.13396e+06 -2.01528e+06 35914 
1.50033e+07 -1.15293e+07 8.27821e+06 -1.11404e+06 -2.0317e+06 2604 
1.46699e+07 -1.17825e+07 8.30796e+06 -1.11972e+06 -1.98962e+06 37608 
1.48311e+07 -1.17246e+07 8.20462e+06 -1.14838e+06 -2.02793e+06 27796 
1.4844e+07 -1.15436e+07 8.29647e+06 -1.09524e+06 -1.99455e+06 12099 
1.46907e+07 -1.1871e+07 8.23171e+06 -1.14433e+06 -2.00628e+06 40937 
1.49569e+07 -1.15583e+07 8.27058e+06 -1.11884e+06 -2.02278e+06 8738 
1.46682e+07 -1.18223e+07 8.32107e+06 -1.12841e+06 -1.9846e+06 41587 
1.48364e+07 -1.17104e+07 8.2381e+06 -1.14719e+06 -2.02606e+06 22728 
1.48431e+07 -1.15816e+07 8.30365e+06 -1.09864e+06 -1.99335e+06 15056 
1.46994e+07 -1.18739e+07 8.19558e+06 -1.1539e+06 -2.01041e+06 45223 
1.4893e+07 -1.16478e+07 8.27099e+06 -1.13349e+06 -2.01252e+06 12450 
1.46158e+07 -1.18151e+07 8.28038e+06 -1.12717e+06 -1.98238e+06 42091 
1.48627e+07 -1.17185e+07 8.18098e+06 -1.14482e+06 -2.03033e+06 20534 
1.48129e+07 -1.1627e+07 8.32065e+06 -1.10305e+06 -1.99108e+06 19907 
1.4678e+07 -1.18955e+07 8.17753e+06 -1.16042e+06 -2.00939e+06 46962 
1.49368e+07 -1.15928e+07 8.28571e+06 -1.12648e+06 -2.0194e+06 8329 
1.46702e+07 -1.17921e+07 8.27713e+06 -1.12264e+06 -1.98867e+06 36666 
1.48983e+07 -1.16736e+07 8.22934e+06 -1.14619e+06 -2.03784e+06 19592 
1.48254e+07 -1.16276e+07 8.30818e+06 -1.11475e+06 -1.99656e+06 20043 
1.46831e+07 -1.18507e+07 8.23282e+06 -1.15486e+06 -2.01388e+06 40736 
1.49773e+07 -1.15228e+07 8.26088e+06 -1.11441e+06 -2.02586e+06 -282 
1.47292e+07 -1.1782e+07 8.3038e+06 -1.12544e+06 -2.00118e+06 35323 
1.49286e+07 -1.16801e+07 8.22108e+06 -1.15189e+06 -2.04212e+06 17348 
1.48063e+07 -1.16293e+07 8.34544e+06 -1.11213e+06 -1.99801e+06 15387 
1.47641e+07 -1.18224e+07 8.29295e+06 -1.15147e+06 -2.02877e+06 30808 
1.49523e+07 -1.14927e+07 8.27852e+06 -1.1094e+06 -2.02464e+06 -1257 
1.47108e+07 -1.1795e+07 8.24219e+06 -1.13507e+06 -2.0047e+06 39708 
1.49605e+07 -1.16078e+07 8.2735e+06 -1.14061e+06 -2.0481e+06 10421 
1.48333e+07 -1.15988e+07 8.35113e+06 -1.09785e+06 -2.00552e+06 16452 
1.47968e+07 -1.18188e+07 8.20556e+06 -1.14573e+06 -2.03318e+06 25820 
1.49444e+07 -1.15227e+07 8.31415e+06 -1.10983e+06 -2.01896e+06 4842 
1.4705e+07 -1.17754e+07 8.26922e+06 -1.13069e+06 -2.00952e+06 38487 
1.49391e+07 -1.15682e+07 8.23315e+06 -1.123e+06 -2.03666e+06 3330 
1.47528e+07 -1.16151e+07 8.39512e+06 -1.09527e+06 -1.99389e+06 23193 
1.48065e+07 -1.17949e+07 8.21191e+06 -1.15359e+06 -2.03066e+06 28516 
1.48726e+07 -1.15261e+07 8.3288e+06 -1.1033e+06 -2.00309e+06 9880 
1.46873e+07 -1.17619e+07 8.28465e+06 -1.12438e+06 -2.00865e+06 38192 
1.49656e+07 -1.15447e+07 8.24322e+06 -1.1175e+06 -2.03249e+06 4379 
1.46343e+07 -1.17885e+07 8.30838e+06 -1.11749e+06 -1.97775e+06 35517 
1.48017e+07 -1.17701e+07 8.20372e+06 -1.15523e+06 -2.02491e+06 27220 
1.48104e+07 -1.15765e+07 8.37462e+06 -1.10558e+06 -1.99166e+06 17388 
1.46847e+07 -1.18325e+07 8.21655e+06 -1.14106e+06 -2.00912e+06 39464 
1.48799e+07 -1.16022e+07 8.29525e+06 -1.12438e+06 -2.01483e+06 8464 
1.46374e+07 -1.18317e+07 8.27792e+06 -1.13183e+06 -1.98338e+06 44307 
1.48234e+07 -1.17275e+07 8.25614e+06 -1.15189e+06 -2.02666e+06 24402 
1.48209e+07 -1.16088e+07 8.34867e+06 -1.10304e+06 -1.9898e+06 20456 
1.46962e+07 -1.18487e+07 8.22504e+06 -1.1464e+06 -2.00967e+06 39934 
