-0.0675655 0.095993 -0.0506145 0.303996 0.0270381 0.000152215 
-0.135128 0.191984 -0.101229 0.607992 0.0540769 0.000304521 
-0.145729 0.309301 -0.11674 0.913065 0.0906675 -0.00447952 
-0.217063 0.416186 -0.143846 1.22064 0.112421 -0.00486903 
-0.225269 0.52119 -0.18233 1.52467 0.14718 -0.0100173 
-0.198015 0.540603 -0.155878 1.52984 0.14821 -0.0127275 
-0.194297 0.54144 -0.152834 1.52949 0.14499 -0.0144925 
-0.193469 0.5335 -0.146166 1.53241 0.144971 -0.0144701 
-0.189359 0.534372 -0.155108 1.53139 0.144527 -0.0144699 
-0.181271 0.533074 -0.158945 1.53273 0.147317 -0.0145135 
-0.197617 0.538299 -0.156418 1.53141 0.14343 -0.0135758 
-0.191982 0.534644 -0.15651 1.53309 0.144621 -0.0137207 
-0.199048 0.54726 -0.166605 1.53244 0.143034 -0.013656 
-0.208536 0.544627 -0.170499 1.53288 0.140935 -0.0137471 
-0.207454 0.545498 -0.162229 1.53499 0.142246 -0.0133925 
-0.232788 0.540782 -0.168694 1.53599 0.137231 -0.0120915 
-0.225591 0.548903 -0.169798 1.53531 0.139861 -0.0116681 
-0.232345 0.551988 -0.181259 1.53671 0.138506 -0.0106779 
-0.247198 0.547331 -0.184667 1.53811 0.1365 -0.0101047 
-0.25787 0.549785 -0.186193 1.53795 0.135034 -0.00919932 
-0.263745 0.544401 -0.183572 1.53907 0.135103 -0.00856722 
-0.260974 0.545672 -0.176875 1.5389 0.136097 -0.00950114 
-0.266479 0.540435 -0.175439 1.54022 0.134995 -0.00906276 
-0.265668 0.538788 -0.182666 1.53902 0.136008 -0.00817829 
-0.287356 0.53518 -0.182584 1.53955 0.132611 -0.00807215 
-0.293746 0.543606 -0.190722 1.53759 0.130696 -0.00817742 
-0.291188 0.538729 -0.202147 1.53922 0.13055 -0.00853082 
-0.301878 0.536546 -0.198747 1.53951 0.128092 -0.00787353 
-0.307958 0.536476 -0.202357 1.53886 0.127212 -0.00770605 
-0.293974 0.538015 -0.199415 1.53829 0.129714 -0.00811862 
-0.283028 0.533523 -0.200065 1.53949 0.131675 -0.0088703 
-0.271627 0.534771 -0.190395 1.53755 0.134462 -0.00872321 
-0.269932 0.532851 -0.192891 1.5358 0.135876 -0.00864224 
-0.262865 0.538407 -0.181835 1.53385 0.136729 -0.00968894 
-0.247247 0.542517 -0.186802 1.53347 0.139081 -0.0109562 
-0.237465 0.535511 -0.181471 1.53338 0.140839 -0.0109212 
-0.234091 0.530217 -0.183127 1.53369 0.142111 -0.01126 
-0.237021 0.53261 -0.175676 1.53287 0.140616 -0.012283 
-0.221554 0.525072 -0.163652 1.53329 0.142989 -0.0137953 
-0.220809 0.53273 -0.160128 1.53161 0.142697 -0.0139837 
-0.225222 0.533416 -0.172452 1.52989 0.142127 -0.0132393 
-0.210485 0.539082 -0.161968 1.52852 0.144408 -0.0141989 
-0.202332 0.539481 -0.160833 1.52931 0.143928 -0.0137452 
-0.197178 0.535276 -0.178314 1.53135 0.144102 -0.0145821 
-0.202533 0.532199 -0.171186 1.53287 0.143272 -0.0135149 
-0.20059 0.535809 -0.165779 1.53149 0.142602 -0.0137085 
-0.197995 0.544402 -0.173851 1.5331 0.142541 -0.0150668 
-0.211687 0.553491 -0.165053 1.53195 0.13947 -0.0141425 
-0.206934 0.555495 -0.163783 1.53051 0.142455 -0.0134662 
-0.217558 0.564999 -0.160858 1.53055 0.14039 -0.012793 
-0.218133 0.569268 -0.157775 1.5301 0.13944 -0.012878 
-0.211061 0.568732 -0.155764 1.53157 0.141509 -0.0124578 
-0.252321 0.560789 -0.173115 1.53375 0.133736 -0.0112019 
-0.249465 0.564794 -0.174757 1.53309 0.135688 -0.0113849 
-0.265362 0.566384 -0.165595 1.5336 0.132572 -0.0103583 
-0.275693 0.55662 -0.17922 1.53468 0.131542 -0.0103918 
-0.295914 0.560481 -0.168817 1.53466 0.128582 -0.0101826 
-0.301566 0.553899 -0.17491 1.53411 0.127997 -0.0085795 
-0.292456 0.5568 -0.164427 1.53309 0.130203 -0.00887884 
-0.295516 0.550599 -0.169621 1.53583 0.129119 -0.00834436 
-0.296154 0.546567 -0.167926 1.53623 0.129595 -0.00826189 
