-0.337828 0.479965 -0.253072 1.51998 0.13519 0.000761072 
-0.337812 0.479957 -0.253072 1.51998 0.135194 0.000761532 
-0.0530037 0.586584 -0.0775576 1.52537 0.182953 -0.0239202 
-0.356673 0.534424 -0.13553 1.53787 0.108768 -0.00194754 
-0.0410276 0.525018 -0.192416 1.52016 0.173796 -0.0257414 
-0.20156 0.57703 -0.120813 1.54582 0.140337 -0.01279 
-0.319221 0.484145 -0.237855 1.51822 0.119095 -0.00806312 
-0.0488659 0.546883 -0.0442162 1.53998 0.182856 -0.0238087 
-0.336123 0.538783 -0.180239 1.53275 0.106549 -0.00194654 
-0.000584887 0.51853 -0.211605 1.52689 0.187749 -0.025959 
-0.283291 0.603154 -0.108175 1.5392 0.120899 -0.00810155 
-0.291043 0.465872 -0.238317 1.52663 0.125051 -0.0087875 
-0.0841991 0.609961 -0.0946906 1.53674 0.174921 -0.0234854 
-0.383562 0.52562 -0.199709 1.53495 0.0960562 -0.00240185 
0.00482547 0.522882 -0.170252 1.53743 0.194305 -0.024186 
-0.409962 0.579576 -0.140499 1.54419 0.0958195 -0.00159662 
-0.25506 0.506474 -0.24384 1.52323 0.138205 -0.00667071 
-0.117965 0.625387 -0.151993 1.54375 0.168144 -0.0185341 
-0.457829 0.502333 -0.216751 1.54192 0.086024 0.000463803 
-0.0485361 0.535156 -0.177882 1.53665 0.186976 -0.0196589 
-0.439335 0.552654 -0.127394 1.5498 0.0961657 0.00156384 
-0.241207 0.512828 -0.210356 1.52237 0.143173 -0.0113403 
-0.145488 0.599204 -0.144811 1.55034 0.162637 -0.0163422 
-0.453774 0.494097 -0.252886 1.53593 0.0910877 0.00488615 
-0.156978 0.517115 -0.177471 1.53929 0.169992 -0.0191283 
-0.471284 0.594784 -0.168086 1.54002 0.0865891 0.0010375 
-0.228417 0.488448 -0.267482 1.5305 0.142445 -0.0131073 
-0.198937 0.588285 -0.127811 1.55179 0.150343 -0.0130558 
-0.484172 0.493749 -0.270937 1.53268 0.0866897 0.00572353 
-0.0870587 0.524812 -0.162758 1.53648 0.182504 -0.0211911 
-0.416554 0.572322 -0.171339 1.54602 0.0963913 -0.00272088 
-0.171413 0.494689 -0.21913 1.52077 0.156381 -0.0123718 
-0.19046 0.578683 -0.140293 1.54305 0.157415 -0.0126509 
-0.448839 0.521526 -0.215655 1.52291 0.0909565 0.000490018 
-0.00897008 0.545362 -0.187594 1.53461 0.19426 -0.0275272 
-0.367642 0.537292 -0.144684 1.54555 0.105181 -0.00254619 
-0.154546 0.468222 -0.227407 1.52236 0.162745 -0.0140654 
-0.20511 0.590648 -0.103038 1.53893 0.149936 -0.017766 
-0.371503 0.483837 -0.155536 1.52499 0.102821 -0.00707185 
-0.00524465 0.583648 -0.169976 1.52623 0.192801 -0.0284692 
-0.389707 0.540726 -0.206304 1.53694 0.102331 0.00117599 
-0.0808609 0.496549 -0.174986 1.51551 0.174149 -0.0188633 
-0.164342 0.592644 -0.0973648 1.54288 0.147537 -0.0154978 
-0.345736 0.462815 -0.24294 1.53519 0.103691 -0.011256 
-0.0320186 0.568262 -0.134334 1.5338 0.188653 -0.0231335 
-0.379992 0.558778 -0.179272 1.53008 0.0989811 0.000208034 
-0.0678872 0.539515 -0.215342 1.52353 0.173843 -0.0256545 
-0.232802 0.638086 -0.0533785 1.53713 0.132183 -0.0108763 
-0.32197 0.472835 -0.236588 1.52803 0.118613 -0.00787494 
-0.0851384 0.615783 -0.119711 1.53399 0.178328 -0.0197674 
-0.382867 0.580121 -0.163855 1.52784 0.0942325 -0.000216928 
-0.0325255 0.536832 -0.205286 1.53088 0.18419 -0.0235533 
-0.439106 0.598372 -0.140134 1.54801 0.0933157 -0.00459715 
-0.307686 0.492862 -0.244801 1.52473 0.128374 -0.00878974 
-0.164626 0.623733 -0.0738989 1.53653 0.162748 -0.0146346 
-0.434521 0.5313 -0.23198 1.53325 0.0890816 -0.000384086 
-0.133631 0.556136 -0.153272 1.53076 0.169389 -0.0225075 
-0.467364 0.565462 -0.170599 1.54527 0.0903949 0.00341839 
-0.262138 0.507371 -0.192386 1.51964 0.139401 -0.0102864 
-0.179926 0.592727 -0.0998659 1.55026 0.157329 -0.0119622 
-0.437713 0.51114 -0.223506 1.53522 0.0914603 2.82768e-05 
