-0.666284 ,0.651958 ,-0.361962, -0.893055 
0.74568 ,0.585898 ,-0.317309, -0.0852942 
0.00520077 ,-0.481325 ,-0.876527, 0.119545 
0 ,0 ,0, 1 
-0.666617 ,0.651616 ,-0.361965, -0.893063 
0.745382 ,0.586154 ,-0.317537, -0.085262 
0.00525456 ,-0.481478 ,-0.876442, 0.119528 
0 ,0 ,0, 1 
-0.666701 ,0.651514 ,-0.361993, -0.893089 
0.745308 ,0.586148 ,-0.317722, -0.0852744 
0.0051815 ,-0.481622 ,-0.876364, 0.119531 
0 ,0 ,0, 1 
-0.665851 ,0.652127 ,-0.362454, -0.89309 
0.746068 ,0.585226 ,-0.317636, -0.0850176 
0.00497894 ,-0.481914 ,-0.876205, 0.119284 
0 ,0 ,0, 1 
-0.664132 ,0.653527 ,-0.363085, -0.892956 
0.747603 ,0.58335 ,-0.317479, -0.0845935 
0.00432485 ,-0.482292 ,-0.876, 0.118769 
0 ,0 ,0, 1 
-0.663556 ,0.6539 ,-0.363468, -0.893015 
0.748114 ,0.582785 ,-0.317311, -0.0843174 
0.00433431 ,-0.48247 ,-0.875902, 0.118778 
0 ,0 ,0, 1 
-0.661211 ,0.655713 ,-0.364474, -0.892958 
0.75019 ,0.58046 ,-0.316672, -0.0841525 
0.00391683 ,-0.482811 ,-0.875716, 0.118502 
0 ,0 ,0, 1 
-0.659058 ,0.657443 ,-0.365256, -0.892891 
0.752084 ,0.578402 ,-0.315946, -0.0839403 
0.00354845 ,-0.48293 ,-0.875652, 0.118241 
0 ,0 ,0, 1 
