-0.132068 -0.145283 0.172079 -0.473732 0.0417503 -0.72613 
-0.13275 -0.137556 0.178079 -0.490991 0.0684435 -0.755975 
-0.134892 -0.138029 0.177748 -0.4896 0.0609344 -0.754636 
-0.135575 -0.135815 0.179513 -0.495103 0.065728 -0.764901 
-0.135987 -0.135844 0.180182 -0.495733 0.0654705 -0.76561 
-0.137688 -0.136163 0.180053 -0.494379 0.0622407 -0.766568 
-0.137015 -0.136419 0.179685 -0.493212 0.0635191 -0.765348 
-0.13852 -0.135363 0.180181 -0.495421 0.061396 -0.76768 
-0.137197 -0.133956 0.18069 -0.498872 0.0666377 -0.77089 
-0.132041 -0.130356 0.180624 -0.50809 0.0707656 -0.76267 
-0.129499 -0.128758 0.183798 -0.517732 0.0799736 -0.763996 
-0.1317 -0.128256 0.184337 -0.515455 0.0859334 -0.771621 
-0.130204 -0.125369 0.193075 -0.537355 0.106727 -0.777715 
-0.127113 -0.123785 0.188526 -0.534311 0.0991094 -0.772543 
-0.131162 -0.124443 0.191154 -0.532173 0.103046 -0.780077 
-0.130324 -0.12681 0.189188 -0.525311 0.0980051 -0.769569 
-0.130963 -0.125381 0.191806 -0.52933 0.104056 -0.774754 
-0.128805 -0.120586 0.190945 -0.539659 0.100187 -0.775947 
-0.124656 -0.120219 0.196378 -0.552062 0.122262 -0.773655 
-0.131057 -0.122997 0.194207 -0.536909 0.105129 -0.771951 
-0.129414 -0.122774 0.195176 -0.537782 0.112192 -0.770755 
-0.132734 -0.125839 0.197169 -0.534072 0.104397 -0.761289 
-0.127091 -0.119882 0.198726 -0.550675 0.116223 -0.765978 
-0.129355 -0.122105 0.19695 -0.541106 0.108539 -0.761546 
-0.126419 -0.118998 0.199942 -0.553869 0.118671 -0.760973 
-0.129679 -0.123648 0.197546 -0.536807 0.109765 -0.752797 
-0.131486 -0.12521 0.192293 -0.521542 0.0977976 -0.750759 
-0.127491 -0.123164 0.191321 -0.524269 0.103504 -0.749592 
-0.12445 -0.12479 0.189296 -0.521194 0.0977209 -0.731177 
-0.115037 -0.118055 0.188603 -0.537474 0.109501 -0.727533 
-0.118318 -0.120768 0.187481 -0.52851 0.101462 -0.723 
-0.117064 -0.11251 0.189956 -0.550042 0.106847 -0.737094 
-0.117064 -0.109815 0.191321 -0.558037 0.107767 -0.740894 
-0.118548 -0.115086 0.187742 -0.537459 0.104935 -0.734205 
-0.122684 -0.115253 0.188718 -0.536324 0.0965681 -0.736473 
-0.126274 -0.118207 0.18883 -0.526448 0.0950723 -0.74018 
-0.12707 -0.114867 0.1926 -0.537692 0.103381 -0.750517 
-0.124268 -0.114671 0.190106 -0.534972 0.102823 -0.743095 
-0.126955 -0.11321 0.194744 -0.545023 0.108641 -0.753086 
-0.122439 -0.111012 0.194772 -0.548706 0.121908 -0.7546 
-0.121216 -0.110992 0.196088 -0.551623 0.127322 -0.751923 
-0.119342 -0.109919 0.195118 -0.550402 0.132445 -0.753332 
-0.124843 -0.113694 0.193336 -0.537511 0.113049 -0.74403 
-0.122702 -0.113861 0.192258 -0.535947 0.115924 -0.738609 
-0.124775 -0.111808 0.194173 -0.540938 0.11503 -0.745286 
-0.130575 -0.114629 0.194676 -0.532478 0.106213 -0.74682 
-0.130396 -0.116709 0.192488 -0.522349 0.10537 -0.741569 
-0.126228 -0.117311 0.192036 -0.523217 0.106941 -0.726494 
-0.121532 -0.114283 0.193924 -0.535742 0.118462 -0.723464 
-0.122678 -0.114832 0.190679 -0.526581 0.108662 -0.720464 
-0.124377 -0.116062 0.185765 -0.514809 0.0944372 -0.715958 
-0.123611 -0.113449 0.185751 -0.519101 0.0964337 -0.717645 
-0.120496 -0.113953 0.185389 -0.517717 0.102339 -0.713272 
-0.123899 -0.110802 0.183273 -0.517733 0.0877642 -0.72022 
-0.122932 -0.112823 0.17891 -0.503848 0.0846879 -0.715956 
-0.122903 -0.111521 0.180809 -0.511576 0.0819981 -0.71019 
-0.12464 -0.109667 0.180011 -0.50967 0.0799997 -0.717919 
-0.124026 -0.112152 0.182362 -0.509379 0.0902195 -0.714254 
-0.120606 -0.110549 0.179667 -0.507222 0.0947412 -0.713733 
-0.120091 -0.110851 0.180494 -0.507987 0.0984033 -0.710642 
-0.118545 -0.109438 0.180825 -0.511042 0.103368 -0.711835 
-0.117187 -0.108494 0.179399 -0.510508 0.0996174 -0.706375 
-0.113455 -0.106151 0.178842 -0.516518 0.108126 -0.704915 
-0.114105 -0.105704 0.179174 -0.516695 0.11275 -0.711362 
-0.115952 -0.103077 0.18027 -0.520714 0.116299 -0.725536 
-0.117024 -0.104291 0.178907 -0.514057 0.112217 -0.723324 
-0.118386 -0.102642 0.17899 -0.51455 0.114068 -0.733659 
-0.118783 -0.102915 0.177661 -0.511586 0.107928 -0.727646 
-0.120593 -0.102545 0.174092 -0.503199 0.0949308 -0.726069 
-0.122172 -0.103118 0.172412 -0.499473 0.0840829 -0.721595 
-0.124113 -0.10303 0.169143 -0.490551 0.0773757 -0.729232 
-0.123739 -0.106401 0.167059 -0.479815 0.0727604 -0.714812 
-0.120593 -0.100227 0.166437 -0.491081 0.0748872 -0.720538 
-0.118547 -0.101424 0.162402 -0.480412 0.0696953 -0.711824 
-0.116134 -0.101418 0.161162 -0.478362 0.0759821 -0.708817 
-0.11598 -0.101345 0.159147 -0.472813 0.0729512 -0.708014 
-0.114963 -0.103015 0.157192 -0.465453 0.0679138 -0.696705 
-0.114873 -0.103182 0.156866 -0.463162 0.0725234 -0.699214 
-0.119051 -0.106193 0.155342 -0.450248 0.062217 -0.696715 
-0.123689 -0.112729 0.154545 -0.43109 0.0554666 -0.690002 
-0.115856 -0.110028 0.150078 -0.42954 0.053449 -0.674576 
-0.115001 -0.108449 0.151973 -0.435738 0.0635148 -0.67861 
-0.117071 -0.110328 0.15191 -0.430332 0.0598805 -0.677147 
-0.119699 -0.110018 0.151468 -0.425883 0.0568082 -0.683279 
-0.120166 -0.106727 0.153274 -0.434658 0.0610484 -0.693469 
-0.11772 -0.111302 0.150135 -0.420071 0.0575161 -0.672665 
-0.118464 -0.109409 0.152739 -0.429353 0.0622682 -0.679195 
-0.119334 -0.106164 0.153893 -0.43637 0.0663424 -0.69226 
-0.118736 -0.106245 0.152333 -0.43145 0.0632754 -0.686079 
-0.116899 -0.106069 0.150005 -0.427199 0.0606119 -0.682104 
-0.11546 -0.102968 0.153047 -0.442054 0.0670932 -0.683977 
-0.115997 -0.106129 0.150481 -0.429265 0.0584801 -0.670841 
-0.111372 -0.102428 0.151339 -0.440528 0.0696993 -0.671641 
-0.109646 -0.102259 0.148659 -0.43605 0.0647187 -0.664407 
-0.109855 -0.101031 0.149935 -0.440652 0.0680242 -0.668753 
-0.109511 -0.100258 0.148779 -0.439844 0.0681363 -0.669656 
-0.10793 -0.100536 0.149601 -0.440666 0.0753022 -0.665839 
-0.107795 -0.101041 0.14612 -0.430545 0.0645714 -0.65921 
-0.109436 -0.100031 0.144565 -0.42575 0.0631077 -0.668453 
-0.109472 -0.100261 0.14735 -0.432021 0.0701434 -0.667988 
-0.107615 -0.0986489 0.14658 -0.436039 0.0668447 -0.661922 
-0.110667 -0.0993333 0.146652 -0.432951 0.0607595 -0.664074 
-0.111037 -0.100354 0.147975 -0.433207 0.0658573 -0.663641 
-0.111686 -0.0997215 0.149345 -0.43546 0.0762852 -0.673299 
-0.115154 -0.099857 0.151971 -0.439544 0.0771144 -0.6811 
-0.122368 -0.102356 0.145428 -0.408926 0.0503606 -0.690809 
-0.123246 -0.104911 0.148157 -0.408467 0.0646146 -0.690056 
-0.125888 -0.106726 0.147909 -0.403787 0.0543118 -0.684429 
-0.126441 -0.10669 0.149461 -0.405688 0.0613742 -0.687996 
-0.12535 -0.106404 0.150241 -0.408902 0.0640526 -0.684405 
-0.121744 -0.105052 0.149499 -0.411931 0.0675043 -0.678174 
-0.12177 -0.104349 0.150633 -0.416585 0.0689707 -0.678123 
-0.118957 -0.102673 0.150789 -0.421677 0.0747315 -0.675279 
-0.114448 -0.101473 0.150321 -0.426041 0.0775396 -0.663418 
-0.118483 -0.103181 0.150696 -0.419358 0.0767172 -0.671663 
-0.120662 -0.103415 0.151948 -0.419155 0.0783265 -0.676504 
-0.12307 -0.102685 0.153423 -0.422976 0.0760772 -0.682314 
-0.122174 -0.0974407 0.156898 -0.441583 0.0863381 -0.696096 
-0.121911 -0.0987479 0.156867 -0.438223 0.0873599 -0.69006 
-0.121984 -0.0972084 0.157419 -0.441952 0.088786 -0.693773 
-0.119365 -0.0965494 0.154077 -0.437874 0.0837768 -0.685984 
-0.11936 -0.0948528 0.153701 -0.440692 0.0816997 -0.688612 
-0.123741 -0.0984182 0.153918 -0.428789 0.0813548 -0.693154 
-0.121663 -0.0958289 0.152569 -0.430758 0.086375 -0.69776 
-0.123222 -0.0980503 0.153492 -0.426487 0.0856539 -0.693568 
-0.115728 -0.0939082 0.149853 -0.431274 0.084204 -0.680492 
-0.111828 -0.0906303 0.149861 -0.440385 0.0891439 -0.679314 
-0.113567 -0.0916671 0.148516 -0.433453 0.0829423 -0.679164 
-0.117462 -0.094303 0.149417 -0.42499 0.0842362 -0.684079 
-0.116216 -0.0933932 0.151067 -0.43184 0.0895824 -0.68196 
-0.110724 -0.0900906 0.150736 -0.439351 0.0986175 -0.677882 
-0.112488 -0.0915504 0.150548 -0.436703 0.0875532 -0.666755 
-0.113837 -0.0911257 0.149134 -0.434714 0.0797627 -0.667794 
-0.116465 -0.0912029 0.149292 -0.431955 0.0796954 -0.675518 
-0.115795 -0.0912616 0.149494 -0.431135 0.0815771 -0.673678 
-0.118649 -0.0912759 0.150054 -0.428299 0.0845476 -0.683514 
-0.115794 -0.0900516 0.148674 -0.430615 0.0820933 -0.67478 
-0.110851 -0.0887055 0.146202 -0.430118 0.0814782 -0.662153 
-0.108263 -0.0895421 0.147066 -0.429822 0.0939273 -0.658415 
-0.111 -0.0901787 0.148433 -0.430136 0.0901644 -0.659358 
-0.109626 -0.0882225 0.148896 -0.436465 0.0939705 -0.661293 
-0.109104 -0.0889941 0.147708 -0.431801 0.0916156 -0.656269 
-0.111987 -0.0892633 0.148692 -0.431262 0.0870038 -0.658304 
-0.112367 -0.0884136 0.147898 -0.432096 0.0814279 -0.65612 
-0.112702 -0.0897077 0.146381 -0.424563 0.081682 -0.65586 
-0.111374 -0.088013 0.14802 -0.430136 0.0896378 -0.657849 
-0.112347 -0.0880047 0.148072 -0.430038 0.0900838 -0.66175 
-0.1153 -0.0882314 0.147913 -0.426233 0.0866701 -0.669938 
-0.116167 -0.0860184 0.1485 -0.431355 0.0882396 -0.678196 
-0.111854 -0.0850475 0.14767 -0.433877 0.0931844 -0.669495 
-0.111763 -0.0840927 0.148842 -0.4372 0.097819 -0.672866 
-0.113001 -0.0896287 0.146548 -0.417796 0.0905547 -0.656656 
-0.114606 -0.0910617 0.148358 -0.419073 0.0910243 -0.654945 
-0.112865 -0.0870847 0.149194 -0.42947 0.0954285 -0.658981 
-0.111235 -0.0872692 0.148583 -0.427825 0.0995326 -0.657539 
-0.114651 -0.0889876 0.148431 -0.420967 0.0930478 -0.657318 
-0.112593 -0.0869254 0.146647 -0.422882 0.0924349 -0.656662 
-0.114497 -0.0885107 0.147484 -0.420799 0.0898225 -0.654474 
-0.113854 -0.0880327 0.146729 -0.420684 0.0909474 -0.655181 
-0.113306 -0.0867629 0.146812 -0.422603 0.0938413 -0.658365 
-0.112325 -0.0853244 0.145253 -0.422578 0.0883929 -0.653987 
-0.112945 -0.085384 0.146099 -0.423211 0.0902313 -0.654504 
-0.109746 -0.0855216 0.145038 -0.421223 0.0951232 -0.646523 
-0.109094 -0.0851431 0.145454 -0.423017 0.0961235 -0.644945 
-0.106877 -0.0820088 0.145115 -0.429719 0.0969481 -0.645359 
-0.107365 -0.0829063 0.144651 -0.426042 0.0960996 -0.644479 
-0.110036 -0.0838641 0.145676 -0.42407 0.0947779 -0.648199 
-0.112244 -0.0809313 0.146633 -0.430747 0.0933796 -0.660533 
-0.11128 -0.0814071 0.1487 -0.435191 0.100584 -0.657642 
-0.113159 -0.0835585 0.145064 -0.421049 0.088857 -0.652564 
-0.109081 -0.0804884 0.146135 -0.432258 0.096831 -0.648718 
-0.109505 -0.0806733 0.144033 -0.428052 0.0881781 -0.644692 
-0.109171 -0.0796602 0.144383 -0.429037 0.0936219 -0.649063 
-0.111228 -0.0794731 0.143472 -0.427071 0.0863397 -0.651176 
-0.105973 -0.0784889 0.141424 -0.426856 0.0908147 -0.64005 
-0.104794 -0.0771849 0.141205 -0.427886 0.0933862 -0.639872 
-0.105165 -0.0779964 0.14001 -0.424043 0.0868822 -0.634868 
-0.103932 -0.0754565 0.143338 -0.436702 0.100113 -0.642329 
-0.101636 -0.0746738 0.139912 -0.430342 0.0974825 -0.638882 
-0.101803 -0.0737589 0.140535 -0.43434 0.0973149 -0.639241 
-0.103979 -0.0753177 0.139914 -0.426802 0.0939586 -0.640218 
-0.103633 -0.0741152 0.138069 -0.425987 0.088007 -0.637972 
-0.106314 -0.0760174 0.138677 -0.420585 0.0867633 -0.640514 
-0.10601 -0.0760507 0.138652 -0.419108 0.0908144 -0.642203 
-0.10632 -0.0760646 0.137309 -0.414276 0.0883465 -0.643922 
-0.103765 -0.0740598 0.138251 -0.423851 0.094403 -0.640535 
-0.106587 -0.0778379 0.136745 -0.408626 0.0877576 -0.636812 
-0.104396 -0.074899 0.135096 -0.412773 0.0847043 -0.634525 
-0.104341 -0.0746085 0.133193 -0.409278 0.0781105 -0.631491 
-0.106953 -0.0763124 0.131988 -0.399577 0.0726672 -0.634436 
-0.104705 -0.0747579 0.133271 -0.407683 0.0790438 -0.630249 
-0.105475 -0.075488 0.132196 -0.403389 0.0727916 -0.625336 
-0.104583 -0.0759326 0.131832 -0.401759 0.0723023 -0.618259 
-0.103909 -0.074165 0.133011 -0.408455 0.0776546 -0.623686 
-0.104783 -0.0735694 0.132834 -0.409614 0.0738826 -0.625299 
-0.10386 -0.0730894 0.131521 -0.408125 0.0717592 -0.621426 
-0.103015 -0.0728017 0.13132 -0.407933 0.0723804 -0.619867 
-0.100317 -0.0726507 0.130509 -0.405951 0.0779354 -0.613463 
-0.100419 -0.0719247 0.129157 -0.404712 0.0722181 -0.610695 
-0.0973634 -0.0702236 0.131461 -0.415457 0.0859303 -0.611614 
-0.09696 -0.0708999 0.129828 -0.408513 0.082332 -0.604676 
-0.0967704 -0.0717764 0.12933 -0.40445 0.0809295 -0.600541 
-0.0944208 -0.0680475 0.129252 -0.415058 0.0835298 -0.602323 
-0.0963863 -0.069511 0.128628 -0.406904 0.080451 -0.604581 
-0.0969072 -0.0695741 0.128149 -0.405147 0.0757879 -0.602148 
-0.100188 -0.0730415 0.128438 -0.395018 0.0745547 -0.603002 
-0.10118 -0.0750292 0.126463 -0.383572 0.0673663 -0.596884 
-0.101788 -0.073796 0.125609 -0.383187 0.0657538 -0.603067 
-0.100191 -0.0732881 0.126152 -0.387036 0.0697562 -0.599593 
-0.099567 -0.0730059 0.12512 -0.384625 0.0701397 -0.599009 
-0.0976102 -0.0697518 0.126639 -0.396361 0.0779354 -0.6053 
-0.099105 -0.070538 0.127029 -0.394346 0.0775009 -0.607241 
-0.100517 -0.0720487 0.124115 -0.379908 0.06816 -0.604148 
-0.0990277 -0.0709687 0.125737 -0.388382 0.0743449 -0.603638 
-0.0983292 -0.0698995 0.124616 -0.388399 0.071704 -0.602714 
-0.097295 -0.0705802 0.12387 -0.383544 0.0750456 -0.599203 
-0.0964586 -0.0701414 0.123269 -0.38418 0.0747766 -0.596273 
-0.100454 -0.0712308 0.123578 -0.379406 0.0697563 -0.604526 
-0.0989571 -0.0701466 0.122969 -0.380946 0.0713186 -0.603949 
-0.0981993 -0.0686145 0.124281 -0.388456 0.0758965 -0.605827 
-0.0987223 -0.0699387 0.121214 -0.376328 0.0677383 -0.601959 
-0.0974676 -0.068829 0.120351 -0.37742 0.0673283 -0.599468 
-0.100048 -0.0705619 0.118209 -0.365756 0.0580569 -0.599469 
-0.0982518 -0.0691513 0.119315 -0.373102 0.0656904 -0.599474 
-0.0995577 -0.0701519 0.11823 -0.367004 0.0591994 -0.597028 
-0.0963953 -0.0687425 0.119496 -0.374913 0.0712032 -0.594598 
-0.0986506 -0.0682341 0.119908 -0.376824 0.0678281 -0.601244 
-0.0963195 -0.0669312 0.121446 -0.384178 0.0780621 -0.601248 
-0.0950401 -0.067275 0.121116 -0.381828 0.0814759 -0.597589 
-0.095256 -0.0673627 0.120522 -0.378999 0.081386 -0.598719 
-0.0962754 -0.0677642 0.118333 -0.37284 0.0713078 -0.595625 
-0.096111 -0.0674379 0.117797 -0.370448 0.0708802 -0.596553 
-0.0954211 -0.066272 0.117126 -0.370922 0.0714964 -0.597728 
-0.0941396 -0.0659257 0.118477 -0.376326 0.0789777 -0.596569 
-0.0973981 -0.0662338 0.121949 -0.380586 0.0894819 -0.611934 
-0.0968385 -0.0641368 0.119612 -0.380596 0.0808472 -0.612372 
-0.0944111 -0.0647371 0.118942 -0.378924 0.0828828 -0.602406 
-0.0966431 -0.0670878 0.117371 -0.365079 0.0773701 -0.601545 
-0.0970588 -0.0667215 0.116567 -0.363025 0.0759724 -0.605549 
-0.101857 -0.0699865 0.113072 -0.340875 0.0589749 -0.605173 
-0.10182 -0.0696323 0.114017 -0.344652 0.0623983 -0.607331 
-0.0998821 -0.0688187 0.115608 -0.35286 0.0687003 -0.603384 
-0.100362 -0.068426 0.112893 -0.344345 0.0593577 -0.60168 
-0.0986155 -0.0678438 0.114971 -0.352657 0.0714148 -0.601795 
-0.100098 -0.0687857 0.113152 -0.343889 0.0636375 -0.60172 
-0.0979008 -0.0666798 0.11563 -0.357189 0.0750059 -0.602987 
-0.096933 -0.0663407 0.115024 -0.35608 0.0747129 -0.597263 
-0.0936088 -0.0629982 0.117125 -0.37343 0.0842096 -0.596026 
-0.093576 -0.0627887 0.118861 -0.379151 0.0889831 -0.596275 
-0.0934501 -0.0631922 0.117776 -0.375562 0.0861705 -0.592365 
-0.0918611 -0.0619647 0.118561 -0.382097 0.0897334 -0.589971 
-0.0918219 -0.060275 0.118098 -0.383541 0.0898507 -0.596919 
-0.0921838 -0.0607178 0.11665 -0.378102 0.0867933 -0.596458 
-0.0925045 -0.0606431 0.117021 -0.378822 0.0861633 -0.596054 
-0.0942674 -0.0633379 0.115167 -0.365245 0.0782211 -0.589231 
-0.0933027 -0.0624382 0.11445 -0.365897 0.0784373 -0.58928 
-0.0933266 -0.0625137 0.114038 -0.364902 0.0763286 -0.586785 
-0.0940088 -0.0622886 0.112713 -0.360817 0.0719675 -0.586874 
-0.09502 -0.0614119 0.11362 -0.364615 0.0735416 -0.595176 
-0.0972375 -0.0635596 0.110698 -0.349803 0.0606999 -0.588888 
-0.095012 -0.0626354 0.109607 -0.348283 0.0640867 -0.588788 
-0.0937214 -0.0614599 0.112097 -0.359329 0.0751593 -0.592581 
-0.0950181 -0.0617591 0.110429 -0.352981 0.0659121 -0.588837 
-0.0874209 -0.057375 0.110666 -0.369424 0.0834374 -0.58256 
-0.088718 -0.0580022 0.109234 -0.363138 0.0761265 -0.581642 
-0.0854507 -0.056321 0.109289 -0.369199 0.0816962 -0.575195 
-0.0865353 -0.0567609 0.109109 -0.366811 0.0791583 -0.575274 
-0.0873209 -0.0578879 0.108215 -0.360521 0.0752812 -0.572711 
-0.0864934 -0.056791 0.108793 -0.364442 0.0791063 -0.573012 
-0.0863175 -0.0564614 0.107489 -0.361308 0.0760114 -0.572963 
-0.0869928 -0.0564101 0.106416 -0.357901 0.0716346 -0.574702 
-0.08522 -0.0555952 0.107001 -0.363141 0.0770394 -0.569203 
-0.0864788 -0.0561662 0.105444 -0.356267 0.0693781 -0.569537 
-0.0870563 -0.0569153 0.104903 -0.352855 0.0659576 -0.566549 
-0.0863057 -0.0560398 0.105476 -0.357318 0.06989 -0.567399 
-0.0849194 -0.0544661 0.106146 -0.363389 0.0758237 -0.570709 
-0.0858624 -0.0550771 0.106261 -0.361246 0.076321 -0.571803 
-0.0857355 -0.0544651 0.106446 -0.363646 0.0758779 -0.571788 
-0.0844748 -0.0528949 0.107724 -0.373929 0.0809181 -0.572257 
-0.0847055 -0.0540132 0.10662 -0.365581 0.0789684 -0.568197 
-0.0840836 -0.0534751 0.10672 -0.366563 0.0822011 -0.571005 
-0.084269 -0.0531216 0.107945 -0.37142 0.0846483 -0.572077 
-0.0850968 -0.0531265 0.108154 -0.36999 0.0881384 -0.581889 
-0.0847037 -0.0523081 0.108468 -0.373723 0.0891659 -0.582428 
-0.0836501 -0.0520809 0.108088 -0.374583 0.0910706 -0.580053 
-0.0839755 -0.0515296 0.106795 -0.371259 0.0854931 -0.578421 
-0.0842696 -0.051627 0.105729 -0.367831 0.0810037 -0.57682 
-0.0827183 -0.0514621 0.104778 -0.365689 0.0822335 -0.572401 
-0.0835985 -0.0520262 0.105372 -0.364988 0.0828371 -0.573312 
-0.0802703 -0.0506959 0.104826 -0.368856 0.0902788 -0.569318 
-0.082199 -0.0512379 0.105399 -0.368111 0.087952 -0.573108 
-0.0817342 -0.0503525 0.104216 -0.365445 0.0855377 -0.573228 
-0.0815278 -0.0490075 0.105754 -0.375754 0.0879892 -0.57364 
-0.081953 -0.0497112 0.105246 -0.37104 0.0864132 -0.571637 
-0.0821385 -0.0511014 0.104165 -0.362986 0.0834436 -0.565893 
-0.0820015 -0.0502825 0.104551 -0.366642 0.0855611 -0.569124 
-0.0835155 -0.0512178 0.103843 -0.36182 0.0772754 -0.563933 
-0.0838575 -0.0509737 0.102589 -0.358218 0.0717146 -0.564813 
-0.082701 -0.0500204 0.102971 -0.362333 0.0769449 -0.567508 
-0.0831444 -0.0505268 0.100651 -0.352275 0.0685868 -0.561999 
-0.0818841 -0.0501694 0.102357 -0.361734 0.0780772 -0.56269 
-0.0807727 -0.0494189 0.1019 -0.360617 0.0816066 -0.565259 
-0.0809651 -0.0482774 0.103446 -0.369951 0.083657 -0.566931 
-0.0804045 -0.0493642 0.102171 -0.362924 0.083687 -0.56268 
-0.0801774 -0.0482271 0.10327 -0.369393 0.0864495 -0.563863 
-0.0768015 -0.0456499 0.100917 -0.370872 0.0863125 -0.559176 
-0.0801638 -0.0473404 0.101841 -0.366073 0.0845207 -0.565094 
-0.0757995 -0.0440659 0.101552 -0.37858 0.0906513 -0.558722 
-0.0768534 -0.0452976 0.101621 -0.375192 0.0910257 -0.55932 
-0.076963 -0.045025 0.101761 -0.376315 0.0911164 -0.559901 
-0.079062 -0.0475164 0.100718 -0.363905 0.0861455 -0.561199 
-0.0780471 -0.0452966 0.0998801 -0.367061 0.0839563 -0.561908 
-0.0799979 -0.0473289 0.0990577 -0.35725 0.0798573 -0.564945 
-0.0783373 -0.0469603 0.0984174 -0.357686 0.0833132 -0.561879 
-0.0753383 -0.0450552 0.0983203 -0.36618 0.089654 -0.551522 
-0.0732273 -0.0427258 0.0977009 -0.372498 0.0924763 -0.551088 
-0.0760143 -0.0446616 0.0979843 -0.366801 0.0875505 -0.553682 
-0.0750066 -0.0441917 0.0979636 -0.369337 0.0915002 -0.555838 
-0.07658 -0.0459402 0.0992109 -0.365986 0.0948443 -0.559262 
-0.0750719 -0.0436432 0.0986157 -0.371832 0.0930595 -0.559326 
-0.0763383 -0.0444194 0.0990728 -0.369575 0.0922906 -0.566133 
-0.075631 -0.045295 0.0977659 -0.362099 0.0915539 -0.560479 
-0.080071 -0.048881 0.0971683 -0.346674 0.0821954 -0.562087 
-0.0792212 -0.0481442 0.0966923 -0.348254 0.0865802 -0.559295 
-0.081935 -0.0501477 0.0951257 -0.335861 0.0757472 -0.554224 
-0.079774 -0.0485686 0.0948782 -0.339172 0.0794706 -0.550048 
-0.0821916 -0.0514235 0.095181 -0.331735 0.0801952 -0.554823 
-0.0798821 -0.0497276 0.0974197 -0.345008 0.0877836 -0.548146 
-0.0825744 -0.0515561 0.0959415 -0.334723 0.0818305 -0.568175 
-0.0834447 -0.0538656 0.0966176 -0.327293 0.0790316 -0.55507 
-0.0851452 -0.0551941 0.096369 -0.320672 0.0761792 -0.560265 
-0.0823229 -0.0517503 0.0958927 -0.328955 0.0825436 -0.569205 
-0.0830985 -0.052252 0.0961066 -0.326635 0.0815028 -0.565337 
-0.0834959 -0.0530866 0.0942929 -0.315342 0.0771837 -0.562913 
-0.0842204 -0.0530058 0.0951613 -0.318031 0.0795369 -0.572524 
-0.0848031 -0.0532683 0.095198 -0.318228 0.0776465 -0.580001 
-0.084888 -0.052385 0.095429 -0.319379 0.077036 -0.577394 
-0.0796662 -0.0495331 0.0925048 -0.318623 0.0743143 -0.557443 
-0.0803949 -0.0501706 0.0914464 -0.310009 0.070499 -0.562852 
-0.0815892 -0.0497449 0.091763 -0.3103 0.0677211 -0.568307 
-0.077193 -0.0465896 0.0918778 -0.32205 0.0752585 -0.554274 
-0.0806896 -0.0496651 0.0915424 -0.306002 0.0665126 -0.562289 
-0.080563 -0.0499982 0.093975 -0.314293 0.0744461 -0.557963 
-0.0813664 -0.0508641 0.094818 -0.310236 0.0735122 -0.559686 
-0.0792024 -0.0495632 0.0953196 -0.315643 0.0752449 -0.546629 
-0.0770978 -0.0469874 0.0945035 -0.31805 0.0744811 -0.550617 
-0.0800774 -0.0502937 0.0967399 -0.310488 0.072433 -0.552187 
-0.0805546 -0.0508252 0.0970785 -0.308157 0.068735 -0.552232 
-0.0804092 -0.051 0.0972261 -0.301855 0.0632016 -0.543076 
-0.0793341 -0.0508012 0.0988318 -0.305489 0.0668339 -0.537868 
-0.0787715 -0.0500978 0.09904 -0.303793 0.0656737 -0.540087 
-0.079114 -0.0503757 0.0999857 -0.300045 0.0641876 -0.543908 
-0.0807962 -0.0512629 0.101209 -0.297086 0.0601787 -0.544218 
-0.0815396 -0.0515937 0.101572 -0.291419 0.0537161 -0.541535 
-0.0794653 -0.0514326 0.100923 -0.28644 0.0523738 -0.533652 
-0.0787222 -0.0490999 0.102586 -0.296403 0.0539454 -0.537207 
-0.081878 -0.0497357 0.105809 -0.299978 0.0498496 -0.542123 
-0.080817 -0.0491471 0.106895 -0.300163 0.0555036 -0.546101 
-0.080273 -0.0483778 0.106876 -0.295232 0.0500579 -0.544525 
-0.0800843 -0.0482204 0.106474 -0.288913 0.045225 -0.543846 
-0.0830847 -0.0488196 0.108072 -0.289025 0.0390147 -0.548574 
-0.0821041 -0.0509537 0.109798 -0.280957 0.0418974 -0.541333 
-0.0794489 -0.0496683 0.111683 -0.287937 0.0529458 -0.541458 
-0.0801955 -0.0493132 0.112801 -0.288027 0.0435743 -0.537603 
-0.0793768 -0.0486533 0.113371 -0.288309 0.0413784 -0.532976 
-0.0813648 -0.0483079 0.114966 -0.289469 0.0394423 -0.542335 
-0.0798507 -0.0501215 0.115626 -0.282648 0.0412483 -0.528459 
-0.0832129 -0.052633 0.118617 -0.281108 0.0439723 -0.537196 
-0.0797327 -0.0529762 0.117711 -0.27606 0.0446536 -0.527954 
-0.0759557 -0.0492105 0.117622 -0.283927 0.0504784 -0.530654 
-0.0764154 -0.0494704 0.116941 -0.280637 0.0458441 -0.528224 
-0.0739334 -0.0483019 0.11687 -0.285557 0.0499293 -0.525877 
-0.0734325 -0.0476545 0.117682 -0.289714 0.0531357 -0.52845 
-0.0750523 -0.0481 0.118345 -0.288971 0.0488602 -0.523179 
-0.0755001 -0.049725 0.118335 -0.283834 0.0465028 -0.5092 
-0.0729095 -0.0461543 0.119073 -0.296043 0.0517168 -0.509156 
-0.0732786 -0.0472905 0.118578 -0.29089 0.0487348 -0.506212 
-0.0709693 -0.0461564 0.118027 -0.294559 0.0501804 -0.49058 
-0.0721472 -0.0470073 0.117581 -0.290953 0.0461702 -0.494836 
-0.0722605 -0.0477125 0.116432 -0.281874 0.0430205 -0.492435 
-0.0742985 -0.0485722 0.113288 -0.26647 0.0250359 -0.487766 
-0.0718746 -0.045519 0.114376 -0.282555 0.0349818 -0.491942 
-0.0712495 -0.0461286 0.114686 -0.281024 0.0375251 -0.487592 
-0.0729397 -0.0474172 0.113078 -0.270622 0.0283093 -0.487853 
-0.0745673 -0.0457969 0.11337 -0.275905 0.0245135 -0.498394 
-0.0723154 -0.0450615 0.115117 -0.286611 0.041068 -0.503459 
-0.0722686 -0.0454339 0.11415 -0.283573 0.0349824 -0.495502 
-0.0719865 -0.0441039 0.114636 -0.289407 0.0354775 -0.493157 
-0.072943 -0.0441708 0.115005 -0.290554 0.0363747 -0.496048 
-0.0706863 -0.043298 0.113545 -0.286074 0.0361098 -0.487797 
-0.0716924 -0.0435278 0.113973 -0.288669 0.0360082 -0.492884 
-0.0727789 -0.0446452 0.116226 -0.29337 0.0423102 -0.494993 
-0.0704763 -0.0436807 0.112721 -0.283014 0.0334681 -0.479424 
-0.070501 -0.041248 0.110915 -0.283444 0.0248355 -0.487282 
-0.0691027 -0.0425261 0.112329 -0.286301 0.038149 -0.481345 
-0.066572 -0.0416352 0.110404 -0.280932 0.0392209 -0.475117 
-0.0689171 -0.0429698 0.111167 -0.281536 0.0347508 -0.472435 
-0.0663505 -0.038864 0.109086 -0.286638 0.0311901 -0.476197 
-0.067904 -0.0405389 0.109482 -0.282411 0.0321375 -0.474518 
-0.0637086 -0.0391701 0.107157 -0.27913 0.0367397 -0.467562 
-0.0633065 -0.0399417 0.107717 -0.277465 0.0429232 -0.468378 
-0.0650851 -0.0397168 0.106777 -0.272683 0.0355013 -0.473533 
-0.0666031 -0.0424497 0.10672 -0.263449 0.0347078 -0.473393 
-0.0646776 -0.0387841 0.107328 -0.278447 0.0401462 -0.47411 
-0.0658075 -0.0409447 0.107238 -0.273202 0.0392429 -0.474798 
-0.0648054 -0.0395313 0.106271 -0.273355 0.0364258 -0.471569 
-0.0650724 -0.0408594 0.105331 -0.265077 0.0341068 -0.468043 
-0.0646585 -0.0382812 0.104064 -0.26857 0.0285271 -0.471577 
-0.066065 -0.039871 0.103691 -0.262274 0.0276311 -0.477456 
-0.0647157 -0.0375891 0.104105 -0.270228 0.0307287 -0.479326 
-0.0644531 -0.0382088 0.103736 -0.269047 0.0297647 -0.475445 
-0.0637835 -0.0368608 0.104158 -0.275282 0.0328446 -0.477108 
-0.066332 -0.04003 0.10486 -0.26758 0.0320914 -0.478767 
-0.064129 -0.0375113 0.104743 -0.276374 0.0343971 -0.475196 
-0.0658849 -0.0402197 0.104225 -0.26514 0.030927 -0.472853 
-0.0652856 -0.0384089 0.104693 -0.272787 0.0334631 -0.477849 
-0.0651031 -0.0395284 0.104785 -0.270335 0.0345531 -0.468799 
-0.0655764 -0.0385522 0.104363 -0.271427 0.0315259 -0.470946 
-0.0655445 -0.0393692 0.104161 -0.269809 0.0325384 -0.469468 
-0.0637854 -0.0373678 0.104567 -0.278797 0.0389486 -0.470864 
-0.0647793 -0.0379519 0.105061 -0.277875 0.0405776 -0.47558 
-0.0637089 -0.0363319 0.105511 -0.286488 0.0430354 -0.474916 
-0.0636454 -0.0365641 0.105762 -0.287362 0.0443371 -0.472978 
-0.0641899 -0.0346842 0.104962 -0.290822 0.0395625 -0.475199 
-0.0648606 -0.0361823 0.105374 -0.288108 0.0399061 -0.474558 
-0.0641261 -0.0355368 0.106806 -0.297068 0.0471173 -0.475067 
-0.0652294 -0.0364794 0.105896 -0.289208 0.0415418 -0.473842 
-0.0639417 -0.0353432 0.105727 -0.292418 0.0432625 -0.471597 
-0.0637947 -0.0359203 0.106557 -0.292632 0.0492093 -0.477021 
-0.0629937 -0.0352409 0.106847 -0.29667 0.0531842 -0.476948 
-0.0619521 -0.0349383 0.104324 -0.28889 0.0469212 -0.470146 
-0.0613402 -0.0347828 0.105261 -0.293303 0.053899 -0.473533 
-0.0623316 -0.0366401 0.104971 -0.286988 0.0513552 -0.468489 
-0.0613542 -0.0356365 0.105295 -0.292278 0.0555895 -0.470471 
-0.0624612 -0.0358456 0.104768 -0.288395 0.0506368 -0.472257 
-0.0622636 -0.0353897 0.104701 -0.29027 0.0508921 -0.470796 
-0.0613792 -0.035306 0.104539 -0.291587 0.0529408 -0.467653 
-0.0613989 -0.0345551 0.104134 -0.291292 0.0532558 -0.473483 
-0.0603092 -0.0338057 0.104284 -0.295715 0.056605 -0.471027 
-0.0603061 -0.0335355 0.103976 -0.296057 0.0575674 -0.476191 
-0.0594158 -0.0325545 0.105343 -0.304695 0.063589 -0.473813 
-0.059074 -0.0324788 0.104144 -0.299766 0.0602076 -0.472048 
-0.058315 -0.0319872 0.10385 -0.30075 0.0606802 -0.468927 
-0.0585554 -0.0318303 0.104134 -0.303321 0.0622831 -0.470501 
-0.0582619 -0.0312042 0.104421 -0.307386 0.063816 -0.471887 
-0.0591313 -0.032242 0.104769 -0.305173 0.0641432 -0.470521 
-0.0593055 -0.0317564 0.105377 -0.309109 0.065612 -0.474668 
-0.0578463 -0.0305689 0.104447 -0.310904 0.0655287 -0.47077 
-0.0577667 -0.0306438 0.105509 -0.313825 0.0692026 -0.471272 
-0.0564018 -0.0301879 0.105873 -0.317474 0.0753666 -0.471782 
-0.0562572 -0.029663 0.106203 -0.320474 0.0783806 -0.475827 
-0.0577671 -0.030712 0.10668 -0.319195 0.078157 -0.478354 
-0.0586443 -0.0317211 0.106689 -0.315827 0.0784068 -0.483339 
-0.0581844 -0.030235 0.106501 -0.319869 0.0785736 -0.485778 
-0.0575664 -0.029965 0.104389 -0.314504 0.0735197 -0.479729 
-0.05743 -0.0309119 0.102745 -0.306355 0.0682855 -0.471823 
-0.0570979 -0.0303082 0.10234 -0.306599 0.068113 -0.472329 
-0.0571901 -0.0302902 0.102384 -0.307712 0.0684637 -0.472797 
-0.0583008 -0.0308608 0.10298 -0.307095 0.0676535 -0.477164 
-0.0586021 -0.0310764 0.102937 -0.305528 0.0680908 -0.477443 
-0.0584045 -0.0311744 0.100955 -0.29763 0.0643256 -0.477247 
-0.0575132 -0.0305734 0.101202 -0.301363 0.0666484 -0.475462 
-0.0574252 -0.0310606 0.101132 -0.299427 0.0685737 -0.472785 
-0.0569727 -0.0307194 0.10033 -0.298857 0.0674015 -0.470746 
-0.0573941 -0.0312575 0.101061 -0.300605 0.0683863 -0.472807 
-0.0566384 -0.0298061 0.101317 -0.307244 0.0722627 -0.473651 
-0.0560531 -0.0290499 0.100521 -0.30741 0.0695426 -0.471287 
-0.0564563 -0.029721 0.101134 -0.307688 0.0719318 -0.471753 
-0.0567521 -0.0297934 0.100235 -0.303584 0.0691761 -0.471216 
-0.0549965 -0.0281369 0.100555 -0.311298 0.0738997 -0.471791 
-0.055503 -0.0291575 0.100753 -0.308039 0.0752878 -0.471098 
-0.0559869 -0.0291838 0.100833 -0.30877 0.0752815 -0.473197 
-0.056618 -0.0301801 0.100359 -0.304833 0.0704915 -0.468057 
-0.0551548 -0.0283654 0.101059 -0.314092 0.0772582 -0.470291 
-0.0558028 -0.0284963 0.100956 -0.313928 0.0753728 -0.471403 
-0.0563276 -0.0290982 0.101548 -0.31534 0.0772611 -0.474087 
-0.0540636 -0.027018 0.100462 -0.318225 0.0794149 -0.470867 
-0.0566161 -0.029292 0.0991271 -0.305363 0.0679356 -0.466722 
-0.0572465 -0.0307116 0.0987645 -0.299311 0.0652247 -0.463677 
-0.0564657 -0.0302532 0.0974594 -0.295506 0.0651582 -0.463876 
-0.0572904 -0.0319096 0.0969926 -0.288139 0.0632254 -0.461813 
-0.0570841 -0.0313946 0.0969989 -0.291586 0.0625778 -0.461575 
-0.0538896 -0.0285653 0.0958338 -0.295669 0.0663518 -0.451194 
-0.0548103 -0.0292039 0.0949582 -0.289738 0.061196 -0.45044 
-0.0527949 -0.0269322 0.0938921 -0.293578 0.0616399 -0.446517 
-0.0515477 -0.0266458 0.0920075 -0.28729 0.0593494 -0.440533 
-0.0522259 -0.0277516 0.0918352 -0.283778 0.0576045 -0.438423 
-0.0517273 -0.0265836 0.0925893 -0.292486 0.061641 -0.439954 
-0.0523904 -0.0270619 0.0919441 -0.287211 0.0576836 -0.439568 
-0.0520377 -0.0263908 0.0924097 -0.29245 0.0609861 -0.445208 
-0.0521754 -0.0274016 0.0918118 -0.286215 0.0590573 -0.439437 
-0.0532408 -0.0280547 0.0919816 -0.284508 0.0585606 -0.444434 
-0.0516338 -0.0263633 0.0919335 -0.29205 0.062369 -0.44203 
-0.05145 -0.0266599 0.0917799 -0.290119 0.0619044 -0.438915 
-0.0513139 -0.0263839 0.0923242 -0.296196 0.0662084 -0.444808 
-0.0512637 -0.0265095 0.0916751 -0.293579 0.0641888 -0.442842 
-0.05218 -0.0271085 0.0920691 -0.293005 0.0634829 -0.446339 
-0.0517558 -0.026923 0.0922671 -0.295672 0.0659913 -0.444717 
-0.0516491 -0.0265367 0.0921236 -0.296235 0.0655993 -0.445494 
-0.0519342 -0.0267844 0.0918787 -0.294546 0.0649942 -0.446549 
-0.0509529 -0.0259505 0.091866 -0.296019 0.0655187 -0.4394 
-0.0507347 -0.0263627 0.0910701 -0.291515 0.0633858 -0.432999 
-0.0496761 -0.0258756 0.0903997 -0.292532 0.0650736 -0.433949 
-0.0512861 -0.0270929 0.0892879 -0.284704 0.0582779 -0.436728 
-0.0521406 -0.0277575 0.0890654 -0.281044 0.0554831 -0.433527 
-0.0503905 -0.0266258 0.0889034 -0.285041 0.0596082 -0.431324 
-0.0513084 -0.0273272 0.0890641 -0.282688 0.0584839 -0.433 
-0.0504628 -0.0267374 0.0883631 -0.279703 0.0591749 -0.430384 
-0.0513152 -0.0271886 0.0883373 -0.2791 0.05749 -0.432816 
-0.0503414 -0.0262794 0.0886374 -0.284228 0.0629231 -0.440119 
-0.0509758 -0.0270697 0.0883683 -0.281005 0.0606527 -0.439869 
-0.0513898 -0.0270811 0.0877239 -0.278891 0.0581611 -0.440088 
-0.0517096 -0.0280743 0.0878508 -0.274591 0.0575699 -0.433968 
-0.0518344 -0.0281949 0.0867095 -0.269693 0.0537531 -0.435188 
-0.0520532 -0.0281352 0.0855909 -0.266848 0.0483627 -0.43204 
-0.0519084 -0.0283873 0.0853292 -0.264565 0.0494546 -0.432829 
-0.0529078 -0.0291515 0.0846892 -0.25889 0.0436781 -0.429764 
-0.0528092 -0.0287843 0.0849876 -0.2617 0.0475271 -0.436589 
-0.0530561 -0.0287 0.0847451 -0.261637 0.0447307 -0.433818 
-0.0523622 -0.0282314 0.0845253 -0.262282 0.0462432 -0.428598 
-0.0528828 -0.0285844 0.0840471 -0.260516 0.0437355 -0.433011 
-0.0517914 -0.0274147 0.0852372 -0.270463 0.0503426 -0.430027 
-0.0520031 -0.0272928 0.0844373 -0.268622 0.0485025 -0.435287 
-0.0520235 -0.028241 0.0835566 -0.261868 0.0452126 -0.432227 
-0.0539463 -0.0307556 0.0830215 -0.2489 0.0390127 -0.421274 
-0.0525997 -0.0309034 0.0817398 -0.24191 0.0374099 -0.412748 
-0.0527663 -0.0306202 0.081515 -0.243132 0.0356214 -0.413764 
-0.0515494 -0.0293241 0.0813687 -0.246071 0.0395506 -0.412555 
-0.0506809 -0.0282577 0.0818749 -0.253043 0.043409 -0.415192 
-0.0498757 -0.0274855 0.0820096 -0.258433 0.0464028 -0.411873 
-0.0495285 -0.0265847 0.0822952 -0.264313 0.0496664 -0.415841 
-0.0488154 -0.0260416 0.0817372 -0.265013 0.0502262 -0.416694 
-0.0502545 -0.0273869 0.081461 -0.25808 0.04417 -0.416215 
-0.0488906 -0.0261767 0.0819849 -0.26539 0.0518096 -0.417323 
-0.0492258 -0.0266936 0.0807694 -0.25831 0.0449787 -0.414581 
-0.0483804 -0.0261099 0.0815842 -0.264585 0.0515729 -0.414321 
-0.0490464 -0.0266475 0.0807917 -0.258624 0.0486666 -0.417112 
-0.0479652 -0.0247698 0.0814911 -0.269888 0.0513581 -0.415449 
-0.0483394 -0.0263023 0.0800928 -0.256627 0.047352 -0.410363 
-0.0472157 -0.024036 0.0802261 -0.267652 0.0489701 -0.411903 
-0.0478281 -0.0249385 0.080373 -0.264369 0.0484515 -0.411344 
-0.0462419 -0.0233742 0.0801684 -0.271575 0.052896 -0.409649 
-0.0461661 -0.0234362 0.0782876 -0.261583 0.0473861 -0.411003 
-0.0462664 -0.0233837 0.0796153 -0.267735 0.0498485 -0.410648 
-0.046998 -0.0247785 0.0782006 -0.257543 0.0459483 -0.40922 
-0.0456458 -0.0229583 0.0790644 -0.269785 0.0525239 -0.411068 
-0.0448377 -0.0220358 0.0777454 -0.268092 0.0499029 -0.406561 
-0.044238 -0.0208733 0.0777412 -0.273528 0.0525576 -0.408414 
-0.0446788 -0.0215546 0.0777978 -0.271736 0.0511737 -0.407704 
-0.0438969 -0.02069 0.0767166 -0.269846 0.049367 -0.402317 
-0.0453239 -0.0226782 0.0766679 -0.261677 0.047697 -0.406198 
-0.0429382 -0.019923 0.0768476 -0.274002 0.0530142 -0.402708 
-0.0442684 -0.02125 0.0765588 -0.267361 0.0497484 -0.404744 
-0.0433197 -0.0202859 0.0767906 -0.274603 0.0549173 -0.40517 
-0.0425028 -0.0190576 0.0762383 -0.277167 0.0534554 -0.40065 
-0.0426617 -0.0198428 0.0761847 -0.273885 0.0535411 -0.399275 
-0.0439326 -0.0210205 0.0765555 -0.272843 0.0516934 -0.401 
-0.0430554 -0.0203975 0.0764104 -0.275113 0.0533544 -0.396854 
-0.0422111 -0.0193466 0.0770303 -0.281013 0.0587295 -0.398505 
-0.0411598 -0.01838 0.076253 -0.282731 0.0604164 -0.400155 
-0.04153 -0.0183093 0.0770661 -0.287901 0.0621879 -0.403378 
-0.0402925 -0.0176262 0.0759975 -0.286377 0.0632824 -0.399854 
-0.0402057 -0.0178523 0.0758936 -0.285784 0.063893 -0.399067 
-0.0404962 -0.0175767 0.0763658 -0.289882 0.0629663 -0.399665 
-0.0400252 -0.017339 0.0763701 -0.291139 0.0649876 -0.396566 
-0.0405029 -0.0179539 0.0761665 -0.288343 0.0631628 -0.397437 
-0.0403737 -0.0176412 0.0766025 -0.292061 0.0656786 -0.398517 
-0.0399909 -0.0170831 0.0752927 -0.28924 0.0618353 -0.396398 
-0.0398126 -0.0172878 0.0753954 -0.288507 0.0637893 -0.397522 
-0.040083 -0.0178026 0.0756554 -0.287247 0.0643367 -0.397044 
-0.0416951 -0.019552 0.0753711 -0.280474 0.06043 -0.39718 
-0.0412754 -0.0189592 0.0751459 -0.282496 0.0599672 -0.396388 
-0.0412109 -0.0189474 0.0744024 -0.277751 0.0577776 -0.393418 
-0.0405136 -0.0186726 0.0730558 -0.273307 0.0555126 -0.391189 
-0.0427167 -0.0207948 0.0725101 -0.26258 0.0479747 -0.398328 
-0.0409315 -0.0190578 0.0717852 -0.266213 0.048967 -0.387423 
-0.0429794 -0.0217705 0.0709106 -0.251626 0.0427949 -0.39253 
-0.0429947 -0.0213839 0.0710812 -0.254394 0.0420269 -0.39379 
-0.0444152 -0.0230926 0.0698998 -0.240241 0.0347468 -0.390548 
-0.0435159 -0.0224953 0.0693462 -0.241226 0.0358934 -0.388969 
-0.043917 -0.0230343 0.0698017 -0.241388 0.0367317 -0.392318 
-0.0443771 -0.0233809 0.0697039 -0.239323 0.0368005 -0.394273 
-0.0454012 -0.0242466 0.0690279 -0.233722 0.0317385 -0.395654 
-0.0447601 -0.0244017 0.0683079 -0.229858 0.0315484 -0.390853 
-0.0454353 -0.0252905 0.0676887 -0.223376 0.027606 -0.388294 
-0.0450393 -0.0245987 0.0677855 -0.227009 0.0293705 -0.391765 
-0.0449135 -0.0248547 0.0680361 -0.227748 0.0299709 -0.386894 
-0.0455857 -0.0259594 0.0681128 -0.224245 0.0309745 -0.388791 
-0.0454961 -0.026362 0.0680015 -0.222186 0.0293586 -0.382664 
-0.0452494 -0.0264455 0.0679171 -0.2225 0.0305825 -0.376817 
-0.0445106 -0.0257796 0.0660739 -0.215019 0.0245999 -0.372267 
-0.0441725 -0.025143 0.0670055 -0.223194 0.0296812 -0.375769 
-0.0446483 -0.0261822 0.0663246 -0.214948 0.0268785 -0.371924 
-0.0441398 -0.0260996 0.0672987 -0.223222 0.0333185 -0.374949 
-0.0440495 -0.0258171 0.0663842 -0.219421 0.0289946 -0.372262 
-0.0445495 -0.0261352 0.0671447 -0.223297 0.0326302 -0.37632 
-0.0434512 -0.0250647 0.0668621 -0.227139 0.0348847 -0.374827 
-0.0437857 -0.025564 0.0670836 -0.226681 0.0356031 -0.377189 
-0.0442988 -0.0267467 0.0673874 -0.224455 0.0377034 -0.378205 
-0.0446475 -0.0265423 0.0665985 -0.220992 0.0320771 -0.376846 
-0.0456819 -0.0276432 0.066772 -0.218666 0.0307653 -0.378598 
-0.0444569 -0.0273738 0.0661408 -0.217323 0.0318685 -0.372682 
-0.0436841 -0.0262712 0.0655219 -0.217292 0.031667 -0.372681 
-0.0428484 -0.025547 0.0647906 -0.216792 0.0321874 -0.370794 
-0.0434124 -0.0263528 0.0653049 -0.217361 0.0330317 -0.371701 
-0.0438682 -0.027195 0.0649966 -0.211423 0.0313735 -0.372755 
-0.0434649 -0.0266925 0.0648244 -0.213746 0.0308065 -0.368531 
-0.0435926 -0.026879 0.0644144 -0.211335 0.0289049 -0.36924 
-0.0426747 -0.0260407 0.0643914 -0.215847 0.0326502 -0.367117 
-0.041838 -0.025033 0.0644319 -0.221338 0.0349332 -0.365023 
-0.0420077 -0.0251363 0.0646394 -0.222175 0.0352294 -0.364724 
-0.0417875 -0.0246042 0.0642731 -0.222854 0.0345482 -0.367877 
-0.0420667 -0.0248617 0.0638107 -0.219979 0.0317172 -0.365141 
-0.0412763 -0.0245937 0.0629404 -0.215555 0.0299847 -0.36111 
-0.0410787 -0.0240895 0.0627165 -0.216144 0.0287885 -0.358238 
-0.0420126 -0.0250625 0.062518 -0.211784 0.026292 -0.359978 
-0.041122 -0.0240736 0.0626672 -0.216793 0.0297435 -0.360895 
-0.0404607 -0.0238968 0.0626557 -0.216881 0.0325465 -0.360277 
-0.0391254 -0.0217971 0.0622568 -0.225476 0.0341267 -0.359551 
-0.0399054 -0.0223629 0.0620044 -0.221747 0.030364 -0.358336 
-0.0392673 -0.0225064 0.0618996 -0.220911 0.0332231 -0.353143 
-0.0389483 -0.0225825 0.0616096 -0.219767 0.0330497 -0.351678 
-0.0403379 -0.0238059 0.0618455 -0.217361 0.030952 -0.357039 
-0.0401156 -0.02322 0.061515 -0.217867 0.0292228 -0.35223 
-0.0396827 -0.0229786 0.061103 -0.215936 0.0291897 -0.35205 
-0.0396221 -0.0227641 0.0610951 -0.216694 0.0283721 -0.352116 
-0.0383574 -0.0215997 0.0603061 -0.218945 0.0299838 -0.346969 
-0.0389756 -0.0225045 0.0604219 -0.215437 0.0277087 -0.348325 
-0.0379835 -0.0213975 0.0603143 -0.219409 0.0315653 -0.348339 
-0.0382206 -0.0217467 0.0602779 -0.219517 0.0320622 -0.348276 
-0.0377267 -0.0213945 0.0601126 -0.220019 0.0313527 -0.344109 
-0.0374398 -0.0206041 0.0602538 -0.22525 0.0334013 -0.347141 
-0.0380199 -0.0217616 0.0602963 -0.221973 0.0331409 -0.34786 
-0.0385551 -0.0222932 0.0605614 -0.221727 0.0330131 -0.348156 
-0.0378997 -0.0212487 0.0596205 -0.220492 0.0310681 -0.346931 
-0.0370168 -0.0213806 0.0594961 -0.22104 0.0340166 -0.342109 
-0.037016 -0.0205296 0.059576 -0.22512 0.0348684 -0.346471 
-0.0378475 -0.0207268 0.0599958 -0.225294 0.0343558 -0.350627 
-0.0366148 -0.0209771 0.0591314 -0.220002 0.0354013 -0.342612 
-0.0366653 -0.0210347 0.0592998 -0.219786 0.0356559 -0.343462 
-0.0357905 -0.0198246 0.0580279 -0.218083 0.0330842 -0.338087 
-0.0367168 -0.0214524 0.0593538 -0.220356 0.0374262 -0.343019 
-0.0362888 -0.0208385 0.0586506 -0.218348 0.034014 -0.33759 
-0.0361979 -0.0210651 0.058404 -0.216626 0.0358016 -0.337113 
-0.0369789 -0.0215036 0.0587567 -0.219603 0.0344859 -0.342832 
-0.0367695 -0.0210606 0.0579285 -0.216914 0.0326221 -0.342957 
-0.0360768 -0.0199885 0.0575477 -0.218725 0.0323694 -0.341638 
-0.0363064 -0.020658 0.0572543 -0.213755 0.029483 -0.337941 
-0.0360383 -0.0204005 0.0559164 -0.205466 0.0247375 -0.334708 
-0.0354584 -0.0201583 0.0556955 -0.206537 0.0270509 -0.332822 
-0.0350539 -0.0204224 0.055721 -0.204515 0.029363 -0.331422 
-0.0342768 -0.0187613 0.0555901 -0.210924 0.0289339 -0.330101 
-0.0348368 -0.0198704 0.0557113 -0.207 0.028499 -0.329843 
-0.034724 -0.0191448 0.0559595 -0.212789 0.0294712 -0.33188 
-0.0355228 -0.0207036 0.0557891 -0.205186 0.0265287 -0.330263 
-0.0348547 -0.019831 0.0554405 -0.206673 0.0270254 -0.327632 
-0.034627 -0.019928 0.0552506 -0.205099 0.0282586 -0.32908 
-0.0343663 -0.0193811 0.0555171 -0.209495 0.0291522 -0.326955 
-0.0337219 -0.0186588 0.05526 -0.211364 0.0292462 -0.326088 
-0.0328362 -0.0175862 0.0553464 -0.215316 0.0337836 -0.326633 
-0.0334524 -0.0187084 0.0552688 -0.212092 0.0322522 -0.326745 
-0.0327177 -0.0170395 0.0554198 -0.220451 0.033049 -0.32671 
-0.0328423 -0.0169373 0.0553432 -0.219857 0.032509 -0.327212 
-0.0327633 -0.0174654 0.0553925 -0.219391 0.0340833 -0.324535 
-0.0327895 -0.0177071 0.0551083 -0.215784 0.0317563 -0.323176 
-0.0322201 -0.0172047 0.0547846 -0.215975 0.0334498 -0.323999 
-0.0333794 -0.0187154 0.0548459 -0.210987 0.0301387 -0.322086 
-0.0325834 -0.0170884 0.0548635 -0.218617 0.0314643 -0.32416 
-0.0318881 -0.0159116 0.0546869 -0.223649 0.0337376 -0.325842 
-0.0315778 -0.0159155 0.0548632 -0.224207 0.0351455 -0.324052 
-0.0306406 -0.0143337 0.0539448 -0.225173 0.033165 -0.32044 
-0.0303493 -0.0140225 0.0540545 -0.227047 0.0346329 -0.3216 
-0.0300772 -0.013643 0.0535816 -0.225575 0.0334632 -0.31908 
-0.0287687 -0.012451 0.053266 -0.229226 0.0366371 -0.314175 
-0.0290206 -0.0122347 0.0533665 -0.231486 0.0369264 -0.318207 
-0.0286812 -0.0118086 0.0537094 -0.237729 0.0396041 -0.318221 
-0.028411 -0.0112016 0.0537302 -0.240703 0.0406709 -0.318712 
-0.0279462 -0.0108777 0.0524267 -0.232771 0.0358536 -0.312951 
-0.0279274 -0.0108279 0.0526367 -0.236173 0.0372601 -0.313694 
-0.0278713 -0.0106671 0.0529173 -0.238056 0.038743 -0.313438 
-0.0253697 -0.00792727 0.0521086 -0.245536 0.0441452 -0.307532 
-0.0252972 -0.00793461 0.0522645 -0.245482 0.0440539 -0.303973 
-0.0251132 -0.00746905 0.0513975 -0.242503 0.0413386 -0.302621 
-0.025754 -0.00885573 0.0518602 -0.241236 0.0425981 -0.305124 
-0.024422 -0.00652143 0.050609 -0.242537 0.0404684 -0.300978 
-0.0247605 -0.0075893 0.0506781 -0.241535 0.040429 -0.301781 
-0.0232553 -0.00511499 0.0486042 -0.234441 0.033062 -0.289329 
-0.0231633 -0.00487014 0.0485929 -0.233992 0.0331283 -0.288811 
-0.0223321 -0.00350545 0.0478692 -0.235585 0.0320385 -0.286088 
-0.021934 -0.00381416 0.0479326 -0.234752 0.0352491 -0.284839 
-0.0216763 -0.00303868 0.0474621 -0.236032 0.0336079 -0.283204 
-0.0218255 -0.00352374 0.0471772 -0.231609 0.0318775 -0.280386 
-0.0216463 -0.00277554 0.0469724 -0.23433 0.0303011 -0.279267 
-0.0209636 -0.00215046 0.0465527 -0.234946 0.0331347 -0.278637 
-0.0205165 -0.00162012 0.0458661 -0.232873 0.0318716 -0.276127 
-0.0207568 -0.00234151 0.0458071 -0.2262 0.0285949 -0.273818 
-0.0200802 -0.00072971 0.0447429 -0.227444 0.0258904 -0.267779 
-0.0195055 -0.000153872 0.0450821 -0.233942 0.0309353 -0.268823 
-0.0196718 -0.000273332 0.044431 -0.229225 0.0284314 -0.267566 
-0.0194218 -2.46559e-06 0.0447006 -0.233151 0.0303035 -0.266934 
-0.01948 -4.4824e-05 0.0441844 -0.22894 0.0272735 -0.265493 
-0.0196964 -0.00045962 0.0446167 -0.230692 0.0283889 -0.266389 
-0.019218 0.000246286 0.0443249 -0.234268 0.0291863 -0.26443 
-0.0196902 -0.000568163 0.0444115 -0.231623 0.0290311 -0.265484 
-0.0193915 -0.000770736 0.0445558 -0.231821 0.0316395 -0.266265 
-0.019478 -0.00074901 0.0441408 -0.227742 0.0286773 -0.266393 
-0.0190397 -0.000476659 0.04395 -0.228907 0.0301094 -0.262685 
-0.0189886 -0.000307514 0.0436948 -0.228576 0.0299438 -0.263947 
-0.0196149 -0.000930613 0.0446222 -0.237353 0.0330766 -0.267192 
-0.0195897 -0.00104227 0.0441194 -0.230341 0.0298035 -0.265104 
-0.0197476 -0.00131752 0.0441932 -0.231466 0.0297338 -0.264769 
-0.0196837 -0.00120481 0.0441375 -0.230485 0.0292575 -0.264616 
-0.0198282 -0.00144391 0.044393 -0.234122 0.0300354 -0.266143 
-0.0194875 -0.00142471 0.0447462 -0.236636 0.0344787 -0.267974 
-0.0193294 -0.00114324 0.0447257 -0.238271 0.0355925 -0.268988 
-0.019082 -0.00133554 0.0445887 -0.236259 0.0364593 -0.266333 
-0.0193436 -0.00168083 0.04455 -0.235812 0.0359209 -0.267494 
-0.0182769 -0.000195466 0.043821 -0.239808 0.0369891 -0.264139 
-0.018619 -0.000881433 0.0441754 -0.235116 0.0366373 -0.262795 
-0.0185735 -0.00104027 0.0437172 -0.230288 0.0344836 -0.261351 
-0.0185208 -0.00117454 0.0433905 -0.231818 0.0341846 -0.26473 
-0.0189098 -0.00152842 0.0438224 -0.233373 0.034541 -0.265817 
-0.0182283 -0.00151469 0.0430488 -0.225407 0.0350065 -0.262351 
-0.0181483 -0.0016968 0.0431649 -0.227467 0.0364764 -0.264923 
-0.0178862 -0.00139635 0.0427812 -0.22673 0.035503 -0.263809 
-0.0177904 -0.00120483 0.0422904 -0.223561 0.0347778 -0.261207 
-0.0178238 -0.00140978 0.0424203 -0.224255 0.0353645 -0.260914 
-0.0190488 -0.00262486 0.0421425 -0.217433 0.0288982 -0.260711 
-0.0181699 -0.00163581 0.0414524 -0.216944 0.029599 -0.257592 
-0.0184381 -0.0016587 0.0412199 -0.215238 0.0261048 -0.254987 
-0.0187228 -0.00242149 0.0411594 -0.209542 0.0238442 -0.252184 
-0.0191474 -0.00286248 0.0407564 -0.205225 0.0209639 -0.252855 
-0.018556 -0.00246677 0.0409765 -0.209671 0.0255743 -0.253188 
-0.0182461 -0.0021946 0.0409354 -0.212037 0.0265845 -0.253067 
-0.0175159 -0.00183835 0.0408807 -0.212901 0.0302203 -0.25187 
-0.0182463 -0.00221447 0.0409317 -0.212106 0.0270717 -0.252876 
-0.0185537 -0.00295801 0.0404885 -0.203035 0.0240236 -0.252182 
-0.0183064 -0.00310862 0.0408889 -0.208917 0.0281107 -0.250795 
-0.0176548 -0.00232081 0.0403542 -0.209846 0.0298912 -0.249657 
-0.0184521 -0.0032041 0.0406148 -0.211256 0.0282094 -0.253362 
-0.0184191 -0.00308737 0.0397648 -0.20389 0.0225441 -0.249814 
-0.0186058 -0.00259303 0.0400081 -0.210039 0.022429 -0.25053 
-0.0194448 -0.00392171 0.0402207 -0.207764 0.0209195 -0.250923 
-0.0190475 -0.00306303 0.0404095 -0.212199 0.0220014 -0.251239 
-0.0191642 -0.00334385 0.0403193 -0.212083 0.0226326 -0.251861 
-0.0190466 -0.00303495 0.0404564 -0.216656 0.0238811 -0.251969 
-0.0184004 -0.00285324 0.0400411 -0.213852 0.0245899 -0.246817 
-0.0180941 -0.00124711 0.0396744 -0.220674 0.0237136 -0.249111 
-0.0182954 -0.00117446 0.0397735 -0.223369 0.0234168 -0.250988 
-0.017704 -0.00114527 0.0396545 -0.222337 0.0268407 -0.249572 
-0.0177994 -0.00142189 0.0395419 -0.218836 0.0249882 -0.246633 
-0.0173833 -0.000901112 0.0391773 -0.217306 0.0241244 -0.244343 
-0.0176763 -0.00143747 0.039219 -0.219212 0.0253443 -0.247378 
-0.0173176 -0.000288624 0.0388009 -0.221054 0.024308 -0.244937 
-0.0179299 -0.00186799 0.0391653 -0.217355 0.0235317 -0.243784 
-0.0176189 -0.00104979 0.0391695 -0.221192 0.023551 -0.241818 
-0.0180472 -0.00168712 0.0390747 -0.217427 0.0226153 -0.244326 
-0.017906 -0.00223492 0.0393649 -0.220032 0.0267472 -0.248092 
-0.0181116 -0.00267654 0.0397173 -0.221307 0.0283248 -0.251054 
-0.0171946 -0.0013487 0.0394595 -0.224296 0.0295884 -0.245789 
-0.017064 -0.00135499 0.0395821 -0.228665 0.0318497 -0.246099 
-0.0164742 -0.000572596 0.0396139 -0.232937 0.035301 -0.246077 
-0.0164782 -0.001058 0.0397003 -0.232344 0.0361792 -0.243755 
-0.0163262 -0.000581312 0.0393614 -0.23423 0.0358742 -0.24619 
-0.0169211 -0.00253634 0.039624 -0.226826 0.0361968 -0.24877 
-0.016848 -0.00206667 0.0394459 -0.228543 0.0351059 -0.248328 
-0.0168829 -0.00180987 0.0389973 -0.224502 0.0321962 -0.244657 
-0.0174828 -0.00265105 0.0387962 -0.219829 0.0291057 -0.247938 
-0.0173825 -0.00263772 0.0386816 -0.218179 0.0279866 -0.24633 
-0.0173462 -0.00263415 0.0386133 -0.218317 0.0278982 -0.24389 
-0.0173907 -0.00318052 0.0386245 -0.216249 0.0290303 -0.244593 
-0.0181346 -0.00459947 0.0378688 -0.203643 0.0234468 -0.243608 
-0.0181315 -0.00533817 0.0373742 -0.193897 0.0221184 -0.241972 
-0.0186532 -0.00642117 0.0375574 -0.189883 0.0217141 -0.243419 
-0.018084 -0.00527555 0.0370836 -0.192773 0.0215531 -0.240914 
-0.0178124 -0.00488078 0.0364687 -0.190965 0.0201856 -0.236147 
-0.0171598 -0.00441719 0.035944 -0.18691 0.0211255 -0.233878 
-0.0170063 -0.00452313 0.0352422 -0.180039 0.0193176 -0.23122 
-0.0157691 -0.00314129 0.0340759 -0.173109 0.0183606 -0.225587 
-0.016177 -0.00365629 0.0340075 -0.169116 0.0151704 -0.224121 
-0.0162684 -0.0038608 0.0340099 -0.168314 0.0155147 -0.224673 
-0.0164298 -0.00348132 0.0338122 -0.169675 0.013965 -0.22574 
-0.0158295 -0.0023769 0.0336381 -0.174413 0.0154272 -0.225661 
-0.0152055 -0.00170031 0.0336347 -0.181213 0.0196693 -0.228527 
-0.0162512 -0.00318148 0.0337663 -0.17288 0.0153452 -0.223009 
-0.0160411 -0.00319178 0.0336691 -0.170645 0.0147928 -0.225302 
-0.0158784 -0.00280029 0.0335891 -0.171148 0.0140687 -0.22362 
-0.0160821 -0.00292043 0.0335368 -0.171583 0.0135193 -0.226356 
-0.0160995 -0.00310593 0.0335466 -0.170625 0.0131607 -0.224964 
-0.0158452 -0.00232047 0.0334045 -0.175776 0.0148459 -0.224447 
-0.0163118 -0.00340456 0.0334624 -0.169589 0.0133807 -0.222787 
-0.0159557 -0.00385463 0.0332704 -0.167714 0.0141267 -0.220919 
-0.0163181 -0.00426571 0.0332786 -0.166467 0.0121538 -0.221051 
-0.0163717 -0.00370034 0.0333268 -0.170101 0.0108152 -0.221247 
-0.0165259 -0.00410381 0.0333384 -0.168832 0.0110854 -0.219042 
-0.0168875 -0.00422581 0.0333628 -0.169784 0.0108083 -0.225165 
-0.0162806 -0.00369986 0.0331225 -0.171145 0.0119203 -0.222883 
-0.0165299 -0.00423027 0.0333196 -0.17087 0.0115865 -0.221506 
-0.0166188 -0.0042584 0.0332611 -0.170403 0.0107722 -0.223198 
-0.0168762 -0.00463927 0.0337418 -0.17514 0.013391 -0.223998 
-0.0175259 -0.00532103 0.0340642 -0.177346 0.0124612 -0.225677 
-0.0170282 -0.00459455 0.0332344 -0.171358 0.0104982 -0.221509 
-0.0172063 -0.00511133 0.0335013 -0.173989 0.0107912 -0.223708 
-0.0167585 -0.00422812 0.0330625 -0.174581 0.0101949 -0.222549 
-0.016672 -0.00471115 0.0327902 -0.170901 0.0116848 -0.223957 
-0.0171206 -0.00550462 0.0328112 -0.165017 0.00878592 -0.221689 
-0.0165663 -0.00492674 0.0324324 -0.166592 0.0110393 -0.221862 
-0.0161993 -0.00459759 0.0319345 -0.161104 0.00939991 -0.219752 
-0.0155833 -0.00426684 0.0314474 -0.155498 0.00841144 -0.214601 
-0.015353 -0.0042465 0.0309026 -0.145776 0.00566804 -0.212556 
-0.0153185 -0.00386656 0.0307255 -0.145596 0.00410322 -0.212996 
-0.0148578 -0.00324444 0.0308391 -0.152028 0.00753559 -0.215311 
-0.014892 -0.00335698 0.0307278 -0.150623 0.00784657 -0.216356 
-0.0147122 -0.00312326 0.0301328 -0.143271 0.00534021 -0.21348 
-0.0150422 -0.00359659 0.0303168 -0.142211 0.00373491 -0.210901 
-0.0143843 -0.00299963 0.0302086 -0.143844 0.00752462 -0.211585 
-0.0152036 -0.00459859 0.0310985 -0.152091 0.00971099 -0.210906 
-0.0150439 -0.00440973 0.0303652 -0.14292 0.00535918 -0.207748 
-0.0151281 -0.00425246 0.0305755 -0.146425 0.00607788 -0.209353 
-0.0152999 -0.0047778 0.0309942 -0.152279 0.00992397 -0.209908 
-0.0151667 -0.0046736 0.030556 -0.148042 0.00800903 -0.208878 
-0.0150394 -0.00451475 0.0306262 -0.151275 0.00941867 -0.210005 
-0.0149955 -0.0049424 0.0304068 -0.144468 0.00755982 -0.206854 
-0.0142163 -0.00395931 0.0304131 -0.155166 0.0147329 -0.204029 
-0.0143666 -0.00379252 0.0306434 -0.161001 0.0151111 -0.206729 
-0.0142051 -0.00400326 0.0300319 -0.154058 0.0136562 -0.205633 
-0.0143027 -0.00441424 0.0294476 -0.145043 0.0100723 -0.204665 
-0.013949 -0.00414151 0.0290506 -0.13984 0.00869273 -0.200082 
-0.0136025 -0.00405468 0.0291187 -0.141989 0.0120082 -0.197808 
-0.0138045 -0.00457694 0.0290966 -0.138359 0.0114572 -0.194962 
-0.0138168 -0.00449716 0.0289394 -0.137391 0.00943369 -0.198482 
-0.0140268 -0.00467581 0.0288543 -0.137402 0.00936909 -0.199619 
-0.0140762 -0.00536282 0.029165 -0.137957 0.0117622 -0.202449 
-0.0138167 -0.00519121 0.0289324 -0.135979 0.0125677 -0.197044 
-0.0138683 -0.00546106 0.0291338 -0.140262 0.0147672 -0.196654 
-0.0139585 -0.00545558 0.0289655 -0.13772 0.0130265 -0.196084 
-0.0140145 -0.00621966 0.0291923 -0.138744 0.0152197 -0.196273 
-0.0138908 -0.00561643 0.0288276 -0.138746 0.0137849 -0.199486 
-0.0142229 -0.00601411 0.0288266 -0.138877 0.0138241 -0.198107 
-0.0136429 -0.00489364 0.0287951 -0.14459 0.0134883 -0.192116 
-0.0135043 -0.0048485 0.0290123 -0.14705 0.0168277 -0.195533 
-0.0137643 -0.00535275 0.0289938 -0.145628 0.0157147 -0.194524 
-0.0137382 -0.00518806 0.0289593 -0.1448 0.0146514 -0.191973 
-0.013448 -0.00484923 0.0285677 -0.143871 0.0160866 -0.196937 
-0.0131784 -0.00435703 0.0285563 -0.150258 0.0176773 -0.198815 
-0.0129842 -0.00418154 0.0286029 -0.153263 0.0190324 -0.201199 
-0.0125869 -0.00368574 0.0282784 -0.149686 0.0188533 -0.199597 
-0.012566 -0.00410657 0.0285094 -0.151422 0.0206551 -0.201207 
-0.0127814 -0.00458596 0.0283047 -0.14583 0.0190634 -0.200855 
-0.01264 -0.00397512 0.0282004 -0.146628 0.0178987 -0.198466 
-0.0118541 -0.00345514 0.0278427 -0.146349 0.0215131 -0.19854 
-0.0116087 -0.00315134 0.0275769 -0.149825 0.0225021 -0.199911 
-0.0119524 -0.00409819 0.0276131 -0.145886 0.0212865 -0.19761 
-0.0123833 -0.00436374 0.0277224 -0.147006 0.020109 -0.196987 
-0.0123395 -0.00393916 0.0275432 -0.147211 0.019678 -0.196413 
-0.0124421 -0.00433478 0.0279645 -0.151499 0.0220011 -0.198952 
-0.0124584 -0.00505025 0.0275454 -0.143099 0.0192887 -0.19679 
-0.0121653 -0.00436894 0.0274799 -0.147066 0.0208544 -0.19633 
-0.0126359 -0.00513487 0.0274665 -0.144307 0.0191167 -0.198339 
-0.0124396 -0.0043401 0.0273416 -0.145908 0.0181428 -0.197481 
-0.012101 -0.00359111 0.0272901 -0.152424 0.0209193 -0.196258 
-0.0120153 -0.00427119 0.0274766 -0.155065 0.0248665 -0.199141 
-0.0120689 -0.00456446 0.0275103 -0.154274 0.0255106 -0.200628 
-0.0121304 -0.00474016 0.027623 -0.156327 0.0263437 -0.199553 
-0.0122963 -0.00520133 0.0276349 -0.154283 0.0259772 -0.201994 
-0.0124754 -0.00482338 0.0274591 -0.15361 0.0234273 -0.201559 
-0.0123044 -0.00504866 0.0274422 -0.152265 0.0243066 -0.199548 
-0.0124721 -0.00519951 0.0275291 -0.155364 0.0241532 -0.198917 
-0.0118837 -0.00510818 0.0270563 -0.150188 0.0259971 -0.19891 
-0.0123741 -0.00606594 0.0267646 -0.140717 0.0220792 -0.197855 
-0.012172 -0.00553225 0.026829 -0.143578 0.0227215 -0.196546 
-0.0125297 -0.00610779 0.0267945 -0.140903 0.0224321 -0.198637 
-0.0122994 -0.0056244 0.0267468 -0.143531 0.0228189 -0.19686 
-0.012126 -0.00578197 0.0268016 -0.143565 0.023414 -0.194189 
-0.0119029 -0.00528897 0.0264904 -0.146067 0.0237198 -0.19381 
-0.012024 -0.00564881 0.0263476 -0.142318 0.0226516 -0.190935 
-0.0123744 -0.00632378 0.0263633 -0.136655 0.0208498 -0.192744 
-0.0116382 -0.00504111 0.0256609 -0.132176 0.0194291 -0.189567 
-0.0109449 -0.00420946 0.0254223 -0.135069 0.0223259 -0.186693 
-0.0110171 -0.00423757 0.0256154 -0.140136 0.0229961 -0.187201 
-0.010944 -0.00412025 0.0253575 -0.134255 0.0213296 -0.185826 
-0.0106703 -0.00348919 0.025174 -0.139774 0.0221718 -0.186333 
-0.0107928 -0.00343631 0.0252372 -0.141114 0.0216515 -0.186362 
-0.0108375 -0.00374735 0.0252612 -0.138297 0.0219867 -0.186328 
-0.0102001 -0.00316633 0.0250492 -0.141233 0.0248507 -0.18593 
-0.0105978 -0.00369201 0.025167 -0.138551 0.0222524 -0.18481 
-0.0106954 -0.00415948 0.0252301 -0.13542 0.0225699 -0.185725 
-0.0105837 -0.00381745 0.0252722 -0.139997 0.0235454 -0.184219 
-0.0108374 -0.00432273 0.0250667 -0.136541 0.0224038 -0.186418 
-0.0105783 -0.00378959 0.0251563 -0.140539 0.0232288 -0.184025 
-0.0113839 -0.00485632 0.0251536 -0.135491 0.0197041 -0.18611 
-0.0106914 -0.00415095 0.024723 -0.134528 0.0210078 -0.183535 
-0.0114487 -0.00550819 0.0248408 -0.12769 0.0174458 -0.182418 
-0.0112321 -0.00499087 0.0248191 -0.129462 0.017609 -0.180493 
-0.0113947 -0.00548501 0.0247935 -0.131563 0.0197085 -0.182962 
-0.0111693 -0.0056141 0.0248091 -0.132464 0.0206089 -0.180981 
-0.0110687 -0.00555966 0.0244776 -0.128047 0.0191875 -0.178007 
-0.0110302 -0.00543764 0.0244889 -0.127958 0.0196542 -0.179297 
-0.011578 -0.00619094 0.0245915 -0.124989 0.0178226 -0.180231 
-0.0116112 -0.00591063 0.0244942 -0.126867 0.0165216 -0.180713 
-0.0114139 -0.00575307 0.0243726 -0.125174 0.016786 -0.181246 
-0.0111011 -0.00561436 0.0243518 -0.130594 0.0196198 -0.180476 
-0.0101442 -0.00467884 0.0243785 -0.135063 0.0251756 -0.179114 
-0.00978935 -0.00278551 0.0238649 -0.142119 0.0238385 -0.178768 
-0.0103555 -0.00402777 0.0239051 -0.135318 0.021238 -0.178936 
-0.00981088 -0.00383137 0.02396 -0.136599 0.0241851 -0.176554 
-0.00960073 -0.00330343 0.0238935 -0.138629 0.0247503 -0.174818 
-0.00975799 -0.00355948 0.0237144 -0.130962 0.0214158 -0.170742 
-0.00966049 -0.00258856 0.0233638 -0.135077 0.0191379 -0.170584 
-0.00993786 -0.00355273 0.0231818 -0.120527 0.0156084 -0.166676 
-0.0105592 -0.00435946 0.0238401 -0.128785 0.0178017 -0.170914 
-0.0104579 -0.00460653 0.0238911 -0.130251 0.019806 -0.173654 
-0.0103387 -0.00422313 0.0234686 -0.12664 0.0171781 -0.170162 
-0.0103783 -0.00451028 0.0234075 -0.12688 0.017101 -0.168629 
-0.0102848 -0.00411813 0.023186 -0.124027 0.0152483 -0.167431 
-0.0109094 -0.00527654 0.0235514 -0.126263 0.0159639 -0.168131 
-0.0108465 -0.00520767 0.0234504 -0.1246 0.0156722 -0.167971 
-0.0105594 -0.00541596 0.0234199 -0.127559 0.0191142 -0.170485 
-0.0104195 -0.00519714 0.023317 -0.124652 0.0184594 -0.167622 
-0.0106055 -0.00565823 0.0233144 -0.122266 0.0181015 -0.168459 
-0.0107409 -0.00605757 0.0232705 -0.121185 0.018609 -0.16871 
-0.0110481 -0.00660105 0.0230837 -0.114803 0.0155496 -0.167902 
-0.0111905 -0.00699563 0.0231684 -0.115177 0.0158841 -0.168049 
-0.0103711 -0.00583271 0.0229136 -0.121561 0.0185778 -0.164559 
-0.0107861 -0.00660138 0.0231853 -0.124632 0.0189217 -0.167652 
-0.0103877 -0.00600776 0.0229158 -0.12438 0.0188859 -0.168155 
-0.0104284 -0.00549504 0.0227239 -0.12234 0.0166892 -0.16587 
-0.0101608 -0.00579903 0.0225289 -0.117511 0.0176102 -0.164984 
-0.010177 -0.00555358 0.0225126 -0.120807 0.0178173 -0.164978 
-0.0102361 -0.00579916 0.0226097 -0.121125 0.0180376 -0.163368 
-0.0102968 -0.00560262 0.0226395 -0.123437 0.0169419 -0.163887 
-0.0101062 -0.005181 0.0224186 -0.123644 0.0180132 -0.163935 
-0.0104531 -0.00557543 0.0223447 -0.117772 0.0143235 -0.162412 
-0.0104349 -0.00584212 0.0224943 -0.124241 0.0187814 -0.161009 
-0.0102386 -0.00528465 0.0221109 -0.12317 0.0180109 -0.16294 
-0.00990469 -0.00539394 0.0221702 -0.125322 0.0201179 -0.160703 
-0.00987672 -0.00609378 0.0218502 -0.116475 0.0191139 -0.161797 
-0.0106926 -0.00686823 0.0222218 -0.121035 0.0173642 -0.165411 
-0.0104528 -0.00660066 0.0215374 -0.109763 0.0140788 -0.163935 
-0.0105628 -0.00717552 0.0219144 -0.111301 0.0159344 -0.163018 
-0.0107008 -0.00728172 0.0214827 -0.106468 0.0106335 -0.15791 
-0.0108852 -0.00677338 0.0215065 -0.117259 0.0120959 -0.162694 
-0.0109142 -0.00731563 0.0214615 -0.103247 0.00791711 -0.157311 
-0.0102888 -0.00633524 0.0214596 -0.111418 0.0132534 -0.158885 
-0.00998469 -0.00575238 0.0215504 -0.109114 0.0135383 -0.156668 
-0.0106122 -0.00729261 0.0216747 -0.105132 0.0109028 -0.157427 
-0.00982077 -0.00571778 0.0214054 -0.114668 0.0131401 -0.157418 
-0.0100346 -0.00673832 0.0216304 -0.108803 0.0144311 -0.155632 
-0.0102812 -0.00706166 0.0218031 -0.111723 0.0148929 -0.155189 
-0.0104667 -0.00725159 0.0216003 -0.108552 0.0134736 -0.157608 
-0.0100862 -0.00655918 0.0213669 -0.110436 0.0143395 -0.15597 
-0.0100947 -0.00643861 0.0213485 -0.112431 0.0125334 -0.155756 
-0.0104446 -0.00699298 0.0214863 -0.110974 0.0128209 -0.157092 
-0.0104713 -0.00698594 0.0214241 -0.110833 0.0124653 -0.158127 
-0.0100269 -0.00625743 0.0213732 -0.122542 0.0173722 -0.162347 
-0.0102199 -0.00716582 0.0214356 -0.109487 0.0147346 -0.154893 
-0.0103869 -0.00656513 0.0209702 -0.105456 0.00886727 -0.153477 
-0.00972169 -0.00621591 0.0209865 -0.118516 0.0162899 -0.157001 
-0.010201 -0.00688897 0.0211895 -0.110956 0.0133622 -0.152646 
-0.00982848 -0.00584282 0.0216155 -0.13481 0.0205902 -0.161534 
-0.0104241 -0.00728356 0.0217386 -0.126942 0.0186857 -0.15889 
-0.0102839 -0.00747077 0.0216423 -0.120848 0.0176383 -0.155095 
-0.00959198 -0.00692339 0.021554 -0.126214 0.0217316 -0.153411 
-0.00917027 -0.00653659 0.0211704 -0.122134 0.0222969 -0.150972 
-0.00936814 -0.00651416 0.021116 -0.122377 0.0207545 -0.150923 
-0.010211 -0.00701889 0.0211114 -0.116828 0.0135876 -0.153663 
-0.010281 -0.00763144 0.0213349 -0.121912 0.0178266 -0.157349 
-0.0102015 -0.0079448 0.021619 -0.127475 0.0207893 -0.156436 
-0.0094454 -0.00692052 0.0211804 -0.125497 0.0211707 -0.153656 
-0.00973557 -0.00750006 0.0213621 -0.123697 0.0207824 -0.153283 
-0.0101885 -0.00756959 0.0213145 -0.121826 0.0172073 -0.15306 
-0.0102558 -0.00735234 0.021256 -0.123198 0.0167411 -0.155558 
-0.010223 -0.00720871 0.0212253 -0.12496 0.0171674 -0.156719 
-0.0102745 -0.00826737 0.0210046 -0.117641 0.0167428 -0.155751 
-0.00997533 -0.00754404 0.020775 -0.119386 0.0161263 -0.151284 
-0.0102091 -0.00792487 0.0208464 -0.117572 0.0166939 -0.154627 
-0.0101851 -0.00825258 0.0208598 -0.117854 0.0182388 -0.156685 
-0.0101898 -0.00817549 0.0208981 -0.121291 0.0193 -0.153904 
-0.0100253 -0.00738162 0.0207905 -0.121978 0.0174475 -0.152448 
-0.0104254 -0.00815538 0.0208681 -0.12206 0.0163033 -0.155054 
-0.0100445 -0.00786476 0.0205549 -0.11854 0.0168523 -0.15196 
-0.00981783 -0.00723742 0.0205562 -0.119597 0.0163545 -0.150606 
-0.0104149 -0.00841419 0.0205476 -0.115127 0.014764 -0.152844 
-0.0105712 -0.0086009 0.0204592 -0.112156 0.0127135 -0.15123 
-0.0100175 -0.00744837 0.020599 -0.128036 0.0177884 -0.156585 
-0.0104352 -0.0091677 0.0204574 -0.115554 0.0159976 -0.15747 
-0.0107978 -0.00939586 0.0203085 -0.112015 0.0128763 -0.15849 
-0.0103732 -0.00746342 0.0200046 -0.122666 0.0121615 -0.161415 
-0.0101055 -0.00845176 0.0201628 -0.113907 0.0157546 -0.153542 
-0.00990642 -0.00747982 0.0202444 -0.125554 0.0170628 -0.158228 
-0.00980595 -0.00869941 0.0197331 -0.101406 0.0138167 -0.147518 
-0.0100479 -0.00883194 0.019733 -0.107749 0.0146772 -0.155624 
-0.0103054 -0.00993758 0.0196719 -0.0939654 0.0128139 -0.147302 
-0.00984453 -0.00839464 0.019615 -0.10469 0.0136617 -0.149867 
-0.0102786 -0.00957662 0.0196162 -0.0956709 0.0108665 -0.146375 
-0.010439 -0.00997271 0.0196263 -0.0973949 0.0114771 -0.145432 
-0.0101669 -0.0100551 0.0193523 -0.0923079 0.0126659 -0.145213 
-0.0103062 -0.0102687 0.0193944 -0.0928423 0.011682 -0.145534 
-0.0101508 -0.00952583 0.0194228 -0.0926731 0.0102842 -0.143316 
-0.0107227 -0.0104712 0.0195274 -0.0948134 0.00898754 -0.147397 
-0.0102969 -0.0099367 0.0194533 -0.0952479 0.0112622 -0.145504 
