0.412156 -6.79084 -1.14906 0.369898 1.23388 2.1208 
0.406265 -6.79511 -1.13543 0.365947 1.22766 2.11965 
0.83715 -5.14021 -1.17775 0.626252 1.41222 1.6355 
0.735856 -2.11711 -1.5362 0.810533 1.40178 0.852219 
0.801555 -1.07749 -1.5368 0.875998 1.40474 0.565658 
0.684617 0.499533 -1.75655 0.950589 1.37642 0.164804 
0.574065 1.06757 -1.82452 0.965786 1.33182 -0.000367413 
0.797182 0.860201 -1.6418 0.990127 1.36512 0.00862037 
0.706037 1.71974 -1.82602 1.04817 1.34218 -0.214083 
0.804066 1.55887 -1.74209 1.06091 1.33939 -0.207938 
0.948892 1.55465 -1.6438 1.10574 1.37746 -0.239106 
0.820849 2.0152 -1.76977 1.12591 1.33386 -0.35747 
0.921176 1.66418 -1.6946 1.12119 1.34693 -0.273401 
0.922795 1.81509 -1.77305 1.12538 1.34505 -0.287627 
0.821618 1.84395 -1.93266 1.10423 1.32447 -0.248727 
0.759485 1.66999 -1.99696 1.06738 1.31127 -0.169967 
0.779226 1.82483 -2.10133 1.05452 1.32618 -0.178817 
0.721039 1.71827 -2.11595 1.01033 1.29982 -0.145899 
0.663085 1.79935 -2.16225 0.982153 1.28171 -0.166209 
0.664482 1.82245 -2.18585 0.973181 1.28306 -0.180309 
0.682168 1.71299 -2.1478 0.963611 1.27199 -0.175527 
0.66158 1.83522 -2.1461 0.979282 1.26268 -0.225491 
0.699735 1.71303 -2.10904 0.989407 1.26547 -0.212807 
0.744054 1.67681 -2.16053 1.01156 1.27856 -0.208648 
0.67837 1.88531 -2.17327 1.02881 1.25954 -0.251321 
0.709824 1.87883 -2.20398 1.04593 1.27221 -0.23592 
0.810189 1.80641 -2.16668 1.04989 1.29186 -0.195296 
0.76968 1.91217 -2.28577 1.05501 1.29371 -0.184454 
0.816087 1.8253 -2.32024 1.05217 1.31132 -0.152107 
0.728371 1.76497 -2.2707 1.02242 1.2714 -0.139093 
0.675315 1.83007 -2.3173 1.01179 1.26291 -0.159035 
0.676268 1.85993 -2.35561 0.992964 1.26232 -0.1741 
0.602056 1.8699 -2.28383 0.954137 1.22258 -0.191216 
0.538051 1.99214 -2.30694 0.937937 1.20704 -0.234786 
0.56742 1.87889 -2.26049 0.917769 1.20437 -0.219967 
0.593133 1.88102 -2.24479 0.922158 1.21217 -0.230128 
0.634388 1.94128 -2.27454 0.935302 1.22284 -0.241206 
0.650578 1.84103 -2.31828 0.937402 1.22833 -0.197319 
0.609048 1.94081 -2.37685 0.948516 1.22484 -0.194742 
0.671469 1.92181 -2.43024 0.96692 1.24872 -0.159995 
0.658087 1.94561 -2.37543 0.965895 1.22561 -0.155938 
0.655666 2.03499 -2.38278 0.976871 1.22078 -0.1733 
0.704167 2.06111 -2.40131 0.993011 1.23548 -0.184726 
0.72006 1.99238 -2.32077 0.989946 1.22669 -0.187369 
0.735919 1.9899 -2.35723 0.993972 1.23192 -0.195209 
0.785986 1.9079 -2.37765 0.98803 1.24149 -0.184521 
0.643212 1.89203 -2.28776 0.942043 1.17821 -0.195004 
0.556038 1.98122 -2.31259 0.909802 1.14779 -0.220215 
0.526364 1.88461 -2.28466 0.88083 1.13407 -0.202615 
0.479598 1.9401 -2.34697 0.858725 1.12448 -0.197766 
0.49036 1.96375 -2.42369 0.852354 1.13663 -0.174005 
0.509382 1.91022 -2.41758 0.852732 1.14494 -0.135598 
0.526158 1.95517 -2.52724 0.87175 1.16819 -0.11853 
0.593225 1.97865 -2.54852 0.890167 1.18818 -0.11532 
0.674097 1.94049 -2.52705 0.917224 1.21485 -0.108909 
0.643867 2.10589 -2.52618 0.945662 1.2089 -0.16461 
0.680122 2.15401 -2.48129 0.966708 1.21118 -0.202718 
0.761243 2.07062 -2.38033 0.982543 1.22559 -0.207316 
0.812214 2.19624 -2.39599 1.00405 1.2358 -0.254709 
0.796091 2.14626 -2.32938 0.998141 1.22086 -0.266364 
0.710522 2.14176 -2.33887 0.981627 1.19921 -0.272369 
0.728288 2.1748 -2.29443 0.965353 1.19416 -0.286148 
0.673703 2.17438 -2.40907 0.936403 1.18716 -0.26443 
0.690426 2.24639 -2.42911 0.912413 1.20057 -0.261338 
0.60511 2.32371 -2.46189 0.876949 1.17723 -0.254404 
0.617762 2.33595 -2.45747 0.85899 1.17946 -0.232045 
0.647619 2.38964 -2.54126 0.859676 1.2006 -0.222577 
0.665749 2.36316 -2.51359 0.863628 1.20311 -0.219194 
0.640329 2.31714 -2.47917 0.871866 1.18769 -0.215594 
0.620853 2.2919 -2.44256 0.887366 1.17773 -0.224304 
0.698776 2.29928 -2.44031 0.919299 1.20201 -0.242304 
0.726859 2.34311 -2.37911 0.939121 1.19416 -0.271466 
0.803345 2.39693 -2.3885 0.968097 1.21699 -0.302966 
0.792355 2.35354 -2.32031 0.97119 1.20646 -0.309563 
0.8451 2.37056 -2.27107 0.976534 1.2043 -0.323403 
0.769016 2.40025 -2.34792 0.967963 1.18718 -0.327115 
0.698254 2.32273 -2.29199 0.936169 1.15244 -0.304474 
0.66981 2.3026 -2.31571 0.907772 1.14168 -0.276308 
0.618496 2.27721 -2.39214 0.872445 1.13673 -0.237567 
0.570258 2.20523 -2.43285 0.834506 1.12631 -0.188976 
0.503013 2.18218 -2.41622 0.796289 1.09755 -0.164059 
0.499245 2.16608 -2.45871 0.786033 1.10135 -0.150549 
0.456426 2.16577 -2.46205 0.778422 1.0798 -0.151214 
0.455686 2.27049 -2.47058 0.795678 1.08387 -0.191313 
0.539526 2.2514 -2.49315 0.820852 1.10639 -0.196032 
0.572621 2.30906 -2.4361 0.846509 1.1117 -0.232676 
0.5884 2.41345 -2.45086 0.877995 1.12102 -0.276948 
0.640459 2.4202 -2.45074 0.906107 1.13514 -0.29285 
0.622386 2.49785 -2.3957 0.923265 1.12614 -0.331788 
0.685081 2.60603 -2.40341 0.940883 1.1396 -0.366715 
0.723204 2.60686 -2.38837 0.956048 1.15594 -0.372601 
0.784324 2.60241 -2.40069 0.959881 1.17296 -0.366957 
0.73319 2.6228 -2.45496 0.941038 1.15942 -0.352018 
0.639539 2.53948 -2.47988 0.899963 1.13069 -0.310279 
0.48595 2.50853 -2.53853 0.851452 1.09096 -0.272767 
0.455613 2.41704 -2.60558 0.814584 1.08265 -0.214645 
0.544113 2.32613 -2.59906 0.79968 1.11962 -0.182994 
0.424698 2.46257 -2.64888 0.779799 1.08462 -0.211457 
0.503512 2.38761 -2.57155 0.78068 1.09569 -0.19393 
0.476009 2.54969 -2.5647 0.796901 1.09122 -0.249892 
0.490064 2.62642 -2.52875 0.814534 1.08665 -0.285035 
0.560103 2.58855 -2.5217 0.835563 1.09803 -0.282019 
0.517327 2.71859 -2.45638 0.854037 1.08081 -0.338176 
0.586627 2.68729 -2.50588 0.879839 1.10369 -0.335336 
0.576203 2.67364 -2.47382 0.893872 1.09805 -0.346383 
0.610901 2.68962 -2.46854 0.908919 1.10907 -0.360711 
0.648166 2.6759 -2.47147 0.916244 1.11241 -0.352235 
0.69903 2.70795 -2.4714 0.925036 1.12518 -0.359277 
0.725998 2.69011 -2.4561 0.918115 1.13939 -0.353231 
0.627617 2.664 -2.51022 0.89132 1.10677 -0.322393 
0.51625 2.58596 -2.47781 0.841849 1.06122 -0.280436 
0.478 2.5364 -2.56201 0.805413 1.06548 -0.24161 
0.346845 2.41986 -2.56671 0.755961 1.01886 -0.189703 
0.326741 2.32779 -2.59282 0.727055 1.00708 -0.143367 
0.343738 2.25371 -2.6177 0.719685 1.02466 -0.129512 
0.382607 2.09385 -2.54123 0.715092 1.02099 -0.0924529 
0.278299 2.27107 -2.56463 0.721496 0.982369 -0.134864 
0.333391 2.29232 -2.50657 0.74529 1.00279 -0.167831 
0.348771 2.27074 -2.4849 0.761812 0.997671 -0.170744 
0.446966 2.25978 -2.47259 0.789613 1.01589 -0.173576 
0.469122 2.28801 -2.44845 0.815108 1.02773 -0.210289 
0.479272 2.31449 -2.43861 0.834678 1.03042 -0.223107 
0.431581 2.34947 -2.49352 0.837955 1.01087 -0.230893 
0.482019 2.25491 -2.37103 0.839232 1.02603 -0.227414 
0.478349 2.32483 -2.42687 0.844967 1.03695 -0.24403 
0.42079 2.4451 -2.50853 0.834892 1.02002 -0.248996 
0.516043 2.35722 -2.45905 0.826017 1.05725 -0.219521 
0.507399 2.33758 -2.49894 0.796283 1.06441 -0.192808 
0.391915 2.34202 -2.62702 0.75479 1.03631 -0.157784 
0.30409 2.36164 -2.64135 0.7218 1.00889 -0.147758 
0.202667 2.2769 -2.64838 0.689319 0.985134 -0.125622 
0.15401 2.30279 -2.65201 0.683473 0.978719 -0.137789 
0.167418 2.32644 -2.65785 0.689823 0.971855 -0.143254 
0.253517 2.32055 -2.60885 0.708229 0.98892 -0.144809 
0.301002 2.42303 -2.58833 0.734903 1.00228 -0.189729 
0.304456 2.53746 -2.54289 0.758944 1.00797 -0.246902 
0.407733 2.5392 -2.52605 0.785643 1.03049 -0.255549 
0.528881 2.55846 -2.53354 0.819186 1.06586 -0.273453 
0.476102 2.60919 -2.47834 0.825951 1.04106 -0.297101 
0.434017 2.67674 -2.46042 0.834787 1.03251 -0.330324 
0.400023 2.63843 -2.47682 0.833043 1.02481 -0.328274 
0.433028 2.67471 -2.47688 0.836708 1.02665 -0.331463 
0.501818 2.61247 -2.51677 0.83618 1.05312 -0.305014 
0.437998 2.5746 -2.5236 0.818243 1.03483 -0.281794 
0.40351 2.56431 -2.5037 0.788958 1.02435 -0.264358 
0.388395 2.48528 -2.56105 0.763478 1.03337 -0.230906 
0.328741 2.44579 -2.50614 0.724908 1.00577 -0.212431 
0.27512 2.4501 -2.57996 0.69696 0.989872 -0.200577 
0.235003 2.37901 -2.5322 0.677861 0.970784 -0.188082 
0.303467 2.40094 -2.49954 0.683254 0.984467 -0.199339 
0.236392 2.42751 -2.48459 0.680634 0.952333 -0.209545 
0.261774 2.3763 -2.45581 0.6901 0.950837 -0.206595 
0.199631 2.54734 -2.40681 0.703 0.915247 -0.258282 
0.276133 2.59396 -2.38217 0.725762 0.923484 -0.275214 
0.400448 2.56615 -2.35657 0.753728 0.949998 -0.273262 
0.382288 2.70125 -2.28647 0.766142 0.921565 -0.315591 
0.37123 2.64072 -2.38158 0.781207 0.922326 -0.294419 
0.42419 2.54962 -2.25551 0.785665 0.918793 -0.285424 
0.373302 2.67616 -2.34834 0.787429 0.900253 -0.308425 
0.405219 2.63166 -2.40031 0.792255 0.913304 -0.290384 
0.394177 2.54965 -2.3817 0.779979 0.90869 -0.262379 
0.31217 2.64219 -2.44192 0.758075 0.882151 -0.2597 
0.32358 2.59146 -2.49741 0.73681 0.89259 -0.224636 
0.279409 2.6298 -2.53817 0.70893 0.878133 -0.208043 
0.212368 2.64116 -2.61946 0.676437 0.863233 -0.192763 
0.14485 2.59972 -2.6818 0.652413 0.846473 -0.168624 
0.120206 2.60631 -2.6482 0.634333 0.827637 -0.167191 
0.0913226 2.68121 -2.70784 0.634587 0.825135 -0.186488 
0.175136 2.59412 -2.66439 0.639356 0.841461 -0.174214 
0.155279 2.6549 -2.66908 0.647782 0.828509 -0.189397 
0.196077 2.70294 -2.66376 0.665369 0.839153 -0.20717 
0.184462 2.825 -2.66068 0.684608 0.829518 -0.245891 
0.207626 3.05775 -2.65989 0.710504 0.826438 -0.310585 
0.308309 3.08089 -2.60564 0.734547 0.848361 -0.327804 
0.36049 3.1391 -2.55537 0.75407 0.855864 -0.35198 
0.291833 3.27631 -2.62421 0.759023 0.830534 -0.383719 
0.288973 3.24654 -2.61301 0.764818 0.826537 -0.379325 
0.30502 3.24568 -2.58059 0.764463 0.824274 -0.385935 
0.215395 3.29991 -2.59619 0.758365 0.796809 -0.3933 
0.284308 3.15351 -2.59334 0.744419 0.810738 -0.345164 
0.202493 3.18063 -2.60692 0.724148 0.787201 -0.337886 
0.152315 3.16157 -2.67487 0.693429 0.773501 -0.304939 
0.152585 3.11504 -2.68385 0.665377 0.769266 -0.275903 
0.052999 3.18221 -2.73042 0.633054 0.742527 -0.279917 
-0.00373817 3.17966 -2.73369 0.610903 0.725845 -0.273809 
-0.0165181 3.16103 -2.7106 0.593675 0.708592 -0.266923 
0.00628666 3.1951 -2.74629 0.597635 0.712531 -0.274562 
0.073516 3.08856 -2.71366 0.605663 0.727484 -0.255166 
0.0760307 3.11792 -2.69549 0.616645 0.719217 -0.26807 
0.05787 3.17914 -2.69453 0.632419 0.710714 -0.292011 
0.128895 3.08868 -2.65129 0.652691 0.729609 -0.276349 
0.0965883 3.22137 -2.60162 0.670622 0.704061 -0.314875 
0.104544 3.32771 -2.57249 0.691184 0.702695 -0.354381 
0.269734 3.29579 -2.50979 0.722443 0.741993 -0.360215 
0.232788 3.44568 -2.50708 0.735245 0.723194 -0.400993 
0.231212 3.45768 -2.48177 0.739195 0.718298 -0.410503 
0.236146 3.45135 -2.54473 0.739811 0.723698 -0.41181 
0.19689 3.53304 -2.47924 0.733032 0.696578 -0.427462 
0.13311 3.42745 -2.53099 0.712896 0.684135 -0.393347 
0.0811633 3.33238 -2.53651 0.689655 0.671663 -0.360982 
0.0480637 3.28307 -2.64245 0.660293 0.667079 -0.316097 
-0.0507621 3.18111 -2.6807 0.625501 0.63878 -0.270796 
0.00256921 3.09444 -2.66289 0.602974 0.655857 -0.234091 
-0.065822 3.19442 -2.76589 0.586347 0.644794 -0.236998 
-0.00712256 3.15914 -2.78361 0.579329 0.662984 -0.225717 
0.0135729 3.33176 -2.87434 0.594738 0.683668 -0.268295 
-0.157465 3.40704 -2.81201 0.585839 0.619212 -0.291283 
-0.0128072 3.38558 -2.82307 0.613137 0.664435 -0.292981 
0.0152 3.41217 -2.76918 0.629328 0.663499 -0.309798 
0.0165668 3.39523 -2.80693 0.649388 0.661968 -0.305596 
0.0577899 3.35955 -2.75586 0.668725 0.663945 -0.30282 
0.0943466 3.48959 -2.72348 0.689578 0.668974 -0.345284 
0.102589 3.54574 -2.7475 0.706665 0.669019 -0.358741 
0.076552 3.62376 -2.74482 0.717616 0.658525 -0.382131 
0.128144 3.75253 -2.8099 0.733671 0.676922 -0.411234 
0.0982188 3.72035 -2.74655 0.726165 0.656837 -0.407627 
0.129286 3.76446 -2.72586 0.72694 0.658503 -0.424387 
0.0844546 3.78353 -2.71174 0.710632 0.63936 -0.43146 
0.146687 3.63943 -2.72749 0.70214 0.657087 -0.394014 
0.0615081 3.68017 -2.72853 0.676654 0.630731 -0.396891 
-0.0305925 3.66103 -2.77921 0.642203 0.60793 -0.379601 
0.0205806 3.42742 -2.80874 0.614897 0.627021 -0.29832 
-0.141925 3.53073 -2.78645 0.580736 0.56934 -0.311071 
-0.124749 3.50465 -2.8316 0.565886 0.581354 -0.285175 
-0.056577 3.46634 -2.79197 0.564435 0.597077 -0.269753 
-0.0791372 3.63464 -2.77958 0.56962 0.585291 -0.308294 
-0.170618 3.70988 -2.83782 0.575134 0.564319 -0.327115 
-0.0968102 3.76353 -2.76564 0.592692 0.577486 -0.352807 
-0.152767 3.88164 -2.74309 0.60712 0.552663 -0.388731 
-0.128718 3.88167 -2.7042 0.625076 0.549354 -0.39542 
-0.00279266 3.95148 -2.69741 0.66139 0.586084 -0.418175 
-0.00620822 4.0574 -2.75191 0.685979 0.587354 -0.446128 
-0.00363391 3.94476 -2.69798 0.695886 0.576738 -0.423639 
0.000773632 4.01043 -2.61698 0.705605 0.56536 -0.445917 
-0.0358137 4.16165 -2.63448 0.709316 0.554318 -0.485067 
0.0539616 4.08175 -2.60755 0.706902 0.57623 -0.469286 
0.0714812 4.26543 -2.56176 0.707745 0.574404 -0.522342 
-0.01115 4.21752 -2.59976 0.68095 0.546029 -0.508398 
-0.0335512 4.13476 -2.63403 0.663502 0.540925 -0.483991 
-0.059827 4.19493 -2.56725 0.636772 0.520119 -0.50094 
-0.174834 4.139 -2.61063 0.606833 0.4945 -0.483419 
-0.162468 4.03232 -2.58363 0.580965 0.498342 -0.456697 
-0.161498 4.01108 -2.63599 0.559324 0.501195 -0.440939 
-0.261228 3.93549 -2.7007 0.534583 0.480077 -0.404259 
-0.182689 3.90516 -2.80168 0.542885 0.519578 -0.382077 
-0.239463 3.99 -2.73497 0.538384 0.49427 -0.397975 
-0.251063 4.02793 -2.8049 0.547386 0.495636 -0.394846 
-0.149442 4.11956 -2.77937 0.572771 0.530193 -0.417128 
-0.206037 4.22474 -2.81541 0.584104 0.510519 -0.441447 
-0.101709 4.16349 -2.82484 0.608244 0.546124 -0.426275 
-0.11797 4.33322 -2.73677 0.627201 0.527608 -0.483132 
-0.18744 4.39084 -2.79767 0.639818 0.509462 -0.500336 
-0.0812187 4.29285 -2.8001 0.660976 0.540709 -0.481248 
-0.040547 4.38011 -2.72844 0.673522 0.539765 -0.515843 
-0.137426 4.34827 -2.78178 0.672268 0.512525 -0.508312 
-0.0483346 4.16958 -2.77006 0.675507 0.537325 -0.469298 
-0.0977304 4.30703 -2.72769 0.671336 0.515418 -0.509735 
-0.155461 4.29746 -2.80026 0.660249 0.507599 -0.501386 
-0.118114 4.25699 -2.72567 0.644117 0.506457 -0.49627 
-0.17699 4.39644 -2.74984 0.623923 0.48967 -0.532115 
-0.229839 4.29696 -2.7628 0.589463 0.472742 -0.504213 
-0.177151 4.30497 -2.72247 0.571626 0.485867 -0.51021 
-0.263899 4.40382 -2.73228 0.545564 0.461511 -0.541285 
-0.328313 4.3805 -2.74061 0.522121 0.438921 -0.536186 
-0.232996 4.40399 -2.68448 0.524807 0.465059 -0.551209 
-0.372404 4.52759 -2.71919 0.517174 0.419143 -0.583068 
-0.269431 4.38916 -2.73962 0.525046 0.452229 -0.542402 
-0.352084 4.50514 -2.72034 0.534311 0.433648 -0.57956 
-0.360997 4.46238 -2.72579 0.542476 0.429189 -0.555092 
-0.257745 4.37347 -2.70712 0.560583 0.457856 -0.525756 
-0.274797 4.56766 -2.76368 0.583153 0.457557 -0.56866 
-0.257552 4.52667 -2.69124 0.598866 0.449642 -0.554254 
-0.193008 4.50031 -2.70627 0.621455 0.475085 -0.547724 
-0.197041 4.70295 -2.70256 0.63802 0.46378 -0.599913 
-0.214667 4.64225 -2.72113 0.638638 0.459337 -0.584132 
-0.0843822 4.55978 -2.64266 0.651959 0.4939 -0.578572 
-0.207603 4.68595 -2.62639 0.640559 0.445175 -0.615438 
-0.166736 4.52125 -2.60358 0.630886 0.448837 -0.577424 
-0.230267 4.5856 -2.59692 0.618735 0.428047 -0.60518 
-0.217784 4.56674 -2.56788 0.596889 0.420586 -0.597437 
-0.310996 4.35377 -2.5658 0.562141 0.394017 -0.545278 
-0.354296 4.38499 -2.50185 0.533091 0.369592 -0.555448 
-0.458278 4.4426 -2.5893 0.509486 0.349332 -0.565188 
-0.480357 4.43475 -2.62215 0.486647 0.346186 -0.563001 
-0.435118 4.52319 -2.55598 0.480605 0.353943 -0.584818 
-0.492273 4.47065 -2.63224 0.468038 0.338796 -0.567026 
-0.406101 4.36239 -2.60268 0.471775 0.36459 -0.537758 
-0.446758 4.49724 -2.54947 0.479703 0.347783 -0.581756 
-0.509678 4.59205 -2.65856 0.491672 0.34112 -0.605596 
-0.408643 4.59557 -2.61112 0.51191 0.366499 -0.613649 
-0.408693 4.76014 -2.64372 0.535496 0.370136 -0.662076 
-0.420731 4.77217 -2.67032 0.550975 0.365155 -0.664659 
-0.302651 4.75512 -2.62831 0.574195 0.397926 -0.655954 
-0.348729 4.91157 -2.62945 0.591249 0.38662 -0.695584 
-0.27508 4.89402 -2.67281 0.608637 0.413641 -0.683354 
-0.262424 5.06541 -2.70953 0.625302 0.424194 -0.723393 
-0.287932 5.16378 -2.7253 0.626589 0.420479 -0.744184 
-0.289865 5.10769 -2.75302 0.625106 0.422624 -0.71435 
-0.290781 5.18932 -2.73989 0.622228 0.422956 -0.736473 
-0.332412 5.18881 -2.81477 0.612279 0.418799 -0.731188 
-0.369235 4.99062 -2.77506 0.58554 0.39731 -0.673536 
-0.371589 5.12135 -2.77872 0.578444 0.399159 -0.717508 
-0.434433 5.10094 -2.79899 0.547522 0.381563 -0.713958 
-0.424873 4.83279 -2.75406 0.5223 0.375993 -0.646734 
-0.440963 4.87341 -2.73985 0.501073 0.364661 -0.666634 
-0.540039 4.82878 -2.74444 0.47606 0.336484 -0.653365 
-0.5213 4.67451 -2.71861 0.464436 0.337105 -0.617692 
-0.423399 4.84529 -2.75853 0.476536 0.369981 -0.665667 
-0.514072 4.89369 -2.72172 0.475924 0.332239 -0.676123 
-0.505368 4.97484 -2.72291 0.490021 0.33389 -0.703871 
-0.480611 5.15875 -2.69914 0.510305 0.339853 -0.758326 
-0.485348 5.06838 -2.73536 0.522015 0.342079 -0.734239 
-0.34323 5.09999 -2.69241 0.547159 0.38147 -0.750265 
-0.469214 5.19746 -2.68018 0.553145 0.342344 -0.77681 
-0.473099 5.12215 -2.73363 0.565756 0.342487 -0.756815 
-0.41981 5.24413 -2.71467 0.585594 0.354359 -0.794303 
-0.328956 5.21901 -2.69615 0.598399 0.37452 -0.788074 
-0.349277 5.16381 -2.66125 0.602783 0.364562 -0.782227 
-0.4315 5.40972 -2.67053 0.605003 0.338482 -0.849476 
-0.424489 5.32579 -2.65468 0.597564 0.336905 -0.818962 
-0.404733 5.21936 -2.62931 0.587838 0.334359 -0.794858 
-0.39725 5.34394 -2.62606 0.584227 0.339789 -0.823553 
-0.484516 5.27741 -2.68119 0.558271 0.314873 -0.792902 
-0.470973 5.20822 -2.69071 0.54003 0.315723 -0.771858 
-0.536765 5.18616 -2.63271 0.505193 0.292354 -0.757541 
-0.625998 5.06808 -2.7024 0.472755 0.265275 -0.71971 
-0.567428 4.97985 -2.65635 0.454624 0.277668 -0.701558 
-0.664329 5.01355 -2.68183 0.428946 0.242331 -0.699973 
-0.753444 4.9249 -2.85487 0.411122 0.218651 -0.66904 
-1.00059 5.11809 -3.3252 0.397912 0.164285 -0.693717 
-1.39989 5.43343 -4.49613 0.389871 0.108349 -0.691254 
-1.55456 5.83717 -6.09172 0.389633 0.0749775 -0.698224 
-1.87468 6.45082 -7.71765 0.394287 0.0243683 -0.755398 
-2.13991 6.78152 -8.8592 0.391479 -0.0212766 -0.777889 
-2.49028 6.90159 -9.66463 0.371849 -0.0963771 -0.755916 
-2.57727 7.45523 -10.4499 0.369021 -0.152686 -0.843698 
-2.53016 7.75956 -11.1262 0.384333 -0.13887 -0.878755 
-2.54565 7.74898 -11.6076 0.392259 -0.116868 -0.839713 
-2.73024 8.59555 -11.947 0.407462 -0.138877 -1.03114 
-2.99918 8.77976 -12.3513 0.405905 -0.165478 -1.0709 
-2.54255 6.09066 -12.959 0.368029 -0.0707786 -0.331372 
-2.15712 5.01185 -13.4309 0.366677 -0.00529218 -0.0245245 
-2.12472 7.02368 -13.8226 0.402393 -0.00342797 -0.544635 
-2.27387 8.39942 -14.2966 0.425237 0.00681789 -0.868753 
-2.61984 9.40429 -14.5232 0.426632 -0.0595737 -1.11678 
-2.87175 9.39798 -14.8682 0.40492 -0.0914424 -1.09584 
-2.95707 8.657 -15.2057 0.370008 -0.0965874 -0.868939 
-3.15311 9.72111 -15.3356 0.381928 -0.134431 -1.16621 
-3.12726 9.4796 -15.5617 0.362075 -0.1392 -1.10828 
-3.13208 9.24676 -16.0477 0.341435 -0.111749 -1.02193 
-3.24972 10.1892 -16.3179 0.337201 -0.155737 -1.26017 
-3.57768 10.2148 -16.4183 0.307544 -0.165978 -1.24422 
-3.68651 10.4058 -16.7468 0.290591 -0.193698 -1.28437 
-3.69986 10.683 -16.8094 0.280188 -0.236273 -1.36748 
-3.44215 8.68426 -16.8679 0.248561 -0.158179 -0.835773 
-3.21372 6.69028 -17.3569 0.215769 -0.130455 -0.287787 
-2.79141 6.08897 -17.6371 0.226062 -0.0714889 -0.142713 
-2.36712 7.0415 -17.3924 0.270994 -0.0191559 -0.447658 
-2.23269 9.43858 -17.3322 0.335611 0.00326029 -1.10815 
-2.49205 10.5945 -17.0495 0.357327 -0.046182 -1.42574 
-2.87596 11.2092 -16.3976 0.372767 -0.0746722 -1.61462 
-3.15899 11.2362 -14.8073 0.391146 -0.0960357 -1.73553 
-2.89461 10.1755 -12.9882 0.408916 -0.0437567 -1.59035 
-2.431 8.80125 -10.9736 0.428814 0.0589941 -1.36549 
-1.85033 8.9539 -8.04245 0.491269 0.171672 -1.60996 
-1.17844 8.09073 -4.62321 0.531795 0.306016 -1.61686 
-0.889953 7.35009 -2.04136 0.563894 0.38094 -1.61358 
-0.786889 6.61108 -0.887102 0.573347 0.405156 -1.50392 
-0.634439 5.93705 -0.409043 0.567806 0.424483 -1.33035 
-0.554701 5.58083 -0.351293 0.5645 0.414378 -1.22739 
-0.640088 5.1728 -0.403999 0.53456 0.357635 -1.10552 
-0.556575 5.01948 -0.454514 0.527775 0.35882 -1.0532 
-0.643191 4.9024 -0.561313 0.505936 0.313472 -1.00798 
-0.650481 4.73838 -0.707724 0.480374 0.303124 -0.944423 
-0.633331 4.85609 -0.830067 0.473003 0.298071 -0.965052 
-0.771261 4.86482 -0.89941 0.435259 0.243409 -0.956071 
-0.687572 4.69864 -1.05233 0.416747 0.266 -0.885348 
-0.758571 4.89539 -1.13036 0.401681 0.236413 -0.930093 
-0.863907 4.84474 -1.22691 0.379558 0.197019 -0.906303 
-0.852623 4.7181 -1.27223 0.370397 0.196163 -0.855115 
-0.872077 4.99065 -1.34849 0.372209 0.178962 -0.921209 
-0.844673 4.83982 -1.44165 0.37506 0.185356 -0.865243 
-0.755337 4.66189 -1.48013 0.383137 0.204138 -0.805014 
-0.797456 4.94463 -1.49893 0.395415 0.184043 -0.882643 
-0.795722 4.87517 -1.53219 0.405913 0.181078 -0.856047 
-0.758196 4.8894 -1.53383 0.420439 0.183627 -0.857754 
-0.704479 5.14014 -1.55497 0.445842 0.200928 -0.925604 
-0.695481 5.01812 -1.58056 0.459365 0.201719 -0.893468 
-0.725076 5.12837 -1.65115 0.474066 0.197017 -0.912848 
-0.786837 5.33671 -1.62037 0.485419 0.171996 -0.97814 
-0.764903 5.28035 -1.57468 0.490433 0.170961 -0.962675 
-0.778572 5.56057 -1.55276 0.503426 0.165525 -1.04386 
-0.826775 5.60313 -1.55329 0.494669 0.143531 -1.05086 
-0.749509 5.47911 -1.55673 0.496307 0.167465 -1.00303 
-0.773972 5.66862 -1.60046 0.494614 0.15974 -1.066 
-0.78488 5.5761 -1.60681 0.48391 0.154775 -1.04953 
-0.837085 5.63299 -1.6209 0.47366 0.145836 -1.04235 
-0.920641 5.66757 -1.57842 0.450441 0.109124 -1.06844 
-0.918965 5.52854 -1.61533 0.433939 0.116146 -1.02543 
-0.874634 5.56896 -1.64562 0.419124 0.125539 -1.027 
-0.992142 5.57632 -1.66947 0.387147 0.0867154 -1.0281 
-0.906568 5.40787 -1.69353 0.368669 0.115028 -0.969078 
-0.941544 5.59971 -1.73089 0.356925 0.107634 -1.01796 
-1.06023 5.60077 -1.7355 0.335553 0.0726853 -1.02568 
-1.02618 5.53134 -1.75843 0.325719 0.0843475 -0.998581 
-1.08069 5.81096 -1.77337 0.331029 0.0671358 -1.07267 
-1.0932 5.86979 -1.79754 0.339557 0.0659194 -1.0912 
-1.08563 5.91082 -1.83987 0.353719 0.0771642 -1.08569 
-1.05571 6.16977 -1.79579 0.372326 0.0748059 -1.17086 
-1.03829 6.12934 -1.87354 0.388525 0.085452 -1.16037 
-0.936649 6.1259 -1.8082 0.406994 0.113532 -1.15292 
-0.987819 6.27627 -1.90764 0.426802 0.107145 -1.20383 
-0.966106 6.23652 -1.92707 0.443416 0.115713 -1.19943 
-0.881491 6.35852 -1.8079 0.464949 0.133146 -1.23909 
-0.982234 6.43058 -1.92255 0.474102 0.105899 -1.26251 
-0.894558 6.24689 -1.95258 0.485452 0.140695 -1.20808 
-0.91995 6.45976 -1.88959 0.494495 0.12533 -1.27495 
-0.947282 6.46125 -1.9454 0.49296 0.118168 -1.2755 
-0.892368 6.25694 -1.95024 0.490344 0.136329 -1.21029 
-0.91698 6.47208 -1.92414 0.492724 0.122766 -1.2822 
-0.972676 6.30966 -1.98088 0.4739 0.113698 -1.23096 
-0.885392 6.06653 -1.96808 0.464076 0.140032 -1.16152 
-1.03358 6.34021 -2.04052 0.446087 0.0979847 -1.24352 
-1.0672 6.13246 -1.97595 0.414704 0.0826284 -1.1869 
-1.03455 6.02646 -1.99359 0.400653 0.0901865 -1.15626 
-1.13325 6.11994 -2.02444 0.365125 0.0576906 -1.17906 
-1.10625 5.84069 -2.00978 0.338509 0.0671809 -1.09599 
-1.08365 5.85656 -2.02436 0.326071 0.0755792 -1.09717 
-1.18011 5.97117 -2.03793 0.306626 0.0427354 -1.12784 
-1.08022 5.6832 -2.06996 0.299306 0.0760854 -1.03832 
-1.09274 5.77217 -1.98532 0.297204 0.0645043 -1.07033 
-1.21356 5.86431 -2.01132 0.296602 0.028467 -1.09968 
-1.07781 5.66918 -2.03396 0.309004 0.0714082 -1.03466 
-1.06279 5.86342 -1.97953 0.324895 0.0677929 -1.10024 
-1.17053 5.94593 -2.0015 0.333425 0.0308125 -1.12911 
-1.16537 5.92243 -2.04023 0.347368 0.0387396 -1.10394 
-1.0523 5.92802 -1.97415 0.3638 0.0604102 -1.12528 
-1.12519 5.85864 -1.99941 0.370848 0.0392084 -1.09659 
-1.08776 5.81336 -1.97013 0.384454 0.0458295 -1.08335 
-1.12115 5.98332 -1.94743 0.397562 0.0276658 -1.14645 
-0.979303 5.90297 -2.01311 0.414361 0.0769058 -1.11726 
-0.947806 5.9956 -1.92767 0.422078 0.0743816 -1.14618 
-0.998356 6.11792 -1.93075 0.428062 0.058376 -1.18381 
-1.01211 6.06182 -1.95804 0.422892 0.052696 -1.16354 
-1.0851 6.28768 -1.93044 0.421327 0.0257745 -1.23394 
-1.04371 6.25355 -1.99456 0.418278 0.0411862 -1.21479 
-1.07089 6.21607 -2.01566 0.408344 0.0349984 -1.19349 
-1.04557 6.30743 -1.98704 0.40327 0.0354093 -1.21744 
-1.12784 6.23347 -2.05593 0.37796 0.0155716 -1.19538 
-1.15451 6.24873 -2.0526 0.357644 0.0116066 -1.19943 
-1.11094 6.43171 -2.08185 0.353685 0.023411 -1.24658 
-1.20509 6.29138 -2.14677 0.311922 -0.00327394 -1.20406 
-1.22359 6.19349 -2.13839 0.289645 -0.0104106 -1.16807 
-1.32415 6.3356 -2.16596 0.272935 -0.0454151 -1.21132 
-1.28404 6.15293 -2.19524 0.25632 -0.0300719 -1.15644 
-1.34105 6.30733 -2.16746 0.251536 -0.0479003 -1.20277 
-1.39633 6.42428 -2.21097 0.246215 -0.0662064 -1.23971 
-1.35075 6.33603 -2.26377 0.25293 -0.0480776 -1.21208 
-1.37404 6.63045 -2.2255 0.268965 -0.0626061 -1.30368 
-1.39161 6.58537 -2.23046 0.276151 -0.0699608 -1.29069 
-1.25763 6.44973 -2.22731 0.290113 -0.0331637 -1.24981 
-1.33339 6.90726 -2.23164 0.3123 -0.0605745 -1.38476 
-1.2798 6.80987 -2.23044 0.328972 -0.0431591 -1.36096 
-1.3202 6.81799 -2.25787 0.343612 -0.0473499 -1.36224 
-1.30913 7.05144 -2.26137 0.364641 -0.0482516 -1.4282 
-1.29758 6.83273 -2.27647 0.37503 -0.0457335 -1.36673 
-1.17971 6.79102 -2.30172 0.392459 -0.00936877 -1.35259 
-1.22818 6.9775 -2.26962 0.396953 -0.0338078 -1.40185 
-1.15955 6.79553 -2.33461 0.401499 -0.0062505 -1.33852 
-1.20118 6.9993 -2.29601 0.407109 -0.0260317 -1.39571 
-1.27877 7.10047 -2.31376 0.400813 -0.0511697 -1.41924 
-1.2672 6.88832 -2.32345 0.395622 -0.04562 -1.34907 
-1.31337 7.08373 -2.33919 0.390524 -0.0591863 -1.40601 
-1.27538 7.11057 -2.31027 0.382179 -0.0536485 -1.41112 
-1.27537 7.05656 -2.35689 0.372567 -0.0480676 -1.39163 
-1.41446 7.26162 -2.32033 0.347566 -0.0955302 -1.44907 
-1.37165 7.09825 -2.33403 0.329982 -0.0836569 -1.40329 
-1.35929 6.90753 -2.34624 0.308093 -0.0778895 -1.33884 
-1.51675 7.1168 -2.36223 0.275277 -0.12973 -1.40624 
-1.46221 6.94226 -2.43322 0.258707 -0.10833 -1.35369 
-1.46251 6.85442 -2.38366 0.2387 -0.114753 -1.32831 
-1.59202 7.05908 -2.4106 0.224409 -0.155606 -1.39324 
-1.52201 6.81738 -2.42931 0.219396 -0.134857 -1.31398 
-1.56802 6.91878 -2.32758 0.216371 -0.160526 -1.35805 
-1.61165 6.98262 -2.34908 0.220651 -0.178432 -1.38243 
-1.57752 6.93517 -2.41574 0.229795 -0.161983 -1.34644 
-1.54564 7.12773 -2.34274 0.242866 -0.160384 -1.41552 
-1.53813 7.14402 -2.32149 0.256177 -0.16244 -1.41948 
-1.47437 7.17902 -2.32556 0.273023 -0.145984 -1.4239 
-1.54855 7.41094 -2.30098 0.284864 -0.176583 -1.50301 
-1.58366 7.36173 -2.34641 0.296196 -0.181738 -1.47678 
-1.46257 7.36609 -2.27711 0.313216 -0.151955 -1.48229 
-1.50549 7.50629 -2.24744 0.323366 -0.170555 -1.52586 
-1.46887 7.37842 -2.29972 0.335996 -0.15574 -1.48047 
-1.50342 7.40959 -2.23261 0.338446 -0.173386 -1.49363 
-1.44531 7.51284 -2.21966 0.34716 -0.163721 -1.52532 
-1.49625 7.35558 -2.24957 0.346573 -0.173876 -1.47227 
-1.46848 7.39078 -2.21683 0.346094 -0.169905 -1.49465 
-1.48368 7.48562 -2.23364 0.348763 -0.172584 -1.51985 
-1.51993 7.37652 -2.25162 0.338754 -0.184584 -1.49692 
-1.51822 7.55817 -2.20216 0.331005 -0.188836 -1.55536 
-1.60749 7.4915 -2.23595 0.319836 -0.210581 -1.53651 
-1.53887 7.37356 -2.26768 0.307487 -0.185618 -1.50959 
-1.62765 7.58798 -2.24073 0.284189 -0.213742 -1.57095 
-1.6178 7.43321 -2.31139 0.273603 -0.208235 -1.53207 
-1.56291 7.14667 -2.34407 0.250474 -0.18713 -1.45323 
-1.66308 7.35442 -2.31176 0.227942 -0.214886 -1.51667 
-1.67162 7.13487 -2.37001 0.212479 -0.215127 -1.45695 
-1.62555 6.55901 -2.4478 0.190712 -0.196532 -1.28662 
-1.66533 6.98501 -2.34802 0.18419 -0.210533 -1.41114 
-1.72796 7.02292 -2.40674 0.17735 -0.223655 -1.41546 
-1.80243 7.17744 -2.39222 0.171621 -0.244662 -1.45391 
-1.76788 7.404 -2.42211 0.185523 -0.230943 -1.51849 
-1.74822 7.26222 -2.40368 0.193368 -0.226292 -1.48355 
-1.77128 7.61495 -2.42809 0.205742 -0.229999 -1.57624 
-1.73549 7.66191 -2.42657 0.221778 -0.221583 -1.59145 
-1.72002 7.52217 -2.43765 0.234014 -0.213424 -1.54867 
-1.69362 7.84349 -2.45649 0.245542 -0.204847 -1.63421 
-1.67591 7.77615 -2.44964 0.260242 -0.201781 -1.62132 
-1.66802 7.65859 -2.41655 0.269885 -0.199958 -1.58382 
-1.72293 8.0793 -2.41307 0.281445 -0.22078 -1.69917 
-1.72939 8.11133 -2.40824 0.294765 -0.222759 -1.71328 
-1.69055 8.09503 -2.39039 0.301043 -0.212343 -1.70125 
-1.74298 8.42409 -2.36775 0.309581 -0.233744 -1.7957 
-1.79273 8.33749 -2.36256 0.310419 -0.250206 -1.77983 
-1.6785 8.26868 -2.36642 0.312672 -0.212041 -1.74227 
-1.71859 8.42257 -2.40359 0.313755 -0.22479 -1.79369 
-1.70048 8.2193 -2.36387 0.309408 -0.221738 -1.74021 
-1.6805 8.36579 -2.37853 0.303272 -0.210555 -1.76732 
-1.74438 8.41152 -2.3736 0.295369 -0.236309 -1.79955 
-1.74866 8.20014 -2.37284 0.280509 -0.236277 -1.73384 
-1.84051 8.43747 -2.3834 0.259675 -0.262456 -1.79366 
-1.86779 8.30654 -2.44085 0.243921 -0.276877 -1.76929 
-1.79581 8.05386 -2.38676 0.22531 -0.25762 -1.70064 
-1.85122 8.26884 -2.38961 0.20177 -0.276036 -1.76107 
-1.88708 8.01771 -2.3787 0.182033 -0.290827 -1.70112 
-1.88633 7.64882 -2.43465 0.162102 -0.284499 -1.57976 
-1.90467 7.92448 -2.37106 0.149124 -0.298229 -1.66305 
-1.96803 7.84552 -2.39032 0.141021 -0.318718 -1.64336 
-1.92628 7.77605 -2.3713 0.13889 -0.303303 -1.60702 
-1.97169 8.05434 -2.42903 0.142526 -0.315816 -1.6958 
-1.92604 7.82503 -2.38179 0.148998 -0.3045 -1.62575 
-1.95419 8.02113 -2.35488 0.159616 -0.311904 -1.67412 
-1.96523 8.04501 -2.41685 0.166091 -0.320488 -1.6881 
-1.89253 7.73728 -2.39368 0.177631 -0.297055 -1.59774 
-1.92144 8.01385 -2.31213 0.188121 -0.311169 -1.67667 
-1.88484 7.95937 -2.40296 0.197312 -0.302838 -1.66629 
-1.86265 7.58703 -2.37408 0.204489 -0.294102 -1.54917 
-1.85589 7.97767 -2.37148 0.218521 -0.297892 -1.66121 
-1.91588 8.02618 -2.38847 0.227583 -0.315998 -1.68136 
-1.85417 7.67033 -2.39601 0.237297 -0.294753 -1.57744 
-1.95712 8.23523 -2.31935 0.244637 -0.334502 -1.74431 
-1.88545 8.20775 -2.30192 0.248764 -0.310998 -1.74414 
-1.86412 7.95225 -2.33375 0.255082 -0.301858 -1.66455 
-1.90445 8.5513 -2.3626 0.261086 -0.312073 -1.83615 
-1.92567 8.56431 -2.30425 0.255178 -0.325192 -1.85414 
-1.96904 8.61554 -2.32764 0.256734 -0.335782 -1.86711 
-2.02159 9.00968 -2.33097 0.250932 -0.349306 -1.98545 
-1.95207 8.72434 -2.30383 0.242304 -0.329952 -1.91597 
-1.92905 8.55854 -2.34954 0.238588 -0.317646 -1.85624 
-1.92015 8.83665 -2.34609 0.22738 -0.316155 -1.94112 
-2.00895 8.61455 -2.38751 0.197846 -0.336915 -1.88079 
-1.98721 8.61675 -2.42407 0.19101 -0.330485 -1.86857 
-1.97314 8.79323 -2.40215 0.175255 -0.328966 -1.9269 
-2.06775 8.55501 -2.45246 0.140402 -0.357026 -1.86582 
-2.14766 8.62412 -2.34354 0.132319 -0.379821 -1.88029 
-2.17373 8.73533 -2.44125 0.120928 -0.384635 -1.91354 
-2.04597 8.3541 -2.39701 0.104914 -0.348419 -1.8115 
-2.13573 8.70294 -2.44674 0.107381 -0.365967 -1.90412 
-2.1912 8.70074 -2.4602 0.103061 -0.386016 -1.90284 
-2.11819 8.2184 -2.45215 0.0699269 -0.364094 -1.76076 
-2.16275 8.7235 -2.50813 0.094158 -0.370625 -1.89502 
-2.17197 8.78354 -2.48158 0.10747 -0.378352 -1.91674 
-2.11434 8.44759 -2.49737 0.104816 -0.354222 -1.81535 
-2.17478 9.03627 -2.46364 0.125407 -0.37261 -1.9795 
-2.12699 8.96248 -2.46435 0.138314 -0.362298 -1.9659 
-2.13728 8.61354 -2.49145 0.148416 -0.359108 -1.85745 
-2.11543 9.15572 -2.45142 0.163709 -0.359039 -2.0162 
-2.14856 9.11594 -2.38098 0.173703 -0.368929 -2.01713 
-2.06836 8.9401 -2.36312 0.18538 -0.352898 -1.95608 
-2.1094 9.34342 -2.43457 0.198416 -0.360005 -2.07548 
-2.07009 9.07793 -2.41036 0.206975 -0.346208 -2.00114 
-2.04206 9.314 -2.47401 0.217621 -0.336604 -2.05718 
-2.09024 9.40118 -2.42312 0.218965 -0.359146 -2.1003 
-2.04463 9.00387 -2.43819 0.220659 -0.341381 -1.97819 
-2.05796 9.396 -2.45769 0.228793 -0.345748 -2.08717 
-2.05423 9.1746 -2.42451 0.219159 -0.353471 -2.03733 
-1.89404 7.88078 -2.55774 0.219201 -0.294547 -1.66626 
-1.99901 8.82952 -2.46761 0.219099 -0.333934 -1.93031 
-2.07183 8.85357 -2.43785 0.202767 -0.359596 -1.95797 
-2.09031 8.17788 -2.49829 0.19408 -0.36129 -1.7645 
-2.14071 8.88466 -2.4363 0.179219 -0.383951 -1.96763 
-2.10463 8.71385 -2.4068 0.15054 -0.375662 -1.93043 
-2.1326 8.73713 -2.45662 0.143178 -0.376394 -1.91879 
-2.21537 8.96352 -2.44021 0.1244 -0.409697 -1.98868 
-2.20248 8.7774 -2.39635 0.0915032 -0.407519 -1.94741 
-2.26551 9.16678 -2.40225 0.0866114 -0.418893 -2.03304 
-2.34463 9.34748 -2.43369 0.0754228 -0.446007 -2.09528 
-2.28817 9.1528 -2.40483 0.0654851 -0.426083 -2.03393 
-2.31082 9.62204 -2.42801 0.0661152 -0.432467 -2.15514 
-2.35701 9.61188 -2.3659 0.062134 -0.454222 -2.16673 
-2.38434 9.24307 -2.39137 0.044743 -0.455119 -2.04862 
-2.34749 9.73599 -2.39326 0.0634465 -0.446745 -2.18595 
-2.33355 9.64368 -2.38787 0.0672224 -0.444076 -2.17686 
-2.22883 8.87416 -2.44018 0.0730262 -0.411516 -1.94975 
-2.27776 9.63307 -2.37411 0.0871722 -0.430658 -2.1647 
-2.34666 9.83266 -2.37409 0.0944711 -0.450149 -2.233 
-2.37391 9.78187 -2.33665 0.103951 -0.455491 -2.20998 
-2.30291 10.0784 -2.28433 0.118205 -0.443936 -2.30073 
-2.28204 9.96135 -2.26404 0.125986 -0.443294 -2.28318 
-2.2565 10.1628 -2.24227 0.147764 -0.433186 -2.33484 
-2.2543 10.2213 -2.23228 0.154557 -0.442088 -2.35904 
-2.32096 10.106 -2.2614 0.156979 -0.461433 -2.33359 
-2.34718 10.5304 -2.17136 0.171468 -0.468881 -2.44796 
-2.27286 10.3749 -2.2028 0.173549 -0.451075 -2.41723 
-2.18388 9.14994 -2.23492 0.174702 -0.430627 -2.07863 
-2.20094 10.0038 -2.2392 0.187494 -0.427793 -2.31536 
-2.21887 9.96173 -2.23657 0.185372 -0.435924 -2.31497 
-2.10596 7.95303 -2.35925 0.173549 -0.403085 -1.74022 
-2.17047 9.35934 -2.28314 0.184071 -0.422121 -2.13463 
-2.28753 9.68001 -2.26741 0.17484 -0.457465 -2.23284 
-2.18702 8.91318 -2.37027 0.175883 -0.417865 -2.00959 
-2.3589 9.98877 -2.26858 0.169625 -0.472572 -2.30955 
-2.33368 10.0821 -2.30276 0.162405 -0.462538 -2.34769 
-2.32353 9.87781 -2.28777 0.156062 -0.455099 -2.28247 
-2.3591 10.3717 -2.32234 0.139022 -0.466441 -2.42009 
-2.36599 10.2804 -2.33774 0.126927 -0.46515 -2.39853 
-2.38631 10.3689 -2.34909 0.111401 -0.469492 -2.41015 
-2.46407 10.5046 -2.45472 0.0867711 -0.490434 -2.44689 
-2.3944 9.35557 -2.39867 0.0720259 -0.471279 -2.13362 
-2.47851 9.88248 -2.22852 0.0593118 -0.506495 -2.28076 
-2.54598 9.99105 -2.40098 0.0485892 -0.518599 -2.3016 
-2.18696 7.19254 -2.58016 0.0458942 -0.415547 -1.52368 
-2.45724 8.85212 -2.50875 0.0419234 -0.488787 -1.97204 
-2.44318 9.34814 -2.48514 0.0363545 -0.486914 -2.1162 
-2.37173 8.51713 -2.5256 0.0143951 -0.463632 -1.88693 
-2.47627 9.7102 -2.50613 0.0340333 -0.490992 -2.20241 
-2.4553 9.93079 -2.46729 0.0473223 -0.487108 -2.27627 
-2.40857 9.28861 -2.50009 0.0487551 -0.470028 -2.08616 
-2.5935 10.2597 -2.43648 0.0616081 -0.530335 -2.35836 
-2.54685 10.1691 -2.41668 0.0737596 -0.517491 -2.34057 
-2.5235 9.9692 -2.464 0.0836787 -0.506397 -2.27359 
-2.49954 10.4242 -2.42414 0.0894347 -0.505843 -2.40759 
-2.47232 10.3458 -2.45146 0.0965898 -0.49301 -2.3928 
-2.54306 10.9682 -2.46732 0.11009 -0.511566 -2.55452 
-2.48934 10.7635 -2.33213 0.117386 -0.506184 -2.50977 
-2.30197 9.17522 -2.39718 0.114474 -0.456736 -2.06401 
-2.49264 10.4564 -2.38227 0.126243 -0.508623 -2.41862 
-2.44699 10.6875 -2.40949 0.136983 -0.492 -2.49622 
-2.4444 10.5088 -2.45252 0.136694 -0.483597 -2.43298 
-2.51366 11.1707 -2.37459 0.145244 -0.508515 -2.62415 
-2.44381 10.8272 -2.47259 0.14808 -0.481831 -2.53043 
-2.46353 10.6525 -2.48082 0.137903 -0.49042 -2.46859 
-2.53306 11.1776 -2.42791 0.141814 -0.518841 -2.62577 
-2.46988 11.0366 -2.41352 0.14056 -0.499417 -2.59812 
-2.55656 11.5759 -2.38292 0.146203 -0.523831 -2.75126 
-2.62195 11.3532 -2.40325 0.127542 -0.548234 -2.69546 
-2.39559 9.1396 -2.52063 0.106958 -0.480713 -2.07666 
-2.52209 10.4385 -2.41808 0.114766 -0.521605 -2.43809 
-2.56484 10.751 -2.39895 0.107252 -0.533366 -2.52998 
-2.59558 10.5827 -2.43762 0.0965859 -0.536702 -2.47078 
-2.61456 11.2411 -2.42982 0.0862243 -0.544362 -2.65445 
-2.6899 11.2883 -2.40826 0.0721301 -0.572884 -2.67623 
-2.69214 11.1577 -2.43118 0.0637257 -0.570776 -2.61985 
-2.74543 11.4493 -2.41993 0.0420431 -0.592042 -2.70846 
-2.71917 11.0093 -2.44382 0.027087 -0.582237 -2.57454 
-2.74631 11.1195 -2.37981 0.0233682 -0.590712 -2.60157 
-2.7839 11.2526 -2.42206 0.0121319 -0.601493 -2.64789 
-2.64338 9.6738 -2.46762 0.000863882 -0.565394 -2.19297 
-2.79241 10.7509 -2.44823 0.000890701 -0.604048 -2.49255 
-2.77968 10.9749 -2.42431 -0.000311882 -0.605868 -2.56934 
-2.60738 9.58313 -2.54862 -0.00964924 -0.549357 -2.16392 
-2.72916 10.8824 -2.45921 0.00342257 -0.587304 -2.52197 
-2.72677 11.1182 -2.44532 0.00412939 -0.59084 -2.607 
-2.68153 10.319 -2.42604 0.0131525 -0.579543 -2.37606 
-2.76467 11.3575 -2.44647 0.0218091 -0.598992 -2.66154 
-2.67862 11.1819 -2.45444 0.0214609 -0.582267 -2.62904 
-2.6874 10.6131 -2.4881 0.0319766 -0.585419 -2.46863 
-2.80584 11.5284 -2.40325 0.0339976 -0.6211 -2.74031 
-2.82888 11.3943 -2.39218 -0.00540156 -0.626283 -2.70324 
-2.89312 12.0809 -2.28801 0.0227992 -0.648778 -2.89959 
-2.82141 12.147 -2.3073 0.0450026 -0.63417 -2.92737 
-2.68085 10.2135 -2.39952 0.0153745 -0.595753 -2.3883 
-2.67066 10.8158 -2.35736 0.0519274 -0.595423 -2.56202 
-2.76704 11.5704 -2.29121 0.06919 -0.62452 -2.78472 
-2.63637 10.5333 -2.33766 0.0851704 -0.586492 -2.49751 
-2.79877 11.8713 -2.27596 0.0938524 -0.639755 -2.87878 
-2.78338 12.0153 -2.27635 0.0859085 -0.636077 -2.92334 
-2.59745 10.3315 -2.3329 0.0979044 -0.580158 -2.44242 
-2.80266 11.8741 -2.25 0.0993763 -0.648097 -2.88272 
-2.86901 12.06 -2.20252 0.0826215 -0.666615 -2.93828 
-2.73236 11.9888 -2.25939 0.0976989 -0.626623 -2.91018 
-2.86211 12.8051 -2.20462 0.0960518 -0.666719 -3.14905 
-2.8955 12.7122 -2.19829 0.0862736 -0.66991 -3.1315 
-2.8248 12.5592 -2.20385 0.0998535 -0.648437 -3.08055 
-2.92647 13.0021 -2.19803 0.0845456 -0.677752 -3.21147 
-2.79832 11.273 -2.24307 0.0572265 -0.644147 -2.72423 
-2.86006 11.6241 -2.28945 0.0681915 -0.660996 -2.81456 
-2.92711 12.3357 -2.26032 0.0597561 -0.679193 -3.02161 
-2.73934 11.1406 -2.31668 0.0596311 -0.626331 -2.68274 
-2.95787 12.0263 -2.2834 0.0498257 -0.690054 -2.92529 
-2.98889 12.4771 -2.33239 0.0279382 -0.693498 -3.05411 
-2.82148 10.7582 -2.37971 0.0218251 -0.647704 -2.56188 
-2.95801 12.2458 -2.29183 0.0149884 -0.683873 -2.97372 
-3.04839 12.5573 -2.35333 -0.000915686 -0.706199 -3.05599 
-2.88218 10.646 -2.4717 -0.055102 -0.653266 -2.50462 
-3.05217 12.3913 -2.38102 -0.0413816 -0.699156 -3.00491 
-3.12532 12.4622 -2.40027 -0.048499 -0.715594 -3.01933 
-3.01819 11.8555 -2.40424 -0.0460015 -0.686518 -2.83508 
-3.15447 12.9413 -2.39469 -0.0489029 -0.723717 -3.14642 
-3.20506 12.911 -2.45664 -0.0740982 -0.732223 -3.14076 
-3.2242 13.1456 -2.38461 -0.0706311 -0.742863 -3.20501 
-3.24561 13.4433 -2.36854 -0.0625347 -0.756345 -3.29239 
-3.10388 12.0399 -2.46525 -0.050663 -0.712521 -2.8957 
-3.14217 12.6141 -2.43504 -0.0465045 -0.720151 -3.06097 
-3.21679 12.9696 -2.43108 -0.0514211 -0.740679 -3.16012 
-2.98233 11.1229 -2.5546 -0.041481 -0.669569 -2.63417 
-3.08033 12.4781 -2.45862 -0.0360396 -0.698913 -3.02476 
-3.09258 12.9132 -2.42617 -0.0311794 -0.701633 -3.14495 
-3.04413 11.8775 -2.49053 -0.0391143 -0.686369 -2.84255 
-3.23473 13.3516 -2.46264 -0.0305349 -0.742255 -3.26996 
-3.20637 13.4102 -2.43201 -0.0201788 -0.731206 -3.2842 
-3.1309 12.621 -2.47673 -0.00678061 -0.709737 -3.05915 
-3.20976 13.8459 -2.36401 -0.000852591 -0.73833 -3.42181 
-3.25046 13.6692 -2.41217 -0.0164652 -0.7464 -3.36285 
-3.14909 13.0241 -2.53591 -0.00294862 -0.716935 -3.17242 
-3.1841 14.04 -2.40974 0.00856613 -0.735174 -3.47465 
-3.14258 13.575 -2.3979 -0.0104685 -0.724338 -3.34435 
-3.1782 13.5903 -2.41404 0.0120124 -0.735442 -3.34845 
-3.17645 14.1991 -2.4212 0.0250731 -0.732632 -3.53029 
-3.05733 12.3257 -2.51704 0.0224124 -0.699537 -2.99022 
-2.97732 11.9598 -2.53131 0.0480452 -0.680595 -2.88335 
-3.18303 13.4136 -2.47183 0.0418234 -0.733336 -3.3029 
-3.08754 11.7947 -2.52993 -0.0406624 -0.704242 -2.82789 
-3.19616 13.0468 -2.45127 -0.0113249 -0.74435 -3.16974 
-3.24942 13.9411 -2.36686 0.0211201 -0.759684 -3.44145 
-2.98263 11.7664 -2.52166 0.0267718 -0.686688 -2.83078 
-3.16897 13.5942 -2.41114 0.0424263 -0.733851 -3.34888 
-3.26811 14.3884 -2.36931 0.0463217 -0.763213 -3.57782 
-3.23586 14.2113 -2.40205 0.0332813 -0.753648 -3.5147 
-3.2983 15.0721 -2.39004 0.0439443 -0.771583 -3.75763 
-3.34228 14.8392 -2.34366 0.0451491 -0.789687 -3.70495 
-3.27399 14.1828 -2.41614 0.0534894 -0.768948 -3.5101 
-3.34789 15.0066 -2.39203 0.0438817 -0.788638 -3.73986 
-3.32605 14.5001 -2.40022 0.0231878 -0.788552 -3.60399 
-3.338 14.5506 -2.36998 0.0275068 -0.793577 -3.61638 
-3.39531 14.9301 -2.40175 0.0169567 -0.809087 -3.72436 
-3.12207 12.1432 -2.46438 -0.0317247 -0.738719 -2.94878 
-3.25305 12.7355 -2.44169 -0.0180842 -0.776276 -3.11306 
-3.34092 13.7264 -2.41088 -0.0278538 -0.800059 -3.39236 
-3.14446 11.7826 -2.45419 -0.0676311 -0.749479 -2.85172 
-3.35788 13.256 -2.42968 -0.0612629 -0.809666 -3.26015 
-3.40403 13.999 -2.40179 -0.058536 -0.822877 -3.48349 
-3.27607 13.3635 -2.41338 -0.0525543 -0.788769 -3.3115 
-3.51237 14.7368 -2.35898 -0.0684537 -0.854342 -3.69717 
-3.52682 14.6647 -2.33297 -0.0857021 -0.863229 -3.67433 
-3.23181 12.8929 -2.37622 -0.0716227 -0.777752 -3.18977 
-3.4564 14.5198 -2.33974 -0.088958 -0.847808 -3.64252 
-3.43828 14.1275 -2.39141 -0.120912 -0.83772 -3.53039 
-3.55934 14.4512 -2.30149 -0.121246 -0.8779 -3.62582 
-3.63277 15.2417 -2.33225 -0.125017 -0.897918 -3.84509 
-3.53348 14.2082 -2.387 -0.119974 -0.866499 -3.55788 
-3.58139 14.6557 -2.35974 -0.112028 -0.879417 -3.68968 
-3.56117 15.0768 -2.317 -0.111323 -0.877197 -3.80866 
-3.30057 12.0931 -2.5152 -0.172997 -0.795584 -2.95463 
-3.54907 13.8809 -2.37869 -0.150029 -0.869995 -3.46907 
-3.60448 14.6154 -2.35702 -0.136501 -0.880163 -3.67238 
-3.52995 13.334 -2.38295 -0.171377 -0.856767 -3.30251 
-3.68351 15.0366 -2.32456 -0.140434 -0.908151 -3.79139 
-3.60745 15.0333 -2.30449 -0.117974 -0.886993 -3.7945 
-3.35687 13.7684 -2.32329 -0.0932097 -0.811706 -3.43235 
-3.60327 15.4313 -2.25833 -0.0922066 -0.885309 -3.90437 
-3.63759 15.3339 -2.27436 -0.0855976 -0.886075 -3.88132 
-3.47816 14.5962 -2.30692 -0.0724106 -0.844694 -3.65948 
-3.62712 15.776 -2.28554 -0.0739203 -0.889789 -3.99048 
-3.58855 15.0663 -2.33533 -0.0843685 -0.878092 -3.79785 
-3.50071 14.6679 -2.34067 -0.0648251 -0.853654 -3.68286 
-3.59458 15.5812 -2.25298 -0.0612007 -0.879007 -3.94557 
-3.45668 14.0736 -2.29152 -0.109724 -0.837411 -3.51958 
-3.48106 14.3984 -2.34649 -0.0900758 -0.843269 -3.60514 
-3.63364 15.5791 -2.29475 -0.0675369 -0.889673 -3.93708 
-3.38887 14.3015 -2.34064 -0.0390766 -0.819037 -3.58232 
-3.60861 15.6663 -2.26589 -0.034778 -0.883374 -3.96339 
-3.65496 16.1513 -2.24115 -0.0295091 -0.899912 -4.09656 
-3.21957 12.6897 -2.41432 -0.0364374 -0.767464 -3.12077 
-3.39609 13.9701 -2.4078 -0.0249524 -0.821243 -3.48185 
-3.55239 15.5895 -2.2922 -0.0388883 -0.865268 -3.93426 
-3.55808 15.6902 -2.19416 -0.0678018 -0.863389 -3.95096 
-3.77988 17.1674 -2.25299 -0.0503513 -0.934179 -4.36015 
-3.72656 16.7889 -2.2582 -0.0399317 -0.920908 -4.26246 
-3.51709 15.1709 -2.28776 -0.0205462 -0.857258 -3.80694 
-3.74496 16.9941 -2.26707 -0.0291787 -0.925131 -4.31833 
-3.65935 17.0115 -2.23124 -0.0465213 -0.89779 -4.32604 
-3.62174 17.1588 -2.16323 -0.0479994 -0.879369 -4.35828 
-3.75769 17.9127 -2.19041 -0.0458934 -0.926181 -4.57073 
-3.68906 16.6107 -2.22653 -0.0406677 -0.901188 -4.21078 
-3.4374 14.7773 -2.33535 -0.017246 -0.830664 -3.69094 
-3.70575 16.691 -2.25431 -0.0495707 -0.9177 -4.23168 
-3.75291 16.6348 -2.24008 -0.0673378 -0.923173 -4.20691 
-3.74736 17.3922 -2.22456 -0.0661616 -0.91711 -4.41062 
-3.89172 17.5785 -2.24066 -0.0786532 -0.970206 -4.47588 
-3.59187 15.0573 -2.22119 -0.0743562 -0.882355 -3.7604 
-3.73139 16.1396 -2.22077 -0.0834158 -0.92028 -4.05446 
-3.79018 16.6455 -2.28934 -0.113638 -0.941393 -4.20536 
-3.59383 15.0477 -2.33589 -0.118985 -0.875823 -3.76024 
-3.82825 16.8247 -2.30076 -0.132352 -0.939009 -4.25475 
-3.86751 16.9982 -2.24336 -0.140707 -0.956974 -4.3147 
-3.78695 16.4202 -2.27328 -0.136234 -0.929991 -4.15493 
-3.92471 17.4682 -2.28714 -0.158457 -0.96659 -4.43667 
-3.87046 16.7461 -2.319 -0.17066 -0.953334 -4.25011 
-3.66723 15.6637 -2.34324 -0.150998 -0.880944 -3.94424 
-3.93035 17.2745 -2.28139 -0.170255 -0.962893 -4.38756 
-3.81482 16.0969 -2.3258 -0.230797 -0.929683 -4.06414 
-3.9636 16.5708 -2.24778 -0.238408 -0.971138 -4.20168 
-4.05782 17.5727 -2.29754 -0.216583 -1.00764 -4.47893 
-3.85556 16.0686 -2.32154 -0.221711 -0.946678 -4.0599 
-4.00271 17.1653 -2.33006 -0.217633 -0.983355 -4.36961 
-4.12326 17.9031 -2.26678 -0.208629 -1.03151 -4.57623 
-3.81653 17.0116 -2.25186 -0.188495 -0.937567 -4.33278 
-4.09588 18.5994 -2.28617 -0.195077 -1.01885 -4.77847 
-4.11404 18.2421 -2.30247 -0.205042 -1.02876 -4.66875 
-3.98885 17.148 -2.33227 -0.18955 -0.988133 -4.36692 
-4.12565 18.5368 -2.25219 -0.194689 -1.03322 -4.76099 
-4.01744 17.4919 -2.364 -0.199509 -0.995381 -4.44881 
-4.20137 18.2285 -2.32873 -0.196039 -1.04392 -4.64913 
-4.22884 18.9308 -2.33091 -0.188389 -1.05885 -4.85682 
-3.97084 17.6258 -2.34587 -0.163023 -0.986187 -4.49313 
-4.20076 18.8776 -2.36791 -0.170022 -1.04842 -4.84284 
-4.18974 19.1989 -2.32203 -0.167397 -1.05066 -4.94085 
-3.94074 17.3271 -2.37151 -0.141663 -0.968617 -4.41902 
-4.06332 18.6891 -2.36065 -0.144729 -1.00614 -4.79176 
-4.20309 19.1704 -2.37624 -0.150778 -1.04612 -4.93596 
-3.67209 16.0848 -2.43991 -0.107029 -0.889585 -4.06541 
-4.05437 18.3119 -2.34578 -0.128904 -1.00954 -4.67627 
-4.21538 19.3618 -2.29351 -0.162055 -1.05423 -4.97917 
-4.2979 20.1089 -2.24061 -0.167 -1.07213 -5.19608 
-4.37726 20.6922 -2.25436 -0.159507 -1.09895 -5.34974 
-4.15039 18.7377 -2.40078 -0.179447 -1.02941 -4.80076 
-4.1108 18.1418 -2.43865 -0.163564 -1.02107 -4.6324 
-4.28558 19.8091 -2.36893 -0.152332 -1.0743 -5.10439 
-4.11465 18.6088 -2.37643 -0.158118 -1.01646 -4.76735 
-4.18648 19.2834 -2.37167 -0.172608 -1.04575 -4.95454 
-4.31813 20.0458 -2.3285 -0.151594 -1.0851 -5.17942 
-3.94546 18.1685 -2.41708 -0.110139 -0.969141 -4.65189 
-3.95604 17.9744 -2.45484 -0.0972232 -0.97634 -4.5933 
-4.21164 19.5903 -2.36652 -0.118343 -1.04958 -5.05699 
-4.06719 19.0324 -2.35338 -0.164029 -1.00572 -4.88367 
-4.10128 20.0737 -2.31352 -0.152597 -1.01336 -5.16814 
-4.26715 20.2854 -2.29 -0.145254 -1.06944 -5.23948 
-3.7924 16.2688 -2.49558 -0.151897 -0.939369 -4.11602 
-3.93203 17.3269 -2.49829 -0.132909 -0.978543 -4.40872 
-4.20597 19.1198 -2.33231 -0.136042 -1.06072 -4.92019 
-4.00224 18.7379 -2.24267 -0.126603 -1.00381 -4.82172 
-4.26497 20.4944 -2.26238 -0.134504 -1.08008 -5.3008 
-4.278 20.2603 -2.33089 -0.139789 -1.08369 -5.24527 
-3.93142 17.7757 -2.46557 -0.11527 -0.975012 -4.5548 
-4.28562 20.0329 -2.36391 -0.13434 -1.07806 -5.17793 
-4.23914 20.4876 -2.31542 -0.141006 -1.0637 -5.32155 
-4.20298 20.8138 -2.28216 -0.142315 -1.04864 -5.40523 
-4.38271 21.349 -2.31474 -0.156605 -1.10789 -5.54573 
-4.22057 19.0068 -2.35639 -0.173114 -1.07048 -4.90531 
-4.04649 17.792 -2.46326 -0.152135 -1.01699 -4.55827 
-4.33107 20.0196 -2.38832 -0.172488 -1.09639 -5.17871 
-4.36317 20.2738 -2.27089 -0.207045 -1.10647 -5.26351 
-4.55557 21.4277 -2.19494 -0.221448 -1.16528 -5.58564 
-4.50515 21.3657 -2.2797 -0.214924 -1.15191 -5.56947 
-3.94615 17.0407 -2.42661 -0.169785 -0.995283 -4.36451 
-4.16719 17.9176 -2.44887 -0.176171 -1.05882 -4.61027 
-4.38612 19.7939 -2.34234 -0.217792 -1.11749 -5.14008 
-4.41121 20.1445 -2.2778 -0.24891 -1.12528 -5.23339 
-4.60637 21.2849 -2.23575 -0.255237 -1.1905 -5.55904 
-4.55529 20.6737 -2.20596 -0.250099 -1.17353 -5.38648 
-4.23743 18.6704 -2.40605 -0.223865 -1.07408 -4.812 
-4.49615 20.4142 -2.28861 -0.260836 -1.1488 -5.31398 
-4.53829 20.3783 -2.32459 -0.316197 -1.15895 -5.28757 
-4.63525 21.2942 -2.29927 -0.312599 -1.18318 -5.53661 
-4.7089 21.1284 -2.30704 -0.313698 -1.20606 -5.50712 
-4.10315 16.621 -2.44743 -0.31996 -1.03596 -4.24348 
-4.20219 17.3616 -2.42914 -0.301092 -1.06967 -4.45546 
-4.50947 19.5268 -2.34708 -0.310595 -1.14548 -5.07454 
-4.38474 19.5364 -2.25565 -0.31334 -1.10499 -5.0721 
-4.58665 21.1101 -2.26451 -0.311272 -1.16427 -5.50888 
-4.54485 20.5898 -2.31739 -0.312747 -1.15394 -5.37415 
-4.1403 17.5761 -2.44972 -0.267439 -1.03959 -4.51764 
-4.50028 20.1195 -2.3229 -0.291775 -1.14413 -5.22366 
-4.57086 20.9046 -2.30871 -0.305186 -1.16782 -5.45318 
-4.65745 21.4978 -2.20594 -0.310938 -1.19113 -5.61283 
-4.75606 21.9203 -2.26492 -0.315689 -1.21814 -5.73154 
-4.45525 19.0703 -2.38237 -0.357791 -1.13632 -4.93023 
-4.2739 17.6392 -2.45892 -0.334255 -1.07592 -4.5289 
-4.56953 19.9965 -2.38436 -0.32337 -1.1589 -5.19009 
-4.47717 19.8136 -2.29001 -0.380097 -1.14685 -5.13285 
-4.70889 21.1557 -2.15732 -0.414316 -1.20884 -5.50927 
-4.75276 21.7336 -2.24179 -0.354744 -1.21949 -5.67833 
-4.51743 20.4937 -2.31564 -0.299617 -1.15271 -5.32838 
-4.79172 22.0908 -2.25019 -0.305944 -1.22824 -5.78221 
-4.79923 22.3434 -2.25905 -0.300325 -1.23284 -5.84932 
-4.85778 22.8802 -2.21503 -0.303395 -1.24667 -5.98837 
-4.92133 23.0742 -2.29565 -0.299682 -1.26199 -6.05401 
-4.44174 19.8745 -2.38168 -0.251779 -1.13376 -5.15629 
-4.19607 18.0148 -2.49678 -0.214695 -1.05892 -4.62214 
-4.54208 20.6528 -2.34938 -0.251273 -1.1593 -5.36892 
-4.54578 21.094 -2.32425 -0.254217 -1.15187 -5.49474 
-4.73171 22.4602 -2.27961 -0.265378 -1.20098 -5.86501 
-4.73059 22.3167 -2.32705 -0.260498 -1.20405 -5.83582 
-4.41911 20.1807 -2.31355 -0.248655 -1.11602 -5.23809 
-4.61738 21.1712 -2.3835 -0.241958 -1.17287 -5.50426 
-4.73001 22.042 -2.30155 -0.274993 -1.20647 -5.76145 
-4.75364 22.0803 -2.22751 -0.327665 -1.20713 -5.75995 
-4.83179 22.9258 -2.25629 -0.288729 -1.23296 -5.99195 
-4.5913 21.3243 -2.35205 -0.246008 -1.16452 -5.5615 
-4.21399 19.0475 -2.4459 -0.193359 -1.04421 -4.92321 
-4.61112 21.4102 -2.33584 -0.220635 -1.16814 -5.57334 
-4.61395 21.9316 -2.22439 -0.23399 -1.17776 -5.72373 
-4.75017 23.1515 -2.20646 -0.238286 -1.2094 -6.06792 
-4.76952 23.0042 -2.26871 -0.232302 -1.22061 -6.02446 
-4.09465 17.5541 -2.49162 -0.237769 -1.02363 -4.49745 
-3.91776 16.3037 -2.56538 -0.192275 -0.974422 -4.14922 
-4.37396 19.9132 -2.40324 -0.236412 -1.11032 -5.15516 
-4.70783 21.3662 -2.3367 -0.334422 -1.19314 -5.55824 
-4.87512 22.8425 -2.28311 -0.314113 -1.24564 -5.97699 
-4.80949 22.7249 -2.30685 -0.272277 -1.23563 -5.94476 
-4.64572 21.5371 -2.335 -0.238435 -1.17982 -5.61626 
-4.8243 23.0793 -2.32585 -0.243151 -1.2321 -6.05415 
-4.67762 22.2952 -2.27063 -0.241319 -1.20072 -5.82921 
-4.7831 23.025 -2.24642 -0.254377 -1.21612 -6.02571 
-4.81387 23.1425 -2.35676 -0.242901 -1.23379 -6.06644 
-4.51567 20.7385 -2.3609 -0.242291 -1.1529 -5.38969 
-4.45212 20.14 -2.40889 -0.237743 -1.12654 -5.21295 
-4.62858 21.7394 -2.39027 -0.240191 -1.1832 -5.66492 
-4.49658 21.7696 -2.21511 -0.232269 -1.14661 -5.68681 
-4.70891 22.9217 -2.24818 -0.240485 -1.19915 -6.00146 
-4.64596 21.9103 -2.31942 -0.229422 -1.19206 -5.7217 
-4.31074 19.5762 -2.40125 -0.193203 -1.09326 -5.08691 
-4.66784 21.9509 -2.3282 -0.234571 -1.18948 -5.74461 
-4.63933 21.9631 -2.30767 -0.284056 -1.18913 -5.74185 
-4.73029 22.6067 -2.21415 -0.296552 -1.20274 -5.93082 
-4.79012 23.0179 -2.25628 -0.288221 -1.22878 -6.04793 
-4.43808 19.9812 -2.41743 -0.258551 -1.13357 -5.18373 
-4.42885 19.535 -2.44743 -0.249096 -1.11665 -5.06423 
-4.61568 21.3357 -2.36772 -0.275864 -1.18102 -5.57154 
-4.34099 20.5274 -2.32808 -0.27258 -1.10082 -5.33294 
-4.66056 22.3432 -2.33831 -0.291257 -1.17571 -5.83813 
-4.73745 22.0768 -2.34252 -0.301672 -1.21423 -5.75596 
-4.53381 20.4221 -2.35879 -0.339113 -1.16177 -5.30343 
-4.85572 22.1065 -2.31979 -0.349728 -1.23834 -5.7875 
-4.79616 22.3884 -2.26994 -0.340508 -1.23647 -5.86122 
-4.79779 22.8399 -2.17961 -0.340842 -1.22919 -5.99174 
-4.89646 22.9804 -2.19241 -0.343661 -1.24554 -6.04904 
-4.33904 19.2572 -2.3812 -0.291904 -1.10707 -4.99909 
-4.17714 17.7213 -2.44896 -0.262944 -1.06494 -4.56765 
-4.67147 20.4495 -2.39015 -0.33825 -1.19058 -5.33406 
-4.76837 20.8812 -2.26002 -0.447483 -1.23686 -5.43305 
-4.92077 22.3491 -2.23477 -0.436284 -1.27902 -5.85423 
-4.84888 21.5763 -2.29774 -0.393723 -1.25082 -5.64258 
-4.31144 17.9012 -2.4686 -0.323448 -1.10953 -4.5986 
-4.75243 21.0427 -2.36971 -0.362593 -1.22968 -5.48491 
-4.82686 21.697 -2.28255 -0.376252 -1.2464 -5.67509 
-4.78279 21.9774 -2.31198 -0.412495 -1.23598 -5.73008 
-4.947 22.675 -2.22949 -0.401875 -1.27929 -5.92278 
-4.49626 19.0983 -2.3794 -0.370257 -1.16006 -4.93691 
-4.26372 17.0513 -2.51732 -0.357226 -1.10167 -4.35648 
-4.71434 20.2668 -2.41016 -0.381027 -1.21749 -5.25332 
-4.63223 20.849 -2.3166 -0.387048 -1.1924 -5.42605 
-4.86853 22.5195 -2.23582 -0.39955 -1.26407 -5.89171 
-4.8859 22.3236 -2.28753 -0.391229 -1.26826 -5.84274 
-4.19936 18.1241 -2.32983 -0.323459 -1.07841 -4.6712 
-4.40658 18.4594 -2.41129 -0.318754 -1.13982 -4.76999 
-4.72585 20.8436 -2.35598 -0.377277 -1.22141 -5.43229 
-4.94712 21.8551 -2.33502 -0.485057 -1.2771 -5.69712 
-5.04482 22.6516 -2.29004 -0.445898 -1.3183 -5.9306 
-4.58329 19.6196 -2.40262 -0.365181 -1.18538 -5.08212 
-4.44938 18.4782 -2.45649 -0.340361 -1.14193 -4.75754 
-4.79992 20.9843 -2.31361 -0.36378 -1.25347 -5.46516 
-4.53957 19.9735 -2.30587 -0.340706 -1.17611 -5.1916 
-4.8401 21.8135 -2.28742 -0.36314 -1.25378 -5.70775 
-4.88964 21.946 -2.29828 -0.359496 -1.27715 -5.74292 
-4.15917 17.4481 -2.34616 -0.309278 -1.06475 -4.48773 
-4.46843 18.7701 -2.35491 -0.31636 -1.14898 -4.86075 
-4.74272 21.1777 -2.30863 -0.347656 -1.23544 -5.52808 
-4.87168 22.4009 -2.27926 -0.372838 -1.25509 -5.87374 
-5.04639 23.2921 -2.13456 -0.378207 -1.3132 -6.13276 
-4.86304 21.9231 -2.18534 -0.355473 -1.28096 -5.74405 
-4.56238 19.4892 -2.26296 -0.401001 -1.1836 -5.05739 
-4.91798 22.0636 -2.20694 -0.392543 -1.28074 -5.79168 
-4.89454 21.9555 -2.22951 -0.456437 -1.28092 -5.74251 
-5.01795 22.4255 -2.27091 -0.528027 -1.29966 -5.86304 
-5.02169 23.1713 -2.23445 -0.449463 -1.30306 -6.09922 
-4.40129 18.8022 -2.34012 -0.338354 -1.1406 -4.86799 
-4.2557 17.2827 -2.40238 -0.282263 -1.08987 -4.44387 
-4.72785 20.6538 -2.30009 -0.329764 -1.21532 -5.40406 
-4.7296 20.9143 -2.23042 -0.413087 -1.22096 -5.46553 
-4.9902 22.7941 -2.21091 -0.428245 -1.2938 -5.99523 
-4.9525 22.5864 -2.23002 -0.378066 -1.27447 -5.95894 
-4.54798 20.0179 -2.27915 -0.317452 -1.16382 -5.23232 
-4.75406 21.5532 -2.30757 -0.321281 -1.22132 -5.65662 
-4.97096 23.0092 -2.21226 -0.34325 -1.28097 -6.08445 
-4.92331 23.5698 -2.1888 -0.346441 -1.25783 -6.2337 
-5.11592 24.3004 -2.18827 -0.349678 -1.32204 -6.42416 
-4.73951 21.7413 -2.26433 -0.305968 -1.21897 -5.71722 
-4.51924 20.0329 -2.31637 -0.270213 -1.15228 -5.25314 
