0.0787411 0.614431 0.109999 
0.0787413 0.614431 0.109999 
0.07899 0.615118 0.110239 
0.0787862 0.616135 0.110367 
0.0784464 0.616335 0.110374 
0.0787421 0.617183 0.110587 
0.0783078 0.617906 0.110587 
0.077875 0.618371 0.110635 
0.0780811 0.619234 0.110848 
0.0775692 0.619793 0.110777 
0.0771582 0.620465 0.110854 
0.0772471 0.621191 0.111028 
0.0767636 0.621754 0.11098 
0.0764108 0.622518 0.11111 
0.076363 0.623132 0.111159 
0.0759096 0.623784 0.111195 
0.0756616 0.624457 0.111289 
0.075427 0.625093 0.11131 
0.0750428 0.625753 0.111296 
0.074838 0.626442 0.111475 
0.0744964 0.627088 0.111473 
0.0742998 0.627714 0.11146 
0.0739175 0.628461 0.111583 
0.073649 0.629037 0.111605 
0.0734318 0.629742 0.111642 
0.0729631 0.630427 0.111679 
0.0727498 0.630962 0.111626 
0.0724885 0.631802 0.111837 
0.0720769 0.63234 0.11178 
0.071871 0.632944 0.111796 
0.071617 0.633733 0.111939 
0.0712495 0.634175 0.111871 
0.0710367 0.634877 0.111928 
0.0707977 0.635521 0.111991 
0.0703665 0.63601 0.111892 
0.0701755 0.636748 0.11203 
0.0698784 0.637331 0.11204 
0.0694651 0.637929 0.111988 
0.0692849 0.638614 0.112089 
0.0689114 0.639229 0.112094 
0.0685458 0.63982 0.112068 
0.0683469 0.6405 0.11211 
0.0679199 0.641115 0.112121 
0.0676351 0.641665 0.112124 
0.0673933 0.642393 0.112175 
0.0669132 0.642968 0.112122 
0.066747 0.643511 0.112154 
0.0664356 0.644315 0.112255 
0.0659801 0.644792 0.112169 
0.0657993 0.645416 0.112209 
0.065449 0.646171 0.112311 
0.0650714 0.646586 0.1122 
0.064833 0.647286 0.112265 
0.0645081 0.64788 0.112199 
0.0641472 0.648369 0.112249 
0.0639129 0.649134 0.112334 
0.0635979 0.649599 0.112239 
0.0632156 0.650152 0.11226 
0.0629972 0.650905 0.112379 
0.0626476 0.651338 0.11225 
0.0623091 0.651933 0.112262 
0.0620823 0.652569 0.112296 
0.0617193 0.653034 0.112273 
0.061391 0.653698 0.112298 
0.0611575 0.654219 0.112294 
0.0607575 0.654689 0.11222 
0.0605056 0.655428 0.112333 
0.0601959 0.65583 0.112245 
0.0598314 0.656394 0.112222 
0.0596284 0.657063 0.112251 
0.0592237 0.65749 0.11223 
0.0589186 0.658095 0.112219 
0.0586983 0.658688 0.112229 
0.0582623 0.659118 0.112186 
0.0580349 0.659752 0.112229 
0.0578099 0.660237 0.112203 
0.0573584 0.6607 0.11216 
0.0571809 0.661287 0.112154 
0.0569078 0.66173 0.112172 
0.056508 0.662258 0.112145 
0.0563672 0.662763 0.112109 
0.056025 0.663234 0.112084 
0.0556664 0.66379 0.112145 
0.0555382 0.664279 0.112137 
0.0551756 0.664755 0.112101 
0.0548236 0.665268 0.112111 
0.0547221 0.665791 0.112151 
0.0542905 0.66627 0.112096 
0.0540691 0.666788 0.112102 
0.0537825 0.667266 0.11201 
0.0534136 0.667783 0.112113 
0.0531795 0.668249 0.112083 
0.0529155 0.668731 0.112013 
0.0525603 0.669238 0.112023 
0.0523608 0.669691 0.112053 
0.052027 0.670182 0.112009 
0.0517538 0.670611 0.111975 
0.0515288 0.671071 0.111894 
0.0511645 0.671536 0.111922 
0.050992 0.672012 0.11195 
0.0507045 0.672472 0.111878 
0.0503508 0.672922 0.111887 
0.0501412 0.673342 0.111834 
0.049844 0.673887 0.111835 
0.0495182 0.674289 0.111808 
0.0492916 0.67477 0.111799 
0.0489529 0.675283 0.11175 
0.0486513 0.675651 0.111749 
0.0484405 0.676216 0.111755 
0.048054 0.676674 0.111694 
0.0478014 0.677101 0.111669 
0.0475062 0.677697 0.111707 
0.0471683 0.678049 0.111625 
0.0469042 0.678601 0.111653 
0.0465963 0.679064 0.11157 
0.0462415 0.679437 0.111546 
0.0459987 0.680038 0.111589 
0.0456694 0.680439 0.111496 
0.045271 0.680857 0.111421 
0.0450889 0.681481 0.111489 
0.0446583 0.681835 0.111411 
0.0443305 0.682328 0.111377 
0.0441362 0.682866 0.111377 
0.0437117 0.683252 0.111322 
0.0434771 0.683749 0.111321 
0.0431507 0.684238 0.11128 
0.0426772 0.684677 0.111207 
0.0424974 0.685091 0.111132 
0.0421308 0.685606 0.111218 
0.0418162 0.685977 0.111102 
0.0416018 0.686464 0.111073 
0.0411377 0.686913 0.111052 
0.0409298 0.687285 0.110998 
0.0406546 0.68783 0.110986 
0.0402685 0.688153 0.110894 
0.0400068 0.688575 0.110782 
0.0396796 0.689141 0.110886 
0.039333 0.689437 0.110772 
0.0390846 0.689913 0.1107 
0.0387348 0.690406 0.110722 
0.0383881 0.690697 0.110594 
0.0381748 0.691225 0.110612 
0.037783 0.691623 0.110571 
0.037414 0.692023 0.110493 
0.0372325 0.692475 0.110438 
0.0368194 0.692883 0.110438 
0.0365069 0.693275 0.110346 
0.0362763 0.693792 0.110324 
0.0358373 0.694095 0.110196 
0.0355993 0.694536 0.110192 
0.035295 0.695074 0.110193 
0.0348432 0.695331 0.110049 
0.0346227 0.695796 0.110019 
0.0342697 0.696268 0.109987 
0.0338548 0.696622 0.109935 
0.0336392 0.697066 0.109878 
0.0332774 0.697511 0.109802 
0.0328474 0.697814 0.109687 
0.0326551 0.698356 0.10976 
0.032223 0.698714 0.109646 
0.0319401 0.699041 0.109563 
0.0316767 0.699619 0.109584 
0.0312764 0.699857 0.109486 
0.0309776 0.700329 0.109449 
0.0307366 0.700727 0.109388 
0.0302924 0.701069 0.109237 
0.0300486 0.701442 0.109196 
0.0298044 0.701903 0.109233 
0.0293274 0.702195 0.109078 
0.0291176 0.70267 0.109062 
0.0287625 0.703017 0.108962 
0.0283481 0.703393 0.108927 
0.028161 0.703806 0.108855 
0.0277667 0.70415 0.108751 
0.0273573 0.704496 0.108598 
0.0272239 0.704948 0.108689 
0.0268071 0.705322 0.108583 
0.0265128 0.705631 0.10847 
0.0262927 0.706082 0.108472 
0.0258709 0.706415 0.108358 
0.0256109 0.706791 0.108303 
0.0253492 0.707159 0.108246 
0.0248706 0.707496 0.108136 
0.0247206 0.707855 0.108049 
0.024322 0.708282 0.108051 
0.0239599 0.708546 0.107915 
0.023783 0.708972 0.107861 
0.0233598 0.709281 0.107769 
0.0230575 0.709619 0.107678 
0.0228785 0.710013 0.107657 
0.022414 0.710305 0.107557 
0.0221954 0.71066 0.10748 
0.0218489 0.711046 0.107406 
0.0214687 0.711343 0.107353 
0.0212606 0.711673 0.107262 
0.0208825 0.712095 0.107203 
0.0205124 0.712318 0.107034 
0.020387 0.712724 0.107038 
0.0199947 0.713083 0.106986 
0.0196806 0.713295 0.106828 
0.0194767 0.713753 0.10683 
0.0191115 0.713997 0.106713 
0.0188115 0.714299 0.106644 
0.0185823 0.714715 0.10661 
0.0181715 0.714951 0.106477 
0.0179701 0.715224 0.106324 
0.0177138 0.715616 0.106305 
0.0172855 0.715895 0.106264 
0.0170923 0.716255 0.106167 
0.0167954 0.716576 0.106111 
0.0164213 0.716821 0.105989 
0.0162547 0.717202 0.10597 
0.015909 0.717519 0.105889 
0.0155478 0.717739 0.105757 
0.0153532 0.718128 0.105671 
0.0150142 0.718385 0.105575 
0.0147433 0.718679 0.105553 
0.0144729 0.719076 0.105478 
0.0141701 0.719273 0.105353 
0.013873 0.719624 0.105301 
0.0135887 0.719972 0.105246 
0.0132344 0.720202 0.105128 
0.0130049 0.72053 0.10506 
0.0127143 0.720851 0.104998 
0.0123566 0.721036 0.104807 
0.0121678 0.721455 0.104873 
0.011808 0.721727 0.104757 
0.0115118 0.721916 0.104614 
0.0113169 0.722302 0.104597 
0.0109531 0.722576 0.104454 
0.0106708 0.722788 0.104387 
0.0104844 0.723202 0.104365 
0.0100861 0.723402 0.104217 
0.0097899 0.723664 0.104111 
0.00959906 0.724034 0.104081 
0.00917209 0.724242 0.103974 
0.00895867 0.724498 0.103872 
0.00873837 0.724858 0.103812 
0.00827977 0.725048 0.103646 
0.00813481 0.725349 0.103617 
0.0078547 0.725683 0.103585 
0.00746659 0.725836 0.103429 
0.0072832 0.726199 0.103413 
0.00695977 0.726519 0.103333 
0.00662063 0.726698 0.103236 
0.00640412 0.727076 0.10321 
0.00606566 0.727292 0.103078 
0.00571803 0.727528 0.102973 
0.0055638 0.727832 0.10284 
0.00515886 0.728101 0.102849 
0.00491551 0.728361 0.102752 
0.00467153 0.728659 0.102636 
0.00426674 0.728885 0.102567 
0.00413636 0.729102 0.102435 
0.00381467 0.729492 0.102422 
0.00344876 0.729645 0.102298 
0.00329025 0.729908 0.102195 
0.00293429 0.730249 0.102075 
0.00261773 0.730373 0.101911 
0.00243469 0.730791 0.102006 
0.00207553 0.730981 0.101828 
0.00173744 0.731158 0.101704 
0.00158847 0.731535 0.101722 
0.00123169 0.731674 0.101512 
0.000905178 0.731962 0.101505 
0.000762208 0.73225 0.101448 
0.00038984 0.732418 0.101273 
0.000130796 0.732641 0.101232 
-4.22132e-05 0.732935 0.101112 
-0.000418589 0.733136 0.101045 
-0.000627152 0.733347 0.100962 
-0.000826723 0.73366 0.100863 
-0.00121868 0.733801 0.100756 
-0.00136572 0.734053 0.100661 
-0.00165786 0.734343 0.100594 
-0.00203637 0.734451 0.100475 
-0.00216279 0.734771 0.100438 
-0.00247842 0.734973 0.100296 
-0.00277248 0.735091 0.100125 
-0.00295392 0.735485 0.100166 
-0.00331855 0.735623 0.100007 
-0.00355924 0.735797 0.0998806 
-0.00379145 0.736139 0.0998751 
-0.00415026 0.736215 0.0996245 
-0.00432568 0.736516 0.0996177 
-0.00457648 0.736786 0.0995985 
-0.00493854 0.736898 0.0993726 
-0.00510125 0.737187 0.0993611 
-0.00538513 0.737405 0.0992612 
-0.00570975 0.737559 0.0991215 
-0.0058842 0.737872 0.0991249 
-0.00622825 0.737991 0.0989689 
-0.00647188 0.738222 0.0988569 
-0.00662118 0.738452 0.0987853 
-0.00703618 0.738574 0.09857 
-0.00721572 0.738877 0.0986212 
-0.007392 0.739045 0.0985077 
-0.00782943 0.739251 0.0983552 
-0.00799989 0.73944 0.0983186 
-0.00820338 0.739687 0.0982036 
-0.00859767 0.739887 0.0981184 
-0.00877191 0.740043 0.0980191 
-0.00893248 0.740308 0.0979241 
-0.00934311 0.740461 0.0977967 
-0.00952069 0.740578 0.0976059 
-0.00968959 0.740909 0.0976189 
-0.0101014 0.741036 0.0975194 
-0.0102596 0.741194 0.0973747 
-0.010483 0.741479 0.0973473 
-0.010807 0.741571 0.0971979 
-0.011007 0.741795 0.0970816 
-0.0112859 0.742052 0.0970436 
-0.0115492 0.742104 0.0968777 
-0.0117434 0.742417 0.0968208 
-0.0120379 0.742542 0.0967142 
-0.0123062 0.742654 0.096543 
-0.0124541 0.743006 0.0965389 
-0.0128021 0.743055 0.096408 
-0.0129255 0.743219 0.0962876 
-0.0131876 0.743541 0.0962398 
-0.0135193 0.74351 0.0960513 
-0.0136571 0.743783 0.0959658 
-0.0139426 0.744061 0.095933 
-0.0142745 0.744034 0.0957502 
-0.0144094 0.744378 0.0957119 
-0.0146732 0.744557 0.095607 
-0.0150134 0.744564 0.0954111 
-0.0151551 0.744966 0.0954169 
-0.0154249 0.745096 0.0953704 
-0.0156233 0.745203 0.0953127 
-0.0156704 0.74572 0.0955634 
-0.0159062 0.745781 0.0956297 
-0.0159889 0.745969 0.0957669 
-0.0159396 0.746257 0.0960122 
-0.0160227 0.746044 0.0960672 
-0.0160863 0.746128 0.0963855 
-0.0161467 0.746231 0.0968366 
-0.0162481 0.745945 0.0972628 
-0.0163101 0.746016 0.0980034 
-0.0163635 0.746046 0.0987015 
-0.0165289 0.745775 0.0994108 
-0.0168328 0.745679 0.100273 
-0.0170328 0.745561 0.101076 
-0.0169016 0.745429 0.10201 
-0.0169859 0.745439 0.102907 
-0.0171394 0.745221 0.103865 
-0.0171543 0.74504 0.104852 
-0.0172477 0.744944 0.105771 
-0.0173898 0.744711 0.106818 
-0.0174428 0.744608 0.107887 
-0.0174703 0.744378 0.108862 
-0.0174637 0.74427 0.109874 
-0.0175808 0.744031 0.111009 
-0.0176594 0.743915 0.112126 
-0.0177168 0.743679 0.113099 
-0.0178657 0.74344 0.114331 
-0.017935 0.74327 0.115378 
-0.0179726 0.742987 0.11631 
-0.0180161 0.742898 0.117573 
-0.0179998 0.742713 0.118557 
-0.0180408 0.742488 0.119445 
-0.0180984 0.742271 0.120335 
-0.0183173 0.742017 0.12103 
-0.0184174 0.741691 0.121559 
-0.0186609 0.741525 0.121744 
-0.0191292 0.741305 0.121884 
-0.0193556 0.741254 0.122062 
-0.0195417 0.741458 0.122324 
-0.0201419 0.741668 0.122436 
-0.0203609 0.742006 0.122615 
-0.0205987 0.742229 0.122628 
-0.0209523 0.742369 0.122507 
-0.0211084 0.742649 0.122495 
-0.0214372 0.742828 0.122347 
-0.0216948 0.742933 0.122132 
-0.0217827 0.743228 0.122131 
-0.0221873 0.743367 0.121923 
-0.022429 0.743528 0.121736 
-0.0225052 0.743781 0.121612 
-0.0229109 0.743846 0.121366 
-0.0230736 0.744055 0.12133 
-0.0232023 0.744324 0.121192 
-0.0236019 0.744381 0.120969 
-0.0237335 0.744574 0.120882 
-0.0239659 0.744818 0.120714 
-0.0242931 0.744882 0.120514 
-0.0244146 0.745148 0.12043 
-0.0246809 0.74529 0.120245 
-0.0250266 0.745395 0.120005 
-0.0251127 0.745647 0.11996 
-0.025458 0.745748 0.119754 
-0.0256813 0.745902 0.119563 
-0.0257712 0.746095 0.119438 
-0.0261464 0.746216 0.119221 
-0.0263133 0.746423 0.119111 
-0.0264962 0.746551 0.118956 
-0.0268522 0.746694 0.118758 
-0.0268769 0.746873 0.118619 
-0.0272332 0.746981 0.118426 
-0.0274771 0.747166 0.1183 
-0.0275053 0.747329 0.118156 
-0.0278861 0.747414 0.117947 
-0.0281101 0.747577 0.117775 
-0.0281591 0.747769 0.117663 
-0.0285862 0.747811 0.117495 
-0.0286849 0.748018 0.117351 
-0.0287995 0.748166 0.117219 
-0.02921 0.748249 0.117021 
-0.0292025 0.748459 0.116917 
-0.0294643 0.748542 0.116767 
-0.029754 0.748669 0.11657 
-0.0298687 0.74892 0.116453 
-0.0301904 0.748949 0.116205 
-0.0303736 0.749092 0.116024 
-0.0304419 0.749327 0.116027 
-0.0308492 0.749378 0.115786 
-0.0309922 0.749524 0.115641 
-0.0310507 0.749732 0.115548 
-0.0315031 0.749788 0.115322 
-0.0315661 0.749917 0.115203 
-0.0317488 0.750133 0.115089 
-0.0321259 0.750172 0.114861 
-0.0321743 0.750339 0.114683 
-0.032417 0.75052 0.114568 
-0.0327301 0.750567 0.114408 
-0.0328165 0.750752 0.114254 
-0.033041 0.750888 0.114104 
-0.0333433 0.750946 0.113915 
-0.0333873 0.751132 0.113786 
-0.0337228 0.751271 0.113627 
-0.033942 0.751324 0.11344 
-0.0340427 0.751533 0.113321 
-0.0343884 0.751614 0.113093 
-0.0345108 0.751713 0.112944 
-0.0346657 0.75191 0.112855 
-0.0350465 0.752009 0.112625 
-0.0351371 0.752118 0.112489 
-0.0353122 0.752312 0.112338 
-0.0356705 0.752363 0.112115 
-0.0357104 0.752566 0.112031 
-0.0360369 0.752646 0.111848 
-0.0362246 0.752743 0.111665 
-0.0363095 0.752936 0.111532 
-0.0366879 0.75298 0.111316 
-0.0368 0.753144 0.111228 
-0.0369245 0.753273 0.111069 
-0.0372704 0.753306 0.110862 
-0.037425 0.753544 0.110751 
-0.0375843 0.753615 0.110511 
-0.0379176 0.753656 0.110405 
-0.03795 0.753899 0.11031 
-0.0382166 0.753953 0.110083 
-0.0385103 0.754029 0.109928 
-0.0384874 0.754239 0.109796 
-0.0388679 0.754284 0.109616 
-0.039077 0.754405 0.109465 
-0.0391488 0.754619 0.109342 
-0.0395031 0.754626 0.109121 
-0.0396534 0.754723 0.108909 
-0.0397478 0.754921 0.108791 
-0.0401452 0.754966 0.108683 
-0.0401721 0.755063 0.108503 
-0.0403324 0.755256 0.108381 
-0.0407369 0.755273 0.10821 
-0.0407359 0.755443 0.108042 
-0.0410392 0.755603 0.107957 
-0.0412839 0.755604 0.107739 
-0.0413423 0.755784 0.107596 
-0.0416954 0.755869 0.107403 
-0.0418244 0.75586 0.10709 
-0.0418785 0.756119 0.107159 
-0.0422403 0.756198 0.106965 
-0.0423965 0.756212 0.106731 
-0.0424486 0.756445 0.10671 
-0.0428177 0.756472 0.106481 
-0.0429308 0.756563 0.106279 
-0.0430741 0.756749 0.106216 
-0.0434385 0.756774 0.105992 
-0.0434356 0.756898 0.105862 
-0.043696 0.75704 0.105721 
-0.0439914 0.757058 0.105473 
-0.0440193 0.757228 0.10543 
-0.0443069 0.757357 0.105263 
-0.0445181 0.757377 0.105045 
-0.0445967 0.757528 0.104972 
-0.0448531 0.757571 0.10474 
-0.044995 0.757637 0.1046 
-0.0451288 0.757781 0.104504 
-0.0453879 0.757839 0.104302 
-0.0454874 0.757904 0.104193 
-0.0456896 0.758057 0.104032 
-0.0459482 0.75805 0.103787 
-0.0459808 0.758212 0.103738 
-0.0462353 0.758325 0.103586 
-0.0464831 0.758311 0.103376 
-0.0464727 0.758467 0.103288 
-0.0467583 0.758566 0.103095 
-0.0469456 0.758508 0.102855 
-0.0469818 0.758738 0.102858 
-0.0472764 0.758738 0.102657 
-0.0473729 0.758787 0.10247 
-0.047506 0.759008 0.102404 
-0.0478356 0.758964 0.102157 
-0.0478954 0.759128 0.10208 
-0.0480743 0.759252 0.101991 
-0.0483426 0.759199 0.10174 
-0.0484071 0.759395 0.101652 
-0.0486633 0.759449 0.101514 
-0.0488725 0.75944 0.10124 
-0.0489295 0.759579 0.10113 
-0.0491787 0.759645 0.10108 
-0.0493561 0.759691 0.100857 
-0.0494701 0.759915 0.100789 
-0.049729 0.759895 0.100631 
-0.0498807 0.759974 0.10043 
-0.0499439 0.760172 0.100397 
-0.0502459 0.760154 0.100205 
-0.0504056 0.760246 0.100032 
-0.0504826 0.760396 0.099954 
-0.0508003 0.760376 0.099749 
-0.0508857 0.760485 0.0995342 
-0.0509609 0.760594 0.099532 
-0.0512759 0.760625 0.099348 
-0.0513308 0.760771 0.0992049 
-0.0514601 0.760789 0.0990966 
-0.0517555 0.760867 0.0989283 
-0.0518301 0.761013 0.0988055 
-0.0520356 0.761008 0.0986759 
-0.0522487 0.761151 0.098552 
-0.052269 0.761239 0.0984109 
-0.0525578 0.761247 0.0982395 
-0.0527214 0.761424 0.0981584 
-0.0527763 0.761488 0.0979767 
-0.0530639 0.761487 0.0978417 
-0.0531345 0.761689 0.0977701 
-0.0532508 0.761683 0.0975963 
-0.0535908 0.761695 0.0974283 
-0.0536364 0.761849 0.0973402 
-0.0537664 0.761839 0.0970997 
-0.0540693 0.761917 0.0970106 
-0.0540476 0.762066 0.0969478 
-0.0542972 0.762035 0.0967158 
-0.0545624 0.762136 0.0966248 
-0.0545212 0.762292 0.0965417 
-0.0548697 0.762234 0.0962741 
-0.0549867 0.76234 0.096169 
-0.0549599 0.76247 0.0961274 
-0.0553343 0.762425 0.0958951 
-0.0553663 0.762549 0.0958131 
-0.0553779 0.762612 0.0957078 
-0.0557266 0.762574 0.0954709 
-0.0558085 0.762682 0.095333 
-0.0558866 0.762732 0.0952835 
-0.0561498 0.762719 0.0950942 
-0.0562463 0.762892 0.0949864 
-0.0563927 0.762927 0.0948914 
-0.0565983 0.762911 0.0947044 
-0.0566597 0.763055 0.094589 
-0.0568305 0.763046 0.0944841 
-0.0570452 0.763074 0.0943238 
-0.0570732 0.763196 0.094221 
-0.0572428 0.763182 0.0940754 
-0.0574674 0.763225 0.0939082 
-0.0575088 0.763346 0.0938082 
-0.0577278 0.763268 0.0935265 
-0.0578601 0.763355 0.0934386 
-0.057951 0.763565 0.0934669 
-0.0581867 0.763481 0.093208 
-0.0583157 0.763575 0.0931302 
-0.0583803 0.763723 0.0930744 
-0.058607 0.763633 0.0928251 
-0.0586977 0.763742 0.0926954 
-0.0587805 0.76384 0.0926791 
-0.0590427 0.763789 0.0924533 
-0.0590742 0.763907 0.0923603 
-0.0592176 0.763943 0.0922663 
-0.0594261 0.76393 0.0920684 
-0.0594522 0.764039 0.0919105 
-0.0596669 0.764014 0.0917541 
-0.059838 0.764088 0.0917265 
-0.0598295 0.764218 0.0916591 
-0.060119 0.764162 0.0914929 
-0.0602349 0.764266 0.0914121 
-0.0602055 0.764363 0.0913133 
-0.0605546 0.764331 0.091142 
-0.0606509 0.764444 0.0910246 
-0.0606307 0.764498 0.0909502 
-0.0609658 0.764444 0.0907806 
-0.0610879 0.764636 0.090688 
-0.0611001 0.764653 0.090579 
-0.0613724 0.764622 0.0904266 
-0.0615582 0.764764 0.0903211 
-0.0616568 0.764697 0.090127 
-0.0617889 0.764785 0.0900999 
-0.0619207 0.764938 0.0900224 
-0.0621412 0.764825 0.0898203 
-0.0621898 0.764981 0.0897739 
-0.0623038 0.765062 0.0896693 
-0.0626162 0.764974 0.089462 
-0.0625863 0.765147 0.0893729 
-0.0626899 0.765171 0.0892958 
-0.0630192 0.765145 0.0891364 
-0.0630171 0.765313 0.0890494 
-0.0631427 0.765319 0.0889642 
-0.0634383 0.765286 0.0887958 
-0.0634622 0.765426 0.0886858 
-0.0635556 0.765377 0.0885036 
-0.0638214 0.765422 0.0884177 
-0.0639038 0.765616 0.0883872 
-0.0640291 0.76552 0.088194 
-0.0641978 0.765604 0.0881082 
-0.064293 0.765752 0.0880333 
-0.0644627 0.765633 0.0878308 
-0.0645392 0.765781 0.0877314 
-0.0646651 0.765886 0.0876689 
-0.0649144 0.765791 0.0875245 
-0.0649372 0.765911 0.0874204 
-0.0650102 0.765969 0.0873662 
-0.0652787 0.765912 0.0872049 
-0.0653397 0.766 0.0870724 
-0.0654321 0.766004 0.0869693 
-0.065692 0.765983 0.086855 
-0.0657609 0.766138 0.0867549 
-0.0658875 0.766095 0.0866475 
-0.0660593 0.766103 0.0865275 
-0.0661585 0.766254 0.0864263 
-0.0663238 0.766157 0.086286 
-0.0663962 0.766227 0.0861894 
-0.0665064 0.766377 0.0860295 
-0.0667287 0.766223 0.085869 
-0.0667329 0.766339 0.0858864 
-0.0668122 0.766508 0.085828 
-0.0670115 0.766323 0.0856757 
-0.0671226 0.76645 0.0855978 
-0.067219 0.766507 0.0855016 
-0.0674012 0.766384 0.0853536 
-0.067516 0.766547 0.0852509 
-0.0675837 0.766511 0.0851398 
-0.0677452 0.766504 0.0850412 
-0.0678102 0.766657 0.0849449 
-0.0679901 0.766576 0.0848127 
-0.0681115 0.766608 0.0847108 
-0.068142 0.766736 0.0846071 
-0.0683885 0.766615 0.0844564 
-0.06845 0.766715 0.0842719 
-0.068467 0.766758 0.0842099 
-0.0686502 0.766698 0.0841457 
-0.0687758 0.766835 0.0840787 
-0.0689205 0.766779 0.0839928 
-0.0690346 0.766813 0.0838949 
-0.0690508 0.766948 0.083813 
-0.0692686 0.766853 0.0836927 
-0.0693701 0.766885 0.0835811 
-0.0694176 0.767029 0.083467 
-0.0696214 0.766921 0.0833435 
-0.0697211 0.767022 0.0833001 
-0.0697631 0.767103 0.0831959 
-0.0699241 0.766975 0.0830631 
-0.0700206 0.767053 0.0829576 
-0.0701492 0.76705 0.0828428 
-0.0702759 0.767047 0.0827571 
-0.0702893 0.767126 0.0826525 
-0.0703987 0.767078 0.0824756 
-0.0705982 0.76713 0.0824497 
-0.0706238 0.767181 0.0823782 
-0.0707707 0.767151 0.0822198 
-0.0708597 0.76721 0.0821606 
-0.0709118 0.767248 0.0820741 
-0.0711163 0.767191 0.0819105 
-0.0711796 0.76728 0.0818332 
-0.0711931 0.767258 0.0817098 
-0.0714166 0.767215 0.0815699 
-0.0715161 0.767327 0.0815068 
-0.0715537 0.767244 0.0813991 
-0.0716789 0.767243 0.0812777 
-0.0717731 0.767437 0.081213 
-0.0719142 0.767332 0.0810918 
-0.0719941 0.767324 0.0809731 
-0.0720525 0.767402 0.0808664 
-0.072246 0.76729 0.0806768 
-0.0722729 0.767354 0.0805903 
-0.0722716 0.767489 0.0805981 
-0.0724418 0.767366 0.080431 
-0.0725229 0.767362 0.0803044 
-0.07261 0.767439 0.0802425 
-0.0727563 0.76736 0.0801034 
-0.0727605 0.767396 0.0800174 
-0.0728231 0.767418 0.07993 
-0.072954 0.767377 0.0797852 
-0.0730045 0.767372 0.0796175 
-0.0731354 0.767361 0.0795952 
-0.0731823 0.767373 0.079511 
-0.0731821 0.767426 0.0794058 
-0.0733269 0.767357 0.07934 
-0.0733764 0.767373 0.0792303 
-0.0733978 0.767429 0.0791359 
-0.0735263 0.767345 0.0790531 
-0.0735222 0.767371 0.0789474 
-0.0735637 0.767391 0.0788356 
-0.0736787 0.76733 0.0787789 
-0.0737121 0.767325 0.0786716 
-0.0737771 0.767352 0.0785977 
-0.0738484 0.767299 0.0785183 
-0.0738684 0.767322 0.0783933 
-0.0739351 0.767304 0.0783115 
-0.0740644 0.767279 0.0782287 
-0.0740832 0.767277 0.0781021 
-0.0741738 0.767247 0.0780233 
-0.0742215 0.767242 0.0779483 
-0.0742658 0.76727 0.0778232 
-0.0743918 0.767161 0.0776212 
-0.0744074 0.767156 0.0774893 
-0.0743912 0.767298 0.0776033 
-0.0745358 0.767212 0.0774563 
-0.0745587 0.767181 0.0773313 
-0.0745935 0.767257 0.0773454 
-0.074744 0.767193 0.0772075 
-0.0747809 0.767134 0.0770534 
-0.0748616 0.767167 0.0770165 
-0.0749186 0.767145 0.0769162 
-0.0748699 0.76711 0.0767984 
-0.0750092 0.767119 0.0766857 
-0.0750738 0.767083 0.0765576 
-0.0750639 0.767045 0.0765248 
-0.0752222 0.767068 0.0764544 
-0.0752294 0.76706 0.0763392 
-0.0752548 0.767086 0.0762706 
-0.0754188 0.767041 0.0761728 
-0.0753947 0.767044 0.0760769 
-0.0753999 0.767063 0.0759987 
-0.0755393 0.76703 0.0759187 
-0.075543 0.767008 0.0758145 
-0.0756244 0.766927 0.0756026 
-0.0757216 0.766885 0.0754538 
-0.075721 0.766968 0.0754621 
-0.0757959 0.766997 0.0755213 
-0.0758497 0.766945 0.0753943 
-0.0758892 0.766952 0.0753068 
-0.0759337 0.766918 0.0752829 
-0.0759965 0.766911 0.0751502 
-0.0760556 0.767 0.0750752 
-0.0761202 0.766906 0.0750145 
-0.076155 0.766881 0.0749004 
-0.076239 0.766973 0.0748056 
-0.0762972 0.76688 0.0747428 
-0.0763195 0.766876 0.0746582 
-0.076402 0.766957 0.0745586 
-0.0764536 0.766852 0.0744925 
-0.0765157 0.766838 0.0744222 
-0.0765871 0.7669 0.0743549 
-0.0765753 0.7668 0.0742739 
-0.0766602 0.766813 0.0741511 
-0.0767644 0.766814 0.0740837 
-0.0767754 0.766741 0.074005 
-0.0768277 0.766783 0.0739111 
-0.0768913 0.766778 0.0738492 
-0.0768735 0.766688 0.0737608 
-0.076932 0.766736 0.0736476 
-0.0770591 0.766634 0.0734716 
-0.0770247 0.766637 0.0734624 
-0.0770417 0.766759 0.0735079 
-0.0771645 0.766683 0.0733933 
-0.0771309 0.766632 0.0733087 
-0.0771705 0.766704 0.0732642 
-0.0773149 0.766661 0.0731718 
-0.0772849 0.766584 0.0730506 
-0.0773508 0.766624 0.0729864 
-0.0774519 0.766602 0.0729195 
-0.0774523 0.766601 0.0728058 
-0.0775619 0.766568 0.0727314 
-0.0776204 0.76656 0.0726808 
-0.0776574 0.766558 0.0725452 
-0.0777698 0.766485 0.0724858 
-0.0777508 0.766509 0.0724413 
-0.0777741 0.766614 0.0723696 
-0.0778657 0.766536 0.0723033 
-0.0779003 0.766517 0.0722208 
-0.0779638 0.766592 0.0721245 
-0.0780412 0.766508 0.0720756 
-0.0780391 0.766492 0.0720025 
-0.0781128 0.766531 0.0719177 
-0.0781245 0.766456 0.0718742 
-0.0781199 0.766457 0.0717999 
-0.0781887 0.766466 0.0717189 
-0.0782136 0.766434 0.0716681 
-0.0782515 0.766337 0.0715004 
-0.0783405 0.766318 0.0714429 
-0.0783541 0.766341 0.0714291 
-0.0782953 0.766439 0.0714102 
-0.0783676 0.766378 0.0713436 
-0.0784054 0.76633 0.0712639 
-0.0785324 0.766313 0.0711159 
-0.0786381 0.766243 0.0710732 
-0.078574 0.766287 0.0710487 
-0.0784962 0.766345 0.0709772 
-0.0785995 0.766275 0.0709123 
-0.0786047 0.766258 0.070843 
-0.0786366 0.76623 0.0707262 
-0.078728 0.766202 0.0706742 
-0.0787309 0.766251 0.0706411 
-0.0787144 0.766195 0.070504 
-0.0788205 0.766178 0.0704675 
-0.0789381 0.766212 0.0704114 
-0.0789727 0.766176 0.070372 
-0.078987 0.766141 0.0703085 
-0.07901 0.766207 0.0702075 
-0.0790342 0.76613 0.0701616 
-0.0790767 0.766099 0.070098 
-0.0791428 0.766195 0.070026 
-0.0791821 0.766061 0.0699654 
-0.0791987 0.766052 0.0699019 
-0.0792461 0.766131 0.0698165 
-0.0792606 0.766062 0.0697806 
-0.0792802 0.766044 0.0697089 
-0.0793082 0.766099 0.069619 
-0.0793234 0.766051 0.069598 
-0.0794252 0.76602 0.0695105 
-0.079487 0.766026 0.0694544 
-0.0794897 0.765989 0.0694124 
-0.0794841 0.766019 0.069326 
-0.0795225 0.76599 0.0692713 
-0.0795445 0.765969 0.06922 
-0.0795456 0.765945 0.0691322 
-0.0796048 0.765933 0.069088 
-0.0796356 0.765965 0.0690366 
-0.0796458 0.765956 0.0689647 
-0.0797426 0.765907 0.0689115 
-0.0797611 0.76591 0.0688243 
-0.0797977 0.765911 0.0687609 
-0.0798642 0.765866 0.0687321 
-0.0798966 0.765883 0.0686395 
-0.0798989 0.765797 0.0684826 
-0.0799272 0.765756 0.068365 
-0.0799956 0.765802 0.0683795 
-0.0800272 0.765764 0.068385 
-0.0800081 0.765741 0.0683314 
-0.0800311 0.765806 0.0683237 
-0.0800918 0.765747 0.068255 
-0.0801128 0.765714 0.068151 
-0.0801766 0.765743 0.068086 
-0.0802329 0.765717 0.0680615 
-0.0802078 0.765706 0.0679872 
-0.0802324 0.765727 0.0679363 
-0.0802543 0.765711 0.0679164 
-0.0802992 0.765665 0.0677985 
-0.0804449 0.76558 0.0676922 
-0.0804443 0.765601 0.0676945 
-0.0803845 0.765655 0.0676504 
-0.0803578 0.765659 0.0675931 
-0.0803642 0.7656 0.0675576 
-0.0804862 0.765572 0.0674147 
-0.0805335 0.765537 0.0673496 
-0.0805099 0.765507 0.0673427 
-0.0804783 0.765594 0.0673367 
-0.080476 0.765546 0.0672842 
-0.0805152 0.765484 0.0672202 
-0.0806745 0.765491 0.0670917 
-0.0807257 0.765391 0.0670387 
-0.0806748 0.76544 0.0670322 
-0.0806316 0.765533 0.066986 
-0.0806573 0.765398 0.0669288 
-0.080695 0.765378 0.0668559 
-0.080818 0.765379 0.0667321 
-0.0808062 0.76533 0.0667222 
-0.0807415 0.765367 0.066704 
-0.0807653 0.765418 0.0666539 
-0.0808149 0.76536 0.0666041 
-0.0808883 0.765301 0.0664671 
-0.0809979 0.765256 0.0662628 
-0.0809736 0.765262 0.0662332 
-0.0809242 0.765304 0.0662965 
-0.081002 0.765303 0.0662832 
-0.0810176 0.765294 0.0662148 
-0.0810632 0.765211 0.0661393 
-0.0811098 0.765216 0.0661068 
-0.081089 0.765268 0.0660494 
-0.0811494 0.765252 0.0659912 
-0.0811519 0.765218 0.0659719 
-0.0812058 0.765171 0.0658671 
-0.0813172 0.765133 0.0658003 
-0.0812798 0.76515 0.0658041 
-0.0812121 0.765215 0.0657636 
-0.0812493 0.765126 0.065704 
-0.0812583 0.765125 0.0656673 
-0.0813704 0.76513 0.0655499 
-0.0813946 0.765044 0.0654997 
-0.0813581 0.765077 0.0655015 
-0.0813747 0.765135 0.0654552 
-0.0813809 0.765068 0.0654046 
-0.0814259 0.765024 0.0653155 
-0.081572 0.764986 0.065166 
-0.0815266 0.764981 0.0651712 
-0.0814689 0.765035 0.0652155 
-0.0814914 0.765032 0.0651837 
-0.0815041 0.765002 0.0651091 
-0.081571 0.764948 0.0650112 
-0.0816053 0.764921 0.0649713 
-0.0815925 0.764971 0.0649509 
-0.0816114 0.76497 0.064907 
-0.0816925 0.764917 0.064862 
-0.0816887 0.764921 0.0648031 
-0.0817515 0.764875 0.0646996 
-0.0817683 0.764843 0.0646841 
-0.0817344 0.76492 0.06467 
-0.0817368 0.764884 0.0646125 
-0.0817501 0.764848 0.0645883 
-0.0818471 0.764829 0.0644774 
-0.081877 0.764726 0.0644073 
-0.081847 0.764768 0.0644188 
-0.0818287 0.764868 0.0643983 
-0.0818786 0.764745 0.0642947 
-0.0819124 0.764682 0.0641621 
-0.0819951 0.764707 0.0641169 
-0.0819944 0.764673 0.0641141 
-0.0819655 0.764706 0.0641133 
-0.0819643 0.764749 0.0640914 
-0.0819694 0.764693 0.0640495 
-0.0820373 0.764627 0.0639338 
-0.0821349 0.764599 0.0638426 
-0.0820998 0.764622 0.0638559 
-0.0820434 0.764629 0.0638306 
-0.0820838 0.764606 0.0637689 
-0.0821371 0.764576 0.063723 
-0.0822162 0.764562 0.0636423 
-0.082214 0.764535 0.0636015 
-0.0822209 0.76458 0.0635852 
-0.0821994 0.764583 0.0635528 
-0.0822228 0.764546 0.0635164 
-0.0823161 0.764514 0.063421 
-0.0823634 0.764478 0.0633351 
-0.0823082 0.764461 0.0633408 
-0.0822936 0.764544 0.0633381 
-0.0822854 0.764498 0.0632777 
-0.0823116 0.764407 0.0632175 
-0.0824682 0.764406 0.0630932 
-0.0824842 0.764384 0.0630492 
-0.0824368 0.764381 0.0630586 
-0.0823685 0.764442 0.0630859 
-0.0823772 0.764419 0.0630106 
-0.0825192 0.764353 0.0629134 
-0.0825791 0.764284 0.062856 
-0.082545 0.764301 0.0628464 
-0.082521 0.764382 0.0628349 
-0.0825059 0.764398 0.0627967 
-0.0825206 0.764322 0.0627403 
-0.082679 0.764266 0.0626369 
-0.0826697 0.764264 0.0626135 
-0.0826392 0.764288 0.0626059 
-0.0826476 0.764315 0.0625914 
-0.0826032 0.764284 0.0625491 
-0.0826932 0.764224 0.0624428 
-0.0828775 0.764192 0.0623556 
-0.0827965 0.764225 0.0623615 
-0.0827237 0.76425 0.0623619 
-0.0827731 0.764212 0.0623182 
-0.0827629 0.764207 0.062263 
-0.082892 0.764151 0.0621287 
-0.0829064 0.764063 0.0620325 
-0.0828486 0.764107 0.0620165 
-0.0828628 0.764222 0.062075 
-0.0828455 0.764132 0.0620258 
-0.0828825 0.764082 0.0619524 
-0.0830891 0.764083 0.0618732 
-0.0830285 0.764044 0.0618673 
-0.082939 0.764082 0.0618445 
-0.0829411 0.76411 0.0617968 
-0.0829377 0.764063 0.0617763 
-0.083051 0.763981 0.0616795 
-0.0831572 0.76394 0.0616126 
-0.0830934 0.764004 0.0616255 
-0.0830017 0.76399 0.0615923 
-0.0830871 0.763956 0.0615311 
-0.0831404 0.763956 0.0614831 
-0.0832079 0.76394 0.0614106 
-0.0832146 0.763899 0.0613953 
-0.0831811 0.763922 0.0613655 
-0.0831597 0.763958 0.061326 
-0.0831828 0.763925 0.0613063 
-0.0833125 0.763852 0.0611859 
-0.0833777 0.763813 0.0610815 
-0.0833342 0.763817 0.0610001 
-0.0832828 0.763876 0.0610197 
-0.0833029 0.763847 0.0610073 
-0.0833488 0.763809 0.0609685 
-0.0834959 0.763747 0.0608846 
-0.0834973 0.763754 0.060879 
-0.0834603 0.763796 0.0608516 
-0.083358 0.763775 0.0608054 
-0.0833713 0.763776 0.0607892 
-0.0834736 0.763755 0.060723 
-0.0836222 0.763707 0.0606269 
-0.083564 0.763732 0.0606416 
-0.0834863 0.763812 0.0606444 
-0.0835103 0.76375 0.0605837 
-0.0835204 0.763747 0.060565 
-0.0836835 0.763705 0.0604502 
-0.0837583 0.763594 0.0603946 
-0.0836987 0.763653 0.060416 
-0.0836187 0.763749 0.0604037 
-0.0836401 0.763709 0.0603597 
-0.083711 0.763631 0.0602908 
