-0.212799 -0.00597455 0.0145893 0.0681204 -0.0793537 -0.006324 
-0.212797 -0.00597038 0.0145874 0.0681198 -0.0793535 -0.006324 
-0.218432 -0.190009 0.00329929 0.0802254 -0.0784021 -0.005658 
-0.271249 0.326682 -0.0461484 0.0465445 -0.0816373 -0.005469 
-0.0870785 0.236937 0.00877617 0.0497871 -0.0706994 -0.006899 
-0.24132 -0.0323827 0.0148129 0.0683396 -0.0803353 -0.005018 
-0.274165 0.291719 -0.0597121 0.0479161 -0.0827008 -0.004898 
-0.0597394 0.0522933 0.0229229 0.0612564 -0.0699595 -0.006558 
-0.433823 -0.168308 0.0607103 0.0785809 -0.0904001 -0.004339 
-0.279686 0.279353 -0.0162903 0.0485858 -0.0844839 -0.005754 
-0.276025 -0.117971 0.0238197 0.073677 -0.0820145 -0.005338 
-0.489927 -0.124343 0.044059 0.0781559 -0.093635 -0.004548 
-0.209666 0.269379 -0.0331904 0.0507049 -0.0785922 -0.006057 
-0.237031 -0.0513479 -0.0129064 0.0706186 -0.0796374 -0.006041 
-0.354037 0.0510666 -0.00599881 0.0633814 -0.0869093 -0.004981 
-0.104189 0.262615 -0.0193587 0.0456546 -0.0727939 -0.006594 
-0.18981 -0.0399848 -0.0686155 0.0668925 -0.0775893 -0.005401 
-0.320828 0.142439 -0.0230464 0.0573475 -0.0833555 -0.004867 
-0.0482354 0.298106 -0.0265572 0.0439694 -0.0681427 -0.006779 
-0.269827 -0.0591314 0.0382452 0.0678802 -0.0811562 -0.0047 
-0.346506 0.181899 -0.00102351 0.0538648 -0.0850652 -0.004619 
-0.161527 0.218604 -0.0744318 0.0503583 -0.0740502 -0.006444 
-0.338895 -0.0286432 -0.0154585 0.068326 -0.0846437 -0.004215 
-0.286875 0.289291 0.04296 0.0474595 -0.0815348 -0.00538 
-0.204899 0.0226238 -0.0484875 0.0602414 -0.0772723 -0.00625 
-0.380506 -0.148506 0.0382432 0.0753507 -0.0863995 -0.004757 
-0.318957 0.282846 -0.0207459 0.0443118 -0.0822165 -0.005821 
-0.17505 0.0447952 -0.000481481 0.0611764 -0.0747957 -0.006458 
-0.311732 0.0376093 -0.0261155 0.0611985 -0.0834763 -0.004677 
-0.171926 0.246091 -0.0116378 0.0464668 -0.0740108 -0.00669 
-0.213591 -0.00240618 -0.0387144 0.0648821 -0.0787945 -0.005626 
-0.342312 0.0220935 -0.00551691 0.0631794 -0.0859614 -0.004667 
-0.105841 0.331056 -0.0109896 0.0404487 -0.070927 -0.006899 
-0.322775 -0.153521 -0.0292682 0.0734704 -0.0825454 -0.004507 
-0.277824 0.136757 2.13761e-05 0.0545659 -0.0804473 -0.005094 
-0.23689 0.0509839 -0.0141279 0.0588874 -0.0792475 -0.006478 
-0.362586 -0.180235 0.00686424 0.0748274 -0.0848361 -0.004426 
-0.298658 0.19219 0.0233949 0.0508437 -0.0804881 -0.00584 
-0.173632 0.0835072 0.00335584 0.0545615 -0.0720325 -0.006091 
-0.300891 -0.0725475 -0.0154733 0.0706963 -0.0807331 -0.004697 
-0.200239 0.347804 -0.0186008 0.0409915 -0.0750328 -0.006222 
-0.117739 0.0960637 -0.0274753 0.055066 -0.0687219 -0.006569 
-0.298703 -0.0580093 -0.00233364 0.0684933 -0.0802555 -0.004901 
-0.158058 0.276908 -0.0680699 0.0441782 -0.0724409 -0.006551 
-0.150094 0.0569512 -0.0459746 0.0581664 -0.0710642 -0.005624 
-0.279545 0.121113 -0.00582177 0.0555073 -0.0800161 -0.005219 
-0.216394 0.22896 -0.021727 0.0458987 -0.0758678 -0.006098 
-0.323275 -0.144311 -0.0336794 0.0717963 -0.0819756 -0.004417 
-0.30203 0.198363 0.00780655 0.0503432 -0.0808256 -0.005336 
-0.208844 0.217316 -0.00850127 0.0458901 -0.0745937 -0.006379 
-0.388243 -0.117897 0.0391592 0.0708522 -0.0841752 -0.004249 
-0.318259 0.207539 -0.0173291 0.0478119 -0.0815721 -0.005887 
-0.139432 0.181049 0.00180705 0.0466092 -0.0701982 -0.006556 
-0.29146 -0.0733805 0.0128788 0.06733 -0.0792731 -0.004779 
-0.223762 0.23954 0.0389978 0.0462782 -0.0768495 -0.006365 
-0.183743 0.0500258 -0.0380628 0.056984 -0.0730998 -0.006446 
-0.315102 -0.111866 0.0173642 0.0706531 -0.0800716 -0.004836 
-0.15272 0.256359 -0.00654333 0.0430184 -0.0705082 -0.005809 
-0.242344 -0.0263461 -0.0242499 0.062936 -0.0759482 -0.005794 
-0.350854 0.108403 -0.0295247 0.0531872 -0.0818116 -0.004505 
-0.136077 0.200849 0.0170863 0.0473629 -0.0688244 -0.006492 
-0.349977 -0.192051 -0.0435629 0.0735398 -0.0817904 -0.004483 
-0.334372 0.0877862 0.0367652 0.0565619 -0.0803384 -0.004629 
-0.165168 0.0258013 -0.00654917 0.0570376 -0.0719844 -0.006777 
-0.353236 -0.0609981 -0.0127763 0.0640068 -0.0821767 -0.004928 
-0.198927 0.312361 0.0142793 0.0399855 -0.0721077 -0.006292 
-0.201178 0.187384 -0.0120582 0.0461208 -0.0735109 -0.006096 
-0.318728 -0.16185 -0.00475697 0.0718381 -0.0790928 -0.00486 
-0.153624 0.247451 -0.00263124 0.043325 -0.0692242 -0.006622 
-0.111737 0.0489206 -0.04608 0.0577005 -0.0655349 -0.005643 
-0.271756 -0.118542 -0.0237699 0.0681859 -0.0771005 -0.005085 
-0.153046 0.396148 -0.0172867 0.0316403 -0.0690286 -0.00625 
-0.207491 -0.0730262 -0.0151915 0.0629368 -0.0729578 -0.005506 
-0.370535 0.0081463 0.0394663 0.0591349 -0.0829106 -0.004609 
-0.194424 0.187893 0.0022378 0.046601 -0.0721214 -0.006835 
-0.355193 -0.153998 0.0218475 0.0679334 -0.0799285 -0.004028 
-0.296558 0.144688 0.0276883 0.0505642 -0.0767552 -0.005374 
-0.121434 0.262369 -0.0138473 0.0395257 -0.0671697 -0.006825 
-0.187891 -0.0915229 0.0205486 0.0641021 -0.0719915 -0.005733 
-0.269724 0.345839 0.0339043 0.0354393 -0.075602 -0.00613 
-0.156114 0.019295 -0.0457466 0.0569233 -0.0695898 -0.006721 
-0.251282 0.0154651 -0.00874352 0.0603633 -0.0744746 -0.005079 
-0.288928 0.281472 -0.0248268 0.0404136 -0.0780146 -0.006477 
-0.183681 0.0390665 -0.0207671 0.0556184 -0.0711374 -0.006307 
-0.261942 0.00411898 0.0179917 0.0610669 -0.0736866 -0.004736 
-0.147437 0.303226 -0.00733228 0.0377444 -0.0671646 -0.006298 
-0.263998 -0.107078 0.0268448 0.0632426 -0.0741012 -0.005222 
-0.348878 0.188689 -0.00950472 0.0465267 -0.0797916 -0.004923 
-0.211407 0.181347 -0.0253555 0.0455869 -0.0715032 -0.006011 
-0.327939 -0.0998406 0.0196491 0.065707 -0.077705 -0.004857 
-0.245177 0.353725 0.073078 0.0335477 -0.0731356 -0.006064 
-0.0876079 0.0876067 -0.0460147 0.0496319 -0.0639385 -0.006823 
-0.281085 -0.0204405 -0.0421902 0.0611095 -0.0746915 -0.004679 
-0.13508 0.428208 -3.62566e-05 0.030029 -0.0668485 -0.00682 
-0.175004 0.0530558 -0.0444856 0.0545693 -0.0688035 -0.005782 
-0.243059 -0.0057068 -0.0188343 0.0589402 -0.0728982 -0.004882 
-0.169495 0.335115 -0.0231522 0.035176 -0.069773 -0.006865 
-0.153628 -0.0563322 -0.0288804 0.0595845 -0.0674182 -0.005508 
-0.380293 0.0278342 0.00888712 0.0557539 -0.0809814 -0.005068 
-0.224887 0.241732 -0.0492944 0.0418592 -0.0713053 -0.006381 
-0.269847 -0.0248368 -0.016045 0.0578152 -0.0735048 -0.004612 
-0.269648 0.167722 0.0451744 0.0476999 -0.0732496 -0.005628 
-0.12334 0.0740446 -0.0176465 0.0491913 -0.0646958 -0.00632 
-0.237027 -0.00701283 0.00438539 0.0586798 -0.0710843 -0.005164 
-0.244572 0.388853 0.00729545 0.0304638 -0.0722862 -0.006197 
-0.0844602 0.137984 -0.0179601 0.0452427 -0.0626904 -0.006678 
-0.248473 -0.00847878 0.00287475 0.0581122 -0.0718791 -0.0051 
-0.0865242 0.391006 0.00903004 0.0305196 -0.0626752 -0.006663 
-0.122336 -0.0072686 -0.0464006 0.057601 -0.0650941 -0.005602 
-0.275481 0.178582 -0.00547233 0.0480654 -0.0733565 -0.004625 
-0.130748 0.404666 -0.029798 0.0290341 -0.0660511 -0.006632 
-0.253996 -0.133244 -0.00376353 0.0646608 -0.0723703 -0.005116 
-0.268565 0.215446 0.0388079 0.0426286 -0.0727142 -0.005443 
-0.125374 0.248382 0.00286034 0.038795 -0.0645473 -0.00662 
-0.325482 -0.0705508 -0.000976829 0.0591194 -0.0756489 -0.004856 
-0.219032 0.300444 0.029616 0.0364355 -0.0700176 -0.006171 
-0.143888 0.124168 -0.0258781 0.046529 -0.0655495 -0.006461 
-0.319518 -0.0862418 -0.00932613 0.0629408 -0.0760505 -0.004876 
-0.164916 0.352979 0.0246761 0.0317281 -0.0673626 -0.006424 
-0.145116 0.00609564 -0.0487732 0.053733 -0.0657934 -0.005882 
-0.211743 0.0036516 -0.0450123 0.0567257 -0.0695602 -0.005277 
-0.0976746 0.31745 -0.0164413 0.0327991 -0.062232 -0.0068 
-0.183821 -0.0619654 -0.00670025 0.0597963 -0.0666611 -0.004947 
-0.273861 0.135945 0.00237871 0.0491591 -0.0731491 -0.005421 
-0.143108 0.0855298 -0.00885204 0.0475223 -0.0656691 -0.006834 
-0.277854 -0.0542642 0.0354266 0.0597027 -0.0727462 -0.004728 
-0.284769 0.338523 -0.00525588 0.0319126 -0.0739873 -0.00593 
-0.16108 0.0183666 -0.00759405 0.0526731 -0.065293 -0.006305 
-0.329893 -0.0612417 0.0271116 0.0608019 -0.0746878 -0.004667 
-0.104576 0.260285 0.00598844 0.0369951 -0.0625273 -0.006733 
-0.0851473 0.0766179 -0.0206586 0.0475598 -0.0608741 -0.006237 
-0.292138 -0.0174491 -0.0276047 0.056867 -0.074237 -0.00538 
-0.0776191 0.323837 -0.00622678 0.0328852 -0.0613409 -0.006954 
-0.223967 0.126346 -0.0883963 0.0452534 -0.0711735 -0.005173 
-0.285424 0.0185233 0.0111109 0.056114 -0.072285 -0.005023 
-0.134717 0.430502 -0.0203854 0.0225663 -0.0626116 -0.006453 
-0.220901 -0.0351021 0.0144868 0.0564355 -0.0687548 -0.004821 
-0.299933 0.132282 0.0199613 0.0447021 -0.0738558 -0.00512 
-0.128775 0.193832 -0.054616 0.0378365 -0.0634726 -0.005924 
-0.290805 -0.0770343 0.00780076 0.0582564 -0.0721539 -0.004636 
-0.346164 0.238758 -0.0397469 0.0369322 -0.0766306 -0.005916 
-0.175836 -0.0445993 -0.0106331 0.054057 -0.0667184 -0.006104 
-0.244202 -0.0555295 0.00290758 0.0564143 -0.0695789 -0.005285 
-0.200769 0.393407 -0.00818732 0.0269259 -0.0680908 -0.006782 
-0.147223 -0.187659 -0.0412806 0.0653062 -0.0641704 -0.005773 
-0.265435 -0.0246298 0.0100457 0.0551944 -0.0710758 -0.005424 
-0.11927 0.360165 -0.0474342 0.0286701 -0.0615256 -0.007223 
-0.15943 0.0428341 -0.0310272 0.0505365 -0.0642846 -0.005899 
-0.293023 0.106363 -0.0257003 0.0439278 -0.0725798 -0.004538 
-0.162398 0.307955 -0.0138011 0.0313619 -0.0653752 -0.006603 
-0.277062 -0.00702091 -0.0383938 0.0518606 -0.0718526 -0.00493 
-0.377175 0.0280386 0.0295989 0.0488959 -0.0763442 -0.005034 
-0.195894 0.165878 -0.00848152 0.0410872 -0.0667712 -0.006907 
-0.253439 -0.181609 -0.0136282 0.0640462 -0.0696036 -0.004961 
-0.271788 0.239526 0.00092571 0.0375062 -0.0703249 -0.005642 
-0.13489 0.20134 -0.00143573 0.0372085 -0.0620335 -0.006671 
-0.226084 -0.0767375 -0.00841569 0.0560661 -0.0670851 -0.005227 
-0.196299 0.330287 0.0105003 0.0295342 -0.0654864 -0.006636 
-0.0829219 0.18869 -0.0077052 0.0368596 -0.0592919 -0.006566 
-0.276668 0.0179259 -0.0284428 0.0500521 -0.0721427 -0.004658 
-0.140024 0.340932 -0.0575388 0.0269766 -0.0635502 -0.00593 
-0.179698 0.0485342 -0.0455454 0.0485548 -0.0652663 -0.005982 
-0.269708 0.155165 -0.000153644 0.0429894 -0.0705514 -0.005062 
-0.175388 0.302172 -0.0281011 0.0311578 -0.0649335 -0.006651 
-0.21776 -0.0694644 -0.0235432 0.0564305 -0.0668021 -0.004889 
-0.293933 0.27839 0.00824851 0.0343213 -0.070585 -0.005084 
-0.179656 0.251209 -0.035391 0.0306811 -0.0647364 -0.007184 
-0.238494 -0.0442753 -0.0293492 0.0539508 -0.0673487 -0.005367 
-0.263688 0.237576 0.00561315 0.0358468 -0.0690695 -0.005792 
-0.10738 0.445331 -0.00288321 0.0200809 -0.0603779 -0.006418 
-0.177267 0.0706824 -0.0266563 0.0442088 -0.0641923 -0.005177 
-0.262963 0.346706 0.0159468 0.0289407 -0.0704517 -0.006286 
-0.123825 0.148829 -0.0136369 0.0392148 -0.0602935 -0.006668 
-0.21052 -0.012113 -0.0263829 0.0517991 -0.0646471 -0.004867 
-0.159616 0.354306 -0.0572053 0.0288974 -0.0633382 -0.006989 
-0.128824 -0.0488912 0.00900092 0.0535828 -0.0614921 -0.005578 
-0.25834 0.0196174 -0.0182189 0.0510031 -0.068067 -0.004735 
-0.180678 0.196504 -0.00389826 0.0341169 -0.0643813 -0.006804 
-0.219311 -0.12238 0.0128469 0.0566877 -0.0663313 -0.005131 
-0.259051 0.140916 -0.0171032 0.0418117 -0.0674563 -0.005694 
-0.14638 0.234979 -0.0193008 0.0331485 -0.0604979 -0.006781 
-0.238805 -0.165554 0.0166017 0.0614545 -0.0668946 -0.005156 
-0.199978 0.336234 0.0253323 0.0277875 -0.0642632 -0.006209 
-0.145837 0.0828777 -0.0305593 0.0415324 -0.0611097 -0.006424 
-0.242638 -0.043986 0.0168083 0.0520119 -0.0671769 -0.005007 
-0.192826 0.381894 -0.0107814 0.0239784 -0.0633158 -0.006533 
-0.134951 0.102913 -0.0671531 0.0414438 -0.0613717 -0.00632 
-0.265414 0.162851 -0.0342668 0.039366 -0.0700996 -0.005325 
-0.147033 0.38191 -0.0308353 0.0237053 -0.0613652 -0.006845 
-0.197506 4.75477e-05 -0.0273295 0.0461127 -0.0646159 -0.005084 
-0.29911 0.0678923 0.0108009 0.0444196 -0.0697749 -0.004802 
-0.1459 0.293283 -0.0110098 0.0265442 -0.0602694 -0.006524 
-0.243845 -0.111679 -0.024154 0.0569683 -0.0665757 -0.005037 
-0.281592 0.238233 0.0453706 0.0311897 -0.0694994 -0.005818 
-0.141627 0.143522 -0.0257869 0.036713 -0.0606334 -0.006691 
-0.194414 0.0154472 -0.0273617 0.046093 -0.0636977 -0.005153 
-0.209515 0.314981 0.00844683 0.0255995 -0.0649058 -0.006123 
-0.117083 0.180808 -0.0376237 0.0331925 -0.0593253 -0.0065 
-0.177289 -0.0469142 -0.0361999 0.0517913 -0.06255 -0.005493 
-0.174182 0.333359 -0.0749504 0.0255162 -0.0627952 -0.006491 
-0.114186 0.0427051 0.0287507 0.0449238 -0.0574086 -0.005865 
-0.288112 0.0403546 -0.000483538 0.0444047 -0.0685599 -0.004817 
-0.158503 0.304372 -0.0196576 0.0295883 -0.0609078 -0.006544 
-0.196293 -0.0269537 -0.0190564 0.0488124 -0.061666 -0.005551 
-0.319394 0.0971144 -0.0138366 0.0400696 -0.0706978 -0.005393 
-0.170507 0.242927 -0.0064691 0.029186 -0.061225 -0.006596 
-0.211442 -0.0648212 -0.0641739 0.0496652 -0.0635273 -0.005325 
-0.247445 0.242358 -0.046259 0.0314095 -0.0658329 -0.005674 
-0.143193 0.189889 -0.0543308 0.0312792 -0.0603966 -0.007063 
-0.135025 -0.0690121 -0.0304254 0.0499166 -0.0584535 -0.005215 
-0.227139 0.342945 -0.0247646 0.0242088 -0.0639265 -0.006224 
-0.132334 0.330267 -0.0424724 0.0252802 -0.0590615 -0.006567 
-0.202286 -0.0184103 -0.0295441 0.047778 -0.0627769 -0.004486 
-0.187252 0.449753 -0.0234603 0.0157216 -0.0610878 -0.006349 
-0.144012 0.036482 -0.0406412 0.043394 -0.0592934 -0.005879 
-0.244875 -0.0633528 0.00627245 0.0521753 -0.0658906 -0.004975 
-0.194466 0.286372 -0.00186019 0.0264135 -0.0617141 -0.006107 
-0.20214 -0.0634267 -0.0404643 0.0491631 -0.0616107 -0.005192 
-0.279877 0.101896 0.00402108 0.0393586 -0.0662998 -0.005254 
-0.208406 0.286417 -0.0301063 0.0281323 -0.0628835 -0.006463 
-0.212347 -0.0595863 -0.0320647 0.0471053 -0.0632386 -0.005232 
-0.26211 0.158758 -0.00142349 0.0358459 -0.0659738 -0.005655 
-0.102816 0.22496 -0.0582683 0.0281214 -0.0564649 -0.006669 
-0.193985 -0.0681202 0.0181761 0.0478623 -0.0607789 -0.005547 
-0.17631 0.445822 -0.0512052 0.0159607 -0.0604828 -0.006117 
-0.0718777 0.264901 -0.0249921 0.0273775 -0.0554299 -0.006631 
-0.195007 -0.0810172 -0.0310139 0.051674 -0.0606759 -0.005037 
-0.179405 0.448656 -0.0286998 0.0154901 -0.0605358 -0.006642 
-0.113465 0.14823 -0.0207056 0.0356996 -0.0570372 -0.006231 
-0.279398 -0.0933179 -0.0556817 0.0537109 -0.0661539 -0.004436 
-0.229943 0.301881 0.0193204 0.0254906 -0.0629686 -0.006677 
-0.12537 0.00374443 0.00276756 0.0452289 -0.0554913 -0.005934 
-0.28259 -0.0253991 -0.0341799 0.0467375 -0.0657252 -0.00465 
-0.178551 0.368377 0.0101768 0.0184545 -0.059695 -0.006916 
-0.170767 0.00271569 -0.0523016 0.0428748 -0.0584677 -0.005865 
-0.234046 0.17273 -0.0271604 0.0332883 -0.0632546 -0.00558 
-0.148222 0.322026 -0.03747 0.0206763 -0.057999 -0.007031 
-0.186273 0.0446843 -0.0109813 0.0406147 -0.0602248 -0.005831 
-0.251905 0.415649 -0.014334 0.0178843 -0.0646824 -0.005569 
-0.162606 0.157067 -0.0515069 0.0304406 -0.0591657 -0.006194 
-0.224912 -0.0208941 -0.0436636 0.0458827 -0.063273 -0.004653 
-0.274807 0.283581 0.0153519 0.0267434 -0.0648964 -0.005311 
-0.174922 0.0596947 -0.00869472 0.0401743 -0.0588044 -0.005896 
-0.29246 0.0225635 0.00792922 0.0432351 -0.0669311 -0.00507 
-0.203213 0.361993 -0.00826373 0.0200549 -0.0612671 -0.00673 
-0.141728 0.163837 -0.0265635 0.0333858 -0.0569407 -0.00641 
-0.273775 0.0863645 -0.0261831 0.037928 -0.0644501 -0.005311 
-0.105128 0.411052 -0.0313328 0.0156456 -0.055577 -0.007077 
-0.129797 -0.0346945 -0.0332502 0.04543 -0.0560579 -0.005858 
-0.238088 0.154567 0.0302884 0.0339412 -0.0622058 -0.005324 
-0.150524 0.466057 -0.0713782 0.0120955 -0.0570695 -0.00657 
-0.159616 -0.0384762 -0.0471584 0.0458288 -0.058104 -0.005347 
-0.232953 0.304076 0.0221525 0.022958 -0.0622979 -0.00579 
-0.132751 0.239095 -0.0484096 0.0257823 -0.0560228 -0.006205 
-0.254536 0.0508193 -0.00309511 0.0386526 -0.0627665 -0.004701 
-0.215176 0.24071 0.0351078 0.0279424 -0.0602026 -0.005952 
-0.0899589 0.178655 -0.0176555 0.0309116 -0.0535935 -0.00658 
-0.240316 -0.17143 0.0004051 0.0529555 -0.0628965 -0.004688 
-0.235346 0.289312 0.00413064 0.0250729 -0.0619131 -0.006531 
-0.127598 0.145191 -0.00982715 0.032073 -0.0552838 -0.006075 
-0.190918 0.087543 -0.027946 0.0369732 -0.0590539 -0.005137 
-0.164588 0.381978 -0.0430564 0.0161972 -0.0583122 -0.006758 
-0.0842228 0.0884232 -0.0354819 0.034776 -0.0540295 -0.0062 
-0.2287 0.0460475 -0.055697 0.0392557 -0.0629651 -0.004646 
-0.207696 0.432142 -0.0311586 0.0131933 -0.0601882 -0.006504 
-0.19052 -0.0584773 -0.0300375 0.0440838 -0.0586213 -0.00512 
-0.242373 0.113676 -0.045579 0.0329504 -0.0616919 -0.004715 
-0.14806 0.320609 0.011972 0.0184097 -0.0565602 -0.006956 
-0.136662 -0.0902727 -0.0479843 0.0462062 -0.0549792 -0.005575 
-0.250883 0.150819 0.0160531 0.0337478 -0.0614409 -0.00548 
-0.14347 0.234857 -0.0246238 0.0241985 -0.0543296 -0.00663 
-0.212546 -0.013998 -0.00687656 0.0436432 -0.0592342 -0.005327 
-0.231801 0.401286 0.0143784 0.0138501 -0.0609562 -0.006214 
-0.138551 0.184179 -0.0797175 0.0263822 -0.055624 -0.006965 
-0.153669 -0.0155533 0.00997149 0.0396411 -0.055951 -0.005141 
-0.207452 0.399025 -0.0228149 0.0142706 -0.0593389 -0.006454 
-0.105863 0.162357 -0.0220959 0.0291315 -0.0534683 -0.006286 
-0.215178 -0.0790256 -0.0121365 0.0466632 -0.0600344 -0.004525 
-0.170891 0.337261 0.00366128 0.0176576 -0.0577457 -0.00641 
-0.137512 -0.0167385 -0.0248199 0.0380386 -0.0549744 -0.005901 
-0.261585 -0.0162555 -0.0224072 0.0428883 -0.0626389 -0.004615 
-0.178916 0.358755 -0.0156126 0.0153745 -0.0580171 -0.006679 
-0.147461 0.0269232 -0.0306602 0.0369061 -0.0553324 -0.00544 
-0.25677 0.0871597 -0.0269116 0.0340854 -0.0624821 -0.005199 
-0.188094 0.308182 -0.0250784 0.0171419 -0.0579062 -0.007077 
-0.222057 -0.0789389 -0.040434 0.0419651 -0.060795 -0.005044 
-0.182821 0.351922 -0.0108154 0.016152 -0.0569485 -0.00644 
-0.0426221 0.296727 -0.0221147 0.0176117 -0.0488595 -0.006922 
-0.0740608 0.0250552 -0.0415963 0.0367024 -0.0502381 -0.005362 
-0.263086 0.388934 0.00585368 0.0135814 -0.0606531 -0.005638 
-0.125565 0.133473 -0.0289859 0.0275017 -0.054224 -0.00627 
-0.237637 0.0230447 -0.0264938 0.0397217 -0.0605493 -0.004883 
-0.273537 0.34745 -0.0220137 0.0168634 -0.0632039 -0.005564 
-0.13132 0.130995 -0.0332141 0.0295161 -0.0551346 -0.006561 
-0.200474 -0.071038 -0.0245046 0.0440987 -0.0578293 -0.004978 
-0.31718 0.414255 0.00861533 0.0115997 -0.0646595 -0.006203 
-0.102274 0.112389 -0.0527742 0.0295564 -0.0522056 -0.006208 
-0.214147 0.0341908 -0.013467 0.0368815 -0.0580158 -0.004941 
-0.148831 0.395888 0.0157026 0.0109203 -0.0545773 -0.007296 
-0.0960243 0.102635 -0.0857925 0.0290084 -0.05242 -0.006107 
-0.196338 0.182788 0.00768128 0.0241682 -0.0581081 -0.005477 
-0.0977301 0.415175 -0.0500852 0.0083851 -0.0525073 -0.007314 
-0.10517 0.0332001 -0.0635438 0.0346705 -0.0522365 -0.005584 
-0.145038 0.27493 -0.0356958 0.0200804 -0.054941 -0.006132 
-0.103577 0.288243 -0.0439667 0.0175435 -0.051826 -0.006669 
-0.164411 0.00368141 -0.0319124 0.0348578 -0.0552534 -0.005187 
-0.222048 0.228412 -0.00735694 0.0226362 -0.0584436 -0.005709 
-0.161509 0.283791 -0.0395591 0.018745 -0.0548208 -0.006649 
-0.138107 -0.092141 0.00373891 0.0417326 -0.0539035 -0.004674 
-0.263046 0.296584 0.0072825 0.0167194 -0.0608592 -0.006108 
-0.1393 0.173738 -0.0373056 0.023502 -0.0529853 -0.006543 
-0.228871 -0.0504725 -0.00176874 0.0394339 -0.0586666 -0.004776 
-0.174006 0.436804 -0.0167028 0.00929221 -0.055329 -0.006393 
-0.0822864 0.15583 -0.0322717 0.0251628 -0.0510118 -0.006346 
-0.211848 0.0701208 0.0334012 0.0347371 -0.0577681 -0.005578 
-0.19442 0.358539 -0.0655036 0.0125274 -0.0578711 -0.006531 
-0.124127 0.0855064 -0.0310564 0.0316963 -0.0520183 -0.005616 
-0.119418 0.244619 -0.0132289 0.023267 -0.0522153 -0.005844 
-0.180225 0.298329 -0.0323809 0.0175802 -0.0561471 -0.006939 
-0.10525 0.0530762 -0.0282827 0.0326326 -0.0506407 -0.005347 
-0.188302 0.103298 0.0140055 0.0293437 -0.0544003 -0.00534 
-0.163139 0.307815 -0.0320716 0.0144355 -0.0539205 -0.006263 
-0.128451 -0.0857236 0.0374002 0.0415803 -0.051302 -0.005201 
-0.237534 0.299567 -0.00999077 0.0133507 -0.0586665 -0.005933 
-0.108527 0.258518 -0.0263019 0.0162947 -0.050817 -0.006761 
-0.142079 -0.0413396 -0.0250312 0.0387805 -0.0519484 -0.005078 
-0.135018 0.425264 -0.0440972 0.00797237 -0.0522518 -0.006952 
-0.0882491 0.190718 -0.0485174 0.0209899 -0.0495822 -0.006265 
-0.0908971 -0.0681976 -0.252792 0.0426042 -0.0554863 -0.006249 
-0.0981584 0.487564 -0.679377 0.00812284 -0.0646316 -0.009245 
0.356866 0.479203 -2.24509 0.0162828 -0.0739166 -0.014798 
0.291574 0.637292 -4.20751 0.0128735 -0.121171 -0.019287 
0.234044 1.24567 -6.32127 -0.0182724 -0.17128 -0.029132 
0.465016 0.90592 -7.589 0.00647691 -0.192182 -0.027456 
0.61229 1.49696 -8.70246 -0.0185168 -0.217385 -0.039234 
0.648275 2.09745 -10.0535 -0.0496707 -0.248536 -0.048481 
0.104396 1.62034 -10.9537 -0.0164219 -0.296822 -0.044334 
0.0677317 1.99773 -11.5918 -0.0354155 -0.313843 -0.048988 
0.142567 2.38993 -12.309 -0.0538109 -0.324275 -0.060212 
0.0348919 2.28758 -12.5368 -0.0455614 -0.335757 -0.062291 
0.102631 2.47619 -13.5161 -0.054561 -0.360911 -0.059156 
-0.633383 1.56528 -13.4069 -0.00932368 -0.39384 -0.043238 
-0.765889 1.39924 -14.2838 0.00678137 -0.424979 -0.042056 
-0.614355 2.06586 -15.0698 -0.026191 -0.440249 -0.055373 
-0.0231703 2.18775 -15.5035 -0.02947 -0.417713 -0.060313 
-0.0640572 2.33459 -15.7748 -0.034341 -0.42959 -0.064782 
-0.25681 2.65207 -16.1244 -0.0546195 -0.447474 -0.066845 
0.317796 2.57681 -16.3251 -0.0472795 -0.4206 -0.068169 
0.172169 2.42572 -16.4995 -0.036487 -0.437023 -0.063451 
-0.0242339 2.55528 -16.8123 -0.0507745 -0.455961 -0.062175 
0.388891 2.20082 -17.6326 -0.0222333 -0.459705 -0.061122 
0.397283 3.13688 -17.785 -0.0701492 -0.463961 -0.077967 
0.968752 3.4251 -17.8976 -0.0872432 -0.436767 -0.082319 
0.127995 2.47709 -18.3977 -0.0336783 -0.492269 -0.068211 
0.192767 2.77115 -17.719 -0.0560684 -0.466226 -0.061327 
0.140086 2.30551 -18.1554 -0.0281534 -0.480634 -0.055967 
-0.556127 1.60851 -18.3801 0.0125712 -0.523907 -0.044434 
-0.740812 1.63918 -18.2034 0.00186005 -0.528086 -0.039929 
-0.887507 1.38097 -18.1301 0.018536 -0.534973 -0.041157 
-0.791423 1.49368 -18.2878 0.0189572 -0.535804 -0.046906 
-0.368958 2.4686 -17.7294 -0.0427113 -0.502803 -0.061531 
0.241735 2.50239 -15.9657 -0.0461233 -0.423836 -0.065848 
0.26697 2.02035 -13.3309 -0.030647 -0.354768 -0.04949 
-0.212055 1.84774 -11.1671 -0.0354554 -0.321217 -0.04092 
-0.130482 1.25875 -8.13705 -0.0124652 -0.235971 -0.029112 
-0.572297 0.88147 -4.17556 -0.00528024 -0.162722 -0.016594 
-0.1731 0.470214 -0.428725 0.00129532 -0.0603246 -0.008113 
-0.134256 0.0335879 -0.0759186 0.0293581 -0.0527614 -0.00498 
-0.186495 0.4257 -0.0725722 0.00313541 -0.0556669 -0.005323 
-0.127918 0.11027 -0.0477807 0.0228864 -0.0516211 -0.006265 
-0.213645 -0.0976682 -0.0393341 0.04038 -0.0564651 -0.004596 
-0.242037 0.28106 0.0219855 0.013395 -0.0570756 -0.005703 
-0.145616 0.203501 -0.0442396 0.016364 -0.0514722 -0.00602 
-0.183399 -0.0927552 -0.00929379 0.0386972 -0.0527598 -0.004963 
-0.180655 0.347462 -0.00239488 0.00874385 -0.0522979 -0.006599 
-0.100122 0.120947 0.00232252 0.0213519 -0.0483713 -0.006257 
-0.16152 0.0413003 0.0167501 0.0277941 -0.0525096 -0.005019 
-0.249803 0.492649 -0.0904108 -0.00310126 -0.0580508 -0.006343 
-0.0675565 -0.0324447 -0.0515403 0.0314795 -0.0472611 -0.005722 
-0.16679 0.15693 -0.0808616 0.0224283 -0.0529926 -0.00508 
-0.0844496 0.338941 -0.0155132 0.00602177 -0.0484896 -0.006352 
-0.106067 0.0152627 -0.0567204 0.0296792 -0.0494786 -0.005333 
-0.198719 0.307578 0.0110079 0.0104305 -0.0524865 -0.005576 
-0.169852 0.221004 0.00101723 0.0133013 -0.0515476 -0.006366 
-0.138158 -0.10949 -0.0224034 0.0380561 -0.0502622 -0.005176 
-0.216769 0.397552 0.0099356 0.00347975 -0.0541714 -0.006 
-0.0655482 -0.00973264 -0.0372948 0.0288032 -0.046059 -0.005503 
-0.215126 0.017483 -0.0099206 0.0300076 -0.0548495 -0.005041 
-0.198444 0.434836 -0.0191307 0.000862547 -0.0540157 -0.006508 
-0.10608 0.0443684 -0.00460372 0.027496 -0.0484722 -0.005536 
-0.192192 0.397106 -0.0345078 0.00475969 -0.0530021 -0.005932 
-0.148713 0.319896 -0.052007 0.00749292 -0.0524908 -0.006375 
-0.0975588 -0.045644 -0.0300694 0.0299088 -0.0478355 -0.005177 
-0.210345 0.330389 0.0268992 0.00692528 -0.0536302 -0.005196 
-0.178826 0.210281 -0.0533751 0.0156984 -0.0525771 -0.006105 
-0.115608 -0.0870239 -0.00736395 0.033571 -0.0485302 -0.004437 
-0.2457 0.361152 0.0233085 0.00652794 -0.0571556 -0.005829 
-0.111889 0.0458183 0.0274193 0.0259093 -0.0483112 -0.00554 
-0.130615 -0.0667981 -0.00376322 0.0333537 -0.0486167 -0.005023 
-0.26411 0.354835 0.0305128 0.00669132 -0.0567042 -0.00621 
-0.0723695 0.0552879 -0.00747781 0.025793 -0.0454383 -0.005598 
-0.159048 0.168746 -0.00696967 0.0174154 -0.0519144 -0.005851 
-0.216116 0.396539 -0.0316706 0.00246623 -0.0550558 -0.007055 
-0.0874089 0.0139836 -0.0596442 0.0281533 -0.0463791 -0.005751 
-0.185234 0.310406 -0.032539 0.00960917 -0.053014 -0.005525 
-0.105376 0.237778 -0.0294462 0.0108636 -0.0478565 -0.006016 
-0.0833318 0.0196796 -0.0275 0.0279029 -0.047119 -0.004961 
-0.237051 0.412939 -0.0170658 0.00045569 -0.0563536 -0.005076 
-0.129037 0.125971 0.0408004 0.0199263 -0.0489404 -0.006526 
-0.180447 -0.0474945 -0.0016572 0.033866 -0.052674 -0.004766 
-0.268193 0.314873 0.00264308 0.00754291 -0.0569017 -0.005915 
-0.0886484 0.0129506 0.00438323 0.026396 -0.0463776 -0.005794 
-0.135521 -0.0695744 0.0100246 0.0319099 -0.0496618 -0.004621 
-0.211424 0.421641 -0.0592488 -0.000720548 -0.0538742 -0.006 
-0.155347 0.121547 -0.0303644 0.0175783 -0.0506466 -0.006419 
-0.149717 -0.030875 -0.0219068 0.0311148 -0.0504571 -0.005237 
-0.208921 0.482534 -0.0455047 -0.00346976 -0.0542119 -0.006264 
-0.0303763 0.0941379 -0.0292834 0.0214251 -0.0430731 -0.005758 
-0.181069 0.291597 -0.0389358 0.00860964 -0.0531558 -0.005087 
-0.13353 0.297973 -0.0181242 0.00566547 -0.0498919 -0.006669 
-0.118751 -0.0410899 -0.00401941 0.0295704 -0.0479331 -0.005199 
-0.230171 0.290069 0.00197839 0.00647019 -0.0537608 -0.005187 
-0.122636 0.224339 -0.0246082 0.00992036 -0.0479116 -0.006237 
-0.139524 -0.0315433 -0.000112269 0.0283843 -0.0498463 -0.00496 
-0.252557 0.318766 -0.00798195 0.00608905 -0.0574907 -0.006206 
-0.198762 0.265028 -0.0495909 0.0085901 -0.0538562 -0.006765 
-0.129415 0.0210982 0.0211388 0.025942 -0.0485946 -0.005325 
-0.166692 0.38642 -0.0286991 0.000131065 -0.0517962 -0.006473 
-0.0764874 0.106867 -0.0418389 0.0172114 -0.0455906 -0.006141 
-0.128903 0.137515 0.00501868 0.0192605 -0.0478811 -0.004968 
-0.180861 0.334078 -0.0427942 0.00344845 -0.0516643 -0.006248 
-0.136254 0.00448241 -0.055407 0.0276824 -0.0482719 -0.005743 
-0.192642 0.126487 -0.010346 0.0197808 -0.0519616 -0.00481 
-0.104134 0.159446 -0.0342338 0.0152335 -0.0471581 -0.006828 
-0.0706344 -0.16323 0.0147044 0.036271 -0.0443106 -0.005418 
-0.253335 0.35302 -0.0338994 0.00316949 -0.0551011 -0.005872 
-0.101893 0.0144255 0.0156035 0.023736 -0.0463881 -0.006016 
-0.153939 -0.0625043 0.0104841 0.031154 -0.0488516 -0.004528 
-0.175785 0.373316 0.036549 0.00317037 -0.049574 -0.006 
-0.0685433 0.158638 0.0186164 0.0158037 -0.0438347 -0.006377 
-0.181898 0.0553605 -0.011786 0.0230565 -0.0519375 -0.004634 
-0.230498 0.293727 -0.0481583 0.00503795 -0.0539918 -0.006516 
-0.0725055 -0.0762173 -0.0264482 0.0311763 -0.0446632 -0.005739 
-0.160795 0.311232 -0.0509284 0.00785873 -0.0501671 -0.005194 
-0.135586 0.278262 -0.033586 0.00728819 -0.048609 -0.006726 
-0.0307481 -0.00962295 -0.043589 0.0257039 -0.0425506 -0.005187 
-0.190337 0.316323 0.0148411 0.00362172 -0.0506509 -0.005605 
-0.131073 0.436425 -0.0476795 -0.00674084 -0.048411 -0.006484 
-0.157984 -0.169606 -0.0137236 0.0356513 -0.0490968 -0.004606 
-0.212428 0.426634 0.0280972 -0.00467532 -0.0519468 -0.005499 
-0.0909229 0.0810642 -0.0158784 0.0165365 -0.0449382 -0.0063 
-0.139865 -0.0607587 0.00489644 0.0281352 -0.0467055 -0.004662 
-0.267341 0.373679 0.000848756 -2.39668e-05 -0.0567313 -0.006303 
-0.129324 0.122927 -0.0609875 0.0150147 -0.0490428 -0.006233 
-0.128513 0.0423979 -0.0113985 0.0229766 -0.0483065 -0.0053 
-0.198524 0.524981 -0.0281431 -0.0124971 -0.0528413 -0.006681 
0.00591324 0.0152039 -0.0612124 0.021243 -0.041966 -0.00619 
-0.16639 0.192164 -0.0481152 0.0116891 -0.0500491 -0.005276 
-0.183833 0.416113 -0.0242807 -0.00440401 -0.0504338 -0.006544 
-0.0997268 -0.000775376 -0.115049 0.0223248 -0.0469311 -0.004813 
-0.152491 0.193745 -0.0270306 0.00979434 -0.0513418 -0.005112 
-0.190594 0.301208 -0.0587988 0.00118193 -0.052246 -0.006591 
-0.132732 -0.118265 0.0385029 0.0295532 -0.0476631 -0.004908 
-0.245426 0.228779 0.00537773 0.0081325 -0.0548137 -0.00556 
-0.171044 0.347384 -0.0279542 -0.00192796 -0.0485402 -0.006493 
-0.0941763 0.0302242 0.0181618 0.022317 -0.0461229 -0.005239 
-0.185097 0.384123 0.01648 -0.00228916 -0.0494039 -0.006736 
-0.121718 0.240903 -0.0228393 0.00546632 -0.0463826 -0.006951 
-0.0842352 -0.032149 -0.0317376 0.0224526 -0.0451879 -0.005281 
-0.219935 0.332782 -0.0359014 0.0029711 -0.0517836 -0.006036 
-0.0614105 0.254948 0.00244092 0.00501401 -0.0435092 -0.006462 
-0.160103 0.147997 -0.0647407 0.011973 -0.0501578 -0.005299 
-0.191378 0.377248 -0.0143985 -0.00407831 -0.0503873 -0.006011 
-0.0307613 -0.0791971 0.000907827 0.0262142 -0.0416661 -0.005577 
-0.1724 0.204006 -0.0193055 0.00852873 -0.050731 -0.005496 
-0.214757 0.314578 -0.0224979 0.000140742 -0.0520898 -0.006528 
-0.0148047 0.0465743 -0.0137029 0.0187434 -0.0404027 -0.005529 
-0.171031 0.312373 0.0088697 -9.02415e-05 -0.0498349 -0.006008 
-0.134294 0.246893 -0.022416 0.00316663 -0.0472278 -0.006472 
-0.130392 -0.0189991 -0.00928456 0.0247555 -0.0469137 -0.00516 
-0.226604 0.354201 -0.0440876 -0.00130646 -0.0526072 -0.005964 
-0.0308875 0.127641 -0.00585657 0.0116692 -0.0410274 -0.006611 
-0.206311 0.389273 -0.00156046 -0.00493665 -0.0504281 -0.006153 
-0.20595 0.390956 -0.00179421 -0.00514906 -0.0503825 -0.006153 
-0.143137 0.157181 -0.0456283 0.0102006 -0.0489096 -0.005929 
-0.212022 0.147836 -0.0470826 0.0143354 -0.0519653 -0.00553 
-0.168378 0.271961 0.0160907 0.00395776 -0.0481241 -0.006097 
-0.0423019 -0.0381865 -0.0128537 0.0237565 -0.0418696 -0.005921 
-0.197449 0.302051 0.00968771 9.88026e-05 -0.048101 -0.005624 
-0.175768 0.183408 -0.000677736 0.00794277 -0.0498386 -0.006447 
-0.0138488 -0.0413118 -0.00766409 0.0227934 -0.0390244 -0.005182 
-0.167606 0.313128 -3.16871e-05 0.00179926 -0.0489431 -0.005916 
-0.112 0.322583 -0.0351975 -0.00255837 -0.0444195 -0.006788 
-0.0429557 0.0614159 -0.0216265 0.016339 -0.0411557 -0.005221 
-0.218152 0.407965 -0.0322899 -0.00553312 -0.0509193 -0.005844 
-0.1396 0.190137 -0.0442227 0.00625277 -0.0477387 -0.006472 
-0.16913 0.257367 -0.0308223 0.0028785 -0.0494295 -0.005379 
-0.182459 0.373076 0.01351 -0.00591567 -0.04924 -0.006133 
-0.0993106 0.0660658 -0.00246112 0.0144575 -0.0448653 -0.005823 
-0.172628 0.123349 -0.0117509 0.0137895 -0.0494744 -0.004988 
-0.201148 0.339145 -0.0364293 -0.00358483 -0.0503232 -0.006389 
-0.0533261 -0.124158 -0.00234536 0.0273425 -0.0423095 -0.005268 
-0.192115 0.21426 -0.0405557 0.00757701 -0.0498838 -0.005542 
-0.105443 0.355092 -0.0351135 -0.00630537 -0.0457314 -0.007068 
-0.0291782 -0.139115 -0.0194481 0.0271914 -0.0395588 -0.005122 
-0.225724 0.297481 -0.0118558 -0.000795732 -0.0522324 -0.005655 
-0.0792353 0.263719 -0.0270017 0.00151213 -0.0423808 -0.006923 
-0.021361 -0.0161736 -0.0384891 0.0182563 -0.0390648 -0.005072 
-0.217813 0.342237 -0.020304 -0.00311147 -0.0506552 -0.005703 
-0.0554351 0.123289 -0.044993 0.0108074 -0.042252 -0.006773 
-0.108756 -0.023617 0.00503833 0.0197597 -0.045087 -0.004895 
-0.235961 0.322564 -0.031631 -0.0003152 -0.0538969 -0.006113 
-0.0922606 0.0364514 -0.0140969 0.0151398 -0.0439831 -0.005422 
-0.122834 -0.0559285 0.0356676 0.0248008 -0.0456149 -0.005511 
-0.152063 0.312519 -0.0106971 -0.00181903 -0.0475743 -0.00679 
-0.147157 -0.0736476 -0.0329245 0.0232822 -0.0471591 -0.005509 
-0.169915 0.0668811 -0.016516 0.0156164 -0.0490276 -0.005642 
-0.121905 0.37459 -0.0330869 -0.0093688 -0.0453522 -0.006994 
-0.0749322 0.120723 -0.0411321 0.00960747 -0.0432983 -0.0056 
-0.140634 0.278192 -0.0191221 -0.00116826 -0.0469016 -0.005828 
-0.0726484 0.242349 -0.0435645 -0.00120407 -0.0427428 -0.006552 
-0.0556894 -0.0054311 -0.0147248 0.0189103 -0.041699 -0.005095 
-0.170712 0.446547 -0.0375021 -0.0128265 -0.0484365 -0.005732 
-0.0362684 0.0419192 -0.0348769 0.0133384 -0.0410421 -0.006111 
-0.110779 0.00977696 -0.00263938 0.0168917 -0.045274 -0.0051 
-0.217498 0.306387 -0.0195429 0.000424331 -0.0504115 -0.006149 
-0.0644084 0.00150318 -0.0284517 0.0164063 -0.041757 -0.005887 
-0.118856 -0.095058 0.0433756 0.0242052 -0.0456083 -0.005322 
-0.126718 0.271081 0.0123483 -0.0033954 -0.046488 -0.006598 
-0.0608898 -0.132795 -0.0189674 0.0224211 -0.0426034 -0.005279 
-0.158546 0.0944083 -0.0259882 0.00866594 -0.04777 -0.005554 
-0.0426407 0.179394 0.0174145 0.00409858 -0.03979 -0.006652 
-0.00822459 -0.0398988 -0.0916699 0.0178344 -0.0399687 -0.005758 
-0.157 0.356669 0.00189852 -0.00583139 -0.0471754 -0.005707 
-0.125131 0.21829 -0.0775966 0.00127686 -0.045879 -0.006961 
-0.0311018 -0.00148701 -0.0471999 0.0162813 -0.0394327 -0.005087 
-0.149068 0.327137 -0.00608693 -0.00308876 -0.0458976 -0.005647 
-0.0781269 0.0737926 -0.0273969 0.0115301 -0.0432195 -0.006082 
-0.129207 -0.0807804 -0.0254827 0.0221803 -0.0455616 -0.004966 
-0.262997 0.349476 0.0167025 -0.00515888 -0.0532216 -0.006148 
-0.0774558 -0.00924619 -0.0180786 0.0152198 -0.0436475 -0.006045 
-0.0858174 -0.0196268 -0.0083979 0.0192627 -0.0423591 -0.005252 
-0.22382 0.351414 0.00918188 -0.00645448 -0.0508989 -0.006522 
-0.0577793 -0.0362711 -0.000515216 0.0175007 -0.0410456 -0.005981 
-0.181915 0.00912582 -0.00371778 0.0163273 -0.0485613 -0.005363 
-0.212413 0.403859 -0.0341397 -0.0117186 -0.0509014 -0.006879 
-0.0390226 0.0765963 -0.0468951 0.0106978 -0.0405491 -0.006007 
-0.0972204 0.312146 -0.0504195 -0.00490688 -0.0444789 -0.005617 
-0.207935 0.266859 -0.0184462 -0.00445073 -0.050083 -0.006302 
-0.00967188 -0.0503954 -0.0535205 0.0174026 -0.0387079 -0.005527 
-0.15299 0.327067 -0.00181401 -0.00552897 -0.0459026 -0.005166 
-0.16877 0.330914 -0.00714554 -0.0078149 -0.0473216 -0.006171 
-0.0680912 -0.0311349 0.00322693 0.0168934 -0.0417808 -0.005363 
-0.203239 0.173065 -0.0251319 0.0035675 -0.0503115 -0.005306 
-0.218594 0.363146 -0.009573 -0.0108762 -0.0498596 -0.006858 
-0.063243 -0.0826714 -0.0153725 0.019022 -0.0409011 -0.005341 
-0.195529 0.328916 -0.02845 -0.00624497 -0.0481553 -0.006073 
-0.130943 0.28639 -0.0706701 -0.0049959 -0.044917 -0.007325 
-0.0212644 0.039184 -0.0323891 0.0110439 -0.0393474 -0.005364 
-0.215972 0.303306 0.00136039 -0.00515212 -0.0495738 -0.006161 
-0.0796266 0.30964 -0.05992 -0.00850593 -0.0423813 -0.006581 
-0.0386228 -0.0323373 0.00155339 0.0152175 -0.0401792 -0.005293 
-0.221959 0.325606 -0.002265 -0.00596749 -0.0511455 -0.00599 
-0.119665 0.125071 -0.0244004 0.00563816 -0.0447684 -0.006634 
-0.0842699 -0.0888807 0.00264057 0.0200879 -0.0430256 -0.005189 
-0.28951 0.275094 -0.00410762 -0.00356611 -0.0539945 -0.006256 
-0.0369685 -0.0176377 -0.0311501 0.0130825 -0.0401779 -0.005355 
-0.106736 -0.0697308 -0.0471545 0.0177633 -0.0441904 -0.004727 
-0.239074 0.354041 0.00808867 -0.00981238 -0.0521905 -0.006817 
-0.0382648 -0.00701385 -0.0372909 0.0132087 -0.0404418 -0.005738 
-0.100642 0.115109 -0.0223324 0.00639984 -0.0435071 -0.00553 
-0.153068 0.375403 -0.0319186 -0.0128462 -0.0462538 -0.006577 
-0.0296523 0.104839 -0.0553187 0.00764458 -0.0383801 -0.005622 
-0.120172 0.241268 -0.0498456 -0.0045673 -0.0438362 -0.005785 
-0.0546685 0.209194 -0.0417195 -0.00308024 -0.040104 -0.006761 
-0.0520892 0.0359927 -0.0395963 0.00967133 -0.0397918 -0.00499 
-0.178963 0.400994 -0.0291155 -0.0127057 -0.0461847 -0.00612 
-0.117635 0.0752909 -0.0336874 0.00763158 -0.0440266 -0.006448 
-0.0713008 0.0410739 -0.00320796 0.0104834 -0.0409135 -0.004965 
-0.266085 0.386878 -0.00825624 -0.0122193 -0.0523277 -0.00639 
-0.0774753 -0.0107545 -0.00787917 0.0125754 -0.0415627 -0.005505 
-0.123727 -0.0136078 0.0172762 0.01436 -0.0437914 -0.005414 
-0.161986 0.321787 -0.00325033 -0.0114462 -0.0466896 -0.006604 
-0.0347332 -0.115911 -0.0339459 0.0211176 -0.0384573 -0.005748 
-0.184487 0.24284 -0.0223701 -0.00172278 -0.04778 -0.005675 
-0.0951193 0.296562 -0.0559811 -0.00889338 -0.0433845 -0.006919 
-0.0771847 -0.0612105 -0.0740542 0.0153267 -0.0434149 -0.005739 
-0.147612 0.378122 -0.0578612 -0.010898 -0.0464693 -0.006385 
-0.0856849 0.10361 -0.0328227 0.00544058 -0.0417977 -0.006299 
-0.0516448 -0.00129107 -0.0301915 0.0130433 -0.0394973 -0.005293 
-0.285353 0.372446 -0.0262232 -0.0117927 -0.053304 -0.005707 
-0.0524029 0.0665741 -0.029567 0.00620068 -0.0412239 -0.005863 
-0.086624 -0.0714968 -0.0357224 0.016571 -0.0432092 -0.005055 
-0.297916 0.295716 0.015654 -0.00626153 -0.0541613 -0.006337 
-0.0541466 0.0116941 -0.0249375 0.0113598 -0.0399448 -0.005605 
-0.136207 -0.064375 -0.0316599 0.0159961 -0.045102 -0.005473 
-0.164744 0.285938 -0.0155341 -0.00800106 -0.0464854 -0.006766 
0.00325957 0.0350165 -0.0481847 0.00999053 -0.0367029 -0.00604 
-0.136404 0.174517 -0.0468457 0.000185535 -0.0447928 -0.005971 
-0.11694 0.146306 -0.0264542 -0.000488637 -0.0440923 -0.006567 
-0.00946396 -0.00109296 -0.0388644 0.00975326 -0.0374269 -0.005635 
-0.137733 0.28777 -0.0212018 -0.0071246 -0.0441842 -0.005756 
-0.101593 0.179248 -0.0591403 -0.00313393 -0.0419161 -0.006508 
-0.0199595 -0.0198885 -0.00430779 0.01186 -0.0370597 -0.005125 
-0.198992 0.307577 0.0051376 -0.00964772 -0.0486634 -0.005659 
-0.0846822 0.0469576 -0.0642969 0.0070415 -0.0421555 -0.006325 
-0.0768876 -0.0760107 -0.0124806 0.0172242 -0.0415896 -0.004854 
-0.200455 0.340725 -0.00324217 -0.0104915 -0.0479074 -0.00648 
-0.0676058 -0.031998 -0.0326679 0.0113623 -0.0400918 -0.005829 
-0.119218 -0.0074507 0.00135979 0.0122691 -0.0436612 -0.005147 
-0.161538 0.330294 -0.0170027 -0.0122636 -0.0469359 -0.006966 
0.0392731 0.00559144 -0.0482009 0.00933674 -0.0346769 -0.005909 
-0.090666 0.120311 -0.0378337 0.00433962 -0.0418333 -0.005926 
-0.149582 0.429257 -0.0433475 -0.0191725 -0.0451007 -0.006328 
0.005992 -0.00810537 -0.0910057 0.010809 -0.0374376 -0.005437 
-0.10098 0.336118 -0.0272836 -0.0122343 -0.0418916 -0.005769 
-0.0742566 0.269724 -0.0683376 -0.00895025 -0.0417333 -0.006764 
0.000283038 -0.0633038 -0.0212909 0.013973 -0.0371977 -0.00529 
-0.25807 0.310625 -0.0129662 -0.0101875 -0.0512507 -0.005842 
-0.143002 0.100816 -0.0445563 0.00264921 -0.0451164 -0.006146 
-0.157958 -0.0960792 0.032146 0.0188692 -0.0463847 -0.004888 
-0.212122 0.314061 -0.0136365 -0.00892575 -0.0494945 -0.006609 
-0.0705682 0.064851 -0.0489737 0.00711418 -0.0403686 -0.006327 
-0.107232 -0.0737624 0.00202156 0.0152964 -0.0421081 -0.005275 
-0.204172 0.364885 -0.00911574 -0.0148787 -0.0484611 -0.006581 
-0.0399532 0.0315857 -0.0683113 0.00663423 -0.0399149 -0.00637 
-0.103219 0.110089 -0.00906849 0.00312413 -0.0424126 -0.005903 
-0.125515 0.48732 -0.0480978 -0.026119 -0.0434766 -0.006823 
0.011724 0.0115777 -0.0589441 0.00753372 -0.0360893 -0.005673 
-0.154045 0.270139 -0.0214118 -0.00906101 -0.0449409 -0.005669 
-0.114193 0.391942 -0.0877673 -0.0192829 -0.0437121 -0.006966 
-0.0708781 -0.00820849 -0.0554053 0.0086187 -0.0407207 -0.005033 
-0.149331 0.304021 -0.0271163 -0.00966545 -0.0460101 -0.006086 
-0.135321 0.363141 -0.0266029 -0.0158508 -0.0450741 -0.006402 
-0.112553 -0.0198077 -0.0164808 0.0111421 -0.043454 -0.005265 
-0.212123 0.335937 0.0173808 -0.0114585 -0.0478524 -0.00601 
-0.0353808 0.101614 -0.0239766 0.000970312 -0.038307 -0.006692 
-0.104958 -0.0103688 -0.00904405 0.0110508 -0.0418088 -0.005639 
-0.219875 0.408157 -0.0122222 -0.0188182 -0.0484216 -0.006706 
-0.0184551 -0.0355603 -0.0754633 0.00982001 -0.0382856 -0.006291 
-0.14348 0.109857 -0.00341847 0.00194418 -0.0450973 -0.005848 
-0.111732 0.297099 -0.0365237 -0.0132012 -0.0420956 -0.007144 
-0.0297636 0.00063208 -0.0498659 0.00607581 -0.0375207 -0.005647 
-0.181099 0.389895 -0.0335782 -0.0158462 -0.0464787 -0.005916 
-0.100243 0.2433 -0.0313714 -0.00828282 -0.0418712 -0.006164 
-0.0425116 0.0692082 -0.0125707 0.00535457 -0.0383083 -0.00557 
-0.178919 0.363323 -0.0146629 -0.0163391 -0.0461427 -0.005992 
-0.0101208 0.111667 -0.040562 0.000235603 -0.0364733 -0.00634 
-0.0890089 -0.120139 -0.01733 0.0169548 -0.0408471 -0.004883 
-0.243498 0.350277 -0.00145818 -0.0141869 -0.0508627 -0.006435 
-0.0291451 0.0105069 -0.0480832 0.0056939 -0.0376129 -0.005685 
-0.155978 0.0925646 -0.0245144 0.00618863 -0.0459491 -0.006182 
-0.170338 0.225406 -0.0261044 -0.00956504 -0.0462068 -0.006981 
0.0298641 -0.0154715 -0.0512794 0.00726844 -0.0344215 -0.006106 
-0.203699 0.317477 -0.0402149 -0.0135275 -0.0482411 -0.00581 
-0.0679601 0.279329 -0.0790719 -0.0114302 -0.0408591 -0.007227 
-0.093394 0.0679318 -0.0767632 0.00323414 -0.0411803 -0.005502 
-0.160368 0.293447 -0.0118361 -0.0138609 -0.0454967 -0.005916 
-0.0471265 0.308835 -0.0615429 -0.0145394 -0.0395552 -0.00645 
-0.0466883 0.0716775 -0.0298713 0.00256442 -0.0377705 -0.005287 
-0.240074 0.302365 -0.00189154 -0.0112056 -0.0492963 -0.006278 
-0.0307024 0.00992768 0.00343173 0.00546424 -0.0376231 -0.005488 
-0.115807 -0.0598562 -0.0159516 0.0128864 -0.0428209 -0.005395 
-0.242071 0.369314 -0.00132785 -0.0180331 -0.0497214 -0.006667 
0.0158178 -0.0170943 -0.0500951 0.00558742 -0.0352972 -0.005972 
-0.147581 0.161244 -0.0259801 -0.00497633 -0.0442861 -0.00607 
-0.127683 0.268983 -0.0457278 -0.0142431 -0.0438039 -0.006717 
-0.0379931 0.0164144 -0.0530377 0.00336578 -0.0395457 -0.005558 
-0.11425 0.326677 -0.0147103 -0.0154814 -0.0419662 -0.005761 
-0.0545759 0.241469 -0.0348454 -0.0123373 -0.0389622 -0.006648 
0.0195648 0.00555798 -0.0367067 0.00674344 -0.0348868 -0.004967 
-0.229225 0.337265 -0.00475793 -0.0152608 -0.0489736 -0.005711 
-0.0197958 0.0799903 -0.0336022 0.00150976 -0.0374666 -0.006579 
-0.0633141 -0.110182 -0.0178769 0.0127531 -0.0404791 -0.004958 
-0.283975 0.39175 -0.0309853 -0.0197433 -0.0515132 -0.006282 
0.00752038 0.00078391 -0.0360902 0.00556126 -0.0360394 -0.006326 
-0.142005 0.063347 -0.0270641 0.0034733 -0.0449852 -0.005916 
-0.161287 0.269421 0.00411024 -0.0135054 -0.0449299 -0.007183 
0.0194726 0.0163385 -0.00605218 0.00504182 -0.0335459 -0.005586 
-0.121793 0.139224 0.0113284 -0.00365782 -0.0433904 -0.005848 
-0.110739 0.413917 -0.0711543 -0.0235279 -0.0417144 -0.007182 
-0.012789 0.030257 -0.0184413 0.00193997 -0.0363848 -0.00569 
-0.130413 0.327064 -0.0353771 -0.0165958 -0.0437204 -0.006085 
-0.123958 0.257529 -0.0527572 -0.0148453 -0.0434515 -0.006623 
-0.0167476 -0.0169711 -0.037368 0.00606541 -0.0373869 -0.005125 
-0.192342 0.330902 -0.0284032 -0.0166389 -0.0473103 -0.005956 
-0.00491787 0.0520154 0.0142793 -0.000926275 -0.0359609 -0.006066 
-0.0956713 -0.0597319 0.0296503 0.00944363 -0.0407419 -0.005122 
-0.250527 0.283108 -2.92467e-05 -0.0131366 -0.050117 -0.006645 
-0.0515335 0.0751724 -0.0456402 0.00185699 -0.0390458 -0.006559 
-0.0934862 -0.0314849 0.031405 0.00780166 -0.0425642 -0.005645 
-0.150011 0.347259 -0.0351589 -0.0205594 -0.0443601 -0.007014 
0.0199172 0.0228717 -0.069658 0.00134257 -0.0346994 -0.005966 
-0.109764 0.11528 -0.0125606 -0.00101427 -0.0416795 -0.005581 
-0.0791716 0.441326 -0.0544169 -0.0263815 -0.0395325 -0.007034 
0.0531581 -0.00484702 -0.0556633 0.0040157 -0.0339832 -0.00595 
-0.14234 0.135712 -0.0129159 -0.00479284 -0.0454276 -0.005584 
-0.0850216 0.30471 -0.0801006 -0.0183667 -0.0407434 -0.00688 
0.0437585 -0.0561211 -0.0488854 0.00889607 -0.0323371 -0.005513 
-0.145509 0.21324 -0.0125178 -0.00790715 -0.0449977 -0.005697 
-0.0662213 0.154078 -0.0494393 -0.00740996 -0.0391468 -0.006384 
-0.0794604 -0.0652817 -0.00359583 0.00769936 -0.0408189 -0.005231 
-0.187209 0.30563 0.0316676 -0.0173947 -0.0469653 -0.006462 
-0.0574462 0.0281361 -0.035254 0.00125072 -0.038309 -0.006398 
-0.0212893 -0.0645047 -0.000106575 0.00976693 -0.0369385 -0.005714 
-0.195398 0.333675 -0.042417 -0.018868 -0.0473296 -0.007037 
-0.0131607 0.0403272 -0.0498105 0.000129457 -0.0365018 -0.006148 
-0.120141 0.0639779 -0.00699057 0.00100865 -0.0424809 -0.005401 
-0.183622 0.369966 -0.0327843 -0.0214969 -0.0461686 -0.006813 
0.0368024 0.000676319 -0.0783411 0.00155824 -0.0354109 -0.00578 
-0.06621 0.100007 -0.0105702 -0.00303864 -0.0391187 -0.005271 
-0.0914422 0.235609 -0.0445922 -0.0142184 -0.0401757 -0.006844 
-0.00893552 -0.0746079 -0.0414524 0.00705908 -0.0366503 -0.005571 
-0.20007 0.228323 -0.0373509 -0.0120246 -0.0476661 -0.005764 
-0.0460091 0.167738 -0.00911963 -0.010167 -0.0387134 -0.006736 
-0.0217142 -0.0207452 -0.0377059 0.00305532 -0.0371569 -0.005587 
-0.209378 0.324265 0.00383877 -0.0187263 -0.0460869 -0.005861 
-0.0296191 0.178398 -0.0341467 -0.0125859 -0.0372765 -0.006756 
-0.0308352 0.0243508 -0.0619088 -0.00078934 -0.0371116 -0.005288 
-0.167364 0.300386 -0.00124183 -0.0185581 -0.044887 -0.006008 
-0.0322591 0.175807 -0.0843443 -0.0131686 -0.0378557 -0.006894 
0.0179479 0.0381081 -0.0342564 -0.000249229 -0.0341074 -0.005283 
-0.250277 0.318663 0.00270537 -0.0173141 -0.0485391 -0.005911 
0.00702971 0.112523 -0.0539436 -0.00820903 -0.0351671 -0.005945 
-0.098377 0.061726 -0.0602914 -0.000778425 -0.0416101 -0.005574 
-0.268236 0.308745 -0.021685 -0.0181064 -0.0503395 -0.006264 
-0.00825621 -0.0207871 -0.0071017 0.000875199 -0.0361277 -0.005589 
-0.10674 0.0462995 -0.00332649 -0.00183413 -0.0415979 -0.00572 
-0.244884 0.350505 -0.0156539 -0.0238842 -0.0491095 -0.006657 
0.00293342 -0.0436838 -0.020759 0.00443483 -0.0358684 -0.006159 
-0.133279 0.255723 -0.0211352 -0.0144975 -0.0426174 -0.005748 
-0.17334 0.2797 -0.0264651 -0.0192583 -0.0450884 -0.006606 
-0.000728429 0.0684336 -0.0346433 -0.00159851 -0.0349685 -0.00608 
-0.164858 0.303231 -0.0329803 -0.017717 -0.044594 -0.00584 
-0.044949 0.236792 -0.026133 -0.0160272 -0.0375636 -0.006606 
-0.0490187 0.111853 -0.0313866 -0.00406935 -0.038741 -0.005627 
-0.205737 0.251846 -0.00290762 -0.0153755 -0.0465622 -0.006073 
-0.0320429 0.0500147 -0.0328143 -0.00225078 -0.037529 -0.006198 
-0.0230537 -0.0605409 0.0121704 0.00604426 -0.0364546 -0.005306 
-0.234967 0.323546 -0.024991 -0.0203322 -0.0496355 -0.006682 
0.0122543 -0.00191773 -0.0335596 0.000712275 -0.0359568 -0.00646 
-0.0849146 0.0488191 -0.00749428 -0.000779802 -0.04013 -0.005934 
-0.275165 0.392788 -0.0304914 -0.0241734 -0.0508339 -0.006693 
0.0327256 0.0454311 -0.0617982 -0.00243811 -0.0327835 -0.005871 
-0.129178 0.213573 -0.0151057 -0.0110144 -0.0423713 -0.005948 
-0.129226 0.345314 -0.057334 -0.0232056 -0.0430584 -0.006895 
0.0261515 -0.0246442 -0.0494091 0.00250471 -0.0336296 -0.005905 
-0.136165 0.313238 0.0223388 -0.0187426 -0.0423093 -0.005564 
-0.107476 0.347513 -0.0452246 -0.0223652 -0.0414943 -0.006687 
-0.046276 -0.0211819 -0.0182447 0.000896849 -0.038219 -0.004911 
-0.251669 0.218993 -0.0041776 -0.0138317 -0.0502862 -0.005792 
-0.0263178 -0.0163661 -0.0499208 -0.000238485 -0.0369427 -0.006394 
-0.0594016 -0.0253537 -0.000328919 0.00239333 -0.03804 -0.005645 
-0.20872 0.412781 -0.0125944 -0.0274262 -0.0467464 -0.006851 
0.0382748 0.0874422 -0.0352264 -0.0072468 -0.0332603 -0.006314 
-0.07679 0.150062 -0.0330692 -0.0105591 -0.0392882 -0.00575 
-0.227395 0.360046 -0.0623787 -0.0249921 -0.0481219 -0.006765 
-0.0267146 0.118367 -0.0736198 -0.00753352 -0.0369829 -0.006349 
-0.102704 0.0933693 -0.0656119 -0.00433044 -0.0412125 -0.005922 
-0.110446 0.384503 -0.00265193 -0.0266959 -0.0412445 -0.007094 
0.06163 -0.0588029 -0.0441667 0.00339327 -0.0323329 -0.00561 
-0.169936 0.202534 -0.0199849 -0.0142667 -0.0460217 -0.005929 
-0.0880058 0.20294 -0.0362032 -0.015114 -0.0405232 -0.006778 
-0.0757493 -0.0128989 -0.0126501 -8.06578e-05 -0.0393008 -0.005506 
-0.21604 0.362362 -0.014183 -0.0242776 -0.0464519 -0.006352 
-0.0465719 0.0443387 -0.0341141 -0.00452262 -0.0379827 -0.006452 
-0.000792097 -0.0525563 -0.0139726 0.00193458 -0.0345231 -0.005543 
-0.290193 0.405577 0.00235103 -0.0280226 -0.0516393 -0.006526 
0.0298878 0.0225532 -0.0525434 -0.00147064 -0.0328691 -0.00645 
-0.0487887 -0.0485268 -0.0286798 0.00280458 -0.0377531 -0.00545 
-0.302341 0.332748 -0.0283124 -0.0207708 -0.053442 -0.006879 
-0.0413439 0.0893425 -0.0454967 -0.00592577 -0.0367364 -0.006054 
-0.0418004 -0.00716377 -0.011077 -0.000610681 -0.0383699 -0.005406 
-0.19627 0.335536 -0.0308888 -0.0235006 -0.0468848 -0.006821 
0.0351772 -0.101873 -0.0524296 0.00504295 -0.0318401 -0.005623 
-0.0565403 0.0554096 0.0103661 -0.00512862 -0.0384689 -0.005834 
-0.162645 0.287842 -0.0481915 -0.0223159 -0.044466 -0.007035 
-0.0109146 0.0121086 -0.0766939 -0.00485165 -0.0360659 -0.005553 
-0.149855 0.195421 -0.0265086 -0.0143551 -0.0442219 -0.005829 
-0.0839903 0.249395 -0.063296 -0.0211858 -0.0400565 -0.006445 
-0.0291642 0.0186188 -0.0399007 -0.00307621 -0.0363339 -0.005699 
-0.212304 0.349053 -0.0201716 -0.0243333 -0.0464049 -0.005808 
-0.0398144 0.322076 -0.0654746 -0.0237806 -0.0375866 -0.006731 
0.0036628 0.0468769 -0.0321804 -0.00508549 -0.0337426 -0.005056 
-0.257397 0.301212 0.00817123 -0.0213303 -0.048887 -0.006183 
0.0144387 0.0444189 -0.0456721 -0.0067931 -0.0352826 -0.006278 
0.000447054 -0.0932993 -0.00445056 0.00253218 -0.0356923 -0.005294 
-0.27978 0.34504 -0.0378023 -0.0252112 -0.0512661 -0.006239 
-0.00457381 0.02291 -0.0394476 -0.00515373 -0.0356109 -0.006461 
-0.0282782 -0.00127081 -0.0281123 -0.00340926 -0.0369155 -0.00519 
-0.241127 0.330742 -0.0245069 -0.0242255 -0.0492629 -0.006521 
0.0131232 0.123542 -0.0545559 -0.0131028 -0.0348293 -0.006591 
-0.00604342 0.0337428 -0.022719 -0.00514992 -0.0349933 -0.005555 
-0.203905 0.384018 -0.0410028 -0.0271953 -0.0471901 -0.006636 
0.00399471 0.0421346 -0.0455711 -0.00715513 -0.0344206 -0.005858 
-0.107309 0.0923726 -0.00414075 -0.00621068 -0.0409832 -0.005315 
-0.200898 0.294412 -0.0313343 -0.0223076 -0.0470108 -0.006774 
-0.0243686 -0.0199892 -0.0541459 -0.00179654 -0.0371497 -0.005583 
-0.135138 0.229494 -0.0116449 -0.0180383 -0.0427026 -0.005921 
-0.0577329 0.114722 -0.0236723 -0.0116546 -0.0382074 -0.007026 
0.00543156 -0.0821166 -0.0383244 0.0032846 -0.0348775 -0.005813 
-0.246818 0.312502 -0.00121665 -0.0248635 -0.0494017 -0.006496 
0.0186474 0.0320213 -0.0802342 -0.00721728 -0.0345899 -0.006419 
-0.03027 0.117001 -0.054613 -0.0105533 -0.0363208 -0.005772 
-0.206274 0.367463 -0.023002 -0.026592 -0.0461427 -0.006155 
-0.0228081 0.0830739 -0.0811585 -0.00934256 -0.0370475 -0.006271 
-0.106936 0.0500492 -0.0252981 -0.00720427 -0.0421166 -0.005296 
-0.233275 0.371497 -0.0170378 -0.0274959 -0.0483884 -0.006474 
0.027527 0.04418 -0.0322969 -0.00847813 -0.0344767 -0.005936 
-0.143744 0.159261 -0.0122436 -0.0108192 -0.0441583 -0.006035 
-0.202777 0.289663 -0.0439432 -0.0231402 -0.0460037 -0.006841 
-0.0302496 -0.0334924 -0.0246102 -0.00166771 -0.036103 -0.005623 
-0.217004 0.267918 -0.00485237 -0.0208163 -0.0473571 -0.006166 
-0.0546459 0.135618 -0.0239341 -0.014526 -0.039279 -0.006645 
-0.0254252 0.0120237 -0.0514376 -0.00611966 -0.0361423 -0.005879 
-0.259739 0.358045 -0.0115904 -0.0290824 -0.049917 -0.00648 
0.0164608 0.0545498 -0.0413444 -0.0108 -0.0341952 -0.006481 
-0.0363046 0.0982508 -0.0271997 -0.0108547 -0.0359235 -0.00571 
-0.236375 0.357966 -0.0295791 -0.0284851 -0.0484433 -0.006373 
0.0569741 0.0622449 -0.0506981 -0.00763785 -0.0314834 -0.006758 
-0.0640702 0.204094 -0.00228655 -0.0158033 -0.0390327 -0.0059 
-0.125746 0.280713 -0.0269053 -0.02337 -0.0423733 -0.006355 
-0.0406793 -0.0470058 -0.0523176 -0.000602626 -0.0372155 -0.005773 
-0.12983 0.13838 -0.0232215 -0.0115396 -0.04377 -0.006216 
-0.0260931 0.143915 -0.0181481 -0.0143345 -0.0365021 -0.006568 
0.0240051 -0.0348774 -0.0281924 -0.00398171 -0.0342039 -0.005691 
-0.148879 0.171792 0.0134294 -0.0168811 -0.0430295 -0.006123 
-0.0565661 0.173623 -0.0224122 -0.0166324 -0.0386309 -0.007327 
-0.018377 -0.0212955 -0.0346666 -0.00247784 -0.0370181 -0.005805 
-0.228831 0.375429 -0.011742 -0.0300933 -0.0476124 -0.006021 
0.0149801 0.138653 -0.0604546 -0.0133558 -0.0337474 -0.006666 
-0.0600136 0.173657 -0.0692772 -0.0168489 -0.0389232 -0.005901 
-0.183328 0.316913 -0.0336133 -0.0234654 -0.0450659 -0.006703 
0.00697763 0.0998985 -0.0537064 -0.010698 -0.0351091 -0.006133 
-0.0906071 0.251282 -0.0370685 -0.021747 -0.0403808 -0.005913 
-0.194923 0.422593 -0.0646689 -0.0327777 -0.045687 -0.006899 
0.0252537 0.0678122 -0.0179641 -0.00851853 -0.0331983 -0.006039 
-0.169908 0.15015 -0.0389694 -0.0139669 -0.04575 -0.005797 
-0.17543 0.30721 -0.0247926 -0.0259335 -0.0444494 -0.00656 
0.0331703 -0.0688059 -0.0150073 0.00162125 -0.0328209 -0.005713 
-0.115857 0.183043 -0.0142028 -0.0165307 -0.041465 -0.005773 
-0.122741 0.296423 -0.0298372 -0.0266963 -0.0424541 -0.006456 
0.0143318 0.00957469 -0.0320032 -0.00573011 -0.0333793 -0.005954 
-0.170579 0.131615 0.0280547 -0.0139731 -0.0442659 -0.006045 
-0.108783 0.337932 -0.0605659 -0.0300261 -0.0412521 -0.006779 
0.00535901 0.0478986 -0.052187 -0.00933519 -0.0355197 -0.006016 
-0.13417 0.311767 -0.0131772 -0.0258069 -0.0417384 -0.006452 
-0.0318234 0.219757 -0.0652724 -0.0220127 -0.0371827 -0.006921 
0.0562807 0.0607835 -0.0386239 -0.00981898 -0.031436 -0.005584 
-0.222995 0.319367 -0.0197297 -0.0276477 -0.0483657 -0.005842 
-0.00485766 0.237596 -0.0674189 -0.0229688 -0.0359212 -0.006705 
-0.0553185 0.0843399 -0.0260939 -0.00906279 -0.0382365 -0.005532 
-0.205369 0.446947 -0.010229 -0.0345969 -0.0458262 -0.006171 
-0.0722941 0.0786583 -0.0332123 -0.010849 -0.0392755 -0.006364 
-0.0994912 -0.0231089 -0.0190933 -0.00138488 -0.0402135 -0.005718 
-0.30008 0.264423 -0.0108721 -0.023754 -0.0533398 -0.006679 
0.0397943 0.0538837 -0.0443322 -0.00804696 -0.0337301 -0.006644 
-0.146739 0.159444 0.00379862 -0.0162435 -0.0428953 -0.005825 
-0.13735 0.407954 -0.058442 -0.0340043 -0.0433352 -0.007496 
-0.0137761 0.0799859 -0.0507442 -0.0132603 -0.0355383 -0.00614 
-0.139235 0.283213 -0.0231286 -0.0255093 -0.0428416 -0.006122 
-0.0645415 0.440183 -0.0355888 -0.0370352 -0.0383461 -0.00681 
0.0560771 0.0563572 -0.0670883 -0.0113773 -0.0318374 -0.00562 
-0.214434 0.283725 -0.00393373 -0.0252482 -0.0473628 -0.006137 
-0.0221311 0.301743 -0.0516819 -0.0284382 -0.036833 -0.006652 
-0.0666289 0.0188108 -0.015949 -0.00615135 -0.038749 -0.005248 
-0.2224 0.239393 -0.0272976 -0.0206108 -0.0472706 -0.006606 
0.0303483 0.117272 -0.0430724 -0.0143569 -0.0331323 -0.006406 
-0.0446591 -0.0317235 -0.012589 -0.00347524 -0.037729 -0.005508 
-0.184201 0.346091 -0.0129585 -0.0291882 -0.0461027 -0.007016 
0.0132218 -0.0327195 -0.036131 -0.00633181 -0.036431 -0.005468 
-0.11971 0.140913 -0.0183538 -0.0141876 -0.0405187 -0.006245 
-0.0972796 0.290897 -0.0269646 -0.028377 -0.0408146 -0.006842 
0.00331733 0.00188238 -0.0425345 -0.00861711 -0.0355053 -0.005865 
-0.22477 0.340552 -0.0297928 -0.0290358 -0.0480409 -0.006258 
-0.0252608 0.265204 -0.0464685 -0.0282207 -0.0364835 -0.006836 
0.0545478 0.0405224 -0.030539 -0.00954979 -0.0316857 -0.005463 
-0.259693 0.258363 -0.0171412 -0.0235436 -0.049502 -0.006328 
-0.00538983 0.10273 -0.0690681 -0.0152608 -0.0354611 -0.006519 
-0.0851879 0.0147451 -0.0402332 -0.00757165 -0.0395222 -0.005353 
-0.212272 0.308379 -0.0481911 -0.0279089 -0.0480606 -0.006478 
-0.00842634 0.0919185 -0.0320608 -0.0117351 -0.0352755 -0.006638 
-0.0715119 0.0485261 -0.00428343 -0.00966926 -0.039943 -0.005246 
-0.182652 0.278195 0.000269526 -0.0273582 -0.0453174 -0.007003 
0.0601719 0.0421177 -0.0637287 -0.0125768 -0.0316754 -0.005733 
-0.0999344 0.196013 0.0142053 -0.0207305 -0.0392006 -0.006118 
-0.142029 0.357151 -0.100221 -0.0329885 -0.0433928 -0.00689 
0.027262 0.0307772 -0.0388028 -0.0108263 -0.0342931 -0.005822 
-0.280261 0.355455 -0.0411556 -0.0304493 -0.0512026 -0.00654 
-0.0998838 0.277289 -0.0833848 -0.0290209 -0.0400488 -0.007048 
-0.0192744 0.10996 -0.0395092 -0.0135313 -0.0357981 -0.005834 
-0.197195 0.326524 -0.0243923 -0.028595 -0.0473888 -0.006826 
0.0272973 0.0803549 -0.0387865 -0.0131719 -0.0337677 -0.006117 
-0.116553 0.101951 -0.0495253 -0.0129602 -0.0419262 -0.005367 
-0.22703 0.261654 -0.0260881 -0.024481 -0.0480074 -0.007057 
0.0128618 0.0285161 -0.0545372 -0.0100343 -0.0333284 -0.005956 
-0.0950538 0.0835881 -0.00625359 -0.0114687 -0.0395235 -0.005788 
-0.14555 0.31244 -0.0443262 -0.0308305 -0.0434651 -0.006845 
0.00871295 0.0375761 -0.0443614 -0.0111584 -0.0345651 -0.005717 
-0.139461 0.224269 -0.00109888 -0.0231944 -0.0426794 -0.006121 
-0.0339666 0.210146 -0.045376 -0.0232163 -0.036945 -0.006975 
0.0263133 0.0345163 -0.0680284 -0.00969846 -0.033371 -0.005716 
-0.169427 0.335773 -0.0246212 -0.0292162 -0.0438283 -0.006394 
0.00399779 0.172232 -0.0696043 -0.0208764 -0.0344999 -0.006703 
-0.0377786 0.0990466 -0.0453252 -0.0141082 -0.0359913 -0.00549 
-0.222533 0.403276 -0.0499486 -0.0333051 -0.0474049 -0.00676 
0.0299273 0.0508497 -0.0788176 -0.0123619 -0.0343072 -0.006199 
-0.117542 0.0163592 -0.0452132 -0.0069806 -0.042463 -0.005791 
-0.191761 0.357381 -0.0191578 -0.0325192 -0.0453334 -0.006631 
0.0427413 -0.0179539 -0.0111069 -0.00831399 -0.0322353 -0.00591 
-0.143676 0.222463 0.00335962 -0.0224608 -0.043587 -0.006271 
-0.155984 0.30721 -0.0340978 -0.029907 -0.0444149 -0.007309 
0.0470712 -0.034611 -0.0551288 -0.00762404 -0.0323551 -0.005948 
-0.214092 0.2987 -0.0362875 -0.0283128 -0.0465251 -0.006449 
-0.0215403 0.337604 -0.0658984 -0.0325498 -0.03609 -0.006786 
0.0484238 0.0871034 -0.0535368 -0.0158386 -0.0315956 -0.005898 
-0.167779 0.299626 -0.0202924 -0.0270456 -0.0434614 -0.006203 
-0.041313 0.181507 -0.0907467 -0.0226034 -0.0375664 -0.006222 
-0.0483402 0.085344 -0.0429347 -0.01342 -0.0366573 -0.005397 
-0.198645 0.356866 -0.0126667 -0.0321945 -0.0460902 -0.006535 
0.055469 0.0262393 -0.063031 -0.0113457 -0.0311288 -0.005644 
-0.0916103 0.145232 0.0234054 -0.0168595 -0.039792 -0.005775 
-0.138614 0.231449 -0.00398279 -0.0253167 -0.0427843 -0.006921 
0.0304928 -0.06085 -0.0409598 -0.00705659 -0.0337239 -0.005756 
-0.150079 0.195286 -0.0058446 -0.0193634 -0.0441226 -0.006499 
-0.0225018 0.243817 -0.0481897 -0.0276638 -0.0360277 -0.006996 
0.0495498 0.0275289 -0.0509737 -0.0114231 -0.031652 -0.005823 
-0.220784 0.350572 -0.0354383 -0.0352116 -0.0472661 -0.006462 
0.0181691 0.114957 -0.0720527 -0.0182913 -0.0328816 -0.006966 
-0.0253787 0.192723 -0.0533951 -0.0204114 -0.0368291 -0.005781 
-0.211247 0.449964 -0.0334186 -0.0398829 -0.0470174 -0.006987 
0.0303298 0.0444124 -0.0766781 -0.0129962 -0.0351753 -0.006142 
-0.10304 0.0694386 -0.0154031 -0.0117358 -0.0408541 -0.005217 
-0.167144 0.295005 -0.0118624 -0.0308912 -0.0439805 -0.006516 
0.0406741 0.0186763 -0.0684923 -0.011015 -0.0325822 -0.005552 
-0.140238 0.219341 0.00138902 -0.0243602 -0.0437425 -0.005651 
-0.0832371 0.170995 -0.0309213 -0.0225329 -0.0393201 -0.007038 
0.00803713 -0.0805658 -0.026269 -0.0051361 -0.0349293 -0.005948 
-0.191337 0.279049 -0.0301625 -0.0280255 -0.0462107 -0.006118 
0.0447802 0.1455 -0.0455981 -0.0235506 -0.0330719 -0.007132 
-0.000760746 0.0777728 -0.0377233 -0.0146788 -0.0352082 -0.0053 
-0.234583 0.342995 -0.0178709 -0.0311523 -0.0488754 -0.006939 
0.0269648 0.0330746 -0.0688608 -0.0128705 -0.0342377 -0.006144 
-0.141683 0.116368 -0.0258443 -0.0169098 -0.0433443 -0.00562 
-0.185691 0.372778 -0.0429639 -0.0343045 -0.0452951 -0.006738 
0.0607828 0.00287985 -0.0979519 -0.00788748 -0.0321411 -0.006086 
-0.189526 0.190144 -0.00929386 -0.0212201 -0.0459117 -0.005775 
-0.0984404 0.229799 -0.0341066 -0.0258379 -0.0396629 -0.006498 
0.0297863 -0.0444382 -0.0287163 -0.00898697 -0.0333962 -0.005338 
-0.224612 0.293366 -0.00409973 -0.0300166 -0.0475757 -0.006082 
0.035366 0.125723 -0.0167144 -0.0207355 -0.0317755 -0.006794 
-0.00891564 0.0833358 -0.0343718 -0.0167263 -0.0349919 -0.005467 
-0.277029 0.383044 -0.055459 -0.0351399 -0.0500838 -0.006501 
0.0296844 0.0317553 -0.0525271 -0.0111573 -0.0332978 -0.006565 
-0.0598811 0.136992 -0.0271058 -0.0183035 -0.0377059 -0.005633 
-0.198679 0.376895 -0.0484387 -0.0352299 -0.0462396 -0.006219 
0.0615822 0.0330078 -0.0416847 -0.0139668 -0.0313736 -0.005999 
-0.164919 0.226459 -0.00387482 -0.0233355 -0.0431347 -0.005963 
-0.081379 0.354624 -0.048781 -0.0351613 -0.0397104 -0.006488 
0.0799072 -0.0178522 -0.0496258 -0.0106158 -0.0299711 -0.005805 
-0.180004 0.307228 -0.0303847 -0.0306282 -0.0441749 -0.005859 
-0.109896 0.31689 -0.0571522 -0.0344892 -0.0411958 -0.006813 
0.00365094 -0.0589222 -0.0176199 -0.00694803 -0.0358535 -0.005465 
-0.260293 0.290281 0.0104838 -0.0287324 -0.0482027 -0.00654 
0.00630113 0.141296 -0.0382576 -0.0226118 -0.0345456 -0.006867 
-0.045326 0.0252488 -0.0673079 -0.0130051 -0.0376549 -0.005533 
-0.249638 0.343052 -0.0141177 -0.0339054 -0.0483651 -0.006378 
0.0566176 0.0297153 -0.0570464 -0.0121766 -0.032026 -0.00653 
-0.0972151 0.135545 -0.0178558 -0.0170251 -0.0401516 -0.005684 
-0.100394 0.343951 -0.0738501 -0.0330624 -0.0412615 -0.006883 
0.106415 0.0346938 -0.0619164 -0.0140794 -0.029041 -0.005962 
-0.137047 0.257149 -0.0347774 -0.0286886 -0.0428151 -0.005531 
-0.106616 0.249547 -0.0459454 -0.028292 -0.0409583 -0.006535 
0.03102 -0.01423 -0.0121983 -0.00975702 -0.0327983 -0.005649 
-0.227076 0.394216 -0.00530503 -0.0348879 -0.0466014 -0.006016 
0.0355307 0.115429 -0.0216151 -0.0189073 -0.0325242 -0.006743 
-0.0510104 0.0231217 -0.0332537 -0.0128238 -0.0375782 -0.005713 
-0.320863 0.298321 -0.00072191 -0.030851 -0.0525947 -0.006376 
0.0316775 0.0270893 -0.0457416 -0.0151513 -0.0330815 -0.006425 
-0.021637 0.0454368 -0.00939205 -0.0134556 -0.0358708 -0.005637 
-0.173221 0.412199 -0.0733427 -0.0378252 -0.044212 -0.007245 
0.100234 0.0336905 -0.0500722 -0.0143107 -0.0294788 -0.006349 
-0.0845018 0.17273 -0.0365434 -0.0210933 -0.0386257 -0.005696 
-0.173128 0.363503 -0.025903 -0.0367259 -0.0445427 -0.007023 
0.122914 0.0403241 -0.0587477 -0.0115166 -0.0280033 -0.005899 
-0.107087 0.18189 0.00567429 -0.0220883 -0.0412335 -0.005743 
-0.0820913 0.296389 -0.041263 -0.0341207 -0.0391944 -0.006474 
0.031499 -0.0597626 -0.0344644 -0.00915676 -0.0324935 -0.005244 
-0.220849 0.283415 -0.00319454 -0.0290907 -0.0470845 -0.005889 
0.00396694 0.10281 -0.0627257 -0.0181892 -0.0354811 -0.006897 
0.0448017 -0.00818237 -0.0324745 -0.0111916 -0.0313378 -0.005537 
-0.249765 0.341658 0.0138601 -0.0344881 -0.0484381 -0.006631 
-0.0381812 0.159726 -0.00930729 -0.0237161 -0.0378779 -0.00723 
-0.062993 0.0469966 -0.0443959 -0.0132842 -0.0384209 -0.005783 
-0.14979 0.354667 -0.0501209 -0.0365554 -0.0437521 -0.0072 
0.0724718 0.0589461 -0.0787938 -0.0146073 -0.0308434 -0.006277 
-0.109721 0.189827 -0.0444254 -0.0230315 -0.0418755 -0.006226 
-0.152253 0.393386 -0.041508 -0.0378542 -0.0429584 -0.006768 
0.109152 0.0178559 -0.0535058 -0.0141744 -0.0286571 -0.005417 
-0.15935 0.369634 -0.0367151 -0.0365787 -0.0434521 -0.005842 
-0.12846 0.200285 -0.0376481 -0.025869 -0.0416793 -0.006873 
