-0.695462 2.70578e-05 -0.0217731 1.21279e-05 0.448223 
-0.69546 2.50475e-05 -0.0217723 1.12266e-05 0.448213 
-0.695458 2.31173e-05 -0.0217715 1.03612e-05 0.448203 
-0.695457 2.1267e-05 -0.0217708 9.53173e-06 0.448194 
-0.695455 1.94962e-05 -0.0217701 8.7379e-06 0.448185 
-0.695454 1.78046e-05 -0.0217696 7.97962e-06 0.448178 
-0.695453 1.61919e-05 -0.0217691 7.25673e-06 0.448171 
-0.695452 1.46578e-05 -0.0217686 6.56909e-06 0.448165 
-0.695451 1.32019e-05 -0.0217682 5.91656e-06 0.448159 
-0.69545 1.1824e-05 -0.0217678 5.29898e-06 0.448154 
-0.695449 1.05238e-05 -0.0217674 4.71623e-06 0.448149 
-0.695448 9.30088e-06 -0.0217671 4.16814e-06 0.448145 
-0.695448 8.155e-06 -0.0217668 3.6546e-06 0.448142 
-0.695447 7.08584e-06 -0.0217666 3.17544e-06 0.448139 
-0.695447 6.09308e-06 -0.0217664 2.73053e-06 0.448136 
-0.695446 5.17643e-06 -0.0217662 2.31973e-06 0.448134 
-0.695446 4.33557e-06 -0.021766 1.9429e-06 0.448132 
-0.695446 3.57019e-06 -0.0217659 1.59991e-06 0.44813 
-0.695446 2.87998e-06 -0.0217658 1.2906e-06 0.448129 
-0.695445 2.26465e-06 -0.0217658 1.01485e-06 0.448128 
-0.695445 1.72387e-06 -0.0217656 7.72515e-07 0.448127 
-0.695445 1.25736e-06 -0.0217656 5.63455e-07 0.448126 
-0.695445 8.64789e-07 -0.0217656 3.87534e-07 0.448126 
-0.695445 5.45866e-07 -0.0217656 2.44616e-07 0.448126 
-0.695445 3.00282e-07 -0.0217655 1.34564e-07 0.448125 
-0.695445 1.27734e-07 -0.0217655 5.72409e-08 0.448125 
-0.695445 2.7917e-08 -0.0217655 1.25103e-08 0.448125 
-0.695445 5.27408e-10 -0.0217655 2.36345e-10 0.448125 
-0.695445 4.5262e-08 -0.0217655 2.02831e-08 0.448125 
-0.695445 1.61818e-07 -0.0217655 7.25148e-08 0.448125 
-0.695445 3.49893e-07 -0.0217655 1.56796e-07 0.448125 
-0.695445 6.09185e-07 -0.0217655 2.72991e-07 0.448125 
-0.695445 9.39393e-07 -0.0217655 4.20965e-07 0.448125 
-0.695445 1.34021e-06 -0.0217655 6.00583e-07 0.448124 
-0.695445 1.81135e-06 -0.0217654 8.11709e-07 0.448124 
-0.695445 2.3525e-06 -0.0217654 1.05421e-06 0.448123 
-0.695444 2.96336e-06 -0.0217652 1.32795e-06 0.448122 
-0.695444 3.64364e-06 -0.0217652 1.63279e-06 0.448121 
-0.695444 4.39303e-06 -0.021765 1.9686e-06 0.448119 
-0.695444 5.21124e-06 -0.0217648 2.33524e-06 0.448117 
-0.695443 6.09797e-06 -0.0217647 2.73259e-06 0.448115 
-0.695443 7.05292e-06 -0.0217644 3.1605e-06 0.448112 
-0.695442 8.07579e-06 -0.0217643 3.61883e-06 0.448109 
-0.695442 9.16629e-06 -0.021764 4.10746e-06 0.448105 
-0.695441 1.03241e-05 -0.0217636 4.62625e-06 0.448101 
-0.69544 1.1549e-05 -0.0217634 5.17506e-06 0.448097 
-0.695439 1.28406e-05 -0.021763 5.75376e-06 0.448092 
-0.695438 1.41986e-05 -0.0217626 6.36221e-06 0.448086 
-0.695437 1.56228e-05 -0.0217621 7.00028e-06 0.44808 
-0.695436 1.71129e-05 -0.0217615 7.66783e-06 0.448074 
-0.695435 1.86685e-05 -0.021761 8.36472e-06 0.448066 
-0.695433 2.02894e-05 -0.0217603 9.09082e-06 0.448058 
-0.695432 2.19752e-05 -0.0217597 9.84599e-06 0.44805 
-0.69543 2.37257e-05 -0.021759 1.06301e-05 0.44804 
-0.695429 2.55407e-05 -0.0217582 1.1443e-05 0.44803 
-0.695427 2.74197e-05 -0.0217574 1.22846e-05 0.44802 
-0.695425 2.93625e-05 -0.0217565 1.31546e-05 0.448008 
-0.695423 3.13688e-05 -0.0217556 1.40531e-05 0.447996 
-0.69542 3.34384e-05 -0.0217545 1.49798e-05 0.447983 
-0.695418 3.55709e-05 -0.0217534 1.59346e-05 0.447969 
-0.695415 3.7766e-05 -0.0217523 1.69174e-05 0.447953 
-0.695413 4.00235e-05 -0.0217511 1.7928e-05 0.447938 
-0.69541 4.23431e-05 -0.0217497 1.89663e-05 0.447921 
-0.695407 4.47244e-05 -0.0217484 2.00322e-05 0.447903 
-0.695404 4.71672e-05 -0.021747 2.11255e-05 0.447884 
-0.6954 4.96713e-05 -0.0217455 2.2246e-05 0.447865 
-0.695397 5.22362e-05 -0.0217439 2.33937e-05 0.447844 
-0.695393 5.48618e-05 -0.0217422 2.45683e-05 0.447822 
-0.695389 5.75477e-05 -0.0217405 2.57698e-05 0.4478 
-0.695385 6.02937e-05 -0.0217386 2.6998e-05 0.447776 
-0.695381 6.30994e-05 -0.0217366 2.82528e-05 0.44775 
-0.695376 6.59647e-05 -0.0217346 2.9534e-05 0.447724 
-0.695371 6.88891e-05 -0.0217325 3.08414e-05 0.447697 
-0.695366 7.18725e-05 -0.0217304 3.2175e-05 0.447668 
-0.695361 7.49144e-05 -0.021728 3.35345e-05 0.447638 
-0.695356 7.80148e-05 -0.0217256 3.492e-05 0.447607 
-0.69535 8.11732e-05 -0.0217231 3.6331e-05 0.447574 
-0.695345 8.43894e-05 -0.0217206 3.77677e-05 0.447541 
-0.695338 8.76631e-05 -0.0217178 3.92297e-05 0.447506 
-0.695332 9.0994e-05 -0.021715 4.0717e-05 0.447469 
-0.695326 9.43818e-05 -0.0217121 4.22294e-05 0.447432 
-0.695319 9.78263e-05 -0.0217091 4.37668e-05 0.447392 
-0.695312 0.000101327 -0.021706 4.53289e-05 0.447352 
-0.695305 0.000104884 -0.0217027 4.69158e-05 0.44731 
-0.695297 0.000108497 -0.0216994 4.85271e-05 0.447267 
-0.69529 0.000112165 -0.021696 5.01628e-05 0.447222 
-0.695282 0.000115889 -0.0216924 5.18227e-05 0.447175 
-0.695273 0.000119668 -0.0216887 5.35067e-05 0.447127 
-0.695265 0.000123501 -0.0216849 5.52145e-05 0.447078 
-0.695256 0.000127389 -0.021681 5.69462e-05 0.447027 
-0.695247 0.000131331 -0.0216769 5.87014e-05 0.446974 
-0.695238 0.000135326 -0.0216728 6.04801e-05 0.44692 
-0.695228 0.000139376 -0.0216685 6.2282e-05 0.446864 
-0.695218 0.000143479 -0.0216641 6.41071e-05 0.446806 
-0.695208 0.000147634 -0.0216595 6.59552e-05 0.446747 
-0.695198 0.000151843 -0.0216549 6.7826e-05 0.446686 
-0.695187 0.000156104 -0.02165 6.97196e-05 0.446624 
-0.695176 0.000160417 -0.0216451 7.16357e-05 0.446559 
-0.695164 0.000164782 -0.0216399 7.35741e-05 0.446493 
-0.695153 0.000169199 -0.0216348 7.55347e-05 0.446425 
-0.695141 0.000173667 -0.0216294 7.75173e-05 0.446355 
-0.695128 0.000178187 -0.021624 7.95218e-05 0.446283 
-0.695116 0.000182757 -0.0216183 8.15481e-05 0.44621 
-0.695103 0.000187378 -0.0216125 8.35958e-05 0.446134 
-0.695089 0.000192049 -0.0216065 8.5665e-05 0.446057 
-0.695076 0.00019677 -0.0216005 8.77553e-05 0.445978 
-0.695062 0.000201542 -0.0215943 8.98667e-05 0.445897 
-0.695048 0.000206362 -0.0215879 9.19991e-05 0.445814 
-0.695033 0.000211232 -0.0215815 9.41522e-05 0.445729 
-0.695018 0.000216151 -0.0215748 9.63258e-05 0.445642 
-0.695003 0.000221118 -0.0215679 9.85198e-05 0.445553 
-0.694987 0.000226134 -0.0215609 0.000100734 0.445462 
-0.694971 0.000231198 -0.0215538 0.000102968 0.445369 
-0.694955 0.00023631 -0.0215466 0.000105223 0.445273 
-0.694938 0.00024147 -0.0215391 0.000107497 0.445176 
-0.694921 0.000246676 -0.0215315 0.00010979 0.445077 
-0.694903 0.00025193 -0.0215236 0.000112103 0.444975 
-0.694886 0.000257231 -0.0215157 0.000114435 0.444872 
-0.694867 0.000262579 -0.0215077 0.000116786 0.444766 
-0.694849 0.000267973 -0.0214994 0.000119156 0.444658 
-0.69483 0.000273412 -0.021491 0.000121545 0.444548 
-0.694811 0.000278898 -0.0214825 0.000123952 0.444435 
-0.694791 0.000284429 -0.0214737 0.000126378 0.444321 
-0.694771 0.000290005 -0.0214647 0.000128821 0.444204 
-0.69475 0.000295627 -0.0214557 0.000131283 0.444084 
-0.694729 0.000301293 -0.0214463 0.000133763 0.443963 
-0.694708 0.000307003 -0.0214369 0.00013626 0.443839 
-0.694686 0.000312758 -0.0214273 0.000138775 0.443713 
-0.694664 0.000318557 -0.0214175 0.000141307 0.443584 
-0.694642 0.000324399 -0.0214075 0.000143856 0.443454 
-0.694619 0.000330285 -0.0213974 0.000146422 0.44332 
-0.694596 0.000336214 -0.021387 0.000149005 0.443185 
-0.694572 0.000342186 -0.0213764 0.000151604 0.443046 
-0.694548 0.0003482 -0.0213658 0.00015422 0.442906 
-0.695504 1.75819e-05 -0.0217922 7.88495e-06 0.44847 
-0.695503 1.59797e-05 -0.0217916 7.16629e-06 0.448463 
-0.695502 1.4456e-05 -0.0217911 6.4829e-06 0.448457 
-0.695501 1.30106e-05 -0.0217907 5.83462e-06 0.448451 
-0.6955 1.16431e-05 -0.0217903 5.22131e-06 0.448446 
-0.695499 1.03533e-05 -0.0217899 4.64283e-06 0.448442 
-0.695499 9.14071e-06 -0.0217896 4.09904e-06 0.448438 
-0.695498 8.00516e-06 -0.0217894 3.58979e-06 0.448434 
-0.695498 6.9463e-06 -0.0217891 3.11494e-06 0.448431 
-0.695497 5.96382e-06 -0.021789 2.67435e-06 0.448429 
-0.695497 5.05741e-06 -0.0217887 2.26788e-06 0.448426 
-0.695496 4.22677e-06 -0.0217886 1.89539e-06 0.448425 
-0.695496 3.47159e-06 -0.0217884 1.55674e-06 0.448423 
-0.695496 2.79155e-06 -0.0217884 1.25179e-06 0.448422 
-0.695496 2.18636e-06 -0.0217883 9.80409e-07 0.448421 
-0.695496 1.6557e-06 -0.0217882 7.42449e-07 0.44842 
-0.695496 1.19927e-06 -0.0217882 5.37777e-07 0.448419 
-0.695495 8.16765e-07 -0.0217882 3.66253e-07 0.448419 
-0.695495 5.07877e-07 -0.0217882 2.27741e-07 0.448419 
-0.695495 2.72301e-07 -0.0217882 1.22105e-07 0.448418 
-0.695495 1.09733e-07 -0.0217882 4.92065e-08 0.448418 
-0.695495 1.98704e-08 -0.0217882 8.91023e-09 0.448418 
-0.695495 2.40786e-09 -0.0217882 1.07973e-09 0.448418 
-0.695495 5.70427e-08 -0.0217882 2.5579e-08 0.448418 
-0.695495 1.83472e-07 -0.0217882 8.22723e-08 0.448418 
-0.695495 3.81394e-07 -0.0217882 1.71024e-07 0.448418 
-0.695495 6.50505e-07 -0.021788 2.91698e-07 0.448418 
-0.695495 9.90506e-07 -0.021788 4.4416e-07 0.448418 
-0.695495 1.40109e-06 -0.021788 6.28275e-07 0.448417 
-0.695495 1.88197e-06 -0.021788 8.43906e-07 0.448417 
-0.695495 2.43283e-06 -0.0217879 1.09092e-06 0.448416 
-0.695495 3.05338e-06 -0.0217878 1.36918e-06 0.448415 
-0.695494 3.74331e-06 -0.0217878 1.67855e-06 0.448413 
-0.695494 4.50234e-06 -0.0217876 2.0189e-06 0.448411 
-0.695494 5.33015e-06 -0.0217874 2.39009e-06 0.448409 
-0.695493 6.22646e-06 -0.0217873 2.79199e-06 0.448407 
-0.695493 7.19095e-06 -0.0217871 3.22446e-06 0.448404 
-0.695492 8.22335e-06 -0.0217868 3.68736e-06 0.448401 
-0.695492 9.32335e-06 -0.0217866 4.18057e-06 0.448398 
-0.695491 1.04906e-05 -0.0217862 4.70394e-06 0.448394 
-0.69549 1.1725e-05 -0.0217859 5.25734e-06 0.448389 
-0.695489 1.3026e-05 -0.0217855 5.84064e-06 0.448384 
-0.695489 1.43934e-05 -0.021785 6.45369e-06 0.448379 
-0.695487 1.5827e-05 -0.0217846 7.09637e-06 0.448372 
-0.695486 1.73263e-05 -0.0217841 7.76854e-06 0.448366 
-0.695485 1.88913e-05 -0.0217835 8.47006e-06 0.448358 
-0.695484 2.05214e-05 -0.0217829 9.20078e-06 0.44835 
-0.695482 2.22165e-05 -0.0217822 9.96059e-06 0.448341 
-0.695481 2.39763e-05 -0.0217814 1.07493e-05 0.448332 
-0.695479 2.58004e-05 -0.0217807 1.15669e-05 0.448322 
-0.695477 2.76886e-05 -0.0217798 1.24131e-05 0.448311 
-0.695475 2.96406e-05 -0.0217789 1.32879e-05 0.448299 
-0.695473 3.1656e-05 -0.021778 1.4191e-05 0.448287 
-0.695471 3.37347e-05 -0.021777 1.51224e-05 0.448274 
-0.695468 3.58762e-05 -0.0217758 1.60819e-05 0.44826 
-0.695465 3.80804e-05 -0.0217747 1.70693e-05 0.448244 
-0.695463 4.03469e-05 -0.0217735 1.80846e-05 0.448228 
-0.69546 4.26755e-05 -0.0217721 1.91276e-05 0.448211 
-0.695457 4.50658e-05 -0.0217708 2.01982e-05 0.448194 
-0.695454 4.75175e-05 -0.0217693 2.12962e-05 0.448175 
-0.69545 5.00305e-05 -0.0217678 2.24214e-05 0.448155 
-0.695446 5.26043e-05 -0.0217662 2.35738e-05 0.448134 
-0.695443 5.52387e-05 -0.0217646 2.47531e-05 0.448112 
-0.695439 5.79335e-05 -0.0217627 2.59593e-05 0.448089 
-0.695435 6.06882e-05 -0.0217609 2.71923e-05 0.448065 
-0.69543 6.35027e-05 -0.021759 2.84518e-05 0.44804 
-0.695426 6.63767e-05 -0.0217569 2.97376e-05 0.448013 
-0.695421 6.93099e-05 -0.0217548 3.10498e-05 0.447986 
-0.695416 7.23019e-05 -0.0217525 3.23881e-05 0.447957 
-0.695411 7.53526e-05 -0.0217503 3.37524e-05 0.447927 
-0.695405 7.84615e-05 -0.0217479 3.51426e-05 0.447896 
-0.6954 8.16285e-05 -0.0217454 3.65584e-05 0.447863 
-0.695394 8.48533e-05 -0.0217427 3.79998e-05 0.447829 
-0.695388 8.81356e-05 -0.0217399 3.94665e-05 0.447794 
-0.695382 9.1475e-05 -0.0217372 4.09586e-05 0.447757 
-0.695375 9.48714e-05 -0.0217342 4.24757e-05 0.447719 
-0.695368 9.83244e-05 -0.0217312 4.40178e-05 0.44768 
-0.695361 0.000101834 -0.0217281 4.55847e-05 0.447639 
-0.695354 0.000105399 -0.0217248 4.71763e-05 0.447597 
-0.695347 0.00010902 -0.0217215 4.87924e-05 0.447553 
-0.695339 0.000112697 -0.0217181 5.04329e-05 0.447508 
-0.695331 0.000116429 -0.0217144 5.20975e-05 0.447461 
-0.695323 0.000120216 -0.0217107 5.37862e-05 0.447413 
-0.695314 0.000124058 -0.021707 5.54989e-05 0.447364 
-0.695305 0.000127954 -0.021703 5.72352e-05 0.447312 
-0.695296 0.000131904 -0.0216989 5.89952e-05 0.447259 
-0.695287 0.000135908 -0.0216947 6.07786e-05 0.447205 
-0.695277 0.000139965 -0.0216904 6.25853e-05 0.447149 
-0.695267 0.000144076 -0.0216859 6.44151e-05 0.447091 
-0.695257 0.00014824 -0.0216814 6.6268e-05 0.447032 
-0.695246 0.000152457 -0.0216767 6.81436e-05 0.44697 
-0.695236 0.000156726 -0.0216718 7.00418e-05 0.446907 
-0.695224 0.000161047 -0.0216669 7.19627e-05 0.446843 
-0.695213 0.00016542 -0.0216617 7.39058e-05 0.446776 
-0.695201 0.000169845 -0.0216565 7.58711e-05 0.446708 
-0.695189 0.000174321 -0.0216512 7.78585e-05 0.446638 
-0.695177 0.000178849 -0.0216456 7.98678e-05 0.446566 
-0.695164 0.000183427 -0.0216399 8.18987e-05 0.446492 
-0.695151 0.000188056 -0.0216341 8.39512e-05 0.446417 
-0.695138 0.000192735 -0.0216282 8.6025e-05 0.446339 
-0.695124 0.000197464 -0.0216221 8.81201e-05 0.446259 
-0.69511 0.000202243 -0.0216159 9.02363e-05 0.446178 
-0.695096 0.000207071 -0.0216094 9.23733e-05 0.446095 
-0.695081 0.000211948 -0.021603 9.4531e-05 0.44601 
-0.695066 0.000216875 -0.0215962 9.67093e-05 0.445922 
-0.695051 0.00022185 -0.0215894 9.89081e-05 0.445833 
-0.695035 0.000226874 -0.0215824 0.000101127 0.445742 
-0.695019 0.000231945 -0.0215753 0.000103366 0.445648 
-0.695003 0.000237065 -0.0215679 0.000105625 0.445553 
-0.694986 0.000242232 -0.0215604 0.000107904 0.445455 
-0.694969 0.000247447 -0.0215527 0.000110202 0.445355 
-0.694951 0.000252708 -0.021545 0.000112519 0.445254 
-0.694933 0.000258017 -0.0215371 0.000114856 0.44515 
-0.694915 0.000263372 -0.0215289 0.000117212 0.445044 
-0.694897 0.000268773 -0.0215206 0.000119586 0.444935 
-0.694878 0.00027422 -0.0215122 0.00012198 0.444825 
-0.694858 0.000279713 -0.0215035 0.000124392 0.444712 
-0.694838 0.000285251 -0.0214947 0.000126822 0.444597 
-0.694818 0.000290835 -0.0214858 0.00012927 0.44448 
-0.694798 0.000296464 -0.0214767 0.000131737 0.44436 
-0.694777 0.000302137 -0.0214674 0.000134221 0.444238 
-0.694755 0.000307855 -0.0214579 0.000136723 0.444114 
-0.694734 0.000313617 -0.0214482 0.000139242 0.443988 
-0.694711 0.000319423 -0.0214383 0.000141779 0.443859 
-0.694689 0.000325272 -0.0214283 0.000144332 0.443727 
-0.694666 0.000331165 -0.0214182 0.000146903 0.443594 
-0.694642 0.000337101 -0.0214077 0.00014949 0.443457 
-0.694619 0.00034308 -0.0213973 0.000152094 0.443319 
-0.694595 0.000349102 -0.0213865 0.000154714 0.443178 
-0.69457 0.000355166 -0.0213756 0.000157351 0.443035 
-0.694545 0.000361272 -0.0213645 0.000160003 0.442889 
-0.694519 0.00036742 -0.0213532 0.000162672 0.442741 
-0.694493 0.000373609 -0.0213417 0.000165356 0.44259 
-0.694467 0.00037984 -0.02133 0.000168055 0.442436 
-0.69444 0.000386112 -0.0213181 0.00017077 0.44228 
-0.694413 0.000392425 -0.0213061 0.0001735 0.442122 
-0.694385 0.000398778 -0.0212938 0.000176244 0.441961 
-0.694357 0.000405172 -0.0212814 0.000179004 0.441797 
-0.694328 0.000411605 -0.0212689 0.000181778 0.441631 
-0.694299 0.000418079 -0.0212561 0.000184566 0.441462 
-0.69427 0.000424591 -0.021243 0.000187368 0.441291 
-0.69424 0.000431144 -0.0212298 0.000190185 0.441116 
-0.69421 0.000437735 -0.0212164 0.000193015 0.440939 
-0.694179 0.000444365 -0.0212027 0.000195858 0.44076 
-0.694147 0.000451034 -0.0211889 0.000198715 0.440577 
-0.694116 0.000457741 -0.0211749 0.000201586 0.440393 
-0.694083 0.000464485 -0.0211607 0.000204469 0.440205 
-0.694051 0.000471268 -0.0211463 0.000207365 0.440014 
-0.694017 0.000478088 -0.0211317 0.000210273 0.439821 
-0.693984 0.000484946 -0.0211169 0.000213194 0.439625 
-0.693949 0.000491841 -0.0211018 0.000216128 0.439426 
-0.693915 0.000498772 -0.0210866 0.000219073 0.439225 
-0.69388 0.00050574 -0.0210711 0.00022203 0.43902 
-0.693844 0.000512744 -0.0210556 0.000224999 0.438813 
-0.693808 0.000519784 -0.0210397 0.000227979 0.438602 
-0.693771 0.00052686 -0.0210236 0.00023097 0.438389 
-0.693734 0.000533972 -0.0210073 0.000233972 0.438173 
-0.693696 0.000541119 -0.0209908 0.000236985 0.437955 
-0.693658 0.000548301 -0.0209741 0.000240009 0.437733 
-0.69362 0.000555517 -0.0209573 0.000243043 0.437508 
-0.693581 0.000562769 -0.0209401 0.000246088 0.43728 
-0.693541 0.000570054 -0.0209228 0.000249142 0.43705 
-0.693501 0.000577374 -0.0209052 0.000252206 0.436816 
-0.69346 0.000584727 -0.0208875 0.00025528 0.43658 
-0.693419 0.000592115 -0.0208696 0.000258363 0.43634 
-0.693377 0.000599535 -0.0208514 0.000261456 0.436097 
-0.693335 0.000606988 -0.0208329 0.000264557 0.435852 
-0.693292 0.000614475 -0.0208142 0.000267667 0.435603 
-0.693249 0.000621994 -0.0207954 0.000270786 0.435351 
-0.693205 0.000629545 -0.0207764 0.000273913 0.435097 
-0.693161 0.000637129 -0.0207571 0.000277048 0.434839 
-0.693116 0.000644744 -0.0207376 0.000280192 0.434578 
-0.69307 0.000652391 -0.0207179 0.000283343 0.434314 
-0.693025 0.00066007 -0.0206979 0.000286501 0.434046 
-0.692978 0.00066778 -0.0206778 0.000289667 0.433776 
-0.692931 0.00067552 -0.0206574 0.00029284 0.433503 
-0.692883 0.000683292 -0.0206368 0.00029602 0.433226 
-0.692835 0.000691094 -0.0206159 0.000299206 0.432946 
-0.6955 1.20124e-05 -0.0217904 5.38695e-06 0.448448 
-0.6955 1.07012e-05 -0.02179 4.79888e-06 0.448444 
-0.695499 9.46736e-06 -0.0217898 4.24554e-06 0.44844 
-0.695498 8.31061e-06 -0.0217895 3.72678e-06 0.448436 
-0.695498 7.23063e-06 -0.0217892 3.24245e-06 0.448433 
-0.695497 6.22712e-06 -0.021789 2.79243e-06 0.44843 
-0.695497 5.29977e-06 -0.0217888 2.37656e-06 0.448428 
-0.695497 4.44827e-06 -0.0217887 1.99472e-06 0.448426 
-0.695496 3.67231e-06 -0.0217886 1.64675e-06 0.448424 
-0.695496 2.97158e-06 -0.0217884 1.33252e-06 0.448423 
-0.695496 2.34578e-06 -0.0217883 1.0519e-06 0.448421 
-0.695496 1.7946e-06 -0.0217883 8.04737e-07 0.448421 
-0.695496 1.31773e-06 -0.0217883 5.90899e-07 0.44842 
-0.695496 9.14874e-07 -0.0217882 4.10248e-07 0.44842 
-0.695496 5.85717e-07 -0.0217882 2.62647e-07 0.448419 
-0.695495 3.29956e-07 -0.0217882 1.47959e-07 0.448419 
-0.695495 1.47287e-07 -0.0217882 6.60465e-08 0.448419 
-0.695495 3.7407e-08 -0.0217882 1.6774e-08 0.448419 
-0.695495 1.09114e-11 -0.0217882 4.89286e-12 0.448419 
-0.695495 3.47958e-08 -0.0217882 1.56031e-08 0.448419 
-0.695495 1.41459e-07 -0.0217882 6.34328e-08 0.448419 
-0.695495 3.19697e-07 -0.0217882 1.43358e-07 0.448419 
-0.695495 5.69209e-07 -0.0217882 2.55244e-07 0.448419 
-0.695495 8.89693e-07 -0.0217882 3.98955e-07 0.448418 
-0.695495 1.28085e-06 -0.021788 5.74355e-07 0.448418 
-0.695495 1.74237e-06 -0.021788 7.81309e-07 0.448417 
-0.695495 2.27396e-06 -0.021788 1.01968e-06 0.448417 
-0.695495 2.87533e-06 -0.0217879 1.28934e-06 0.448416 
-0.695495 3.54616e-06 -0.0217878 1.59015e-06 0.448414 
-0.695494 4.28616e-06 -0.0217877 1.92197e-06 0.448413 
-0.695494 5.09504e-06 -0.0217875 2.28467e-06 0.448411 
-0.695494 5.97249e-06 -0.0217874 2.67812e-06 0.448409 
-0.695493 6.91821e-06 -0.0217871 3.10217e-06 0.448406 
-0.695493 7.93192e-06 -0.021787 3.55669e-06 0.448403 
-0.695492 9.0133e-06 -0.0217867 4.04156e-06 0.448399 
-0.695491 1.01621e-05 -0.0217863 4.55663e-06 0.448395 
-0.695491 1.13779e-05 -0.021786 5.10176e-06 0.448391 
-0.69549 1.26606e-05 -0.0217857 5.67683e-06 0.448386 
-0.695489 1.40097e-05 -0.0217853 6.2817e-06 0.448381 
-0.695488 1.54251e-05 -0.0217847 6.91622e-06 0.448375 
-0.695487 1.69064e-05 -0.0217842 7.58027e-06 0.448368 
-0.695486 1.84532e-05 -0.0217837 8.27371e-06 0.448361 
-0.695484 2.00654e-05 -0.0217831 8.9964e-06 0.448353 
-0.695483 2.17427e-05 -0.0217825 9.7482e-06 0.448345 
-0.695481 2.34846e-05 -0.0217817 1.0529e-05 0.448335 
-0.695479 2.5291e-05 -0.021781 1.13386e-05 0.448325 
-0.695478 2.71616e-05 -0.0217801 1.21769e-05 0.448315 
-0.695476 2.9096e-05 -0.0217793 1.30438e-05 0.448303 
-0.695473 3.1094e-05 -0.0217784 1.39392e-05 0.448291 
-0.695471 3.31552e-05 -0.0217773 1.48628e-05 0.448278 
-0.695469 3.52795e-05 -0.0217762 1.58145e-05 0.448264 
-0.695466 3.74664e-05 -0.0217751 1.67943e-05 0.44825 
-0.695464 3.97158e-05 -0.0217739 1.78019e-05 0.448234 
-0.695461 4.20272e-05 -0.0217727 1.88373e-05 0.448217 
-0.695458 4.44005e-05 -0.0217712 1.99003e-05 0.448199 
-0.695455 4.68354e-05 -0.0217699 2.09907e-05 0.448181 
-0.695451 4.93315e-05 -0.0217683 2.21084e-05 0.448161 
-0.695448 5.18885e-05 -0.0217667 2.32534e-05 0.448141 
-0.695444 5.45063e-05 -0.0217651 2.44253e-05 0.448119 
-0.69544 5.71844e-05 -0.0217633 2.56241e-05 0.448096 
-0.695436 5.99227e-05 -0.0217614 2.68497e-05 0.448072 
-0.695432 6.27207e-05 -0.0217595 2.81019e-05 0.448047 
-0.695427 6.55784e-05 -0.0217575 2.93805e-05 0.448021 
-0.695422 6.84952e-05 -0.0217554 3.06854e-05 0.447994 
-0.695418 7.14711e-05 -0.0217532 3.20166e-05 0.447966 
-0.695412 7.45056e-05 -0.0217509 3.33737e-05 0.447936 
-0.695407 7.75985e-05 -0.0217485 3.47567e-05 0.447905 
-0.695402 8.07495e-05 -0.021746 3.61655e-05 0.447873 
-0.695396 8.39584e-05 -0.0217435 3.75999e-05 0.447839 
-0.69539 8.72248e-05 -0.0217409 3.90597e-05 0.447804 
-0.695384 9.05485e-05 -0.0217381 4.05447e-05 0.447768 
-0.695377 9.39292e-05 -0.0217352 4.2055e-05 0.447731 
-0.69537 9.73666e-05 -0.0217321 4.35902e-05 0.447692 
-0.695363 0.00010086 -0.0217291 4.51503e-05 0.447651 
-0.695356 0.00010441 -0.0217258 4.67351e-05 0.44761 
-0.695349 0.000108016 -0.0217225 4.83444e-05 0.447566 
-0.695341 0.000111678 -0.021719 4.99782e-05 0.447521 
-0.695333 0.000115395 -0.0217156 5.16362e-05 0.447475 
-0.695325 0.000119166 -0.0217119 5.33183e-05 0.447428 
-0.695317 0.000122993 -0.021708 5.50243e-05 0.447378 
-0.695308 0.000126874 -0.0217041 5.67542e-05 0.447327 
-0.695299 0.000130809 -0.0217001 5.85077e-05 0.447275 
-0.695289 0.000134798 -0.021696 6.02846e-05 0.447221 
-0.69528 0.000138841 -0.0216916 6.20849e-05 0.447165 
-0.69527 0.000142937 -0.0216872 6.39084e-05 0.447108 
-0.69526 0.000147087 -0.0216826 6.57549e-05 0.447049 
-0.695249 0.000151289 -0.021678 6.76242e-05 0.446988 
-0.695239 0.000155543 -0.0216732 6.95163e-05 0.446925 
-0.695228 0.00015985 -0.0216683 7.14309e-05 0.446861 
-0.695216 0.000164209 -0.0216632 7.33679e-05 0.446795 
-0.695205 0.00016862 -0.021658 7.53271e-05 0.446728 
-0.695193 0.000173082 -0.0216526 7.73084e-05 0.446658 
-0.69518 0.000177595 -0.0216472 7.93117e-05 0.446587 
-0.695168 0.00018216 -0.0216415 8.13366e-05 0.446513 
-0.695155 0.000186774 -0.0216358 8.33832e-05 0.446438 
-0.695142 0.00019144 -0.0216299 8.54512e-05 0.446361 
-0.695128 0.000196155 -0.0216238 8.75405e-05 0.446282 
-0.695114 0.00020092 -0.0216176 8.96508e-05 0.446202 
-0.6951 0.000205735 -0.0216113 9.17821e-05 0.446119 
-0.695085 0.000210599 -0.0216048 9.39342e-05 0.446034 
-0.695071 0.000215512 -0.0215981 9.61068e-05 0.445947 
-0.695055 0.000220473 -0.0215914 9.82999e-05 0.445858 
-0.69504 0.000225484 -0.0215844 0.000100513 0.445768 
-0.695024 0.000230542 -0.0215773 0.000102747 0.445675 
-0.695007 0.000235649 -0.02157 0.000105 0.44558 
-0.694991 0.000240803 -0.0215625 0.000107273 0.445483 
-0.694974 0.000246004 -0.021555 0.000109566 0.445384 
-0.694956 0.000251253 -0.0215472 0.000111878 0.445282 
-0.694938 0.000256548 -0.0215393 0.00011421 0.445179 
-0.69492 0.00026189 -0.0215313 0.000116561 0.445074 
-0.694902 0.000267279 -0.021523 0.00011893 0.444966 
-0.694883 0.000272713 -0.0215146 0.000121318 0.444856 
-0.694864 0.000278194 -0.021506 0.000123725 0.444744 
-0.694844 0.00028372 -0.0214972 0.00012615 0.444629 
-0.694824 0.000289291 -0.0214884 0.000128594 0.444513 
-0.694803 0.000294907 -0.0214793 0.000131055 0.444394 
-0.694783 0.000300568 -0.02147 0.000133534 0.444273 
-0.694761 0.000306274 -0.0214605 0.000136031 0.444149 
-0.69474 0.000312024 -0.0214509 0.000138546 0.444023 
-0.694718 0.000317818 -0.0214412 0.000141078 0.443895 
-0.694695 0.000323655 -0.0214312 0.000143627 0.443764 
-0.694672 0.000329536 -0.021421 0.000146193 0.443632 
-0.694649 0.00033546 -0.0214108 0.000148775 0.443496 
-0.694625 0.000341428 -0.0214003 0.000151375 0.443358 
-0.694601 0.000347437 -0.0213895 0.000153991 0.443218 
-0.694577 0.00035349 -0.0213786 0.000156623 0.443075 
-0.694552 0.000359584 -0.0213676 0.000159271 0.44293 
-0.694526 0.000365721 -0.0213564 0.000161935 0.442782 
-0.694501 0.000371899 -0.021345 0.000164614 0.442632 
-0.694474 0.000378118 -0.0213333 0.00016731 0.44248 
-0.694448 0.000384379 -0.0213215 0.00017002 0.442324 
-0.694421 0.00039068 -0.0213095 0.000172746 0.442167 
-0.694393 0.000397022 -0.0212973 0.000175486 0.442006 
-0.694365 0.000403405 -0.0212849 0.000178242 0.441843 
-0.694337 0.000409827 -0.0212724 0.000181012 0.441678 
-0.694308 0.00041629 -0.0212596 0.000183796 0.44151 
-0.694278 0.000422792 -0.0212467 0.000186594 0.441339 
-0.694248 0.000429333 -0.0212335 0.000189407 0.441165 
-0.694218 0.000435914 -0.0212202 0.000192233 0.440989 
-0.694187 0.000442533 -0.0212066 0.000195073 0.44081 
-0.694156 0.000449191 -0.0211928 0.000197927 0.440629 
-0.694125 0.000455888 -0.0211788 0.000200793 0.440445 
-0.694092 0.000462622 -0.0211646 0.000203673 0.440257 
-0.69406 0.000469394 -0.0211503 0.000206565 0.440068 
-0.694027 0.000476204 -0.0211357 0.000209471 0.439875 
-0.693993 0.000483052 -0.021121 0.000212388 0.43968 
-0.693959 0.000489936 -0.0211061 0.000215318 0.439482 
-0.693924 0.000496857 -0.0210909 0.00021826 0.439281 
-0.693889 0.000503815 -0.0210755 0.000221214 0.439077 
-0.693854 0.000510809 -0.0210598 0.000224179 0.438871 
-0.693818 0.00051784 -0.0210441 0.000227156 0.438661 
-0.693781 0.000524906 -0.0210281 0.000230144 0.438449 
-0.693744 0.000532007 -0.0210118 0.000233144 0.438234 
-0.693707 0.000539145 -0.0209955 0.000236154 0.438016 
-0.693669 0.000546317 -0.0209788 0.000239175 0.437795 
-0.69363 0.000553524 -0.020962 0.000242206 0.437571 
-0.693591 0.000560766 -0.0209449 0.000245248 0.437344 
-0.693552 0.000568042 -0.0209277 0.000248299 0.437114 
-0.693512 0.000575352 -0.0209101 0.000251361 0.436882 
-0.693471 0.000582697 -0.0208924 0.000254432 0.436646 
-0.69343 0.000590074 -0.0208746 0.000257513 0.436407 
-0.693389 0.000597486 -0.0208564 0.000260603 0.436165 
-0.693347 0.00060493 -0.0208381 0.000263702 0.435921 
-0.693304 0.000612408 -0.0208195 0.000266809 0.435673 
-0.693261 0.000619918 -0.0208007 0.000269926 0.435422 
-0.693217 0.00062746 -0.0207816 0.000273051 0.435168 
-0.693173 0.000635035 -0.0207625 0.000276183 0.434911 
-0.693128 0.000642642 -0.020743 0.000279325 0.434651 
-0.693083 0.00065028 -0.0207234 0.000282474 0.434388 
-0.693037 0.00065795 -0.0207035 0.00028563 0.434121 
-0.692991 0.000665651 -0.0206834 0.000288794 0.433852 
-0.692944 0.000673383 -0.020663 0.000291965 0.433579 
-0.692897 0.000681146 -0.0206425 0.000295143 0.433303 
-0.692849 0.00068894 -0.0206218 0.000298328 0.433024 
-0.6928 0.000696763 -0.0206008 0.000301519 0.432742 
-0.692751 0.000704617 -0.0205795 0.000304717 0.432457 
-0.692702 0.000712501 -0.0205581 0.00030792 0.432169 
-0.692652 0.000720414 -0.0205365 0.00031113 0.431877 
-0.692601 0.000728356 -0.0205145 0.000314346 0.431582 
-0.69255 0.000736328 -0.0204924 0.000317566 0.431284 
-0.692498 0.000744328 -0.0204701 0.000320792 0.430982 
-0.692445 0.000752358 -0.0204475 0.000324024 0.430678 
-0.692392 0.000760415 -0.0204247 0.00032726 0.43037 
-0.692339 0.000768501 -0.0204017 0.0003305 0.430058 
-0.692285 0.000776615 -0.0203784 0.000333745 0.429744 
-0.69223 0.000784756 -0.0203549 0.000336995 0.429426 
-0.692175 0.000792925 -0.0203313 0.000340248 0.429105 
-0.692119 0.000801121 -0.0203073 0.000343505 0.42878 
-0.692063 0.000809344 -0.0202831 0.000346765 0.428452 
-0.692006 0.000817594 -0.0202588 0.000350029 0.428121 
-0.691948 0.00082587 -0.0202342 0.000353296 0.427787 
-0.69189 0.000834173 -0.0202093 0.000356566 0.427449 
-0.691832 0.000842502 -0.0201843 0.000359839 0.427107 
-0.691772 0.000850856 -0.0201589 0.000363114 0.426763 
-0.691712 0.000859237 -0.0201334 0.000366391 0.426415 
-0.691652 0.000867643 -0.0201077 0.00036967 0.426063 
-0.691591 0.000876073 -0.0200816 0.000372952 0.425708 
-0.691529 0.000884529 -0.0200554 0.000376234 0.42535 
-0.691467 0.00089301 -0.020029 0.000379518 0.424988 
-0.691404 0.000901515 -0.0200023 0.000382803 0.424622 
-0.691341 0.000910044 -0.0199754 0.00038609 0.424254 
-0.691277 0.000918597 -0.0199483 0.000389376 0.423881 
-0.691212 0.000927175 -0.0199208 0.000392664 0.423505 
-0.691147 0.000935775 -0.0198933 0.000395951 0.423126 
-0.691081 0.0009444 -0.0198654 0.000399239 0.422743 
-0.691015 0.000953047 -0.0198374 0.000402526 0.422357 
-0.690948 0.000961717 -0.0198091 0.000405813 0.421968 
-0.69088 0.00097041 -0.0197806 0.0004091 0.421574 
-0.690812 0.000979125 -0.0197518 0.000412385 0.421177 
-0.690743 0.000987863 -0.0197228 0.000415669 0.420777 
-0.690674 0.000996622 -0.0196936 0.000418953 0.420373 
-0.690604 0.0010054 -0.0196641 0.000422234 0.419965 
-0.690533 0.00101421 -0.0196346 0.000425515 0.419554 
-0.690462 0.00102303 -0.0196047 0.000428792 0.419139 
-0.69039 0.00103188 -0.0195745 0.000432068 0.418721 
-0.690317 0.00104074 -0.0195441 0.000435342 0.418299 
-0.690244 0.00104963 -0.0195135 0.000438612 0.417873 
-0.69017 0.00105854 -0.0194827 0.00044188 0.417444 
-0.690096 0.00106746 -0.0194517 0.000445145 0.417011 
-0.690021 0.00107641 -0.0194204 0.000448407 0.416575 
-0.689945 0.00108538 -0.019389 0.000451665 0.416135 
-0.689869 0.00109437 -0.0193572 0.000454919 0.415691 
-0.689792 0.00110337 -0.0193251 0.000458169 0.415244 
-0.689714 0.0011124 -0.019293 0.000461415 0.414793 
-0.689636 0.00112144 -0.0192606 0.000464657 0.414338 
-0.689557 0.00113051 -0.019228 0.000467894 0.413879 
-0.689478 0.00113959 -0.0191951 0.000471126 0.413417 
-0.689398 0.00114869 -0.019162 0.000474353 0.412951 
-0.689317 0.00115781 -0.0191287 0.000477575 0.412482 
-0.689236 0.00116695 -0.0190951 0.000480792 0.412009 
-0.689154 0.0011761 -0.0190614 0.000484002 0.411532 
-0.689071 0.00118527 -0.0190274 0.000487206 0.411051 
-0.688988 0.00119446 -0.0189932 0.000490405 0.410566 
-0.688904 0.00120367 -0.0189587 0.000493597 0.410078 
-0.688819 0.00121289 -0.018924 0.000496782 0.409586 
-0.688734 0.00122213 -0.0188892 0.00049996 0.409091 
-0.688648 0.00123138 -0.0188541 0.000503132 0.408591 
-0.688562 0.00124065 -0.0188187 0.000506296 0.408088 
-0.688474 0.00124994 -0.0187832 0.000509452 0.407581 
-0.688387 0.00125924 -0.0187474 0.000512601 0.40707 
-0.688298 0.00126856 -0.0187115 0.000515741 0.406555 
-0.688209 0.0012779 -0.0186752 0.000518874 0.406037 
-0.688119 0.00128725 -0.0186388 0.000521998 0.405515 
-0.688029 0.00129661 -0.0186021 0.000525113 0.404989 
-0.687938 0.00130599 -0.0185652 0.000528219 0.404459 
-0.687846 0.00131538 -0.0185282 0.000531317 0.403925 
-0.687754 0.00132479 -0.0184909 0.000534405 0.403388 
-0.687661 0.00133421 -0.0184534 0.000537483 0.402846 
-0.687567 0.00134365 -0.0184156 0.000540552 0.402301 
-0.687472 0.0013531 -0.0183777 0.000543611 0.401752 
-0.687377 0.00136256 -0.0183395 0.000546659 0.401199 
-0.687282 0.00137204 -0.0183011 0.000549697 0.400643 
-0.687185 0.00138153 -0.0182625 0.000552725 0.400082 
-0.687088 0.00139103 -0.0182237 0.000555741 0.399518 
-0.686991 0.00140055 -0.0181848 0.000558747 0.398949 
-0.686892 0.00141007 -0.0181456 0.000561741 0.398377 
-0.686793 0.00141961 -0.0181062 0.000564723 0.397801 
-0.686693 0.00142916 -0.0180665 0.000567694 0.397221 
-0.686593 0.00143873 -0.0180266 0.000570653 0.396637 
-0.686492 0.0014483 -0.0179866 0.0005736 0.39605 
-0.68639 0.00145789 -0.0179464 0.000576534 0.395458 
-0.686288 0.00146749 -0.0179059 0.000579456 0.394862 
-0.686185 0.0014771 -0.0178652 0.000582364 0.394263 
-0.686081 0.00148672 -0.0178244 0.00058526 0.393659 
-0.685977 0.00149635 -0.0177833 0.000588142 0.393052 
-0.685872 0.00150599 -0.0177421 0.000591011 0.392441 
-0.685766 0.00151564 -0.0177006 0.000593866 0.391826 
-0.685659 0.0015253 -0.0176589 0.000596707 0.391207 
-0.685552 0.00153497 -0.017617 0.000599535 0.390584 
-0.685445 0.00154465 -0.017575 0.000602347 0.389957 
-0.685336 0.00155434 -0.0175327 0.000605145 0.389326 
-0.685227 0.00156404 -0.0174902 0.000607928 0.388691 
-0.685117 0.00157375 -0.0174476 0.000610697 0.388052 
-0.685007 0.00158347 -0.0174047 0.00061345 0.38741 
-0.684895 0.00159319 -0.0173616 0.000616188 0.386763 
-0.684784 0.00160293 -0.0173184 0.000618909 0.386112 
-0.684671 0.00161267 -0.0172751 0.000621616 0.385458 
-0.684558 0.00162242 -0.0172314 0.000624305 0.384799 
-0.684444 0.00163218 -0.0171877 0.000626979 0.384136 
-0.684329 0.00164195 -0.0171436 0.000629636 0.38347 
-0.684214 0.00165172 -0.0170995 0.000632277 0.382799 
-0.684098 0.0016615 -0.0170552 0.0006349 0.382125 
-0.683981 0.00167129 -0.0170106 0.000637507 0.381446 
-0.683864 0.00168108 -0.0169659 0.000640096 0.380764 
-0.683746 0.00169089 -0.016921 0.000642667 0.380077 
-0.683627 0.00170069 -0.016876 0.000645221 0.379387 
-0.683508 0.00171051 -0.0168307 0.000647757 0.378693 
-0.683388 0.00172033 -0.0167852 0.000650275 0.377994 
-0.683267 0.00173016 -0.0167397 0.000652774 0.377292 
-0.683146 0.00173999 -0.0166938 0.000655255 0.376585 
-0.683024 0.00174983 -0.0166479 0.000657717 0.375875 
-0.682901 0.00175967 -0.0166018 0.000660159 0.37516 
-0.682777 0.00176952 -0.0165554 0.000662583 0.374442 
-0.682653 0.00177938 -0.016509 0.000664987 0.373719 
-0.682528 0.00178924 -0.0164624 0.000667373 0.372993 
-0.682402 0.0017991 -0.0164156 0.000669737 0.372262 
-0.682276 0.00180897 -0.0163686 0.000672082 0.371528 
-0.682149 0.00181884 -0.0163216 0.000674407 0.370789 
-0.682022 0.00182872 -0.0162742 0.000676711 0.370047 
-0.681893 0.0018386 -0.0162268 0.000678994 0.3693 
-0.681764 0.00184848 -0.0161792 0.000681257 0.368549 
-0.681634 0.00185837 -0.0161314 0.0006835 0.367795 
-0.681504 0.00186826 -0.0160834 0.00068572 0.367036 
-0.681373 0.00187816 -0.0160354 0.000687919 0.366273 
-0.681241 0.00188806 -0.0159871 0.000690097 0.365507 
-0.681109 0.00189796 -0.0159387 0.000692253 0.364736 
-0.680975 0.00190786 -0.0158902 0.000694386 0.363961 
-0.680841 0.00191776 -0.0158415 0.000696498 0.363182 
-0.680707 0.00192767 -0.0157927 0.000698588 0.3624 
-0.680572 0.00193758 -0.0157437 0.000700654 0.361613 
-0.680436 0.00194749 -0.0156946 0.000702698 0.360822 
-0.680299 0.00195741 -0.0156453 0.000704719 0.360027 
-0.680162 0.00196732 -0.015596 0.000706717 0.359228 
-0.680023 0.00197724 -0.0155464 0.000708692 0.358425 
-0.679885 0.00198716 -0.0154967 0.000710643 0.357618 
-0.679745 0.00199708 -0.015447 0.00071257 0.356806 
-0.679605 0.002007 -0.015397 0.000714473 0.355991 
-0.679464 0.00201692 -0.0153469 0.000716352 0.355172 
-0.679323 0.00202684 -0.0152967 0.000718208 0.354349 
-0.679181 0.00203676 -0.0152464 0.000720039 0.353522 
-0.679038 0.00204668 -0.0151959 0.000721845 0.35269 
-0.678894 0.0020566 -0.0151453 0.000723625 0.351855 
-0.67875 0.00206652 -0.0150946 0.000725382 0.351015 
-0.678605 0.00207645 -0.0150438 0.000727113 0.350172 
-0.678459 0.00208637 -0.0149928 0.000728819 0.349325 
-0.678313 0.00209629 -0.0149417 0.000730499 0.348473 
-0.678165 0.0021062 -0.0148905 0.000732153 0.347617 
-0.678018 0.00211612 -0.0148393 0.000733782 0.346758 
-0.677869 0.00212604 -0.0147878 0.000735385 0.345894 
-0.67772 0.00213595 -0.0147362 0.000736961 0.345027 
-0.67757 0.00214587 -0.0146847 0.000738511 0.344155 
-0.67742 0.00215578 -0.0146329 0.000740034 0.343279 
-0.677268 0.00216569 -0.014581 0.000741531 0.3424 
-0.677116 0.0021756 -0.0145291 0.000743 0.341516 
-0.676964 0.0021855 -0.014477 0.000744443 0.340628 
-0.676811 0.00219541 -0.0144248 0.000745858 0.339736 
-0.676656 0.00220531 -0.0143726 0.000747246 0.33884 
-0.676502 0.0022152 -0.0143203 0.000748606 0.33794 
-0.676346 0.0022251 -0.0142678 0.000749939 0.337036 
-0.67619 0.00223499 -0.0142153 0.000751243 0.336128 
-0.676033 0.00224488 -0.0141626 0.00075252 0.335216 
-0.675876 0.00225476 -0.0141099 0.000753768 0.3343 
-0.675718 0.00226465 -0.014057 0.000754987 0.33338 
-0.675559 0.00227452 -0.0140042 0.000756179 0.332456 
-0.675399 0.0022844 -0.0139512 0.000757341 0.331528 
-0.675239 0.00229427 -0.0138982 0.000758474 0.330596 
-0.675078 0.00230413 -0.013845 0.000759579 0.32966 
-0.674917 0.00231399 -0.0137918 0.000760654 0.328719 
-0.674754 0.00232385 -0.0137386 0.0007617 0.327775 
-0.674591 0.0023337 -0.0136852 0.000762717 0.326827 
-0.674428 0.00234355 -0.0136317 0.000763704 0.325875 
-0.674263 0.00235339 -0.0135783 0.00076466 0.324919 
-0.674098 0.00236323 -0.0135247 0.000765587 0.323959 
-0.673932 0.00237306 -0.0134711 0.000766484 0.322994 
-0.673766 0.00238288 -0.0134174 0.00076735 0.322026 
-0.673599 0.0023927 -0.0133636 0.000768186 0.321054 
-0.673431 0.00240252 -0.0133099 0.000768991 0.320078 
-0.673262 0.00241232 -0.013256 0.000769766 0.319097 
-0.673093 0.00242213 -0.0132021 0.00077051 0.318113 
-0.672923 0.00243192 -0.0131481 0.000771223 0.317125 
-0.672753 0.00244171 -0.0130941 0.000771905 0.316133 
-0.672581 0.00245149 -0.01304 0.000772555 0.315137 
-0.672409 0.00246127 -0.012986 0.000773174 0.314137 
-0.672237 0.00247103 -0.0129318 0.000773762 0.313133 
-0.672063 0.0024808 -0.0128776 0.000774317 0.312124 
-0.671889 0.00249055 -0.0128234 0.000774841 0.311112 
-0.671715 0.0025003 -0.0127692 0.000775332 0.310096 
-0.671539 0.00251003 -0.0127149 0.000775792 0.309076 
-0.671363 0.00251977 -0.0126606 0.00077622 0.308052 
-0.671187 0.00252949 -0.0126062 0.000776615 0.307024 
-0.671009 0.0025392 -0.0125519 0.000776977 0.305992 
-0.670831 0.00254891 -0.0124975 0.000777308 0.304957 
-0.670652 0.00255861 -0.012443 0.000777605 0.303917 
-0.670473 0.0025683 -0.0123886 0.000777869 0.302873 
-0.670293 0.00257798 -0.0123341 0.0007781 0.301825 
-0.670112 0.00258765 -0.0122797 0.000778298 0.300774 
-0.669931 0.00259732 -0.0122251 0.000778463 0.299718 
-0.669748 0.00260697 -0.0121706 0.000778594 0.298659 
-0.669566 0.00261661 -0.0121161 0.000778692 0.297595 
-0.669382 0.00262625 -0.0120617 0.000778756 0.296528 
-0.669198 0.00263588 -0.0120071 0.000778788 0.295457 
-0.669013 0.00264549 -0.0119526 0.000778784 0.294381 
-0.668828 0.0026551 -0.0118981 0.000778747 0.293303 
-0.668641 0.00266469 -0.0118436 0.000778676 0.29222 
-0.668455 0.00267428 -0.0117891 0.00077857 0.291133 
-0.668267 0.00268386 -0.0117346 0.00077843 0.290042 
-0.668079 0.00269342 -0.0116801 0.000778256 0.288947 
-0.66789 0.00270297 -0.0116256 0.000778047 0.287848 
-0.6677 0.00271252 -0.0115711 0.000777803 0.286746 
-0.66751 0.00272205 -0.0115167 0.000777525 0.28564 
-0.667319 0.00273157 -0.0114623 0.000777213 0.284529 
-0.667128 0.00274108 -0.011408 0.000776864 0.283415 
-0.666936 0.00275058 -0.0113536 0.000776482 0.282297 
-0.666743 0.00276007 -0.0112992 0.000776064 0.281175 
-0.666549 0.00276955 -0.011245 0.000775611 0.28005 
-0.666355 0.00277901 -0.0111906 0.000775122 0.27892 
-0.66616 0.00278846 -0.0111364 0.000774597 0.277787 
-0.665965 0.0027979 -0.0110822 0.000774038 0.276649 
-0.665768 0.00280733 -0.011028 0.000773443 0.275508 
-0.665572 0.00281674 -0.010974 0.000772811 0.274363 
-0.665374 0.00282615 -0.0109198 0.000772145 0.273215 
-0.665176 0.00283554 -0.0108658 0.000771442 0.272062 
-0.664977 0.00284492 -0.0108118 0.000770704 0.270906 
-0.664778 0.00285428 -0.010758 0.000769928 0.269745 
-0.664577 0.00286363 -0.010704 0.000769118 0.268581 
-0.664377 0.00287297 -0.0106502 0.00076827 0.267413 
-0.664175 0.00288229 -0.0105966 0.000767388 0.266242 
-0.663973 0.00289161 -0.0105428 0.000766467 0.265066 
-0.66377 0.0029009 -0.0104892 0.000765511 0.263887 
-0.663567 0.00291019 -0.0104356 0.000764517 0.262704 
-0.663363 0.00291946 -0.0103822 0.000763488 0.261517 
-0.663158 0.00292871 -0.0103288 0.000762422 0.260327 
-0.662953 0.00293795 -0.0102754 0.000761319 0.259132 
-0.662747 0.00294718 -0.0102222 0.00076018 0.257934 
-0.66254 0.0029564 -0.010169 0.000759002 0.256732 
-0.662333 0.00296559 -0.0101159 0.000757789 0.255527 
-0.662125 0.00297478 -0.0100629 0.000756537 0.254317 
-0.661917 0.00298395 -0.01001 0.000755249 0.253104 
-0.661707 0.0029931 -0.0099572 0.000753925 0.251888 
-0.661498 0.00300224 -0.00990441 0.000752562 0.250667 
-0.661287 0.00301136 -0.00985184 0.000751163 0.249443 
-0.661076 0.00302047 -0.00979927 0.000749725 0.248215 
-0.660864 0.00302956 -0.00974682 0.000748251 0.246983 
-0.660652 0.00303864 -0.0096945 0.000746739 0.245748 
-0.660439 0.0030477 -0.0096423 0.000745189 0.244509 
-0.660225 0.00305675 -0.00959022 0.000743603 0.243266 
-0.660011 0.00306578 -0.00953827 0.000741978 0.24202 
-0.659796 0.00307479 -0.00948634 0.000740315 0.240769 
-0.65958 0.00308379 -0.00943454 0.000738615 0.239516 
-0.659364 0.00309277 -0.00938288 0.000736877 0.238258 
-0.659147 0.00310173 -0.00933136 0.000735101 0.236997 
-0.65893 0.00311068 -0.00927997 0.000733287 0.235732 
-0.658712 0.00311961 -0.00922872 0.000731436 0.234464 
-0.658493 0.00312852 -0.00917762 0.000729546 0.233192 
-0.658274 0.00313742 -0.00912667 0.000727619 0.231917 
-0.658054 0.00314629 -0.00907574 0.000725653 0.230637 
-0.657834 0.00315516 -0.00902508 0.000723649 0.229354 
-0.657612 0.003164 -0.00897447 0.000721607 0.228068 
-0.657391 0.00317283 -0.008924 0.000719527 0.226778 
-0.657168 0.00318164 -0.00887369 0.000717409 0.225484 
-0.656945 0.00319043 -0.00882354 0.000715252 0.224187 
-0.656721 0.0031992 -0.00877356 0.000713057 0.222886 
-0.656497 0.00320796 -0.00872373 0.000710825 0.221582 
-0.656272 0.00321669 -0.00867408 0.000708553 0.220274 
-0.656047 0.00322541 -0.00862459 0.000706243 0.218962 
-0.655821 0.00323411 -0.00857515 0.000703895 0.217647 
-0.655594 0.00324279 -0.008526 0.000701509 0.216329 
-0.655367 0.00325145 -0.00847702 0.000699085 0.215007 
-0.655139 0.0032601 -0.00842811 0.000696621 0.213681 
-0.65491 0.00326872 -0.00837949 0.00069412 0.212352 
-0.654681 0.00327733 -0.00833093 0.00069158 0.211019 
-0.654452 0.00328592 -0.00828268 0.000689002 0.209683 
-0.654221 0.00329448 -0.0082345 0.000686385 0.208344 
-0.65399 0.00330303 -0.0081865 0.000683729 0.207001 
-0.653759 0.00331156 -0.0081388 0.000681035 0.205654 
-0.653527 0.00332007 -0.0080912 0.000678302 0.204304 
-0.653294 0.00332856 -0.00804377 0.000675531 0.20295 
-0.653061 0.00333703 -0.00799667 0.000672722 0.201593 
-0.652827 0.00334548 -0.00794964 0.000669874 0.200233 
-0.652592 0.00335391 -0.0079028 0.000666988 0.198869 
-0.652357 0.00336231 -0.00785629 0.000664063 0.197502 
-0.652122 0.0033707 -0.00780988 0.000661099 0.196131 
-0.651885 0.00337907 -0.00776366 0.000658097 0.194757 
-0.651649 0.00338742 -0.00771778 0.000655056 0.193379 
-0.651411 0.00339574 -0.00767198 0.000651977 0.191998 
-0.651173 0.00340405 -0.00762652 0.000648859 0.190614 
-0.650935 0.00341234 -0.00758115 0.000645704 0.189226 
-0.650696 0.0034206 -0.00753611 0.00064251 0.187835 
-0.650456 0.00342884 -0.00749118 0.000639277 0.186441 
-0.650215 0.00343706 -0.0074466 0.000636005 0.185043 
-0.649975 0.00344526 -0.00740223 0.000632696 0.183642 
-0.649733 0.00345344 -0.00735797 0.000629348 0.182238 
-0.649491 0.0034616 -0.00731406 0.00062596 0.18083 
-0.649248 0.00346974 -0.00727038 0.000622535 0.179419 
-0.649005 0.00347785 -0.00722693 0.000619072 0.178004 
-0.648762 0.00348594 -0.00718371 0.00061557 0.176587 
-0.648517 0.00349401 -0.00714072 0.000612031 0.175166 
-0.648272 0.00350206 -0.00709799 0.000608452 0.173741 
-0.648027 0.00351008 -0.0070556 0.000604836 0.172314 
-0.647781 0.00351809 -0.00701334 0.000601181 0.170883 
-0.647534 0.00352607 -0.00697144 0.000597489 0.169449 
-0.647287 0.00353402 -0.00692967 0.000593757 0.168012 
-0.64704 0.00354196 -0.00688827 0.000589988 0.166571 
-0.646792 0.00354987 -0.00684711 0.000586182 0.165128 
-0.646543 0.00355776 -0.00680622 0.000582336 0.16368 
-0.646293 0.00356563 -0.00676557 0.000578452 0.16223 
-0.646044 0.00357347 -0.00672518 0.000574531 0.160777 
-0.645793 0.00358129 -0.00668517 0.000570573 0.15932 
-0.645542 0.00358909 -0.0066453 0.000566575 0.15786 
-0.645291 0.00359686 -0.00660581 0.000562541 0.156398 
-0.645039 0.00360461 -0.00656659 0.000558468 0.154932 
-0.644786 0.00361234 -0.00652763 0.000554357 0.153462 
-0.644533 0.00362004 -0.00648894 0.000550209 0.15199 
-0.644279 0.00362772 -0.00645063 0.000546025 0.150515 
-0.644025 0.00363537 -0.00641248 0.000541801 0.149036 
-0.64377 0.003643 -0.00637473 0.00053754 0.147554 
-0.643515 0.00365061 -0.00633725 0.000533242 0.146069 
-0.643259 0.00365819 -0.00630005 0.000528906 0.144581 
-0.643003 0.00366575 -0.00626324 0.000524534 0.143091 
-0.642746 0.00367328 -0.00622661 0.000520123 0.141596 
-0.642489 0.00368079 -0.00619037 0.000515676 0.140099 
-0.642231 0.00368828 -0.00615442 0.000511191 0.138599 
-0.641972 0.00369573 -0.00611888 0.00050667 0.137096 
-0.641713 0.00370317 -0.00608351 0.00050211 0.135589 
-0.641454 0.00371058 -0.00604854 0.000497515 0.13408 
-0.641194 0.00371796 -0.00601387 0.000492883 0.132568 
-0.640933 0.00372532 -0.0059795 0.000488213 0.131053 
-0.640672 0.00373266 -0.00594553 0.000483507 0.129534 
-0.640411 0.00373997 -0.00591188 0.000478764 0.128013 
-0.640149 0.00374725 -0.00587853 0.000473985 0.126489 
-0.639886 0.00375451 -0.00584547 0.000469169 0.124961 
-0.639623 0.00376174 -0.00581283 0.000464317 0.123431 
-0.639359 0.00376895 -0.0057805 0.000459429 0.121898 
-0.639095 0.00377613 -0.00574849 0.000454503 0.120362 
-0.638831 0.00378328 -0.0057169 0.000449542 0.118823 
-0.638566 0.00379041 -0.00568562 0.000444545 0.117281 
-0.6383 0.00379752 -0.00565466 0.000439511 0.115736 
-0.638034 0.00380459 -0.005624 0.000434444 0.114189 
-0.637767 0.00381164 -0.00559379 0.000429338 0.112638 
-0.6375 0.00381867 -0.00556389 0.000424198 0.111085 
-0.637233 0.00382567 -0.00553444 0.000419021 0.109529 
-0.636965 0.00383264 -0.00550531 0.000413809 0.10797 
-0.636696 0.00383958 -0.0054765 0.000408562 0.106408 
-0.636427 0.0038465 -0.00544813 0.00040328 0.104843 
-0.636158 0.00385339 -0.00541998 0.000397961 0.103276 
-0.635888 0.00386026 -0.00539239 0.000392609 0.101705 
-0.635617 0.0038671 -0.00536502 0.00038722 0.100132 
-0.635346 0.00387391 -0.0053382 0.000381798 0.0985563 
-0.635075 0.00388069 -0.00531162 0.000376339 0.0969775 
-0.634803 0.00388744 -0.00528548 0.000370847 0.0953962 
-0.634531 0.00389417 -0.00525969 0.000365319 0.0938118 
-0.634258 0.00390088 -0.00523435 0.000359758 0.0922249 
-0.633985 0.00390755 -0.00520935 0.000354162 0.0906353 
-0.633711 0.0039142 -0.00518469 0.000348532 0.089043 
-0.633437 0.00392081 -0.0051605 0.000342867 0.0874478 
-0.633162 0.0039274 -0.00513676 0.000337169 0.0858502 
-0.632887 0.00393397 -0.00511338 0.000331436 0.0842499 
-0.632611 0.0039405 -0.00509035 0.00032567 0.0826468 
-0.632335 0.00394701 -0.00506779 0.000319869 0.0810409 
-0.632059 0.00395349 -0.00504558 0.000314036 0.0794325 
-0.631782 0.00395994 -0.00502384 0.000308168 0.0778214 
-0.631504 0.00396636 -0.00500245 0.000302268 0.0762079 
-0.631226 0.00397276 -0.00498143 0.000296334 0.0745916 
-0.630948 0.00397912 -0.00496099 0.000290368 0.0729729 
-0.630669 0.00398546 -0.00494081 0.000284368 0.0713514 
-0.63039 0.00399177 -0.00492109 0.000278336 0.0697275 
-0.630111 0.00399805 -0.00490187 0.00027227 0.0681008 
-0.62983 0.0040043 -0.00488301 0.000266172 0.0664716 
-0.62955 0.00401052 -0.00486462 0.000260043 0.0648401 
-0.629269 0.00401672 -0.00484662 0.00025388 0.0632058 
-0.628988 0.00402288 -0.0048291 0.000247685 0.061569 
-0.628706 0.00402902 -0.00481194 0.000241458 0.0599298 
-0.628424 0.00403513 -0.00479527 0.0002352 0.0582882 
-0.628141 0.0040412 -0.00477897 0.000228911 0.0566442 
-0.627858 0.00404725 -0.00476318 0.000222588 0.0549974 
-0.627574 0.00405327 -0.00474786 0.000216236 0.0533485 
-0.62729 0.00405926 -0.00473294 0.000209851 0.0516968 
-0.627006 0.00406522 -0.00471852 0.000203435 0.0500427 
-0.626721 0.00407115 -0.00470448 0.000196988 0.0483862 
-0.626436 0.00407705 -0.00469091 0.000190511 0.0467276 
-0.62615 0.00408292 -0.00467775 0.000184002 0.0450663 
-0.625864 0.00408876 -0.00466508 0.000177464 0.0434028 
-0.625578 0.00409458 -0.00465291 0.000170895 0.0417369 
-0.625291 0.00410036 -0.00464116 0.000164294 0.0400683 
-0.625004 0.00410611 -0.00462999 0.000157666 0.0383979 
-0.624716 0.00411183 -0.00461912 0.000151006 0.0367247 
-0.624428 0.00411752 -0.00460874 0.000144317 0.0350495 
-0.62414 0.00412318 -0.00459888 0.000137598 0.0333718 
-0.623851 0.00412881 -0.00458954 0.000130849 0.0316918 
-0.623562 0.00413441 -0.00458058 0.000124072 0.0300096 
-0.623272 0.00413998 -0.00457214 0.000117265 0.028325 
-0.622982 0.00414552 -0.00456421 0.00011043 0.0266383 
-0.622692 0.00415103 -0.00455668 0.000103565 0.0249492 
-0.622401 0.00415651 -0.00454966 9.66722e-05 0.023258 
-0.62211 0.00416196 -0.00454315 8.97516e-05 0.0215648 
-0.621818 0.00416737 -0.00453718 8.28018e-05 0.0198691 
-0.621526 0.00417276 -0.00453162 7.5823e-05 0.0181709 
-0.621234 0.00417812 -0.00452655 6.88181e-05 0.0164711 
-0.620942 0.00418344 -0.00452191 6.17844e-05 0.0147688 
-0.620649 0.00418873 -0.0045179 5.47235e-05 0.0130645 
-0.620355 0.004194 -0.00451431 4.7634e-05 0.0113577 
-0.620061 0.00419923 -0.00451123 4.05189e-05 0.00964915 
-0.619767 0.00420443 -0.00450857 3.33756e-05 0.0079382 
-0.619473 0.00420959 -0.00450656 2.62054e-05 0.00622517 
-0.619178 0.00421473 -0.00450493 1.90102e-05 0.00451041 
-0.618883 0.00421984 -0.00450385 1.1787e-05 0.00279323 
-0.618587 0.00422491 -0.00450331 4.53738e-06 0.00107396 
-0.618291 0.00422995 -0.00450318 -2.73843e-06 -0.00064739 
-0.617995 0.00423496 -0.00450368 -1.00389e-05 -0.00237047 
-0.617698 0.00423994 -0.00450463 -1.73667e-05 -0.00409598 
-0.617401 0.00424489 -0.00450608 -2.47189e-05 -0.00582322 
-0.617104 0.00424981 -0.00450808 -3.20968e-05 -0.00755254 
-0.616806 0.00425469 -0.00451062 -3.95003e-05 -0.00928394 
-0.616508 0.00425954 -0.00451368 -4.69277e-05 -0.0110171 
-0.61621 0.00426436 -0.00451719 -5.43819e-05 -0.0127526 
-0.615911 0.00426915 -0.00452123 -6.18597e-05 -0.0144899 
-0.615612 0.00427391 -0.00452579 -6.93611e-05 -0.016229 
-0.615313 0.00427863 -0.0045309 -7.68873e-05 -0.0179701 
-0.615013 0.00428332 -0.00453656 -8.44382e-05 -0.0197133 
-0.614713 0.00428798 -0.00454275 -9.20123e-05 -0.0214582 
-0.614413 0.00429261 -0.00454948 -9.96093e-05 -0.0232048 
-0.614112 0.0042972 -0.00455676 -0.000107231 -0.0249536 
-0.613811 0.00430176 -0.00456449 -0.000114876 -0.0267044 
-0.61351 0.00430629 -0.00457284 -0.000122542 -0.0284566 
-0.613209 0.00431079 -0.00458164 -0.000130233 -0.0302109 
-0.612907 0.00431526 -0.0045911 -0.000137945 -0.0319669 
-0.612604 0.00431969 -0.004601 -0.000145681 -0.033725 
-0.612302 0.00432409 -0.00461142 -0.000153438 -0.0354845 
-0.611999 0.00432845 -0.00462241 -0.000161218 -0.037246 
-0.611696 0.00433279 -0.00463395 -0.000169019 -0.0390093 
-0.611392 0.00433709 -0.00464616 -0.000176842 -0.0407744 
-0.611089 0.00434135 -0.00465879 -0.000184686 -0.0425411 
-0.610785 0.00434559 -0.00467198 -0.000192552 -0.0443096 
-0.61048 0.00434979 -0.00468571 -0.000200438 -0.0460799 
-0.610176 0.00435396 -0.00470001 -0.000208345 -0.0478518 
-0.609871 0.0043581 -0.00471485 -0.000216273 -0.0496255 
-0.609566 0.0043622 -0.00473035 -0.00022422 -0.0514006 
-0.60926 0.00436627 -0.00474629 -0.000232187 -0.0531774 
-0.608954 0.0043703 -0.00476281 -0.000240176 -0.0549563 
-0.608648 0.00437431 -0.00477996 -0.000248182 -0.0567363 
-0.608342 0.00437828 -0.00479758 -0.000256209 -0.0585183 
-0.608035 0.00438221 -0.00481574 -0.000264255 -0.0603017 
-0.607728 0.00438611 -0.00483458 -0.00027232 -0.0620868 
-0.607421 0.00438998 -0.00485384 -0.000280403 -0.0638734 
-0.607114 0.00439382 -0.0048738 -0.000288505 -0.0656616 
-0.606806 0.00439762 -0.00489429 -0.000296625 -0.0674513 
-0.606498 0.00440139 -0.00491536 -0.000304764 -0.0692427 
-0.60619 0.00440512 -0.00493697 -0.00031292 -0.0710354 
-0.605881 0.00440882 -0.00495916 -0.000321094 -0.0728299 
-0.605573 0.00441249 -0.0049819 -0.000329286 -0.0746258 
-0.605264 0.00441612 -0.0050053 -0.000337494 -0.0764231 
-0.604954 0.00441972 -0.00502914 -0.000345718 -0.0782217 
-0.604645 0.00442329 -0.00505367 -0.000353961 -0.0800221 
-0.604335 0.00442682 -0.00507876 -0.00036222 -0.0818239 
-0.604025 0.00443032 -0.00510441 -0.000370495 -0.0836271 
-0.603715 0.00443378 -0.00513061 -0.000378785 -0.0854316 
-0.603404 0.00443721 -0.00515737 -0.000387091 -0.0872376 
-0.603094 0.00444061 -0.00518481 -0.000395413 -0.0890449 
-0.602783 0.00444397 -0.00521281 -0.00040375 -0.0908536 
-0.602472 0.00444729 -0.00524125 -0.000412103 -0.0926637 
-0.60216 0.00445059 -0.00527049 -0.00042047 -0.0944752 
-0.601849 0.00445384 -0.00530014 -0.000428851 -0.0962877 
-0.601537 0.00445707 -0.00533051 -0.000437247 -0.098102 
-0.601225 0.00446026 -0.00536142 -0.000445657 -0.0999173 
-0.600912 0.00446341 -0.00539289 -0.000454081 -0.101734 
-0.6006 0.00446653 -0.00542493 -0.000462519 -0.103552 
-0.600287 0.00446962 -0.00545764 -0.000470969 -0.105371 
-0.599974 0.00447267 -0.00549091 -0.000479433 -0.107192 
-0.599661 0.00447569 -0.00552473 -0.000487909 -0.109013 
-0.599347 0.00447867 -0.00555923 -0.000496399 -0.110836 
-0.599034 0.00448162 -0.0055942 -0.000504901 -0.11266 
-0.59872 0.00448453 -0.00562983 -0.000513416 -0.114486 
-0.598406 0.00448741 -0.00566612 -0.000521941 -0.116312 
-0.598092 0.00449026 -0.005703 -0.000530479 -0.11814 
-0.597777 0.00449307 -0.00574042 -0.000539028 -0.119969 
-0.597463 0.00449584 -0.00577839 -0.000547587 -0.121799 
-0.597148 0.00449858 -0.00581706 -0.000556159 -0.12363 
-0.596833 0.00450128 -0.00585626 -0.00056474 -0.125462 
-0.596518 0.00450395 -0.00589615 -0.000573332 -0.127295 
-0.596202 0.00450659 -0.0059366 -0.000581934 -0.12913 
-0.595887 0.00450919 -0.00597761 -0.000590546 -0.130965 
-0.595571 0.00451175 -0.00601917 -0.000599168 -0.132801 
-0.595255 0.00451428 -0.00606144 -0.0006078 -0.134639 
-0.594939 0.00451678 -0.00610432 -0.000616439 -0.136477 
-0.594623 0.00451924 -0.00614779 -0.000625088 -0.138317 
-0.594306 0.00452166 -0.00619183 -0.000633746 -0.140158 
-0.59399 0.00452405 -0.00623654 -0.000642413 -0.141999 
-0.593673 0.00452641 -0.00628178 -0.000651086 -0.143842 
-0.593356 0.00452873 -0.00632761 -0.00065977 -0.145685 
-0.593039 0.00453101 -0.00637407 -0.000668458 -0.147529 
-0.592722 0.00453326 -0.00642124 -0.000677156 -0.149375 
-0.592404 0.00453548 -0.00646894 -0.000685859 -0.151221 
-0.592087 0.00453765 -0.00651721 -0.000694571 -0.153068 
-0.591769 0.0045398 -0.00656613 -0.000703288 -0.154916 
-0.591451 0.0045419 -0.00661574 -0.000712012 -0.156765 
-0.591133 0.00454398 -0.00666588 -0.000720742 -0.158615 
-0.590815 0.00454601 -0.0067166 -0.000729478 -0.160465 
-0.590497 0.00454802 -0.00676797 -0.000738219 -0.162317 
-0.590178 0.00454998 -0.00682 -0.000746965 -0.164169 
-0.58986 0.00455191 -0.00687259 -0.000755717 -0.166022 
-0.589541 0.00455381 -0.00692573 -0.000764474 -0.167876 
-0.589222 0.00455567 -0.00697953 -0.000773234 -0.16973 
-0.588903 0.00455749 -0.00703399 -0.000781999 -0.171585 
-0.588584 0.00455928 -0.00708911 -0.000790767 -0.173441 
-0.588265 0.00456103 -0.00714474 -0.00079954 -0.175298 
-0.587946 0.00456275 -0.007201 -0.000808316 -0.177155 
-0.587626 0.00456443 -0.0072579 -0.000817096 -0.179014 
-0.587307 0.00456608 -0.00731537 -0.000825877 -0.180872 
-0.586987 0.00456769 -0.00737354 -0.000834663 -0.182732 
-0.586667 0.00456926 -0.00743221 -0.00084345 -0.184592 
-0.586347 0.0045708 -0.00749162 -0.000852239 -0.186453 
-0.586027 0.00457231 -0.00755156 -0.00086103 -0.188314 
-0.585707 0.00457377 -0.00761214 -0.000869822 -0.190176 
-0.585387 0.00457521 -0.00767331 -0.000878617 -0.192039 
-0.585067 0.0045766 -0.00773516 -0.000887412 -0.193902 
-0.584746 0.00457796 -0.00779759 -0.000896206 -0.195765 
-0.584426 0.00457929 -0.00786063 -0.000905002 -0.19763 
-0.584105 0.00458058 -0.00792427 -0.000913799 -0.199494 
-0.583784 0.00458183 -0.00798855 -0.000922596 -0.20136 
-0.583464 0.00458305 -0.00805344 -0.000931392 -0.203226 
-0.583143 0.00458423 -0.00811891 -0.000940188 -0.205092 
-0.582822 0.00458537 -0.00818507 -0.000948982 -0.206958 
-0.582501 0.00458648 -0.00825178 -0.000957776 -0.208826 
-0.58218 0.00458756 -0.00831913 -0.000966568 -0.210693 
-0.581859 0.0045886 -0.00838712 -0.000975358 -0.212561 
-0.581537 0.0045896 -0.00845572 -0.000984148 -0.21443 
-0.581216 0.00459056 -0.00852486 -0.000992933 -0.216299 
-0.580895 0.00459149 -0.00859473 -0.00100172 -0.218168 
-0.580573 0.00459239 -0.00866512 -0.0010105 -0.220038 
-0.580252 0.00459325 -0.00873618 -0.00101928 -0.221908 
-0.57993 0.00459407 -0.00880785 -0.00102805 -0.223778 
-0.579609 0.00459485 -0.0088801 -0.00103682 -0.225649 
-0.579287 0.0045956 -0.00895299 -0.00104559 -0.22752 
-0.578965 0.00459632 -0.00902648 -0.00105435 -0.229391 
-0.578643 0.004597 -0.00910061 -0.00106311 -0.231263 
-0.578322 0.00459764 -0.00917532 -0.00107187 -0.233134 
-0.578 0.00459824 -0.00925067 -0.00108062 -0.235007 
-0.577678 0.00459881 -0.0093266 -0.00108936 -0.236879 
-0.577356 0.00459935 -0.00940314 -0.0010981 -0.238752 
-0.577034 0.00459985 -0.00948031 -0.00110684 -0.240624 
-0.576712 0.00460031 -0.00955809 -0.00111556 -0.242497 
-0.57639 0.00460073 -0.00963651 -0.00112428 -0.24437 
-0.576068 0.00460112 -0.00971554 -0.001133 -0.246244 
-0.575746 0.00460148 -0.00979514 -0.00114171 -0.248117 
-0.575424 0.0046018 -0.00987535 -0.00115041 -0.249991 
-0.575101 0.00460208 -0.00995621 -0.0011591 -0.251865 
-0.574779 0.00460232 -0.0100377 -0.00116779 -0.253739 
-0.574457 0.00460253 -0.0101197 -0.00117646 -0.255612 
-0.574135 0.00460271 -0.0102023 -0.00118513 -0.257486 
-0.573813 0.00460284 -0.0102856 -0.00119379 -0.25936 
-0.573491 0.00460294 -0.0103694 -0.00120245 -0.261234 
-0.573168 0.00460301 -0.010454 -0.00121109 -0.263109 
-0.572846 0.00460304 -0.010539 -0.00121973 -0.264983 
-0.572524 0.00460303 -0.0106247 -0.00122835 -0.266857 
-0.572202 0.00460299 -0.010711 -0.00123697 -0.268731 
-0.57188 0.00460291 -0.0107979 -0.00124557 -0.270605 
-0.571557 0.00460279 -0.0108854 -0.00125417 -0.27248 
-0.571235 0.00460264 -0.0109735 -0.00126275 -0.274353 
-0.570913 0.00460246 -0.0110622 -0.00127132 -0.276227 
-0.570591 0.00460223 -0.0111514 -0.00127989 -0.278101 
-0.570269 0.00460197 -0.0112413 -0.00128844 -0.279975 
-0.569947 0.00460168 -0.0113318 -0.00129698 -0.281849 
-0.569624 0.00460134 -0.0114229 -0.0013055 -0.283722 
-0.569302 0.00460098 -0.0115146 -0.00131402 -0.285596 
-0.56898 0.00460057 -0.0116068 -0.00132252 -0.287469 
-0.568658 0.00460013 -0.0116998 -0.00133101 -0.289342 
-0.568336 0.00459966 -0.0117932 -0.00133949 -0.291215 
-0.568014 0.00459915 -0.0118872 -0.00134795 -0.293088 
-0.567692 0.0045986 -0.0119819 -0.0013564 -0.29496 
-0.567371 0.00459801 -0.0120772 -0.00136484 -0.296833 
-0.567049 0.00459739 -0.012173 -0.00137326 -0.298704 
-0.566727 0.00459674 -0.0122694 -0.00138167 -0.300576 
-0.566405 0.00459604 -0.0123664 -0.00139006 -0.302448 
-0.566083 0.00459532 -0.012464 -0.00139844 -0.304319 
-0.565762 0.00459455 -0.0125622 -0.0014068 -0.30619 
-0.56544 0.00459375 -0.012661 -0.00141515 -0.30806 
-0.565119 0.00459292 -0.0127603 -0.00142348 -0.30993 
-0.564797 0.00459204 -0.0128603 -0.0014318 -0.3118 
-0.564476 0.00459114 -0.0129608 -0.0014401 -0.31367 
-0.564155 0.00459019 -0.0130619 -0.00144838 -0.315539 
-0.563833 0.00458921 -0.0131636 -0.00145665 -0.317408 
-0.563512 0.0045882 -0.0132658 -0.0014649 -0.319276 
-0.563191 0.00458714 -0.0133686 -0.00147313 -0.321144 
-0.56287 0.00458606 -0.013472 -0.00148135 -0.323012 
-0.562549 0.00458493 -0.013576 -0.00148955 -0.324879 
-0.562228 0.00458377 -0.0136806 -0.00149773 -0.326745 
-0.561907 0.00458258 -0.0137857 -0.00150589 -0.328611 
-0.561586 0.00458135 -0.0138914 -0.00151403 -0.330477 
-0.561266 0.00458008 -0.0139977 -0.00152215 -0.332342 
-0.560945 0.00457878 -0.0141045 -0.00153026 -0.334206 
-0.560625 0.00457744 -0.0142119 -0.00153834 -0.336071 
-0.560304 0.00457606 -0.0143199 -0.00154641 -0.337934 
-0.559984 0.00457465 -0.0144284 -0.00155445 -0.339797 
-0.559664 0.00457321 -0.0145375 -0.00156248 -0.341659 
-0.559344 0.00457173 -0.0146472 -0.00157048 -0.343521 
-0.559024 0.00457021 -0.0147574 -0.00157847 -0.345382 
-0.558704 0.00456866 -0.0148681 -0.00158643 -0.347243 
-0.558384 0.00456707 -0.0149795 -0.00159437 -0.349102 
-0.558065 0.00456544 -0.0150913 -0.00160229 -0.350962 
-0.557745 0.00456378 -0.0152038 -0.00161019 -0.35282 
-0.557426 0.00456209 -0.0153168 -0.00161807 -0.354678 
-0.557106 0.00456036 -0.0154303 -0.00162593 -0.356535 
-0.556787 0.00455859 -0.0155444 -0.00163376 -0.358392 
-0.556468 0.00455679 -0.015659 -0.00164157 -0.360247 
-0.556149 0.00455495 -0.0157742 -0.00164936 -0.362102 
-0.55583 0.00455307 -0.0158899 -0.00165712 -0.363956 
-0.555512 0.00455117 -0.0160062 -0.00166486 -0.36581 
-0.555193 0.00454922 -0.016123 -0.00167258 -0.367663 
-0.554875 0.00454724 -0.0162404 -0.00168027 -0.369514 
-0.554557 0.00454523 -0.0163582 -0.00168794 -0.371365 
-0.554239 0.00454318 -0.0164767 -0.00169558 -0.373216 
-0.553921 0.00454109 -0.0165956 -0.0017032 -0.375065 
-0.553603 0.00453897 -0.0167151 -0.0017108 -0.376913 
-0.553285 0.00453681 -0.0168351 -0.00171837 -0.378761 
-0.552968 0.00453462 -0.0169557 -0.00172591 -0.380608 
-0.55265 0.00453239 -0.0170768 -0.00173343 -0.382454 
-0.552333 0.00453013 -0.0171984 -0.00174092 -0.384299 
-0.552016 0.00452783 -0.0173205 -0.00174839 -0.386143 
-0.551699 0.0045255 -0.0174431 -0.00175583 -0.387986 
-0.551383 0.00452313 -0.0175663 -0.00176324 -0.389828 
-0.551066 0.00452073 -0.01769 -0.00177063 -0.391669 
-0.55075 0.00451829 -0.0178142 -0.00177799 -0.393509 
-0.550434 0.00451581 -0.0179389 -0.00178532 -0.395348 
-0.550117 0.00451331 -0.0180641 -0.00179262 -0.397187 
-0.549802 0.00451076 -0.0181899 -0.0017999 -0.399024 
-0.549486 0.00450818 -0.0183161 -0.00180715 -0.40086 
-0.54917 0.00450557 -0.0184429 -0.00181437 -0.402695 
-0.548855 0.00450292 -0.0185701 -0.00182156 -0.404529 
-0.54854 0.00450024 -0.0186979 -0.00182872 -0.406362 
-0.548225 0.00449752 -0.0188262 -0.00183586 -0.408193 
-0.54791 0.00449476 -0.0189549 -0.00184296 -0.410024 
-0.547596 0.00449198 -0.0190841 -0.00185004 -0.411854 
-0.547282 0.00448915 -0.0192139 -0.00185708 -0.413682 
-0.546967 0.0044863 -0.0193441 -0.0018641 -0.415509 
-0.546654 0.0044834 -0.0194749 -0.00187108 -0.417335 
-0.54634 0.00448048 -0.0196061 -0.00187804 -0.41916 
-0.546026 0.00447752 -0.0197378 -0.00188496 -0.420984 
-0.545713 0.00447452 -0.01987 -0.00189185 -0.422806 
-0.5454 0.00447149 -0.0200027 -0.00189872 -0.424628 
-0.545087 0.00446842 -0.0201358 -0.00190555 -0.426447 
-0.544774 0.00446532 -0.0202694 -0.00191235 -0.428266 
-0.544462 0.00446219 -0.0204035 -0.00191911 -0.430084 
-0.54415 0.00445902 -0.0205381 -0.00192585 -0.4319 
-0.543837 0.00445582 -0.0206732 -0.00193255 -0.433715 
-0.543526 0.00445258 -0.0208087 -0.00193923 -0.435528 
-0.543214 0.00444931 -0.0209446 -0.00194586 -0.437341 
-0.542903 0.004446 -0.0210811 -0.00195247 -0.439151 
-0.542592 0.00444266 -0.021218 -0.00195904 -0.440961 
-0.542281 0.00443929 -0.0213553 -0.00196558 -0.442769 
-0.54197 0.00443588 -0.0214931 -0.00197209 -0.444576 
-0.54166 0.00443244 -0.0216314 -0.00197856 -0.446381 
-0.54135 0.00442896 -0.0217701 -0.001985 -0.448185 
-0.54104 0.00442545 -0.0219094 -0.0019914 -0.449988 
-0.54073 0.00442191 -0.0220489 -0.00199777 -0.451789 
-0.540421 0.00441833 -0.022189 -0.0020041 -0.453589 
-0.540112 0.00441471 -0.0223295 -0.0020104 -0.455387 
-0.539803 0.00441107 -0.0224705 -0.00201667 -0.457184 
-0.539494 0.00440739 -0.0226119 -0.0020229 -0.458979 
-0.539186 0.00440367 -0.0227537 -0.00202909 -0.460773 
-0.538877 0.00439993 -0.0228959 -0.00203525 -0.462565 
-0.53857 0.00439615 -0.0230386 -0.00204138 -0.464356 
-0.538262 0.00439233 -0.0231817 -0.00204746 -0.466145 
-0.537955 0.00438848 -0.0233252 -0.00205351 -0.467932 
-0.537648 0.0043846 -0.0234692 -0.00205953 -0.469719 
-0.537341 0.00438068 -0.0236136 -0.00206551 -0.471503 
-0.537034 0.00437674 -0.0237584 -0.00207145 -0.473286 
-0.536728 0.00437275 -0.0239036 -0.00207735 -0.475067 
-0.536422 0.00436874 -0.0240492 -0.00208322 -0.476847 
-0.536117 0.00436469 -0.0241952 -0.00208905 -0.478624 
-0.535811 0.00436061 -0.0243417 -0.00209484 -0.480401 
-0.535506 0.00435649 -0.0244885 -0.00210059 -0.482176 
-0.535201 0.00435234 -0.0246357 -0.00210631 -0.483948 
-0.534897 0.00434816 -0.0247834 -0.00211199 -0.48572 
-0.534593 0.00434395 -0.0249315 -0.00211763 -0.487489 
-0.534289 0.0043397 -0.0250799 -0.00212323 -0.489257 
-0.533985 0.00433542 -0.0252287 -0.00212879 -0.491023 
-0.533682 0.0043311 -0.0253779 -0.00213431 -0.492787 
-0.533379 0.00432676 -0.0255275 -0.0021398 -0.49455 
-0.533076 0.00432238 -0.0256774 -0.00214524 -0.496311 
-0.532773 0.00431797 -0.0258278 -0.00215065 -0.49807 
-0.532471 0.00431352 -0.0259785 -0.00215602 -0.499827 
-0.53217 0.00430905 -0.0261297 -0.00216134 -0.501582 
-0.531868 0.00430454 -0.0262811 -0.00216663 -0.503336 
-0.531567 0.00429999 -0.026433 -0.00217187 -0.505088 
-0.531266 0.00429542 -0.0265852 -0.00217708 -0.506838 
-0.530966 0.00429081 -0.0267378 -0.00218225 -0.508586 
-0.530665 0.00428617 -0.0268907 -0.00218737 -0.510332 
-0.530366 0.0042815 -0.027044 -0.00219245 -0.512076 
-0.530066 0.0042768 -0.0271977 -0.0021975 -0.513818 
-0.529767 0.00427206 -0.0273516 -0.0022025 -0.515559 
-0.529468 0.00426729 -0.027506 -0.00220746 -0.517297 
-0.529169 0.00426249 -0.0276607 -0.00221238 -0.519033 
-0.528871 0.00425766 -0.0278157 -0.00221725 -0.520768 
-0.528573 0.00425279 -0.0279711 -0.00222209 -0.522501 
-0.528276 0.0042479 -0.0281268 -0.00222688 -0.524231 
-0.527979 0.00424297 -0.0282828 -0.00223163 -0.52596 
-0.527682 0.00423801 -0.0284393 -0.00223634 -0.527686 
-0.527385 0.00423302 -0.0285959 -0.00224101 -0.529411 
-0.527089 0.004228 -0.028753 -0.00224563 -0.531133 
-0.526793 0.00422294 -0.0289103 -0.00225021 -0.532854 
-0.526498 0.00421785 -0.029068 -0.00225475 -0.534572 
-0.526203 0.00421274 -0.029226 -0.00225924 -0.536288 
-0.525908 0.00420759 -0.0293843 -0.00226369 -0.538002 
-0.525614 0.00420241 -0.0295429 -0.0022681 -0.539715 
-0.52532 0.0041972 -0.0297018 -0.00227247 -0.541425 
-0.525026 0.00419195 -0.0298611 -0.00227679 -0.543133 
-0.524733 0.00418668 -0.0300206 -0.00228106 -0.544838 
-0.52444 0.00418137 -0.0301804 -0.0022853 -0.546542 
-0.524148 0.00417604 -0.0303405 -0.00228948 -0.548243 
-0.523855 0.00417067 -0.030501 -0.00229363 -0.549943 
-0.523564 0.00416527 -0.0306616 -0.00229773 -0.551639 
-0.523272 0.00415984 -0.0308226 -0.00230178 -0.553334 
-0.522981 0.00415438 -0.0309839 -0.00230579 -0.555027 
-0.522691 0.00414889 -0.0311455 -0.00230976 -0.556718 
-0.5224 0.00414337 -0.0313072 -0.00231368 -0.558406 
-0.522111 0.00413782 -0.0314694 -0.00231756 -0.560092 
-0.521821 0.00413224 -0.0316317 -0.00232139 -0.561775 
-0.521532 0.00412663 -0.0317943 -0.00232517 -0.563456 
-0.521243 0.00412098 -0.0319572 -0.00232891 -0.565135 
-0.520955 0.00411531 -0.0321204 -0.00233261 -0.566812 
-0.520667 0.00410961 -0.0322837 -0.00233626 -0.568486 
-0.52038 0.00410388 -0.0324474 -0.00233986 -0.570159 
-0.520093 0.00409811 -0.0326113 -0.00234342 -0.571829 
-0.519806 0.00409232 -0.0327755 -0.00234693 -0.573496 
-0.51952 0.0040865 -0.0329399 -0.00235039 -0.575161 
-0.519234 0.00408064 -0.0331045 -0.00235381 -0.576823 
-0.518949 0.00407476 -0.0332694 -0.00235718 -0.578484 
-0.518664 0.00406885 -0.0334346 -0.00236051 -0.580142 
-0.518379 0.00406291 -0.0335999 -0.00236379 -0.581797 
-0.518095 0.00405693 -0.0337655 -0.00236702 -0.58345 
-0.517811 0.00405093 -0.0339313 -0.0023702 -0.585101 
-0.517528 0.0040449 -0.0340973 -0.00237334 -0.586749 
-0.517245 0.00403884 -0.0342636 -0.00237643 -0.588395 
-0.516962 0.00403275 -0.03443 -0.00237948 -0.590038 
-0.51668 0.00402664 -0.0345967 -0.00238247 -0.591679 
-0.516398 0.00402049 -0.0347635 -0.00238542 -0.593317 
-0.516117 0.00401431 -0.0349306 -0.00238833 -0.594953 
-0.515836 0.00400811 -0.035098 -0.00239118 -0.596586 
-0.515556 0.00400187 -0.0352654 -0.00239399 -0.598216 
-0.515276 0.00399561 -0.0354331 -0.00239675 -0.599845 
-0.514997 0.00398932 -0.0356009 -0.00239946 -0.60147 
-0.514718 0.003983 -0.035769 -0.00240212 -0.603093 
-0.514439 0.00397665 -0.0359373 -0.00240474 -0.604714 
-0.514161 0.00397027 -0.0361057 -0.0024073 -0.606331 
-0.513883 0.00396387 -0.0362743 -0.00240982 -0.607947 
-0.513606 0.00395743 -0.036443 -0.00241229 -0.609559 
-0.513329 0.00395097 -0.036612 -0.00241471 -0.611169 
-0.513053 0.00394448 -0.0367811 -0.00241709 -0.612777 
-0.512777 0.00393796 -0.0369504 -0.00241941 -0.614381 
-0.512502 0.00393142 -0.0371198 -0.00242169 -0.615984 
-0.512227 0.00392484 -0.0372894 -0.00242392 -0.617583 
-0.511952 0.00391824 -0.0374591 -0.0024261 -0.619179 
-0.511678 0.00391161 -0.0376291 -0.00242823 -0.620773 
-0.511404 0.00390496 -0.0377991 -0.00243031 -0.622365 
-0.511131 0.00389827 -0.0379693 -0.00243234 -0.623953 
-0.510859 0.00389156 -0.0381397 -0.00243432 -0.625539 
-0.510587 0.00388482 -0.0383101 -0.00243626 -0.627123 
-0.510315 0.00387805 -0.0384807 -0.00243814 -0.628703 
-0.510044 0.00387126 -0.0386515 -0.00243998 -0.630281 
-0.509773 0.00386444 -0.0388223 -0.00244177 -0.631855 
-0.509503 0.00385759 -0.0389933 -0.0024435 -0.633427 
-0.509233 0.00385072 -0.0391644 -0.00244519 -0.634997 
-0.508963 0.00384381 -0.0393356 -0.00244683 -0.636563 
-0.508695 0.00383689 -0.0395069 -0.00244842 -0.638127 
-0.508426 0.00382993 -0.0396784 -0.00244996 -0.639687 
-0.508158 0.00382295 -0.0398499 -0.00245145 -0.641246 
-0.507891 0.00381594 -0.0400216 -0.00245289 -0.642801 
-0.507624 0.00380891 -0.0401934 -0.00245428 -0.644353 
-0.507358 0.00380184 -0.0403652 -0.00245562 -0.645902 
-0.507092 0.00379476 -0.0405371 -0.00245691 -0.647449 
-0.506827 0.00378764 -0.0407092 -0.00245815 -0.648992 
-0.506562 0.0037805 -0.0408813 -0.00245934 -0.650533 
-0.506297 0.00377334 -0.0410535 -0.00246048 -0.652071 
-0.506033 0.00376615 -0.0412257 -0.00246158 -0.653606 
-0.50577 0.00375893 -0.0413981 -0.00246262 -0.655138 
-0.505507 0.00375169 -0.0415705 -0.00246361 -0.656667 
-0.505245 0.00374442 -0.041743 -0.00246455 -0.658193 
-0.504983 0.00373713 -0.0419155 -0.00246544 -0.659716 
-0.504722 0.00372981 -0.0420881 -0.00246628 -0.661236 
-0.504461 0.00372246 -0.0422608 -0.00246708 -0.662753 
-0.5042 0.00371509 -0.0424335 -0.00246782 -0.664268 
-0.503941 0.0037077 -0.0426063 -0.00246851 -0.665778 
-0.503681 0.00370028 -0.0427791 -0.00246915 -0.667287 
-0.503423 0.00369284 -0.0429519 -0.00246974 -0.668792 
-0.503164 0.00368537 -0.0431249 -0.00247028 -0.670294 
-0.502907 0.00367787 -0.0432978 -0.00247077 -0.671793 
-0.50265 0.00367035 -0.0434708 -0.00247121 -0.673289 
-0.502393 0.00366281 -0.0436438 -0.0024716 -0.674782 
-0.502137 0.00365524 -0.0438168 -0.00247194 -0.676271 
-0.501881 0.00364765 -0.0439899 -0.00247223 -0.677758 
-0.501626 0.00364004 -0.0441629 -0.00247246 -0.679242 
-0.501372 0.0036324 -0.0443359 -0.00247265 -0.680722 
-0.501118 0.00362473 -0.0445091 -0.00247279 -0.6822 
-0.500864 0.00361705 -0.0446821 -0.00247288 -0.683674 
-0.500611 0.00360933 -0.0448553 -0.00247292 -0.685145 
-0.500359 0.0036016 -0.0450284 -0.0024729 -0.686613 
-0.500107 0.00359384 -0.0452015 -0.00247284 -0.688078 
-0.499856 0.00358606 -0.0453746 -0.00247273 -0.68954 
-0.499605 0.00357825 -0.0455477 -0.00247257 -0.690998 
-0.499355 0.00357042 -0.0457208 -0.00247235 -0.692454 
-0.499105 0.00356257 -0.0458938 -0.00247209 -0.693906 
-0.498856 0.00355469 -0.0460669 -0.00247177 -0.695355 
-0.498607 0.0035468 -0.0462398 -0.00247141 -0.6968 
-0.498359 0.00353888 -0.0464128 -0.00247099 -0.698243 
-0.498112 0.00353093 -0.0465857 -0.00247053 -0.699682 
-0.497865 0.00352296 -0.0467587 -0.00247001 -0.701118 
-0.497619 0.00351498 -0.0469316 -0.00246945 -0.702551 
-0.497373 0.00350696 -0.0471044 -0.00246883 -0.70398 
-0.497128 0.00349893 -0.0472772 -0.00246817 -0.705407 
-0.496883 0.00349087 -0.04745 -0.00246745 -0.70683 
-0.496639 0.0034828 -0.0476227 -0.00246669 -0.708249 
-0.496396 0.0034747 -0.0477953 -0.00246587 -0.709666 
-0.496153 0.00346657 -0.0479679 -0.00246501 -0.711079 
-0.49591 0.00345843 -0.0481404 -0.00246409 -0.712489 
-0.495668 0.00345026 -0.0483128 -0.00246313 -0.713895 
-0.495427 0.00344208 -0.0484852 -0.00246211 -0.715298 
-0.495187 0.00343387 -0.0486575 -0.00246105 -0.716698 
-0.494946 0.00342564 -0.0488298 -0.00245993 -0.718095 
-0.494707 0.00341739 -0.0490019 -0.00245877 -0.719488 
-0.494468 0.00340912 -0.049174 -0.00245755 -0.720877 
-0.49423 0.00340082 -0.049346 -0.00245629 -0.722264 
-0.493992 0.00339251 -0.0495179 -0.00245498 -0.723647 
-0.493755 0.00338417 -0.0496897 -0.00245362 -0.725026 
-0.493518 0.00337582 -0.0498614 -0.0024522 -0.726403 
-0.493282 0.00336744 -0.050033 -0.00245074 -0.727775 
-0.493047 0.00335905 -0.0502045 -0.00244923 -0.729145 
-0.492812 0.00335063 -0.0503758 -0.00244767 -0.730511 
-0.492578 0.00334219 -0.0505471 -0.00244606 -0.731873 
-0.492344 0.00333374 -0.0507183 -0.0024444 -0.733232 
-0.492111 0.00332526 -0.0508894 -0.0024427 -0.734588 
-0.491878 0.00331676 -0.0510603 -0.00244094 -0.73594 
-0.491646 0.00330825 -0.0512311 -0.00243913 -0.737289 
-0.491415 0.00329971 -0.0514017 -0.00243728 -0.738634 
-0.491185 0.00329115 -0.0515723 -0.00243537 -0.739976 
-0.490954 0.00328258 -0.0517427 -0.00243342 -0.741314 
-0.490725 0.00327398 -0.051913 -0.00243142 -0.742649 
-0.490496 0.00326537 -0.0520831 -0.00242937 -0.74398 
-0.490268 0.00325674 -0.0522531 -0.00242727 -0.745308 
-0.49004 0.00324809 -0.0524229 -0.00242513 -0.746632 
-0.489813 0.00323942 -0.0525926 -0.00242293 -0.747953 
-0.489587 0.00323073 -0.0527621 -0.00242069 -0.74927 
-0.489361 0.00322202 -0.0529315 -0.0024184 -0.750584 
-0.489136 0.0032133 -0.0531007 -0.00241606 -0.751894 
-0.488911 0.00320455 -0.0532697 -0.00241367 -0.753201 
-0.488687 0.00319579 -0.0534386 -0.00241123 -0.754503 
-0.488464 0.00318701 -0.0536073 -0.00240875 -0.755803 
-0.488241 0.00317821 -0.0537758 -0.00240622 -0.757099 
-0.488019 0.0031694 -0.0539442 -0.00240364 -0.758391 
-0.487797 0.00316056 -0.0541123 -0.00240102 -0.75968 
-0.487576 0.00315171 -0.0542803 -0.00239834 -0.760965 
-0.487356 0.00314284 -0.0544481 -0.00239562 -0.762246 
-0.487136 0.00313396 -0.0546157 -0.00239285 -0.763524 
-0.486917 0.00312506 -0.0547831 -0.00239004 -0.764798 
-0.486699 0.00311614 -0.0549503 -0.00238717 -0.766069 
-0.486481 0.0031072 -0.0551173 -0.00238426 -0.767336 
-0.486264 0.00309825 -0.0552841 -0.00238131 -0.768599 
-0.486047 0.00308928 -0.0554507 -0.00237831 -0.769859 
-0.485831 0.00308029 -0.0556171 -0.00237526 -0.771115 
-0.485616 0.00307129 -0.0557832 -0.00237216 -0.772367 
-0.485401 0.00306227 -0.0559492 -0.00236902 -0.773616 
-0.485187 0.00305323 -0.0561149 -0.00236583 -0.774861 
-0.484974 0.00304418 -0.0562804 -0.00236259 -0.776102 
-0.484761 0.00303511 -0.0564456 -0.00235931 -0.77734 
-0.484549 0.00302603 -0.0566107 -0.00235599 -0.778574 
-0.484337 0.00301693 -0.0567755 -0.00235261 -0.779804 
-0.484126 0.00300782 -0.05694 -0.0023492 -0.78103 
-0.483916 0.00299869 -0.0571044 -0.00234573 -0.782253 
-0.483707 0.00298954 -0.0572685 -0.00234222 -0.783472 
-0.483498 0.00298038 -0.0574323 -0.00233867 -0.784688 
-0.483289 0.00297121 -0.0575958 -0.00233507 -0.785899 
-0.483082 0.00296202 -0.0577592 -0.00233143 -0.787107 
-0.482875 0.00295281 -0.0579223 -0.00232774 -0.788311 
-0.482668 0.0029436 -0.058085 -0.002324 -0.789512 
-0.482463 0.00293436 -0.0582476 -0.00232022 -0.790708 
-0.482257 0.00292511 -0.0584099 -0.0023164 -0.791901 
-0.482053 0.00291585 -0.0585719 -0.00231253 -0.79309 
-0.481849 0.00290658 -0.0587336 -0.00230862 -0.794275 
-0.481646 0.00289729 -0.0588951 -0.00230467 -0.795457 
-0.481444 0.00288799 -0.0590563 -0.00230067 -0.796635 
-0.481242 0.00287867 -0.0592172 -0.00229663 -0.797809 
-0.481041 0.00286934 -0.0593779 -0.00229254 -0.798979 
-0.48084 0.00286 -0.0595382 -0.00228841 -0.800145 
-0.48064 0.00285064 -0.0596982 -0.00228424 -0.801308 
-0.480441 0.00284127 -0.059858 -0.00228002 -0.802467 
-0.480242 0.00283189 -0.0600174 -0.00227577 -0.803622 
-0.480045 0.00282249 -0.0601765 -0.00227146 -0.804773 
-0.479847 0.00281308 -0.0603354 -0.00226712 -0.80592 
-0.479651 0.00280366 -0.0604939 -0.00226273 -0.807063 
-0.479455 0.00279423 -0.0606521 -0.00225831 -0.808203 
-0.47926 0.00278479 -0.0608101 -0.00225384 -0.809339 
-0.479065 0.00277533 -0.0609677 -0.00224932 -0.810471 
-0.478871 0.00276586 -0.061125 -0.00224477 -0.811599 
-0.478678 0.00275638 -0.061282 -0.00224017 -0.812723 
-0.478485 0.00274689 -0.0614386 -0.00223554 -0.813843 
-0.478293 0.00273739 -0.0615949 -0.00223086 -0.81496 
-0.478102 0.00272787 -0.0617509 -0.00222614 -0.816073 
-0.477911 0.00271834 -0.0619066 -0.00222138 -0.817181 
-0.477721 0.00270881 -0.0620619 -0.00221658 -0.818286 
-0.477532 0.00269926 -0.0622169 -0.00221174 -0.819387 
-0.477343 0.0026897 -0.0623716 -0.00220686 -0.820484 
-0.477155 0.00268013 -0.0625259 -0.00220194 -0.821578 
-0.476968 0.00267055 -0.0626798 -0.00219698 -0.822667 
-0.476782 0.00266096 -0.0628334 -0.00219197 -0.823752 
-0.476596 0.00265136 -0.0629867 -0.00218693 -0.824834 
-0.47641 0.00264175 -0.0631396 -0.00218185 -0.825911 
-0.476226 0.00263213 -0.0632922 -0.00217673 -0.826985 
-0.476042 0.0026225 -0.0634444 -0.00217158 -0.828055 
-0.475859 0.00261286 -0.0635962 -0.00216638 -0.82912 
-0.475676 0.00260322 -0.0637477 -0.00216114 -0.830182 
-0.475494 0.00259356 -0.0638988 -0.00215587 -0.83124 
-0.475313 0.00258389 -0.0640495 -0.00215056 -0.832294 
-0.475132 0.00257422 -0.0641998 -0.00214521 -0.833344 
-0.474953 0.00256453 -0.0643498 -0.00213982 -0.83439 
-0.474773 0.00255484 -0.0644994 -0.0021344 -0.835433 
-0.474595 0.00254514 -0.0646486 -0.00212893 -0.836471 
-0.474417 0.00253543 -0.0647975 -0.00212343 -0.837505 
-0.47424 0.00252571 -0.0649459 -0.0021179 -0.838536 
-0.474064 0.00251598 -0.0650939 -0.00211232 -0.839562 
-0.473888 0.00250625 -0.0652416 -0.00210671 -0.840585 
-0.473713 0.00249651 -0.0653889 -0.00210107 -0.841603 
-0.473538 0.00248676 -0.0655357 -0.00209538 -0.842617 
-0.473365 0.002477 -0.0656823 -0.00208967 -0.843628 
-0.473191 0.00246724 -0.0658283 -0.00208391 -0.844634 
-0.473019 0.00245747 -0.065974 -0.00207812 -0.845637 
-0.472847 0.00244769 -0.0661193 -0.0020723 -0.846636 
-0.472676 0.0024379 -0.0662641 -0.00206644 -0.84763 
-0.472506 0.00242811 -0.0664086 -0.00206055 -0.848621 
-0.472337 0.00241831 -0.0665526 -0.00205462 -0.849607 
-0.472168 0.00240851 -0.0666962 -0.00204865 -0.85059 
-0.471999 0.0023987 -0.0668394 -0.00204266 -0.851569 
-0.471832 0.00238888 -0.0669822 -0.00203663 -0.852543 
-0.471665 0.00237906 -0.0671245 -0.00203056 -0.853514 
-0.471499 0.00236923 -0.0672664 -0.00202447 -0.854481 
-0.471333 0.0023594 -0.0674079 -0.00201833 -0.855443 
-0.471168 0.00234956 -0.067549 -0.00201217 -0.856402 
-0.471004 0.00233972 -0.0676896 -0.00200597 -0.857357 
-0.470841 0.00232987 -0.0678298 -0.00199974 -0.858307 
-0.470678 0.00232002 -0.0679696 -0.00199348 -0.859254 
-0.470516 0.00231016 -0.0681089 -0.00198719 -0.860197 
-0.470355 0.0023003 -0.0682478 -0.00198087 -0.861135 
-0.470194 0.00229043 -0.0683863 -0.00197451 -0.86207 
-0.470034 0.00228056 -0.0685242 -0.00196812 -0.863 
-0.469875 0.00227068 -0.0686618 -0.0019617 -0.863927 
-0.469716 0.0022608 -0.0687989 -0.00195525 -0.864849 
-0.469558 0.00225092 -0.0689355 -0.00194877 -0.865768 
-0.469401 0.00224103 -0.0690717 -0.00194226 -0.866682 
-0.469244 0.00223114 -0.0692075 -0.00193572 -0.867593 
-0.469089 0.00222125 -0.0693427 -0.00192915 -0.868499 
-0.468933 0.00221135 -0.0694775 -0.00192256 -0.869402 
-0.468779 0.00220146 -0.0696119 -0.00191593 -0.8703 
-0.468625 0.00219155 -0.0697457 -0.00190927 -0.871194 
-0.468472 0.00218165 -0.0698791 -0.00190258 -0.872085 
-0.46832 0.00217174 -0.0700121 -0.00189587 -0.872971 
-0.468168 0.00216183 -0.0701446 -0.00188913 -0.873853 
-0.468017 0.00215192 -0.0702766 -0.00188236 -0.874731 
-0.467867 0.00214201 -0.0704081 -0.00187556 -0.875606 
-0.467717 0.0021321 -0.0705391 -0.00186873 -0.876476 
-0.467568 0.00212218 -0.0706697 -0.00186188 -0.877342 
-0.46742 0.00211226 -0.0707998 -0.001855 -0.878204 
-0.467273 0.00210235 -0.0709294 -0.00184809 -0.879062 
-0.467126 0.00209243 -0.0710586 -0.00184116 -0.879916 
-0.46698 0.00208251 -0.0711872 -0.0018342 -0.880766 
-0.466834 0.00207259 -0.0713153 -0.00182722 -0.881612 
-0.46669 0.00206267 -0.071443 -0.00182021 -0.882453 
-0.466546 0.00205274 -0.0715702 -0.00181317 -0.883291 
-0.466402 0.00204282 -0.0716968 -0.00180611 -0.884125 
-0.46626 0.0020329 -0.071823 -0.00179903 -0.884955 
-0.466118 0.00202298 -0.0719487 -0.00179192 -0.88578 
-0.465976 0.00201306 -0.0720738 -0.00178478 -0.886602 
-0.465836 0.00200314 -0.0721986 -0.00177763 -0.88742 
-0.465696 0.00199322 -0.0723227 -0.00177044 -0.888233 
-0.465557 0.0019833 -0.0724464 -0.00176324 -0.889043 
-0.465418 0.00197338 -0.0725696 -0.00175601 -0.889848 
-0.46528 0.00196347 -0.0726922 -0.00174876 -0.89065 
-0.465143 0.00195355 -0.0728144 -0.00174149 -0.891447 
-0.465007 0.00194364 -0.072936 -0.00173419 -0.892241 
-0.464871 0.00193373 -0.0730572 -0.00172688 -0.89303 
-0.464736 0.00192382 -0.0731778 -0.00171954 -0.893815 
-0.464602 0.00191391 -0.0732979 -0.00171218 -0.894597 
-0.464468 0.00190401 -0.0734175 -0.0017048 -0.895374 
-0.464335 0.00189411 -0.0735366 -0.0016974 -0.896147 
-0.464203 0.00188421 -0.0736552 -0.00168997 -0.896916 
-0.464072 0.00187431 -0.0737732 -0.00168253 -0.897681 
-0.463941 0.00186442 -0.0738907 -0.00167507 -0.898442 
-0.463811 0.00185453 -0.0740077 -0.00166759 -0.8992 
-0.463681 0.00184464 -0.0741242 -0.00166009 -0.899953 
-0.463552 0.00183476 -0.0742401 -0.00165257 -0.900702 
-0.463424 0.00182488 -0.0743555 -0.00164503 -0.901447 
-0.463297 0.001815 -0.0744705 -0.00163747 -0.902188 
-0.46317 0.00180513 -0.0745848 -0.0016299 -0.902925 
-0.463044 0.00179526 -0.0746986 -0.0016223 -0.903658 
-0.462919 0.0017854 -0.0748119 -0.00161469 -0.904387 
-0.462794 0.00177554 -0.0749247 -0.00160707 -0.905112 
-0.46267 0.00176569 -0.0750369 -0.00159942 -0.905833 
-0.462547 0.00175584 -0.0751486 -0.00159176 -0.906549 
-0.462424 0.001746 -0.0752597 -0.00158408 -0.907262 
-0.462303 0.00173617 -0.0753703 -0.00157639 -0.907971 
-0.462181 0.00172634 -0.0754804 -0.00156868 -0.908676 
-0.462061 0.00171651 -0.07559 -0.00156096 -0.909377 
-0.461941 0.00170669 -0.075699 -0.00155322 -0.910074 
-0.461822 0.00169688 -0.0758074 -0.00154546 -0.910767 
-0.461703 0.00168707 -0.0759153 -0.00153769 -0.911456 
-0.461586 0.00167727 -0.0760227 -0.00152991 -0.912141 
-0.461469 0.00166748 -0.0761295 -0.00152211 -0.912821 
-0.461352 0.0016577 -0.0762358 -0.0015143 -0.913499 
-0.461237 0.00164792 -0.0763415 -0.00150648 -0.914172 
-0.461122 0.00163815 -0.0764467 -0.00149864 -0.91484 
-0.461007 0.00162838 -0.0765513 -0.00149079 -0.915505 
-0.460894 0.00161863 -0.0766554 -0.00148293 -0.916166 
-0.460781 0.00160888 -0.0767589 -0.00147506 -0.916824 
-0.460668 0.00159914 -0.0768619 -0.00146717 -0.917477 
-0.460557 0.00158941 -0.0769643 -0.00145928 -0.918126 
-0.460446 0.00157969 -0.0770662 -0.00145137 -0.918771 
-0.460336 0.00156997 -0.0771675 -0.00144345 -0.919412 
-0.460226 0.00156027 -0.0772683 -0.00143552 -0.920049 
-0.460117 0.00155057 -0.0773685 -0.00142758 -0.920683 
-0.460009 0.00154088 -0.0774682 -0.00141964 -0.921312 
-0.459901 0.00153121 -0.0775672 -0.00141168 -0.921938 
-0.459795 0.00152154 -0.0776658 -0.00140371 -0.922559 
-0.459688 0.00151188 -0.0777637 -0.00139574 -0.923176 
-0.459583 0.00150224 -0.0778612 -0.00138775 -0.92379 
-0.459478 0.0014926 -0.077958 -0.00137976 -0.9244 
-0.459374 0.00148297 -0.0780543 -0.00137176 -0.925006 
-0.45927 0.00147336 -0.0781501 -0.00136375 -0.925607 
-0.459168 0.00146375 -0.0782453 -0.00135574 -0.926205 
-0.459066 0.00145416 -0.0783399 -0.00134771 -0.926799 
-0.458964 0.00144458 -0.0784339 -0.00133969 -0.92739 
-0.458863 0.00143501 -0.0785275 -0.00133165 -0.927976 
-0.458763 0.00142545 -0.0786204 -0.00132361 -0.928558 
-0.458664 0.0014159 -0.0787127 -0.00131557 -0.929137 
-0.458565 0.00140637 -0.0788046 -0.00130751 -0.929711 
-0.458467 0.00139684 -0.0788958 -0.00129946 -0.930282 
-0.458369 0.00138733 -0.0789865 -0.0012914 -0.930848 
-0.458273 0.00137784 -0.0790766 -0.00128333 -0.931412 
-0.458176 0.00136835 -0.0791662 -0.00127526 -0.931971 
-0.458081 0.00135888 -0.0792552 -0.00126719 -0.932526 
-0.457986 0.00134942 -0.0793435 -0.00125912 -0.933077 
-0.457892 0.00133998 -0.0794314 -0.00125104 -0.933625 
-0.457799 0.00133055 -0.0795187 -0.00124296 -0.934168 
-0.457706 0.00132113 -0.0796054 -0.00123487 -0.934708 
-0.457614 0.00131173 -0.0796916 -0.00122679 -0.935244 
-0.457522 0.00130234 -0.0797772 -0.0012187 -0.935776 
-0.457431 0.00129297 -0.0798622 -0.00121061 -0.936305 
-0.457341 0.00128361 -0.0799466 -0.00120252 -0.936829 
-0.457252 0.00127427 -0.0800305 -0.00119443 -0.93735 
-0.457163 0.00126494 -0.0801139 -0.00118634 -0.937867 
-0.457075 0.00125563 -0.0801966 -0.00117825 -0.93838 
-0.456987 0.00124633 -0.0802789 -0.00117016 -0.938889 
-0.4569 0.00123705 -0.0803605 -0.00116207 -0.939395 
-0.456814 0.00122778 -0.0804415 -0.00115399 -0.939897 
-0.456728 0.00121853 -0.080522 -0.0011459 -0.940395 
-0.456643 0.0012093 -0.0806019 -0.00113782 -0.940889 
-0.456559 0.00120008 -0.0806813 -0.00112973 -0.94138 
-0.456475 0.00119088 -0.0807601 -0.00112165 -0.941866 
-0.456392 0.0011817 -0.0808384 -0.00111358 -0.942349 
-0.45631 0.00117254 -0.080916 -0.0011055 -0.942829 
-0.456228 0.00116339 -0.0809931 -0.00109743 -0.943304 
-0.456147 0.00115426 -0.0810697 -0.00108936 -0.943776 
-0.456066 0.00114515 -0.0811456 -0.0010813 -0.944244 
-0.455987 0.00113606 -0.0812211 -0.00107324 -0.944708 
-0.455907 0.00112698 -0.0812959 -0.00106519 -0.945169 
-0.455829 0.00111793 -0.0813702 -0.00105714 -0.945626 
-0.455751 0.00110889 -0.0814439 -0.0010491 -0.94608 
-0.455674 0.00109987 -0.081517 -0.00104106 -0.946529 
-0.455597 0.00109087 -0.0815896 -0.00103303 -0.946975 
-0.455521 0.00108189 -0.0816617 -0.001025 -0.947417 
-0.455445 0.00107293 -0.0817332 -0.00101698 -0.947856 
-0.455371 0.00106399 -0.081804 -0.00100897 -0.948291 
-0.455296 0.00105507 -0.0818744 -0.00100097 -0.948723 
-0.455223 0.00104617 -0.0819442 -0.000992974 -0.94915 
-0.45515 0.00103729 -0.0820134 -0.000984986 -0.949574 
-0.455078 0.00102843 -0.082082 -0.000977007 -0.949995 
-0.455006 0.0010196 -0.0821502 -0.000969037 -0.950412 
-0.454935 0.00101078 -0.0822177 -0.000961076 -0.950825 
-0.454865 0.00100199 -0.0822847 -0.000953124 -0.951235 
-0.454795 0.000993213 -0.0823512 -0.000945182 -0.951641 
-0.454725 0.000984462 -0.082417 -0.000937251 -0.952044 
-0.454657 0.000975733 -0.0824824 -0.00092933 -0.952443 
-0.454589 0.000967026 -0.0825471 -0.00092142 -0.952838 
-0.454521 0.000958342 -0.0826114 -0.000913521 -0.95323 
-0.454455 0.000949681 -0.082675 -0.000905634 -0.953619 
-0.454389 0.000941043 -0.0827382 -0.000897758 -0.954004 
-0.454323 0.000932428 -0.0828007 -0.000889895 -0.954385 
-0.454258 0.000923836 -0.0828628 -0.000882045 -0.954763 
-0.454194 0.000915268 -0.0829242 -0.000874207 -0.955137 
-0.45413 0.000906724 -0.0829851 -0.000866383 -0.955508 
-0.454067 0.000898204 -0.0830455 -0.000858572 -0.955876 
-0.454004 0.000889709 -0.0831053 -0.000850775 -0.95624 
-0.453942 0.000881238 -0.0831646 -0.000842992 -0.9566 
-0.453881 0.000872792 -0.0832233 -0.000835224 -0.956957 
-0.45382 0.000864371 -0.0832815 -0.000827471 -0.957311 
-0.45376 0.000855975 -0.0833392 -0.000819734 -0.957661 
-0.4537 0.000847604 -0.0833963 -0.000812012 -0.958008 
-0.453641 0.00083926 -0.0834529 -0.000804306 -0.958352 
-0.453583 0.000830941 -0.0835089 -0.000796616 -0.958691 
-0.453525 0.000822648 -0.0835644 -0.000788943 -0.959028 
-0.453467 0.000814382 -0.0836194 -0.000781287 -0.959361 
-0.453411 0.000806143 -0.0836738 -0.000773648 -0.959691 
-0.453355 0.00079793 -0.0837277 -0.000766027 -0.960018 
-0.453299 0.000789745 -0.083781 -0.000758424 -0.960341 
-0.453244 0.000781587 -0.0838338 -0.00075084 -0.960661 
-0.45319 0.000773456 -0.0838861 -0.000743274 -0.960978 
-0.453136 0.000765353 -0.0839379 -0.000735727 -0.961291 
-0.453082 0.000757278 -0.0839892 -0.000728199 -0.961601 
-0.45303 0.000749232 -0.0840398 -0.000720692 -0.961907 
-0.452978 0.000741214 -0.0840901 -0.000713204 -0.962211 
-0.452926 0.000733224 -0.0841397 -0.000705737 -0.962511 
-0.452875 0.000725264 -0.0841889 -0.00069829 -0.962808 
-0.452824 0.000717333 -0.0842375 -0.000690864 -0.963102 
-0.452774 0.000709431 -0.0842856 -0.00068346 -0.963392 
-0.452725 0.000701559 -0.0843332 -0.000676078 -0.963679 
-0.452676 0.000693717 -0.0843802 -0.000668718 -0.963964 
-0.452628 0.000685905 -0.0844268 -0.00066138 -0.964244 
-0.45258 0.000678123 -0.0844728 -0.000654065 -0.964522 
-0.452533 0.000670373 -0.0845184 -0.000646773 -0.964797 
-0.452486 0.000662652 -0.0845634 -0.000639505 -0.965068 
-0.45244 0.000654963 -0.0846079 -0.00063226 -0.965336 
-0.452395 0.000647306 -0.0846519 -0.000625039 -0.965601 
-0.45235 0.00063968 -0.0846954 -0.000617843 -0.965863 
-0.452305 0.000632085 -0.0847384 -0.000610672 -0.966122 
-0.452261 0.000624523 -0.0847809 -0.000603525 -0.966378 
-0.452218 0.000616993 -0.0848229 -0.000596404 -0.966631 
-0.452175 0.000609496 -0.0848644 -0.00058931 -0.96688 
-0.452132 0.000602031 -0.0849054 -0.000582241 -0.967127 
-0.45209 0.0005946 -0.0849459 -0.000575198 -0.967371 
-0.452049 0.000587201 -0.0849859 -0.000568183 -0.967611 
-0.452008 0.000579836 -0.0850254 -0.000561194 -0.967849 
-0.451968 0.000572505 -0.0850645 -0.000554233 -0.968084 
-0.451928 0.000565208 -0.085103 -0.0005473 -0.968315 
-0.451889 0.000557945 -0.0851411 -0.000540395 -0.968544 
-0.45185 0.000550717 -0.0851787 -0.000533518 -0.968769 
-0.451812 0.000543523 -0.0852158 -0.00052667 -0.968992 
-0.451774 0.000536365 -0.0852524 -0.000519851 -0.969212 
-0.451737 0.000529241 -0.0852886 -0.000513062 -0.969429 
-0.4517 0.000522153 -0.0853243 -0.000506302 -0.969643 
-0.451663 0.000515101 -0.0853594 -0.000499573 -0.969854 
-0.451628 0.000508085 -0.0853942 -0.000492874 -0.970062 
-0.451592 0.000501105 -0.0854284 -0.000486206 -0.970268 
-0.451558 0.000494161 -0.0854623 -0.000479569 -0.97047 
-0.451523 0.000487254 -0.0854956 -0.000472963 -0.97067 
-0.451489 0.000480384 -0.0855284 -0.000466389 -0.970867 
-0.451456 0.000473551 -0.0855609 -0.000459848 -0.971061 
-0.451423 0.000466756 -0.0855929 -0.000453338 -0.971253 
-0.451391 0.000459998 -0.0856244 -0.000446862 -0.971442 
-0.451359 0.000453279 -0.0856554 -0.000440418 -0.971627 
-0.451327 0.000446597 -0.085686 -0.000434008 -0.971811 
-0.451296 0.000439954 -0.0857162 -0.000427632 -0.971991 
-0.451266 0.00043335 -0.0857459 -0.000421289 -0.972169 
-0.451235 0.000426785 -0.0857752 -0.000414981 -0.972344 
-0.451206 0.000420258 -0.085804 -0.000408708 -0.972517 
-0.451177 0.000413772 -0.0858324 -0.00040247 -0.972686 
-0.451148 0.000407325 -0.0858604 -0.000396267 -0.972854 
-0.45112 0.000400918 -0.0858878 -0.0003901 -0.973018 
-0.451092 0.000394551 -0.0859149 -0.000383969 -0.97318 
-0.451064 0.000388225 -0.0859416 -0.000377874 -0.973339 
-0.451037 0.000381939 -0.0859679 -0.000371816 -0.973496 
-0.451011 0.000375695 -0.0859937 -0.000365795 -0.97365 
-0.450985 0.000369491 -0.0860191 -0.000359811 -0.973802 
-0.450959 0.000363329 -0.0860441 -0.000353865 -0.973951 
-0.450934 0.000357209 -0.0860686 -0.000347957 -0.974098 
-0.450909 0.000351131 -0.0860928 -0.000342087 -0.974242 
-0.450885 0.000345096 -0.0861165 -0.000336255 -0.974384 
-0.450861 0.000339102 -0.0861398 -0.000330463 -0.974523 
-0.450837 0.000333152 -0.0861628 -0.00032471 -0.97466 
-0.450814 0.000327244 -0.0861853 -0.000318996 -0.974795 
-0.450791 0.00032138 -0.0862074 -0.000313322 -0.974926 
-0.450769 0.00031556 -0.0862292 -0.000307689 -0.975056 
-0.450747 0.000309783 -0.0862505 -0.000302095 -0.975183 
-0.450726 0.00030405 -0.0862715 -0.000296543 -0.975308 
-0.450705 0.000298362 -0.086292 -0.000291032 -0.975431 
-0.450684 0.000292719 -0.0863122 -0.000285562 -0.975551 
-0.450664 0.00028712 -0.086332 -0.000280134 -0.975669 
-0.450644 0.000281566 -0.0863514 -0.000274748 -0.975785 
-0.450624 0.000276058 -0.0863705 -0.000269405 -0.975899 
-0.450605 0.000270595 -0.0863892 -0.000264104 -0.97601 
-0.450586 0.000265179 -0.0864074 -0.000258846 -0.976119 
-0.450568 0.000259808 -0.0864254 -0.000253632 -0.976226 
-0.45055 0.000254484 -0.086443 -0.000248461 -0.976331 
-0.450532 0.000249207 -0.0864602 -0.000243334 -0.976433 
-0.450515 0.000243977 -0.086477 -0.000238251 -0.976534 
-0.450498 0.000238794 -0.0864935 -0.000233213 -0.976632 
-0.450482 0.000233658 -0.0865097 -0.00022822 -0.976728 
-0.450466 0.00022857 -0.0865255 -0.000223272 -0.976822 
-0.45045 0.000223531 -0.086541 -0.00021837 -0.976914 
-0.450434 0.000218539 -0.086556 -0.000213514 -0.977004 
-0.450419 0.000213596 -0.0865709 -0.000208703 -0.977092 
-0.450404 0.000208702 -0.0865853 -0.000203939 -0.977178 
-0.45039 0.000203858 -0.0865994 -0.000199222 -0.977262 
-0.450376 0.000199062 -0.0866132 -0.000194552 -0.977344 
-0.450362 0.000194316 -0.0866266 -0.00018993 -0.977424 
-0.450349 0.000189621 -0.0866398 -0.000185354 -0.977502 
-0.450335 0.000184975 -0.0866525 -0.000180827 -0.977579 
-0.450323 0.00018038 -0.0866651 -0.000176349 -0.977653 
-0.45031 0.000175835 -0.0866773 -0.000171919 -0.977725 
-0.450298 0.000171342 -0.0866891 -0.000167537 -0.977796 
-0.450286 0.0001669 -0.0867007 -0.000163205 -0.977865 
-0.450275 0.000162509 -0.086712 -0.000158923 -0.977932 
-0.450263 0.00015817 -0.0867229 -0.00015469 -0.977997 
-0.450253 0.000153884 -0.0867337 -0.000150508 -0.978061 
-0.450242 0.00014965 -0.086744 -0.000146376 -0.978123 
-0.450232 0.000145468 -0.0867541 -0.000142294 -0.978183 
-0.450222 0.000141339 -0.0867639 -0.000138264 -0.978241 
-0.450212 0.000137264 -0.0867735 -0.000134285 -0.978298 
-0.450202 0.000133242 -0.0867827 -0.000130358 -0.978353 
-0.450193 0.000129274 -0.0867917 -0.000126482 -0.978406 
-0.450184 0.00012536 -0.0868005 -0.000122659 -0.978458 
-0.450176 0.0001215 -0.0868089 -0.000118888 -0.978508 
-0.450167 0.000117694 -0.0868171 -0.000115171 -0.978557 
-0.450159 0.000113944 -0.086825 -0.000111506 -0.978604 
-0.450151 0.000110249 -0.0868327 -0.000107895 -0.97865 
-0.450144 0.000106609 -0.0868402 -0.000104337 -0.978694 
-0.450136 0.000103025 -0.0868473 -0.000100834 -0.978737 
-0.450129 9.94964e-05 -0.0868543 -9.73849e-05 -0.978778 
-0.450122 9.60245e-05 -0.086861 -9.39905e-05 -0.978818 
-0.450116 9.26091e-05 -0.0868674 -9.0651e-05 -0.978856 
-0.450109 8.92505e-05 -0.0868737 -8.73667e-05 -0.978893 
-0.450103 8.5949e-05 -0.0868797 -8.4138e-05 -0.978929 
-0.450097 8.27049e-05 -0.0868854 -8.09651e-05 -0.978963 
-0.450092 7.95185e-05 -0.086891 -7.78483e-05 -0.978996 
-0.450086 7.639e-05 -0.0868963 -7.4788e-05 -0.979028 
-0.450081 7.33198e-05 -0.0869015 -7.17844e-05 -0.979059 
-0.450076 7.0308e-05 -0.0869064 -6.88377e-05 -0.979088 
-0.450071 6.73551e-05 -0.0869111 -6.59484e-05 -0.979116 
-0.450067 6.44612e-05 -0.0869156 -6.31167e-05 -0.979143 
-0.450062 6.16267e-05 -0.0869199 -6.03429e-05 -0.979168 
-0.450058 5.88519e-05 -0.0869241 -5.76273e-05 -0.979193 
-0.450054 5.61369e-05 -0.086928 -5.49702e-05 -0.979216 
-0.45005 5.34822e-05 -0.0869318 -5.23719e-05 -0.979238 
-0.450046 5.0888e-05 -0.0869353 -4.98326e-05 -0.97926 
-0.450043 4.83546e-05 -0.0869388 -4.73527e-05 -0.97928 
-0.45004 4.58823e-05 -0.086942 -4.49325e-05 -0.979299 
-0.450037 4.34713e-05 -0.086945 -4.25722e-05 -0.979317 
-0.450034 4.1122e-05 -0.0869479 -4.02722e-05 -0.979334 
-0.450031 3.88347e-05 -0.0869507 -3.80327e-05 -0.979351 
-0.450028 3.66095e-05 -0.0869532 -3.58541e-05 -0.979366 
-0.450026 3.44469e-05 -0.0869557 -3.37366e-05 -0.979381 
-0.450023 3.23471e-05 -0.086958 -3.16806e-05 -0.979394 
-0.450021 3.03104e-05 -0.0869601 -2.96862e-05 -0.979407 
-0.450019 2.83371e-05 -0.0869621 -2.77539e-05 -0.979419 
-0.450017 2.64274e-05 -0.086964 -2.58838e-05 -0.97943 
-0.450015 2.45818e-05 -0.0869658 -2.40764e-05 -0.97944 
-0.450014 2.28004e-05 -0.0869674 -2.23318e-05 -0.97945 
-0.450012 2.10835e-05 -0.0869689 -2.06505e-05 -0.979459 
