1.56017e+07 -1.11075e+07 7.69424e+06 -1.14422e+06 -2.22184e+06 28233 
1.56017e+07 -1.11075e+07 7.69424e+06 -1.14422e+06 -2.22184e+06 28233 
1.55792e+07 -1.11296e+07 7.66485e+06 -1.15736e+06 -2.19534e+06 13334 
1.54961e+07 -1.10738e+07 7.64839e+06 -1.1275e+06 -2.18021e+06 31833 
1.55362e+07 -1.12577e+07 7.67856e+06 -1.16114e+06 -2.20843e+06 5066 
1.55199e+07 -1.11358e+07 7.68919e+06 -1.12577e+06 -2.20288e+06 18878 
1.55936e+07 -1.09974e+07 7.60358e+06 -1.16634e+06 -2.21881e+06 20171 
1.55404e+07 -1.1139e+07 7.79202e+06 -1.13315e+06 -2.20033e+06 15963 
1.55719e+07 -1.10699e+07 7.68586e+06 -1.1617e+06 -2.2124e+06 24126 
1.55456e+07 -1.1136e+07 7.66063e+06 -1.13804e+06 -2.19516e+06 10061 
1.55557e+07 -1.11126e+07 7.63248e+06 -1.14855e+06 -2.21913e+06 27122 
1.56116e+07 -1.11034e+07 7.60713e+06 -1.14615e+06 -2.19999e+06 8116 
1.55657e+07 -1.08827e+07 7.76697e+06 -1.12346e+06 -2.21143e+06 26859 
1.5632e+07 -1.11544e+07 7.59731e+06 -1.15551e+06 -2.20431e+06 20562 
1.56072e+07 -1.10349e+07 7.86603e+06 -1.12436e+06 -2.20153e+06 13825 
1.55814e+07 -1.10041e+07 7.70102e+06 -1.15421e+06 -2.20848e+06 30150 
1.55788e+07 -1.10038e+07 7.62119e+06 -1.14127e+06 -2.19024e+06 17707 
1.55385e+07 -1.1035e+07 7.71409e+06 -1.14792e+06 -2.219e+06 29075 
1.55526e+07 -1.09268e+07 7.71499e+06 -1.15057e+06 -2.19057e+06 11992 
1.55794e+07 -1.1054e+07 7.7884e+06 -1.13611e+06 -2.20977e+06 28602 
1.55722e+07 -1.09973e+07 7.67398e+06 -1.14774e+06 -2.19201e+06 13555 
1.56053e+07 -1.10016e+07 7.75714e+06 -1.12704e+06 -2.21388e+06 22796 
1.55466e+07 -1.10547e+07 7.74965e+06 -1.15258e+06 -2.20536e+06 25277 
1.55433e+07 -1.09973e+07 7.81036e+06 -1.13688e+06 -2.19832e+06 17459 
1.55938e+07 -1.09575e+07 7.70606e+06 -1.15534e+06 -2.2077e+06 36166 
1.55923e+07 -1.10049e+07 7.69507e+06 -1.14426e+06 -2.188e+06 13669 
1.56504e+07 -1.09818e+07 7.75032e+06 -1.1313e+06 -2.22513e+06 29667 
1.57414e+07 -1.0963e+07 7.76207e+06 -1.15915e+06 -2.20897e+06 17090 
1.55689e+07 -1.1102e+07 7.73627e+06 -1.12406e+06 -2.21077e+06 31197 
1.56857e+07 -1.08999e+07 7.8189e+06 -1.15261e+06 -2.20049e+06 22351 
1.56588e+07 -1.10317e+07 7.78053e+06 -1.12724e+06 -2.20595e+06 24285 
1.55914e+07 -1.1073e+07 7.67918e+06 -1.15802e+06 -2.20902e+06 26670 
1.56519e+07 -1.09397e+07 7.76035e+06 -1.13516e+06 -2.20039e+06 16454 
1.56185e+07 -1.10592e+07 7.63191e+06 -1.15728e+06 -2.213e+06 37093 
1.56143e+07 -1.09487e+07 7.63512e+06 -1.1408e+06 -2.19232e+06 18975 
1.56301e+07 -1.09462e+07 7.68793e+06 -1.14425e+06 -2.21393e+06 30360 
1.55582e+07 -1.09439e+07 7.68298e+06 -1.14909e+06 -2.19839e+06 16927 
1.55883e+07 -1.10242e+07 7.76847e+06 -1.12874e+06 -2.21057e+06 23457 
1.56803e+07 -1.09044e+07 7.71087e+06 -1.14902e+06 -2.2111e+06 19438 
1.55438e+07 -1.10887e+07 7.82497e+06 -1.12534e+06 -2.20483e+06 28465 
1.56441e+07 -1.10043e+07 7.65264e+06 -1.1557e+06 -2.21444e+06 28674 
1.56095e+07 -1.10008e+07 7.72592e+06 -1.13544e+06 -2.19974e+06 16331 
1.56264e+07 -1.09796e+07 7.64623e+06 -1.15082e+06 -2.21989e+06 35330 
1.56277e+07 -1.0916e+07 7.71964e+06 -1.15148e+06 -2.19137e+06 17958 
1.57268e+07 -1.09949e+07 7.68048e+06 -1.1381e+06 -2.2243e+06 29863 
1.57155e+07 -1.10142e+07 7.72496e+06 -1.14689e+06 -2.20614e+06 17222 
1.5733e+07 -1.08887e+07 7.7927e+06 -1.12098e+06 -2.22168e+06 23609 
1.56469e+07 -1.09487e+07 7.69312e+06 -1.1527e+06 -2.22086e+06 30200 
1.5622e+07 -1.09822e+07 7.68537e+06 -1.11972e+06 -2.20354e+06 18946 
1.5726e+07 -1.08698e+07 7.72355e+06 -1.14909e+06 -2.2081e+06 33756 
1.56223e+07 -1.10049e+07 7.59876e+06 -1.12943e+06 -2.18516e+06 15802 
1.55956e+07 -1.09885e+07 7.6773e+06 -1.14649e+06 -2.22119e+06 27801 
1.56746e+07 -1.09606e+07 7.55785e+06 -1.13243e+06 -2.19643e+06 13888 
1.56133e+07 -1.10651e+07 7.70154e+06 -1.13978e+06 -2.2101e+06 28095 
1.5626e+07 -1.1002e+07 7.61036e+06 -1.13859e+06 -2.20438e+06 22296 
1.56247e+07 -1.08712e+07 7.72068e+06 -1.12156e+06 -2.20806e+06 22465 
1.56697e+07 -1.1004e+07 7.73265e+06 -1.15204e+06 -2.21454e+06 19846 
1.56819e+07 -1.09636e+07 7.76874e+06 -1.12562e+06 -2.20149e+06 12195 
1.56185e+07 -1.1008e+07 7.66145e+06 -1.12866e+06 -2.21021e+06 28061 
1.5658e+07 -1.09432e+07 7.73859e+06 -1.12425e+06 -2.19124e+06 10471 
1.55927e+07 -1.09701e+07 7.90643e+06 -1.12901e+06 -2.21039e+06 30495 
1.56106e+07 -1.08808e+07 7.62959e+06 -1.13251e+06 -2.19781e+06 10145 
1.55702e+07 -1.10114e+07 7.75739e+06 -1.12212e+06 -2.21188e+06 23961 
1.56917e+07 -1.08558e+07 7.66929e+06 -1.14048e+06 -2.20422e+06 18513 
1.57051e+07 -1.08888e+07 7.69317e+06 -1.122e+06 -2.20839e+06 15993 
1.56067e+07 -1.0922e+07 7.60155e+06 -1.14614e+06 -2.20335e+06 22059 
1.56273e+07 -1.09233e+07 7.78521e+06 -1.12042e+06 -2.19565e+06 10516 
1.56663e+07 -1.09062e+07 7.73015e+06 -1.13288e+06 -2.22352e+06 27961 
1.56267e+07 -1.08653e+07 7.54703e+06 -1.11204e+06 -2.18615e+06 11237 
1.56552e+07 -1.09193e+07 7.75142e+06 -1.12364e+06 -2.21931e+06 28336 
1.56482e+07 -1.09847e+07 7.71636e+06 -1.1307e+06 -2.19327e+06 16979 
1.57262e+07 -1.09733e+07 7.64811e+06 -1.1219e+06 -2.21758e+06 21490 
1.564e+07 -1.08287e+07 7.66142e+06 -1.1426e+06 -2.20273e+06 21308 
1.55525e+07 -1.09288e+07 7.79973e+06 -1.11498e+06 -2.1965e+06 14219 
1.55392e+07 -1.0967e+07 7.74154e+06 -1.14738e+06 -2.1943e+06 23195 
1.56179e+07 -1.08442e+07 7.58752e+06 -1.10522e+06 -2.19684e+06 11886 
1.56143e+07 -1.0991e+07 7.71235e+06 -1.14135e+06 -2.20789e+06 27560 
1.5646e+07 -1.09025e+07 7.70556e+06 -1.11941e+06 -2.19034e+06 11097 
1.56355e+07 -1.09464e+07 7.7732e+06 -1.13545e+06 -2.22005e+06 28305 
1.56205e+07 -1.07868e+07 7.82571e+06 -1.12264e+06 -2.18384e+06 14957 
1.56859e+07 -1.08547e+07 7.70302e+06 -1.11499e+06 -2.20883e+06 20340 
1.573e+07 -1.0858e+07 7.74507e+06 -1.13681e+06 -2.19985e+06 26096 
1.56189e+07 -1.08915e+07 7.68949e+06 -1.10129e+06 -2.19324e+06 13950 
1.56969e+07 -1.09259e+07 7.79048e+06 -1.14909e+06 -2.20976e+06 29629 
1.56635e+07 -1.09016e+07 7.6272e+06 -1.11848e+06 -2.18332e+06 12285 
1.55785e+07 -1.09235e+07 7.82239e+06 -1.13377e+06 -2.2041e+06 33062 
1.57326e+07 -1.0909e+07 7.73697e+06 -1.13509e+06 -2.19331e+06 18065 
1.56818e+07 -1.0943e+07 7.72868e+06 -1.11918e+06 -2.20761e+06 25507 
1.5739e+07 -1.09534e+07 7.63532e+06 -1.13905e+06 -2.19586e+06 20578 
1.56565e+07 -1.08432e+07 7.66e+06 -1.1061e+06 -2.20775e+06 19332 
1.57525e+07 -1.09353e+07 7.69033e+06 -1.14432e+06 -2.20332e+06 25277 
1.56663e+07 -1.09483e+07 7.71196e+06 -1.10749e+06 -2.19415e+06 19840 
1.56824e+07 -1.09127e+07 7.71787e+06 -1.14073e+06 -2.20819e+06 29846 
1.56602e+07 -1.09423e+07 7.82496e+06 -1.12598e+06 -2.19662e+06 16342 
1.5725e+07 -1.08568e+07 7.6624e+06 -1.13323e+06 -2.21326e+06 28899 
1.57251e+07 -1.09688e+07 7.65945e+06 -1.13603e+06 -2.19235e+06 15082 
1.56207e+07 -1.1029e+07 7.71935e+06 -1.13476e+06 -2.20318e+06 23469 
1.57058e+07 -1.09608e+07 7.73732e+06 -1.14235e+06 -2.19911e+06 25595 
1.56553e+07 -1.09353e+07 7.65281e+06 -1.12147e+06 -2.19322e+06 17672 
1.57599e+07 -1.09657e+07 7.83058e+06 -1.14059e+06 -2.21558e+06 27114 
1.57309e+07 -1.08089e+07 7.61059e+06 -1.1237e+06 -2.19715e+06 21683 
1.55988e+07 -1.0913e+07 7.65125e+06 -1.14742e+06 -2.20255e+06 32317 
1.56457e+07 -1.09162e+07 7.73474e+06 -1.14354e+06 -2.18259e+06 15674 
1.5682e+07 -1.09369e+07 7.77278e+06 -1.12251e+06 -2.21015e+06 26341 
1.57535e+07 -1.09055e+07 7.73403e+06 -1.14088e+06 -2.20094e+06 20523 
1.56729e+07 -1.0892e+07 7.75169e+06 -1.11407e+06 -2.20488e+06 21789 
1.55884e+07 -1.09583e+07 7.73768e+06 -1.15859e+06 -2.20561e+06 27883 
1.56193e+07 -1.08859e+07 7.72371e+06 -1.11884e+06 -2.19688e+06 17099 
1.56642e+07 -1.09281e+07 7.60363e+06 -1.14714e+06 -2.21196e+06 30991 
1.57092e+07 -1.09207e+07 7.72914e+06 -1.13862e+06 -2.18919e+06 16488 
1.57431e+07 -1.09566e+07 7.77203e+06 -1.14679e+06 -2.21747e+06 28315 
1.56486e+07 -1.08772e+07 7.70515e+06 -1.14945e+06 -2.18571e+06 20232 
1.57264e+07 -1.08991e+07 7.71028e+06 -1.12393e+06 -2.2128e+06 21578 
1.5736e+07 -1.08749e+07 7.7395e+06 -1.15232e+06 -2.20475e+06 21912 
1.56105e+07 -1.09938e+07 7.6819e+06 -1.11971e+06 -2.19109e+06 15402 
1.57224e+07 -1.09743e+07 7.71878e+06 -1.14945e+06 -2.21772e+06 28200 
1.57406e+07 -1.09674e+07 7.77071e+06 -1.12025e+06 -2.19812e+06 15013 
1.57343e+07 -1.08969e+07 7.64995e+06 -1.1457e+06 -2.21243e+06 30876 
1.56491e+07 -1.09364e+07 7.7435e+06 -1.13493e+06 -2.19033e+06 17764 
1.56523e+07 -1.09312e+07 7.79919e+06 -1.13854e+06 -2.20664e+06 27105 
1.57096e+07 -1.09235e+07 7.67477e+06 -1.1459e+06 -2.19862e+06 17576 
1.56327e+07 -1.09692e+07 7.7849e+06 -1.1287e+06 -2.19872e+06 25111 
1.5709e+07 -1.08682e+07 7.64183e+06 -1.14355e+06 -2.20211e+06 26370 
1.56432e+07 -1.0961e+07 7.7033e+06 -1.11938e+06 -2.20783e+06 16850 
1.56314e+07 -1.09763e+07 7.74469e+06 -1.1445e+06 -2.20229e+06 28110 
1.57189e+07 -1.08975e+07 7.78322e+06 -1.12493e+06 -2.1943e+06 13517 
1.56648e+07 -1.10104e+07 7.64166e+06 -1.14743e+06 -2.20914e+06 30140 
1.56105e+07 -1.09193e+07 7.68922e+06 -1.14682e+06 -2.18173e+06 17276 
1.56826e+07 -1.0929e+07 7.69016e+06 -1.12582e+06 -2.20829e+06 25290 
1.56878e+07 -1.09568e+07 7.67051e+06 -1.15657e+06 -2.19668e+06 21904 
1.56679e+07 -1.09039e+07 7.67261e+06 -1.12298e+06 -2.19754e+06 19757 
1.56532e+07 -1.08729e+07 7.6288e+06 -1.14034e+06 -2.21256e+06 25743 
1.57377e+07 -1.08922e+07 7.69254e+06 -1.11642e+06 -2.20186e+06 15820 
1.57563e+07 -1.09246e+07 7.75468e+06 -1.13786e+06 -2.21805e+06 29952 
1.57779e+07 -1.09447e+07 7.61981e+06 -1.12958e+06 -2.18364e+06 11897 
1.56709e+07 -1.08907e+07 7.71585e+06 -1.12232e+06 -2.21174e+06 27352 
1.56685e+07 -1.09113e+07 7.75631e+06 -1.14232e+06 -2.19188e+06 19380 
1.57235e+07 -1.09426e+07 7.62609e+06 -1.12076e+06 -2.20286e+06 20197 
1.5693e+07 -1.09064e+07 7.739e+06 -1.1575e+06 -2.20371e+06 28235 
1.57536e+07 -1.09154e+07 7.74356e+06 -1.12008e+06 -2.19475e+06 13926 
1.5724e+07 -1.09573e+07 7.77169e+06 -1.14697e+06 -2.21493e+06 28380 
1.57505e+07 -1.09372e+07 7.72712e+06 -1.12877e+06 -2.18864e+06 12829 
1.5706e+07 -1.09671e+07 7.76673e+06 -1.12436e+06 -2.21431e+06 25762 
1.57322e+07 -1.08992e+07 7.80689e+06 -1.13511e+06 -2.19002e+06 14206 
1.56738e+07 -1.09178e+07 7.78494e+06 -1.10971e+06 -2.21555e+06 19611 
1.57509e+07 -1.08937e+07 7.68657e+06 -1.14783e+06 -2.19555e+06 24869 
1.57177e+07 -1.09413e+07 7.75951e+06 -1.1132e+06 -2.20155e+06 16336 
1.57045e+07 -1.0948e+07 7.73739e+06 -1.15489e+06 -2.19479e+06 27888 
1.56523e+07 -1.0954e+07 7.73125e+06 -1.11182e+06 -2.18549e+06 11498 
1.5695e+07 -1.10141e+07 7.79386e+06 -1.14268e+06 -2.21276e+06 28703 
1.57076e+07 -1.09353e+07 7.72516e+06 -1.11599e+06 -2.18601e+06 12049 
1.57286e+07 -1.09409e+07 7.73123e+06 -1.12459e+06 -2.21294e+06 24342 
1.57576e+07 -1.09763e+07 7.77452e+06 -1.13806e+06 -2.20201e+06 18529 
1.57137e+07 -1.09066e+07 7.7476e+06 -1.11798e+06 -2.19986e+06 17750 
1.56558e+07 -1.09485e+07 7.73379e+06 -1.14548e+06 -2.2045e+06 25528 
1.56751e+07 -1.09407e+07 7.72097e+06 -1.11944e+06 -2.19067e+06 12801 
1.5766e+07 -1.09243e+07 7.731e+06 -1.13937e+06 -2.21581e+06 28915 
1.56815e+07 -1.09164e+07 7.66654e+06 -1.13065e+06 -2.18111e+06 11750 
1.57107e+07 -1.10044e+07 7.69512e+06 -1.14045e+06 -2.20897e+06 24642 
1.57892e+07 -1.09351e+07 7.75755e+06 -1.14514e+06 -2.1963e+06 16102 
1.57486e+07 -1.10201e+07 7.71959e+06 -1.12215e+06 -2.19939e+06 19903 
1.5711e+07 -1.09037e+07 7.75125e+06 -1.13551e+06 -2.19624e+06 21164 
1.58221e+07 -1.09689e+07 7.69292e+06 -1.10642e+06 -2.19922e+06 15180 
1.57675e+07 -1.09297e+07 7.77244e+06 -1.13663e+06 -2.21972e+06 26976 
1.56711e+07 -1.08768e+07 7.68128e+06 -1.11123e+06 -2.18357e+06 13316 
1.57814e+07 -1.10241e+07 7.79353e+06 -1.1392e+06 -2.20982e+06 29203 
1.564e+07 -1.08816e+07 7.6602e+06 -1.13414e+06 -2.17924e+06 14018 
1.56426e+07 -1.09691e+07 7.67979e+06 -1.12657e+06 -2.20282e+06 24504 
1.57846e+07 -1.09418e+07 7.69616e+06 -1.15699e+06 -2.17794e+06 21716 
1.57533e+07 -1.09575e+07 7.66461e+06 -1.1258e+06 -2.19732e+06 16768 
1.58032e+07 -1.09741e+07 7.70873e+06 -1.15915e+06 -2.20126e+06 27818 
1.57934e+07 -1.09088e+07 7.7368e+06 -1.11083e+06 -2.19581e+06 15557 
1.5725e+07 -1.09565e+07 7.71551e+06 -1.14775e+06 -2.20466e+06 27887 
1.56876e+07 -1.09527e+07 7.7028e+06 -1.12658e+06 -2.18764e+06 16501 
1.56749e+07 -1.10125e+07 7.74384e+06 -1.13715e+06 -2.20748e+06 28706 
1.5746e+07 -1.09576e+07 7.71813e+06 -1.14482e+06 -2.18858e+06 22611 
1.57259e+07 -1.09514e+07 7.66042e+06 -1.13172e+06 -2.20421e+06 23850 
1.57807e+07 -1.09814e+07 7.72637e+06 -1.16105e+06 -2.19699e+06 23155 
1.57257e+07 -1.09967e+07 7.73928e+06 -1.13015e+06 -2.1975e+06 19972 
1.58004e+07 -1.09904e+07 7.73664e+06 -1.16861e+06 -2.19876e+06 30554 
1.57705e+07 -1.09621e+07 7.69133e+06 -1.12883e+06 -2.19174e+06 15768 
1.57591e+07 -1.09444e+07 7.73021e+06 -1.14961e+06 -2.20422e+06 29868 
1.57298e+07 -1.09209e+07 7.71632e+06 -1.13117e+06 -2.19134e+06 19212 
1.56543e+07 -1.09533e+07 7.7521e+06 -1.13316e+06 -2.20495e+06 28235 
1.56508e+07 -1.09254e+07 7.7411e+06 -1.14193e+06 -2.18803e+06 22274 
1.57011e+07 -1.09474e+07 7.72399e+06 -1.13107e+06 -2.19472e+06 19376 
1.56975e+07 -1.10087e+07 7.71922e+06 -1.16407e+06 -2.19338e+06 31173 
1.57713e+07 -1.09437e+07 7.59538e+06 -1.1286e+06 -2.18828e+06 16750 
1.57662e+07 -1.09768e+07 7.70839e+06 -1.16068e+06 -2.20409e+06 29449 
1.57114e+07 -1.09884e+07 7.71126e+06 -1.14327e+06 -2.18034e+06 17536 
1.56639e+07 -1.09582e+07 7.71637e+06 -1.14304e+06 -2.20007e+06 27093 
1.57742e+07 -1.09458e+07 7.69072e+06 -1.1382e+06 -2.19453e+06 19415 
1.57116e+07 -1.10099e+07 7.67607e+06 -1.13089e+06 -2.19997e+06 21878 
1.57266e+07 -1.09991e+07 7.76656e+06 -1.15186e+06 -2.20332e+06 25597 
1.56834e+07 -1.08999e+07 7.72356e+06 -1.12875e+06 -2.185e+06 16598 
1.56465e+07 -1.10378e+07 7.64092e+06 -1.15354e+06 -2.20797e+06 28761 
1.57734e+07 -1.09754e+07 7.69054e+06 -1.14352e+06 -2.18313e+06 17175 
1.57155e+07 -1.09593e+07 7.75779e+06 -1.13658e+06 -2.20936e+06 27687 
1.57577e+07 -1.09547e+07 7.66445e+06 -1.15312e+06 -2.18425e+06 18558 
1.57106e+07 -1.09722e+07 7.71615e+06 -1.13119e+06 -2.20242e+06 22120 
1.58039e+07 -1.09838e+07 7.70792e+06 -1.15951e+06 -2.20125e+06 24281 
1.56665e+07 -1.09726e+07 7.71164e+06 -1.12195e+06 -2.20279e+06 18292 
1.57346e+07 -1.09694e+07 7.80063e+06 -1.15335e+06 -2.20253e+06 28004 
1.57013e+07 -1.0948e+07 7.65915e+06 -1.12638e+06 -2.18778e+06 14462 
1.56946e+07 -1.09703e+07 7.75922e+06 -1.1481e+06 -2.20993e+06 29351 
1.57729e+07 -1.09327e+07 7.69453e+06 -1.14332e+06 -2.18831e+06 15608 
1.57212e+07 -1.09105e+07 7.66285e+06 -1.13474e+06 -2.20612e+06 26648 
1.5765e+07 -1.10161e+07 7.7653e+06 -1.1587e+06 -2.1928e+06 19645 
1.57176e+07 -1.09856e+07 7.75726e+06 -1.12982e+06 -2.20075e+06 17556 
1.56799e+07 -1.09435e+07 7.73497e+06 -1.1462e+06 -2.20261e+06 26199 
1.57157e+07 -1.09609e+07 7.75769e+06 -1.12199e+06 -2.19985e+06 13697 
1.56672e+07 -1.10084e+07 7.75088e+06 -1.15463e+06 -2.20328e+06 28645 
1.57148e+07 -1.09351e+07 7.68315e+06 -1.12924e+06 -2.19672e+06 12024 
1.57214e+07 -1.0952e+07 7.73048e+06 -1.15439e+06 -2.20061e+06 27159 
1.57401e+07 -1.08837e+07 7.67489e+06 -1.12619e+06 -2.18802e+06 13507 
1.57044e+07 -1.09518e+07 7.80599e+06 -1.13748e+06 -2.20932e+06 27249 
1.57412e+07 -1.09211e+07 7.66564e+06 -1.13228e+06 -2.19575e+06 15977 
1.56614e+07 -1.09284e+07 7.74578e+06 -1.11932e+06 -2.20438e+06 19207 
1.57141e+07 -1.08919e+07 7.68085e+06 -1.13684e+06 -2.20399e+06 23777 
1.57341e+07 -1.09889e+07 7.78829e+06 -1.11948e+06 -2.20043e+06 13873 
1.57153e+07 -1.09233e+07 7.68344e+06 -1.1434e+06 -2.20818e+06 27707 
1.56828e+07 -1.09605e+07 7.66814e+06 -1.11957e+06 -2.19065e+06 12475 
1.57146e+07 -1.09598e+07 7.67776e+06 -1.14217e+06 -2.2068e+06 27636 
1.57468e+07 -1.09945e+07 7.68601e+06 -1.13947e+06 -2.18342e+06 11083 
1.56828e+07 -1.10037e+07 7.71533e+06 -1.136e+06 -2.203e+06 25115 
1.58113e+07 -1.09406e+07 7.7001e+06 -1.14517e+06 -2.18954e+06 18711 
1.57836e+07 -1.09546e+07 7.7293e+06 -1.11659e+06 -2.21042e+06 16551 
1.56978e+07 -1.09612e+07 7.81239e+06 -1.14326e+06 -2.1916e+06 22750 
1.56877e+07 -1.0985e+07 7.74266e+06 -1.12095e+06 -2.19053e+06 14388 
1.57459e+07 -1.09698e+07 7.72421e+06 -1.15507e+06 -2.20266e+06 27245 
1.57582e+07 -1.09584e+07 7.7631e+06 -1.12458e+06 -2.1824e+06 10035 
1.57225e+07 -1.10093e+07 7.70948e+06 -1.15104e+06 -2.20279e+06 27245 
1.57539e+07 -1.09932e+07 7.68709e+06 -1.14087e+06 -2.18531e+06 14268 
1.57243e+07 -1.09541e+07 7.75276e+06 -1.12315e+06 -2.20748e+06 24576 
1.57447e+07 -1.09841e+07 7.72574e+06 -1.14684e+06 -2.18846e+06 19940 
1.57228e+07 -1.10068e+07 7.72024e+06 -1.11934e+06 -2.20695e+06 18348 
1.57743e+07 -1.10163e+07 7.77137e+06 -1.1573e+06 -2.19902e+06 25267 
1.56717e+07 -1.09372e+07 7.67037e+06 -1.1216e+06 -2.18524e+06 11311 
1.57131e+07 -1.09636e+07 7.72705e+06 -1.14635e+06 -2.20352e+06 27929 
1.57714e+07 -1.10088e+07 7.66708e+06 -1.13342e+06 -2.18564e+06 11275 
1.57181e+07 -1.09472e+07 7.76131e+06 -1.13334e+06 -2.20363e+06 25006 
1.57638e+07 -1.09671e+07 7.73889e+06 -1.13935e+06 -2.1916e+06 18793 
1.57829e+07 -1.09349e+07 7.71703e+06 -1.12254e+06 -2.20365e+06 20691 
1.57414e+07 -1.0979e+07 7.71755e+06 -1.14428e+06 -2.19973e+06 24609 
1.57576e+07 -1.09337e+07 7.72667e+06 -1.1231e+06 -2.18988e+06 15534 
1.56894e+07 -1.10068e+07 7.76048e+06 -1.15355e+06 -2.20485e+06 28415 
1.57856e+07 -1.09572e+07 7.6636e+06 -1.13187e+06 -2.1798e+06 14228 
1.57146e+07 -1.10263e+07 7.78196e+06 -1.1504e+06 -2.20397e+06 25195 
1.57887e+07 -1.09915e+07 7.61092e+06 -1.14675e+06 -2.17722e+06 18484 
1.57524e+07 -1.10069e+07 7.72816e+06 -1.13546e+06 -2.20019e+06 25652 
1.57606e+07 -1.0927e+07 7.68681e+06 -1.14623e+06 -2.18648e+06 21108 
1.57223e+07 -1.09899e+07 7.71991e+06 -1.12676e+06 -2.20199e+06 21295 
1.57808e+07 -1.10166e+07 7.72541e+06 -1.15971e+06 -2.19663e+06 26276 
1.57384e+07 -1.09813e+07 7.75854e+06 -1.13194e+06 -2.18954e+06 14839 
1.57833e+07 -1.10401e+07 7.65624e+06 -1.16576e+06 -2.19981e+06 27923 
1.57798e+07 -1.09847e+07 7.70506e+06 -1.13542e+06 -2.18179e+06 15357 
1.57107e+07 -1.10609e+07 7.71339e+06 -1.15082e+06 -2.20266e+06 28555 
1.5747e+07 -1.09694e+07 7.74248e+06 -1.1458e+06 -2.18201e+06 18842 
1.56842e+07 -1.10277e+07 7.71152e+06 -1.13177e+06 -2.20779e+06 24483 
1.57119e+07 -1.10249e+07 7.70002e+06 -1.16162e+06 -2.18031e+06 24574 
1.57338e+07 -1.101e+07 7.7436e+06 -1.12923e+06 -2.19687e+06 21762 
1.57909e+07 -1.10234e+07 7.69013e+06 -1.17131e+06 -2.19967e+06 29410 
1.57594e+07 -1.09458e+07 7.70442e+06 -1.12745e+06 -2.18667e+06 16535 
1.56965e+07 -1.10202e+07 7.77523e+06 -1.16348e+06 -2.1995e+06 31300 
1.57221e+07 -1.09725e+07 7.70208e+06 -1.13173e+06 -2.18145e+06 17388 
1.57277e+07 -1.10318e+07 7.71705e+06 -1.14618e+06 -2.20503e+06 27421 
1.5753e+07 -1.10777e+07 7.68256e+06 -1.15357e+06 -2.18427e+06 22826 
1.57527e+07 -1.10217e+07 7.7268e+06 -1.13644e+06 -2.19864e+06 22257 
1.57503e+07 -1.10438e+07 7.80506e+06 -1.16194e+06 -2.19795e+06 27327 
1.57046e+07 -1.10457e+07 7.70796e+06 -1.13865e+06 -2.18933e+06 13472 
1.5743e+07 -1.10686e+07 7.65571e+06 -1.16567e+06 -2.20301e+06 30166 
1.57407e+07 -1.1015e+07 7.71186e+06 -1.13948e+06 -2.18175e+06 15086 
1.57606e+07 -1.10239e+07 7.73327e+06 -1.15507e+06 -2.205e+06 27279 
1.57178e+07 -1.09704e+07 7.73583e+06 -1.14351e+06 -2.18119e+06 17557 
1.57846e+07 -1.10071e+07 7.76946e+06 -1.13633e+06 -2.20765e+06 24809 
1.57853e+07 -1.10714e+07 7.72556e+06 -1.16094e+06 -2.18796e+06 24903 
1.57454e+07 -1.09899e+07 7.76626e+06 -1.12534e+06 -2.20613e+06 20988 
1.57508e+07 -1.10238e+07 7.68404e+06 -1.16299e+06 -2.19919e+06 26624 
1.57662e+07 -1.10068e+07 7.66153e+06 -1.13048e+06 -2.19378e+06 15885 
1.5807e+07 -1.10912e+07 7.71288e+06 -1.16768e+06 -2.20709e+06 30293 
1.58097e+07 -1.09498e+07 7.7078e+06 -1.13788e+06 -2.18475e+06 14394 
1.57798e+07 -1.10987e+07 7.7829e+06 -1.15715e+06 -2.20882e+06 25260 
1.57656e+07 -1.09981e+07 7.70946e+06 -1.15082e+06 -2.18868e+06 17300 
1.57302e+07 -1.09863e+07 7.7112e+06 -1.13475e+06 -2.20385e+06 23436 
1.57855e+07 -1.10452e+07 7.75781e+06 -1.15697e+06 -2.19186e+06 23091 
1.57478e+07 -1.09134e+07 7.70014e+06 -1.12098e+06 -2.2024e+06 20811 
1.57141e+07 -1.0995e+07 7.71958e+06 -1.15753e+06 -2.20482e+06 26945 
1.57535e+07 -1.09387e+07 7.73329e+06 -1.12513e+06 -2.19495e+06 15995 
1.57281e+07 -1.09888e+07 7.73148e+06 -1.14872e+06 -2.20644e+06 28036 
1.57537e+07 -1.09844e+07 7.6826e+06 -1.12575e+06 -2.18642e+06 15526 
1.5732e+07 -1.0983e+07 7.76723e+06 -1.15344e+06 -2.20424e+06 28114 
1.57373e+07 -1.09847e+07 7.68915e+06 -1.15219e+06 -2.17545e+06 16541 
1.56808e+07 -1.10399e+07 7.66404e+06 -1.14491e+06 -2.20148e+06 20754 
1.5803e+07 -1.09857e+07 7.73043e+06 -1.15381e+06 -2.1941e+06 24608 
1.57192e+07 -1.09666e+07 7.70802e+06 -1.13091e+06 -2.19758e+06 16580 
1.57525e+07 -1.10695e+07 7.67736e+06 -1.15866e+06 -2.20195e+06 29414 
1.57752e+07 -1.09875e+07 7.67124e+06 -1.12548e+06 -2.18933e+06 15883 
1.57276e+07 -1.10095e+07 7.72962e+06 -1.1472e+06 -2.20878e+06 30690 
1.57133e+07 -1.09365e+07 7.7048e+06 -1.12774e+06 -2.18222e+06 14325 
1.57279e+07 -1.0997e+07 7.73488e+06 -1.13876e+06 -2.20896e+06 30764 
1.57469e+07 -1.09451e+07 7.69633e+06 -1.14701e+06 -2.18422e+06 18889 
1.57003e+07 -1.10425e+07 7.71703e+06 -1.13057e+06 -2.20279e+06 22541 
1.5782e+07 -1.09707e+07 7.7377e+06 -1.1594e+06 -2.19318e+06 24348 
1.56946e+07 -1.10287e+07 7.76547e+06 -1.13551e+06 -2.19337e+06 15854 
1.57359e+07 -1.10353e+07 7.80891e+06 -1.16402e+06 -2.20153e+06 29341 
1.57312e+07 -1.10283e+07 7.70198e+06 -1.1403e+06 -2.18563e+06 15735 
1.57506e+07 -1.10253e+07 7.76234e+06 -1.14431e+06 -2.20904e+06 25585 
1.57526e+07 -1.10183e+07 7.71277e+06 -1.14992e+06 -2.19964e+06 21656 
1.57224e+07 -1.09225e+07 7.67119e+06 -1.1202e+06 -2.20814e+06 18364 
1.57619e+07 -1.10254e+07 7.73328e+06 -1.15316e+06 -2.20909e+06 25545 
1.57542e+07 -1.09846e+07 7.71669e+06 -1.12995e+06 -2.19535e+06 12906 
1.57526e+07 -1.09889e+07 7.77381e+06 -1.14181e+06 -2.21342e+06 24524 
1.57538e+07 -1.09261e+07 7.69285e+06 -1.14454e+06 -2.19192e+06 20960 
1.57388e+07 -1.10592e+07 7.61405e+06 -1.13478e+06 -2.19137e+06 17555 
1.57861e+07 -1.10364e+07 7.69043e+06 -1.15751e+06 -2.2049e+06 27119 
1.5817e+07 -1.10472e+07 7.66745e+06 -1.14308e+06 -2.18849e+06 14491 
1.56854e+07 -1.10389e+07 7.74009e+06 -1.13581e+06 -2.20999e+06 23868 
1.5804e+07 -1.10053e+07 7.65916e+06 -1.14123e+06 -2.19516e+06 19661 
1.5717e+07 -1.10008e+07 7.73874e+06 -1.1129e+06 -2.20435e+06 13070 
1.56878e+07 -1.08927e+07 7.66365e+06 -1.1448e+06 -2.20659e+06 26212 
1.57894e+07 -1.10074e+07 7.73588e+06 -1.12568e+06 -2.18993e+06 12525 
1.57884e+07 -1.10395e+07 7.73785e+06 -1.15127e+06 -2.20582e+06 24684 
1.57769e+07 -1.10175e+07 7.77814e+06 -1.15394e+06 -2.19029e+06 18227 
1.57549e+07 -1.10298e+07 7.73038e+06 -1.1262e+06 -2.19864e+06 15827 
1.57493e+07 -1.10436e+07 7.71278e+06 -1.15649e+06 -2.19985e+06 26528 
1.57785e+07 -1.09517e+07 7.66349e+06 -1.12194e+06 -2.19473e+06 12814 
1.575e+07 -1.10649e+07 7.80561e+06 -1.14078e+06 -2.21399e+06 24119 
1.57911e+07 -1.09961e+07 7.8106e+06 -1.1393e+06 -2.19669e+06 20889 
1.57337e+07 -1.09682e+07 7.66549e+06 -1.12105e+06 -2.20092e+06 16433 
1.56855e+07 -1.09237e+07 7.77441e+06 -1.14759e+06 -2.20499e+06 26311 
1.57798e+07 -1.09278e+07 7.62432e+06 -1.12101e+06 -2.18588e+06 12520 
1.56676e+07 -1.10647e+07 7.74476e+06 -1.14299e+06 -2.20315e+06 24545 
1.57635e+07 -1.10027e+07 7.69074e+06 -1.14387e+06 -2.18486e+06 16971 
1.57302e+07 -1.10348e+07 7.75736e+06 -1.12962e+06 -2.19955e+06 17945 
1.57829e+07 -1.09612e+07 7.68141e+06 -1.15152e+06 -2.19172e+06 25717 
1.57204e+07 -1.09706e+07 7.73154e+06 -1.1141e+06 -2.19697e+06 11539 
1.57431e+07 -1.10284e+07 7.69575e+06 -1.14926e+06 -2.20546e+06 25294 
1.57553e+07 -1.09914e+07 7.70022e+06 -1.12748e+06 -2.19301e+06 14218 
1.57478e+07 -1.10723e+07 7.80154e+06 -1.13511e+06 -2.2113e+06 21245 
1.58276e+07 -1.10388e+07 7.69878e+06 -1.16329e+06 -2.19055e+06 19856 
1.57709e+07 -1.1104e+07 7.6741e+06 -1.13211e+06 -2.19426e+06 14337 
1.58105e+07 -1.10551e+07 7.69727e+06 -1.16388e+06 -2.20699e+06 24949 
1.57807e+07 -1.10712e+07 7.77012e+06 -1.13925e+06 -2.18204e+06 13853 
1.57467e+07 -1.09896e+07 7.75177e+06 -1.13821e+06 -2.20648e+06 23139 
1.57821e+07 -1.09972e+07 7.66119e+06 -1.15128e+06 -2.19957e+06 22353 
1.58053e+07 -1.096e+07 7.78031e+06 -1.11828e+06 -2.19857e+06 11756 
1.57089e+07 -1.10383e+07 7.80867e+06 -1.14606e+06 -2.20974e+06 26872 
1.58346e+07 -1.09244e+07 7.77698e+06 -1.12883e+06 -2.18858e+06 13385 
1.57062e+07 -1.09657e+07 7.80562e+06 -1.12518e+06 -2.21009e+06 21041 
1.58009e+07 -1.10283e+07 7.68018e+06 -1.15839e+06 -2.18496e+06 21371 
1.57518e+07 -1.09502e+07 7.69438e+06 -1.12049e+06 -2.1945e+06 13324 
1.56908e+07 -1.09559e+07 7.77544e+06 -1.15768e+06 -2.1929e+06 28287 
1.57978e+07 -1.10215e+07 7.71676e+06 -1.14411e+06 -2.18372e+06 14397 
1.57509e+07 -1.10035e+07 7.72821e+06 -1.13117e+06 -2.19796e+06 22103 
1.58201e+07 -1.10995e+07 7.75329e+06 -1.15183e+06 -2.19629e+06 24377 
1.57414e+07 -1.09719e+07 7.66244e+06 -1.11626e+06 -2.19237e+06 12809 
1.57518e+07 -1.10169e+07 7.69292e+06 -1.14483e+06 -2.2099e+06 28014 
1.58197e+07 -1.0995e+07 7.63445e+06 -1.13154e+06 -2.18526e+06 17942 
1.57001e+07 -1.09892e+07 7.77976e+06 -1.13211e+06 -2.20258e+06 21730 
1.58017e+07 -1.09884e+07 7.73238e+06 -1.16645e+06 -2.1898e+06 24513 
1.57789e+07 -1.10168e+07 7.71363e+06 -1.12487e+06 -2.18531e+06 14627 
1.57592e+07 -1.10567e+07 7.78069e+06 -1.15782e+06 -2.20265e+06 28534 
1.58298e+07 -1.10258e+07 7.70818e+06 -1.14248e+06 -2.17995e+06 17493 
1.57252e+07 -1.10511e+07 7.78396e+06 -1.13721e+06 -2.20602e+06 22472 
1.58279e+07 -1.10112e+07 7.70687e+06 -1.16089e+06 -2.19266e+06 26548 
1.56927e+07 -1.0926e+07 7.69816e+06 -1.11412e+06 -2.19902e+06 16529 
1.57774e+07 -1.10571e+07 7.80853e+06 -1.15734e+06 -2.2026e+06 26635 
1.57228e+07 -1.10137e+07 7.6951e+06 -1.13846e+06 -2.17936e+06 14638 
1.58159e+07 -1.10629e+07 7.75931e+06 -1.14468e+06 -2.20871e+06 25749 
1.58204e+07 -1.10389e+07 7.74011e+06 -1.1547e+06 -2.18485e+06 23522 
1.58484e+07 -1.10156e+07 7.72331e+06 -1.13793e+06 -2.20434e+06 18084 
1.58585e+07 -1.117e+07 7.72798e+06 -1.17009e+06 -2.20234e+06 30853 
1.58026e+07 -1.0965e+07 7.74207e+06 -1.1268e+06 -2.19272e+06 15618 
1.57139e+07 -1.09895e+07 7.72013e+06 -1.14974e+06 -2.20493e+06 31639 
1.57469e+07 -1.10016e+07 7.70204e+06 -1.14836e+06 -2.18131e+06 19097 
1.57709e+07 -1.10528e+07 7.75255e+06 -1.13988e+06 -2.21191e+06 24243 
1.57836e+07 -1.09564e+07 7.71722e+06 -1.16779e+06 -2.18912e+06 26528 
1.57579e+07 -1.10785e+07 7.67417e+06 -1.13344e+06 -2.19497e+06 17778 
1.58017e+07 -1.10538e+07 7.68435e+06 -1.17247e+06 -2.20235e+06 29561 
1.57202e+07 -1.09641e+07 7.65466e+06 -1.14129e+06 -2.17795e+06 17689 
1.57456e+07 -1.0989e+07 7.74495e+06 -1.14612e+06 -2.21315e+06 27729 
1.5788e+07 -1.09989e+07 7.68032e+06 -1.14782e+06 -2.18882e+06 19868 
1.57203e+07 -1.10638e+07 7.72769e+06 -1.13799e+06 -2.20384e+06 23144 
1.5759e+07 -1.10453e+07 7.74485e+06 -1.16175e+06 -2.19528e+06 25993 
1.57429e+07 -1.09753e+07 7.64494e+06 -1.13415e+06 -2.18908e+06 14735 
1.57661e+07 -1.10006e+07 7.71207e+06 -1.15849e+06 -2.2041e+06 30274 
1.57804e+07 -1.10025e+07 7.61281e+06 -1.14434e+06 -2.18539e+06 14381 
1.5752e+07 -1.1052e+07 7.79723e+06 -1.15649e+06 -2.20783e+06 26297 
1.57715e+07 -1.10024e+07 7.67053e+06 -1.15082e+06 -2.18848e+06 21860 
1.57341e+07 -1.10214e+07 7.71268e+06 -1.12841e+06 -2.20241e+06 17943 
1.58191e+07 -1.10189e+07 7.67263e+06 -1.15506e+06 -2.21128e+06 25147 
1.57592e+07 -1.0954e+07 7.73201e+06 -1.12413e+06 -2.19322e+06 10705 
1.56841e+07 -1.10278e+07 7.75092e+06 -1.14655e+06 -2.21124e+06 27337 
1.57183e+07 -1.09802e+07 7.71839e+06 -1.1394e+06 -2.18468e+06 14767 
1.57272e+07 -1.0944e+07 7.75894e+06 -1.13926e+06 -2.21137e+06 19434 
1.58328e+07 -1.10358e+07 7.69942e+06 -1.16026e+06 -2.19507e+06 21702 
1.5785e+07 -1.10052e+07 7.71236e+06 -1.12814e+06 -2.20176e+06 14111 
1.57741e+07 -1.11178e+07 7.76716e+06 -1.16143e+06 -2.20446e+06 27549 
1.5837e+07 -1.0938e+07 7.72185e+06 -1.13253e+06 -2.19808e+06 14535 
1.58059e+07 -1.11174e+07 7.74129e+06 -1.13405e+06 -2.21716e+06 24566 
1.57743e+07 -1.10039e+07 7.70245e+06 -1.14232e+06 -2.19453e+06 17655 
1.57749e+07 -1.10159e+07 7.73002e+06 -1.12482e+06 -2.20777e+06 16474 
1.57495e+07 -1.10533e+07 7.74878e+06 -1.16064e+06 -2.1982e+06 27136 
1.57465e+07 -1.09477e+07 7.7106e+06 -1.12198e+06 -2.19321e+06 11056 
1.57469e+07 -1.10274e+07 7.6577e+06 -1.1538e+06 -2.20745e+06 23254 
1.57442e+07 -1.09867e+07 7.68158e+06 -1.13483e+06 -2.18518e+06 15474 
1.57683e+07 -1.10578e+07 7.75732e+06 -1.14315e+06 -2.20712e+06 19169 
1.57719e+07 -1.10148e+07 7.73324e+06 -1.15626e+06 -2.18769e+06 22943 
1.57431e+07 -1.09867e+07 7.72208e+06 -1.12096e+06 -2.19906e+06 14088 
1.57691e+07 -1.09676e+07 7.76478e+06 -1.15099e+06 -2.20318e+06 24149 
1.57381e+07 -1.10444e+07 7.75542e+06 -1.12062e+06 -2.1935e+06 12778 
1.56987e+07 -1.10746e+07 7.7408e+06 -1.15489e+06 -2.20818e+06 26780 
1.57717e+07 -1.09987e+07 7.63434e+06 -1.14509e+06 -2.18496e+06 16139 
1.57311e+07 -1.10051e+07 7.75418e+06 -1.13266e+06 -2.19755e+06 21284 
1.58405e+07 -1.09481e+07 7.68823e+06 -1.15309e+06 -2.18918e+06 21815 
1.57787e+07 -1.103e+07 7.69518e+06 -1.12777e+06 -2.1975e+06 12679 
1.57938e+07 -1.1059e+07 7.69714e+06 -1.15674e+06 -2.19994e+06 26633 
1.58167e+07 -1.0981e+07 7.75338e+06 -1.11662e+06 -2.19e+06 13859 
1.57635e+07 -1.10212e+07 7.71187e+06 -1.14403e+06 -2.20987e+06 24762 
1.57761e+07 -1.09328e+07 7.7256e+06 -1.13493e+06 -2.19397e+06 15848 
1.57304e+07 -1.09964e+07 7.73187e+06 -1.1313e+06 -2.20272e+06 20615 
1.57976e+07 -1.10409e+07 7.68294e+06 -1.15735e+06 -2.19023e+06 22793 
1.58089e+07 -1.10176e+07 7.65905e+06 -1.13101e+06 -2.19183e+06 15710 
1.57852e+07 -1.10767e+07 7.76144e+06 -1.16111e+06 -2.19818e+06 24945 
1.58784e+07 -1.10106e+07 7.70598e+06 -1.12861e+06 -2.18919e+06 13678 
1.5814e+07 -1.0965e+07 7.70619e+06 -1.14476e+06 -2.20858e+06 25972 
1.57775e+07 -1.09817e+07 7.68831e+06 -1.14359e+06 -2.18178e+06 17983 
1.57713e+07 -1.10238e+07 7.68463e+06 -1.13294e+06 -2.21596e+06 22178 
1.57964e+07 -1.11198e+07 7.76025e+06 -1.16272e+06 -2.19082e+06 23564 
1.57693e+07 -1.11112e+07 7.75809e+06 -1.12891e+06 -2.19532e+06 17611 
1.57992e+07 -1.10798e+07 7.66161e+06 -1.1671e+06 -2.19054e+06 25784 
1.57277e+07 -1.09999e+07 7.73646e+06 -1.1276e+06 -2.17988e+06 12709 
1.57811e+07 -1.10873e+07 7.7678e+06 -1.15817e+06 -2.20311e+06 26271 
1.57784e+07 -1.09467e+07 7.63993e+06 -1.13603e+06 -2.18314e+06 16757 
1.5727e+07 -1.09816e+07 7.79437e+06 -1.12972e+06 -2.21104e+06 24856 
1.58058e+07 -1.10556e+07 7.74314e+06 -1.15601e+06 -2.18935e+06 24928 
1.5824e+07 -1.1081e+07 7.69664e+06 -1.12434e+06 -2.19326e+06 18704 
1.58262e+07 -1.10571e+07 7.64853e+06 -1.17184e+06 -2.19277e+06 30720 
1.57661e+07 -1.10174e+07 7.68849e+06 -1.12985e+06 -2.18869e+06 15107 
1.57938e+07 -1.10382e+07 7.76404e+06 -1.15907e+06 -2.19427e+06 27309 
1.57822e+07 -1.10278e+07 7.75438e+06 -1.1396e+06 -2.18845e+06 17318 
1.57264e+07 -1.10138e+07 7.7274e+06 -1.1408e+06 -2.20683e+06 24552 
1.58584e+07 -1.10763e+07 7.66788e+06 -1.15465e+06 -2.19469e+06 23306 
1.57082e+07 -1.09106e+07 7.71211e+06 -1.13018e+06 -2.19536e+06 18321 
1.5806e+07 -1.10693e+07 7.71913e+06 -1.16328e+06 -2.19901e+06 29595 
1.57662e+07 -1.09867e+07 7.70416e+06 -1.12677e+06 -2.18483e+06 16329 
1.57688e+07 -1.11714e+07 7.77613e+06 -1.1593e+06 -2.2064e+06 29911 
1.58593e+07 -1.11767e+07 7.71334e+06 -1.15662e+06 -2.18338e+06 18450 
1.57383e+07 -1.09798e+07 7.70117e+06 -1.14459e+06 -2.2011e+06 23111 
1.57928e+07 -1.10076e+07 7.62355e+06 -1.16638e+06 -2.18877e+06 23805 
1.57315e+07 -1.10686e+07 7.69122e+06 -1.13981e+06 -2.20069e+06 18919 
1.579e+07 -1.10296e+07 7.66979e+06 -1.17048e+06 -2.19658e+06 28144 
1.57826e+07 -1.10641e+07 7.66418e+06 -1.13331e+06 -2.18843e+06 16448 
1.57527e+07 -1.10999e+07 7.73794e+06 -1.15577e+06 -2.21388e+06 28335 
1.57351e+07 -1.0896e+07 7.63683e+06 -1.13632e+06 -2.18546e+06 18430 
1.56346e+07 -1.10505e+07 7.75544e+06 -1.14121e+06 -2.20515e+06 22819 
1.58116e+07 -1.09935e+07 7.68819e+06 -1.14926e+06 -2.19938e+06 22759 
1.57766e+07 -1.10786e+07 7.69096e+06 -1.14023e+06 -2.1967e+06 17535 
1.57711e+07 -1.11481e+07 7.69372e+06 -1.16576e+06 -2.19542e+06 27572 
1.57294e+07 -1.0996e+07 7.71938e+06 -1.14005e+06 -2.18251e+06 12771 
1.57641e+07 -1.10332e+07 7.77236e+06 -1.16458e+06 -2.20626e+06 29656 
1.57404e+07 -1.09948e+07 7.67048e+06 -1.13742e+06 -2.18862e+06 14412 
1.56985e+07 -1.10586e+07 7.74132e+06 -1.14533e+06 -2.21415e+06 25489 
1.58205e+07 -1.09956e+07 7.66649e+06 -1.16101e+06 -2.19773e+06 19476 
1.57413e+07 -1.10283e+07 7.78401e+06 -1.13249e+06 -2.20678e+06 17458 
1.57748e+07 -1.10495e+07 7.74104e+06 -1.1746e+06 -2.19814e+06 25820 
1.57607e+07 -1.10133e+07 7.66428e+06 -1.12693e+06 -2.19537e+06 13992 
1.58239e+07 -1.10768e+07 7.73798e+06 -1.16716e+06 -2.19684e+06 26883 
1.577e+07 -1.10234e+07 7.79159e+06 -1.13554e+06 -2.19736e+06 14352 
1.57862e+07 -1.10453e+07 7.66562e+06 -1.15936e+06 -2.21172e+06 22168 
1.58269e+07 -1.10287e+07 7.70374e+06 -1.14509e+06 -2.20054e+06 18814 
1.57239e+07 -1.09815e+07 7.77394e+06 -1.13326e+06 -2.20588e+06 17974 
1.57823e+07 -1.0997e+07 7.65775e+06 -1.15283e+06 -2.20446e+06 22887 
1.57493e+07 -1.09188e+07 7.64191e+06 -1.12535e+06 -2.19518e+06 12690 
1.57687e+07 -1.10725e+07 7.83237e+06 -1.16802e+06 -2.20382e+06 26712 
1.5759e+07 -1.09591e+07 7.65489e+06 -1.12789e+06 -2.18376e+06 10719 
1.56828e+07 -1.1042e+07 7.73191e+06 -1.14688e+06 -2.2035e+06 25004 
1.58099e+07 -1.092e+07 7.69986e+06 -1.14003e+06 -2.19086e+06 17856 
1.57877e+07 -1.10207e+07 7.77158e+06 -1.12736e+06 -2.2213e+06 19868 
1.57455e+07 -1.09852e+07 7.6917e+06 -1.15804e+06 -2.18281e+06 20764 
1.57549e+07 -1.10014e+07 7.75382e+06 -1.12302e+06 -2.19884e+06 14644 
1.57887e+07 -1.11038e+07 7.66888e+06 -1.17115e+06 -2.18909e+06 25217 
1.57763e+07 -1.09809e+07 7.64598e+06 -1.12505e+06 -2.18779e+06 12069 
1.57826e+07 -1.10685e+07 7.79977e+06 -1.15423e+06 -2.20302e+06 26558 
1.57948e+07 -1.09808e+07 7.75507e+06 -1.12864e+06 -2.1959e+06 15186 
1.57756e+07 -1.11076e+07 7.72612e+06 -1.1393e+06 -2.21454e+06 21639 
1.58161e+07 -1.10313e+07 7.68454e+06 -1.14591e+06 -2.18935e+06 19913 
1.5766e+07 -1.09436e+07 7.67902e+06 -1.13566e+06 -2.20752e+06 15502 
1.57802e+07 -1.11149e+07 7.68534e+06 -1.17364e+06 -2.18714e+06 23785 
1.57656e+07 -1.10071e+07 7.71091e+06 -1.12211e+06 -2.19116e+06 12774 
1.56953e+07 -1.09275e+07 7.79287e+06 -1.16682e+06 -2.19731e+06 28103 
1.58216e+07 -1.09894e+07 7.66974e+06 -1.12993e+06 -2.18813e+06 15750 
1.57564e+07 -1.09116e+07 7.80574e+06 -1.14604e+06 -2.21111e+06 25188 
1.58083e+07 -1.09378e+07 7.75211e+06 -1.14119e+06 -2.19527e+06 19092 
1.58309e+07 -1.10117e+07 7.74652e+06 -1.13256e+06 -2.211e+06 19054 
1.57495e+07 -1.09809e+07 7.70634e+06 -1.15375e+06 -2.18858e+06 24869 
1.57574e+07 -1.09157e+07 7.80296e+06 -1.1205e+06 -2.18927e+06 13691 
1.57556e+07 -1.10694e+07 7.72378e+06 -1.16171e+06 -2.20004e+06 28044 
1.57804e+07 -1.09964e+07 7.74497e+06 -1.13058e+06 -2.17698e+06 13907 
1.57836e+07 -1.1093e+07 7.7877e+06 -1.15328e+06 -2.20428e+06 26820 
1.57741e+07 -1.10304e+07 7.73568e+06 -1.14724e+06 -2.17584e+06 18695 
1.57501e+07 -1.10834e+07 7.75234e+06 -1.1383e+06 -2.20502e+06 22714 
1.57767e+07 -1.09561e+07 7.75565e+06 -1.15339e+06 -2.18775e+06 22230 
1.57827e+07 -1.09991e+07 7.71202e+06 -1.13019e+06 -2.19775e+06 17855 
1.57902e+07 -1.10955e+07 7.71906e+06 -1.16211e+06 -2.20224e+06 28211 
1.58114e+07 -1.10107e+07 7.6472e+06 -1.13096e+06 -2.18602e+06 16175 
1.57605e+07 -1.11122e+07 7.79587e+06 -1.16516e+06 -2.20197e+06 25749 
1.58044e+07 -1.10069e+07 7.70896e+06 -1.15372e+06 -2.17482e+06 17417 
1.58145e+07 -1.09946e+07 7.68861e+06 -1.14349e+06 -2.20843e+06 25131 
1.58002e+07 -1.11118e+07 7.73412e+06 -1.16346e+06 -2.17921e+06 23868 
1.57583e+07 -1.10007e+07 7.73113e+06 -1.13762e+06 -2.20223e+06 20043 
1.58213e+07 -1.11918e+07 7.73132e+06 -1.17044e+06 -2.19299e+06 28645 
1.58187e+07 -1.10054e+07 7.69867e+06 -1.13162e+06 -2.19361e+06 14272 
1.57247e+07 -1.10696e+07 7.77408e+06 -1.1734e+06 -2.18947e+06 28087 
1.58259e+07 -1.10958e+07 7.74885e+06 -1.1488e+06 -2.18105e+06 16345 
1.57358e+07 -1.09498e+07 7.77876e+06 -1.15823e+06 -2.19674e+06 26941 
1.58291e+07 -1.10528e+07 7.70058e+06 -1.14638e+06 -2.1871e+06 22504 
1.58455e+07 -1.11065e+07 7.82341e+06 -1.14842e+06 -2.20778e+06 20593 
1.57582e+07 -1.10084e+07 7.71457e+06 -1.16983e+06 -2.18895e+06 26048 
1.57675e+07 -1.1059e+07 7.72983e+06 -1.12629e+06 -2.19568e+06 15512 
1.58154e+07 -1.10508e+07 7.73098e+06 -1.16671e+06 -2.20109e+06 30153 
1.58128e+07 -1.09897e+07 7.75789e+06 -1.13658e+06 -2.19454e+06 16653 
1.57501e+07 -1.11337e+07 7.66408e+06 -1.16627e+06 -2.20558e+06 29088 
1.57957e+07 -1.09261e+07 7.69888e+06 -1.15151e+06 -2.17816e+06 18097 
1.58635e+07 -1.11455e+07 7.74048e+06 -1.15641e+06 -2.20773e+06 25139 
1.57797e+07 -1.113e+07 7.69435e+06 -1.164e+06 -2.18639e+06 22495 
1.5757e+07 -1.10319e+07 7.67525e+06 -1.13467e+06 -2.2091e+06 20587 
1.58086e+07 -1.10915e+07 7.74137e+06 -1.17483e+06 -2.19892e+06 28779 
1.57412e+07 -1.09657e+07 7.73822e+06 -1.13e+06 -2.18949e+06 19741 
1.57804e+07 -1.10545e+07 7.7018e+06 -1.15742e+06 -2.205e+06 29383 
1.58181e+07 -1.10759e+07 7.70242e+06 -1.14173e+06 -2.18491e+06 16502 
1.57221e+07 -1.10304e+07 7.79805e+06 -1.1606e+06 -2.20411e+06 29309 
1.58114e+07 -1.1037e+07 7.7021e+06 -1.15728e+06 -2.18295e+06 20697 
1.57343e+07 -1.10395e+07 7.7393e+06 -1.14709e+06 -2.19662e+06 21888 
1.57613e+07 -1.10707e+07 7.70604e+06 -1.16542e+06 -2.18968e+06 25348 
1.5789e+07 -1.09516e+07 7.6667e+06 -1.13553e+06 -2.20792e+06 16111 
1.58095e+07 -1.11417e+07 7.71778e+06 -1.16734e+06 -2.20231e+06 27908 
1.57785e+07 -1.11152e+07 7.71464e+06 -1.13626e+06 -2.19599e+06 14247 
1.5798e+07 -1.10575e+07 7.77228e+06 -1.16343e+06 -2.21025e+06 27221 
1.58103e+07 -1.10001e+07 7.67935e+06 -1.1439e+06 -2.18508e+06 19601 
1.57667e+07 -1.10938e+07 7.77175e+06 -1.15322e+06 -2.20302e+06 24073 
1.58058e+07 -1.09434e+07 7.66022e+06 -1.16666e+06 -2.18303e+06 20762 
1.57996e+07 -1.09609e+07 7.74699e+06 -1.14045e+06 -2.20917e+06 16014 
1.57819e+07 -1.10871e+07 7.78994e+06 -1.17569e+06 -2.19309e+06 28696 
1.58145e+07 -1.09298e+07 7.79059e+06 -1.1333e+06 -2.2026e+06 14667 
1.56757e+07 -1.10135e+07 7.68731e+06 -1.15195e+06 -2.20788e+06 30260 
1.5772e+07 -1.09844e+07 7.69282e+06 -1.13616e+06 -2.19323e+06 13722 
1.56715e+07 -1.10846e+07 7.81624e+06 -1.14565e+06 -2.2093e+06 23895 
1.58137e+07 -1.1102e+07 7.67837e+06 -1.16127e+06 -2.19018e+06 18685 
1.57414e+07 -1.10486e+07 7.74046e+06 -1.13821e+06 -2.20204e+06 17385 
1.58911e+07 -1.10543e+07 7.77982e+06 -1.16825e+06 -2.20098e+06 23796 
1.57183e+07 -1.09846e+07 7.67655e+06 -1.12994e+06 -2.18916e+06 17073 
1.57947e+07 -1.10214e+07 7.65315e+06 -1.16836e+06 -2.20117e+06 27761 
1.58155e+07 -1.10049e+07 7.71181e+06 -1.13085e+06 -2.19356e+06 13162 
1.57751e+07 -1.10668e+07 7.7769e+06 -1.15251e+06 -2.21441e+06 24486 
1.57735e+07 -1.10356e+07 7.70482e+06 -1.13866e+06 -2.19857e+06 17753 
1.57223e+07 -1.10563e+07 7.70103e+06 -1.14373e+06 -2.21335e+06 18433 
1.5783e+07 -1.10858e+07 7.89223e+06 -1.16578e+06 -2.19423e+06 19849 
1.57697e+07 -1.10628e+07 7.70646e+06 -1.13758e+06 -2.19925e+06 15167 
1.5819e+07 -1.11354e+07 7.74837e+06 -1.16851e+06 -2.19542e+06 27084 
1.58165e+07 -1.1002e+07 7.7328e+06 -1.12806e+06 -2.19984e+06 11665 
1.57976e+07 -1.10942e+07 7.73486e+06 -1.15989e+06 -2.20472e+06 27351 
1.58724e+07 -1.09618e+07 7.63452e+06 -1.13423e+06 -2.20544e+06 13161 
1.57414e+07 -1.10397e+07 7.76564e+06 -1.15118e+06 -2.21519e+06 22825 
1.57885e+07 -1.10524e+07 7.67884e+06 -1.14857e+06 -2.19057e+06 21385 
1.58127e+07 -1.10453e+07 7.65374e+06 -1.14156e+06 -2.20559e+06 16502 
1.58077e+07 -1.11672e+07 7.72062e+06 -1.16869e+06 -2.19674e+06 24456 
1.58223e+07 -1.10497e+07 7.6747e+06 -1.13018e+06 -2.19261e+06 11293 
1.5772e+07 -1.10469e+07 7.74368e+06 -1.16179e+06 -2.20252e+06 26538 
1.58026e+07 -1.09765e+07 7.66123e+06 -1.1254e+06 -2.19346e+06 11681 
1.58034e+07 -1.10265e+07 7.78088e+06 -1.14505e+06 -2.20878e+06 26028 
1.57998e+07 -1.1041e+07 7.80195e+06 -1.14153e+06 -2.1866e+06 16075 
1.57389e+07 -1.10868e+07 7.7561e+06 -1.13555e+06 -2.20579e+06 22133 
1.58157e+07 -1.10466e+07 7.75115e+06 -1.15194e+06 -2.19336e+06 20947 
1.57993e+07 -1.10735e+07 7.72247e+06 -1.1385e+06 -2.20166e+06 12712 
1.5794e+07 -1.10293e+07 7.71978e+06 -1.17335e+06 -2.1906e+06 25744 
1.58046e+07 -1.10126e+07 7.71365e+06 -1.13577e+06 -2.18895e+06 11582 
1.57981e+07 -1.10828e+07 7.76189e+06 -1.16535e+06 -2.20379e+06 25230 
1.5796e+07 -1.10894e+07 7.76099e+06 -1.13484e+06 -2.18218e+06 14350 
1.58119e+07 -1.11374e+07 7.76068e+06 -1.15077e+06 -2.20185e+06 24455 
1.58281e+07 -1.10454e+07 7.80317e+06 -1.14341e+06 -2.19057e+06 19371 
1.58151e+07 -1.1063e+07 7.80444e+06 -1.12906e+06 -2.21397e+06 19360 
1.58126e+07 -1.11864e+07 7.77032e+06 -1.16103e+06 -2.18007e+06 19275 
1.58434e+07 -1.10525e+07 7.60441e+06 -1.12733e+06 -2.20284e+06 14811 
1.57972e+07 -1.10874e+07 7.70506e+06 -1.17785e+06 -2.19234e+06 27836 
1.57846e+07 -1.10804e+07 7.77666e+06 -1.12985e+06 -2.18923e+06 12992 
1.57755e+07 -1.10227e+07 7.80822e+06 -1.16724e+06 -2.1936e+06 25191 
1.58696e+07 -1.10343e+07 7.60739e+06 -1.14659e+06 -2.18967e+06 17449 
1.57916e+07 -1.10592e+07 7.73311e+06 -1.13829e+06 -2.21638e+06 21203 
1.57564e+07 -1.11332e+07 7.71821e+06 -1.16568e+06 -2.18871e+06 22639 
1.5818e+07 -1.1101e+07 7.67624e+06 -1.13102e+06 -2.19837e+06 17205 
1.57984e+07 -1.10948e+07 7.65777e+06 -1.16823e+06 -2.18492e+06 32052 
1.5797e+07 -1.10485e+07 7.724e+06 -1.12208e+06 -2.18412e+06 15543 
1.58413e+07 -1.11329e+07 7.71965e+06 -1.17283e+06 -2.19992e+06 29076 
1.58509e+07 -1.10735e+07 7.65591e+06 -1.14295e+06 -2.18469e+06 14122 
1.57627e+07 -1.10837e+07 7.82145e+06 -1.14791e+06 -2.19747e+06 24624 
1.58361e+07 -1.10838e+07 7.65233e+06 -1.15683e+06 -2.18683e+06 21536 
1.5835e+07 -1.10727e+07 7.70126e+06 -1.14046e+06 -2.20724e+06 20035 
1.58524e+07 -1.10594e+07 7.77767e+06 -1.16664e+06 -2.20217e+06 27186 
1.57612e+07 -1.10206e+07 7.68033e+06 -1.13267e+06 -2.1955e+06 15976 
1.57662e+07 -1.09964e+07 7.70337e+06 -1.16716e+06 -2.19555e+06 29413 
1.58075e+07 -1.09948e+07 7.79878e+06 -1.13448e+06 -2.18494e+06 18144 
1.58425e+07 -1.11168e+07 7.68116e+06 -1.16428e+06 -2.20493e+06 26641 
1.58255e+07 -1.09809e+07 7.68544e+06 -1.1561e+06 -2.17544e+06 19936 
1.58061e+07 -1.10645e+07 7.72638e+06 -1.15125e+06 -2.19924e+06 22402 
1.58559e+07 -1.11016e+07 7.76025e+06 -1.16468e+06 -2.19189e+06 27323 
1.57901e+07 -1.10747e+07 7.71221e+06 -1.13382e+06 -2.20168e+06 18291 
1.58019e+07 -1.11083e+07 7.83011e+06 -1.17416e+06 -2.19597e+06 29447 
1.57849e+07 -1.10708e+07 7.71962e+06 -1.13673e+06 -2.18971e+06 17640 
1.57579e+07 -1.10673e+07 7.78312e+06 -1.17319e+06 -2.19955e+06 28217 
1.58589e+07 -1.10912e+07 7.66017e+06 -1.15409e+06 -2.17868e+06 19367 
1.5801e+07 -1.10594e+07 7.7659e+06 -1.14631e+06 -2.20018e+06 24674 
1.5822e+07 -1.10679e+07 7.61576e+06 -1.15795e+06 -2.187e+06 24571 
1.57632e+07 -1.11308e+07 7.75851e+06 -1.14232e+06 -2.21054e+06 18719 
1.5746e+07 -1.10762e+07 7.65809e+06 -1.17626e+06 -2.19743e+06 29398 
1.58204e+07 -1.10781e+07 7.74146e+06 -1.13363e+06 -2.19109e+06 16426 
1.57714e+07 -1.1111e+07 7.82893e+06 -1.16905e+06 -2.20274e+06 29338 
1.58289e+07 -1.10849e+07 7.67802e+06 -1.15309e+06 -2.18319e+06 18158 
1.57608e+07 -1.11854e+07 7.66288e+06 -1.16808e+06 -2.20044e+06 26732 
1.58434e+07 -1.11064e+07 7.75027e+06 -1.16064e+06 -2.1852e+06 23124 
1.57031e+07 -1.10105e+07 7.70077e+06 -1.13459e+06 -2.20349e+06 19965 
1.58596e+07 -1.10012e+07 7.71558e+06 -1.16566e+06 -2.20152e+06 25606 
1.57924e+07 -1.10163e+07 7.75126e+06 -1.12968e+06 -2.19662e+06 15998 
1.57675e+07 -1.10888e+07 7.73349e+06 -1.17448e+06 -2.2061e+06 28633 
1.57963e+07 -1.10098e+07 7.64896e+06 -1.13594e+06 -2.19424e+06 12470 
1.57425e+07 -1.1092e+07 7.66964e+06 -1.1686e+06 -2.20411e+06 24326 
1.58154e+07 -1.10299e+07 7.68532e+06 -1.15341e+06 -2.1846e+06 19326 
1.58295e+07 -1.11145e+07 7.62471e+06 -1.15009e+06 -2.20301e+06 20682 
1.5825e+07 -1.10591e+07 7.73208e+06 -1.16604e+06 -2.19278e+06 20640 
1.57788e+07 -1.11872e+07 7.70791e+06 -1.13864e+06 -2.19429e+06 13518 
1.57942e+07 -1.11006e+07 7.73784e+06 -1.17376e+06 -2.20534e+06 25814 
1.58261e+07 -1.09789e+07 7.7025e+06 -1.13486e+06 -2.19995e+06 14850 
1.57531e+07 -1.11322e+07 7.77666e+06 -1.16281e+06 -2.21114e+06 25332 
1.5865e+07 -1.1069e+07 7.75919e+06 -1.14675e+06 -2.2013e+06 15197 
1.5849e+07 -1.12094e+07 7.69336e+06 -1.14974e+06 -2.20923e+06 17291 
1.58206e+07 -1.10331e+07 7.62255e+06 -1.15469e+06 -2.19527e+06 20518 
1.58111e+07 -1.09728e+07 7.61067e+06 -1.1373e+06 -2.20318e+06 14339 
1.58505e+07 -1.11212e+07 7.70624e+06 -1.1716e+06 -2.20192e+06 28974 
1.58062e+07 -1.10362e+07 7.64771e+06 -1.1407e+06 -2.18589e+06 10299 
1.58399e+07 -1.12009e+07 7.60031e+06 -1.17563e+06 -2.20625e+06 25138 
1.58614e+07 -1.10556e+07 7.69507e+06 -1.1403e+06 -2.18946e+06 16338 
1.57441e+07 -1.10706e+07 7.73388e+06 -1.14911e+06 -2.21625e+06 18587 
1.57284e+07 -1.10146e+07 7.67822e+06 -1.16257e+06 -2.19149e+06 21594 
1.57268e+07 -1.12068e+07 7.8687e+06 -1.1391e+06 -2.2102e+06 13127 
1.58056e+07 -1.10681e+07 7.66705e+06 -1.17113e+06 -2.19719e+06 25983 
1.57662e+07 -1.10969e+07 7.6954e+06 -1.13348e+06 -2.19175e+06 11375 
1.57974e+07 -1.11725e+07 7.73773e+06 -1.17144e+06 -2.20376e+06 24175 
1.58519e+07 -1.11134e+07 7.76691e+06 -1.14066e+06 -2.18404e+06 12726 
1.57529e+07 -1.117e+07 7.73029e+06 -1.15427e+06 -2.19415e+06 20417 
1.57686e+07 -1.09685e+07 7.7163e+06 -1.14997e+06 -2.18097e+06 19183 
1.57744e+07 -1.08902e+07 7.79131e+06 -1.13808e+06 -2.20602e+06 17918 
1.57831e+07 -1.11513e+07 7.67584e+06 -1.16299e+06 -2.18996e+06 29071 
1.57936e+07 -1.10008e+07 7.73679e+06 -1.12516e+06 -2.20511e+06 11028 
1.58037e+07 -1.0983e+07 7.74776e+06 -1.16016e+06 -2.20699e+06 26410 
1.5821e+07 -1.10213e+07 7.68214e+06 -1.12804e+06 -2.19315e+06 17814 
1.59016e+07 -1.11005e+07 7.67459e+06 -1.15941e+06 -2.20664e+06 25127 
1.58283e+07 -1.10491e+07 7.75801e+06 -1.14836e+06 -2.187e+06 18734 
1.58347e+07 -1.10779e+07 7.66373e+06 -1.14841e+06 -2.20467e+06 17851 
1.57955e+07 -1.1164e+07 7.79736e+06 -1.16816e+06 -2.18454e+06 23676 
1.5841e+07 -1.09599e+07 7.57796e+06 -1.1334e+06 -2.19318e+06 14817 
1.5839e+07 -1.10544e+07 7.6483e+06 -1.1656e+06 -2.19625e+06 30162 
1.58199e+07 -1.08882e+07 7.63863e+06 -1.12821e+06 -2.19558e+06 14917 
1.56484e+07 -1.10521e+07 7.75212e+06 -1.16204e+06 -2.20425e+06 26394 
1.59181e+07 -1.10505e+07 7.55871e+06 -1.1417e+06 -2.18621e+06 16382 
1.57581e+07 -1.10947e+07 7.81683e+06 -1.14909e+06 -2.20456e+06 22590 
1.58975e+07 -1.11741e+07 7.6493e+06 -1.15789e+06 -2.18343e+06 24928 
1.58807e+07 -1.10545e+07 7.63164e+06 -1.14404e+06 -2.20361e+06 14734 
1.58125e+07 -1.1074e+07 7.78057e+06 -1.17109e+06 -2.18898e+06 28049 
1.58185e+07 -1.10471e+07 7.70091e+06 -1.13597e+06 -2.18878e+06 15153 
1.58026e+07 -1.11045e+07 7.64668e+06 -1.16798e+06 -2.20334e+06 29272 
1.58191e+07 -1.10267e+07 7.77529e+06 -1.13756e+06 -2.19096e+06 19251 
1.58259e+07 -1.10169e+07 7.69441e+06 -1.16049e+06 -2.21748e+06 20760 
1.57251e+07 -1.10953e+07 7.72976e+06 -1.1493e+06 -2.17372e+06 22416 
1.58447e+07 -1.11013e+07 7.77988e+06 -1.15276e+06 -2.19755e+06 20110 
1.5838e+07 -1.1168e+07 7.77859e+06 -1.17413e+06 -2.18601e+06 30820 
1.58576e+07 -1.10412e+07 7.67675e+06 -1.13318e+06 -2.18882e+06 14114 
1.58186e+07 -1.11685e+07 7.80001e+06 -1.18014e+06 -2.19388e+06 29329 
1.58333e+07 -1.10281e+07 7.75232e+06 -1.13285e+06 -2.1892e+06 17627 
1.58459e+07 -1.10514e+07 7.69962e+06 -1.17342e+06 -2.20384e+06 26761 
1.58034e+07 -1.10517e+07 7.71302e+06 -1.14712e+06 -2.19231e+06 21741 
1.58316e+07 -1.10154e+07 7.7302e+06 -1.1484e+06 -2.21057e+06 21400 
1.584e+07 -1.11461e+07 7.69671e+06 -1.17299e+06 -2.18727e+06 29500 
1.5812e+07 -1.10702e+07 7.67204e+06 -1.14711e+06 -2.20109e+06 16495 
1.5871e+07 -1.11146e+07 7.78906e+06 -1.17485e+06 -2.2004e+06 28576 
1.58337e+07 -1.10717e+07 7.65088e+06 -1.14505e+06 -2.18219e+06 15564 
1.57778e+07 -1.10824e+07 7.77028e+06 -1.17096e+06 -2.20992e+06 28676 
1.58596e+07 -1.10942e+07 7.59389e+06 -1.14815e+06 -2.18027e+06 21837 
1.57666e+07 -1.10824e+07 7.74953e+06 -1.15372e+06 -2.20464e+06 22290 
1.58787e+07 -1.1054e+07 7.66678e+06 -1.15878e+06 -2.19243e+06 27801 
1.5743e+07 -1.10494e+07 7.64769e+06 -1.14232e+06 -2.19518e+06 18988 
1.57965e+07 -1.11712e+07 7.67845e+06 -1.17478e+06 -2.18642e+06 28165 
1.58506e+07 -1.11797e+07 7.73503e+06 -1.13328e+06 -2.18798e+06 17037 
1.57928e+07 -1.10694e+07 7.65582e+06 -1.18023e+06 -2.19935e+06 26303 
1.57923e+07 -1.10101e+07 7.63697e+06 -1.1435e+06 -2.1866e+06 17725 
1.58375e+07 -1.10767e+07 7.792e+06 -1.17059e+06 -2.20489e+06 25421 
1.5765e+07 -1.10862e+07 7.74798e+06 -1.16342e+06 -2.18291e+06 22015 
1.57882e+07 -1.10075e+07 7.6753e+06 -1.14972e+06 -2.20916e+06 18282 
1.58246e+07 -1.11487e+07 7.75302e+06 -1.16682e+06 -2.19434e+06 26899 
1.57404e+07 -1.1132e+07 7.75876e+06 -1.141e+06 -2.21196e+06 12113 
1.58225e+07 -1.10599e+07 7.67976e+06 -1.18185e+06 -2.19835e+06 27520 
1.58126e+07 -1.10592e+07 7.7216e+06 -1.13378e+06 -2.19582e+06 15670 
1.57948e+07 -1.11247e+07 7.74877e+06 -1.17551e+06 -2.19956e+06 25347 
1.58054e+07 -1.11072e+07 7.63613e+06 -1.14848e+06 -2.17697e+06 16677 
1.58197e+07 -1.10841e+07 7.6803e+06 -1.15722e+06 -2.20405e+06 22380 
1.57766e+07 -1.1046e+07 7.75274e+06 -1.16173e+06 -2.19002e+06 24072 
1.58322e+07 -1.09979e+07 7.63615e+06 -1.1454e+06 -2.21168e+06 14851 
1.58538e+07 -1.11199e+07 7.75406e+06 -1.18373e+06 -2.20326e+06 25981 
1.57685e+07 -1.11058e+07 7.63004e+06 -1.13157e+06 -2.20135e+06 13007 
1.57819e+07 -1.11765e+07 7.73989e+06 -1.17746e+06 -2.20866e+06 25510 
1.5832e+07 -1.10753e+07 7.70947e+06 -1.14932e+06 -2.19313e+06 15368 
1.57996e+07 -1.11164e+07 7.71056e+06 -1.1672e+06 -2.21325e+06 21679 
1.5832e+07 -1.10097e+07 7.62828e+06 -1.16453e+06 -2.18991e+06 20884 
1.58167e+07 -1.11863e+07 7.79586e+06 -1.14716e+06 -2.20239e+06 14884 
1.57924e+07 -1.10488e+07 7.65107e+06 -1.16815e+06 -2.19564e+06 26091 
1.58197e+07 -1.10379e+07 7.6778e+06 -1.13107e+06 -2.20666e+06 12666 
1.57701e+07 -1.11003e+07 7.77492e+06 -1.17142e+06 -2.20579e+06 26572 
1.58575e+07 -1.10048e+07 7.65329e+06 -1.13667e+06 -2.20039e+06 14704 
1.58168e+07 -1.11308e+07 7.73082e+06 -1.17144e+06 -2.2097e+06 24528 
1.58448e+07 -1.1021e+07 7.72262e+06 -1.14772e+06 -2.18399e+06 15443 
1.57809e+07 -1.10648e+07 7.65575e+06 -1.15824e+06 -2.20406e+06 18940 
1.58457e+07 -1.10789e+07 7.6338e+06 -1.16023e+06 -2.18201e+06 20214 
1.57642e+07 -1.11678e+07 7.80518e+06 -1.15148e+06 -2.20872e+06 12232 
1.58306e+07 -1.11554e+07 7.8084e+06 -1.1737e+06 -2.18622e+06 24418 
1.57984e+07 -1.10912e+07 7.74181e+06 -1.13194e+06 -2.19965e+06 14811 
1.58333e+07 -1.11505e+07 7.76763e+06 -1.17826e+06 -2.20577e+06 25316 
1.58037e+07 -1.11639e+07 7.67551e+06 -1.12984e+06 -2.20215e+06 13239 
1.57609e+07 -1.11435e+07 7.72094e+06 -1.16376e+06 -2.20872e+06 24620 
1.58241e+07 -1.11517e+07 7.83143e+06 -1.15529e+06 -2.19303e+06 17099 
1.58568e+07 -1.10732e+07 7.65685e+06 -1.15529e+06 -2.21222e+06 14747 
1.58609e+07 -1.10666e+07 7.67981e+06 -1.16133e+06 -2.1905e+06 21294 
1.57987e+07 -1.11138e+07 7.74954e+06 -1.13724e+06 -2.19863e+06 14832 
1.58609e+07 -1.11672e+07 7.66831e+06 -1.17766e+06 -2.19608e+06 24825 
1.59026e+07 -1.1063e+07 7.64318e+06 -1.12798e+06 -2.19881e+06 12875 
1.57764e+07 -1.11558e+07 7.80609e+06 -1.17298e+06 -2.1993e+06 25572 
1.58858e+07 -1.10052e+07 7.66683e+06 -1.13781e+06 -2.19364e+06 16119 
1.58098e+07 -1.10704e+07 7.72643e+06 -1.14953e+06 -2.21048e+06 22527 
1.58535e+07 -1.09945e+07 7.76417e+06 -1.14668e+06 -2.18582e+06 21853 
1.57799e+07 -1.10113e+07 7.72834e+06 -1.14388e+06 -2.20712e+06 16438 
1.58235e+07 -1.10809e+07 7.72604e+06 -1.17299e+06 -2.18835e+06 25070 
1.58331e+07 -1.1066e+07 7.65891e+06 -1.13372e+06 -2.1973e+06 12078 
1.58305e+07 -1.10606e+07 7.75295e+06 -1.164e+06 -2.19819e+06 30571 
1.58953e+07 -1.10956e+07 7.63968e+06 -1.13242e+06 -2.1925e+06 14236 
1.57993e+07 -1.1123e+07 7.77253e+06 -1.16586e+06 -2.20634e+06 23403 
1.5874e+07 -1.10184e+07 7.62328e+06 -1.14142e+06 -2.18676e+06 19560 
1.58057e+07 -1.10905e+07 7.77593e+06 -1.14348e+06 -2.21201e+06 17422 
1.57868e+07 -1.10977e+07 7.73374e+06 -1.16705e+06 -2.19396e+06 27230 
1.58312e+07 -1.10736e+07 7.70412e+06 -1.13389e+06 -2.21121e+06 14713 
1.58107e+07 -1.10508e+07 7.7166e+06 -1.17372e+06 -2.1978e+06 27100 
1.58135e+07 -1.10819e+07 7.71166e+06 -1.14003e+06 -2.18691e+06 14735 
1.58263e+07 -1.10668e+07 7.66748e+06 -1.17026e+06 -2.20119e+06 25433 
1.58881e+07 -1.11647e+07 7.72645e+06 -1.14724e+06 -2.18737e+06 20480 
1.57805e+07 -1.10642e+07 7.76612e+06 -1.14833e+06 -2.20678e+06 20261 
1.5821e+07 -1.10936e+07 7.72543e+06 -1.15849e+06 -2.19231e+06 25183 
1.58062e+07 -1.11419e+07 7.63245e+06 -1.14698e+06 -2.20328e+06 15284 
1.58418e+07 -1.11749e+07 7.80492e+06 -1.1792e+06 -2.1886e+06 26691 
1.58464e+07 -1.1051e+07 7.64228e+06 -1.1308e+06 -2.19005e+06 12981 
1.58864e+07 -1.11376e+07 7.65676e+06 -1.17905e+06 -2.19296e+06 26907 
1.58211e+07 -1.10237e+07 7.70228e+06 -1.13984e+06 -2.18597e+06 17105 
1.5828e+07 -1.1063e+07 7.7789e+06 -1.16256e+06 -2.21274e+06 25677 
1.59013e+07 -1.10138e+07 7.63799e+06 -1.15812e+06 -2.19278e+06 23385 
1.58255e+07 -1.11536e+07 7.73973e+06 -1.15311e+06 -2.20447e+06 16920 
1.58374e+07 -1.11339e+07 7.68179e+06 -1.16583e+06 -2.18258e+06 28816 
1.58687e+07 -1.10733e+07 7.66901e+06 -1.14127e+06 -2.19576e+06 16229 
1.58293e+07 -1.11675e+07 7.68253e+06 -1.177e+06 -2.19498e+06 32730 
1.58849e+07 -1.10748e+07 7.72898e+06 -1.13926e+06 -2.19262e+06 19274 
1.57548e+07 -1.11481e+07 7.68436e+06 -1.17131e+06 -2.19839e+06 27768 
1.58663e+07 -1.11118e+07 7.72607e+06 -1.15172e+06 -2.18913e+06 20787 
1.57783e+07 -1.10524e+07 7.72851e+06 -1.16249e+06 -2.19945e+06 24154 
1.59057e+07 -1.12323e+07 7.66561e+06 -1.16834e+06 -2.18422e+06 25426 
1.58148e+07 -1.11445e+07 7.67694e+06 -1.15459e+06 -2.21032e+06 16787 
1.58432e+07 -1.11649e+07 7.76967e+06 -1.17335e+06 -2.1969e+06 29340 
1.58761e+07 -1.10209e+07 7.66844e+06 -1.14285e+06 -2.20202e+06 18399 
1.58547e+07 -1.11381e+07 7.74101e+06 -1.17593e+06 -2.20248e+06 29825 
1.58061e+07 -1.09541e+07 7.62975e+06 -1.14454e+06 -2.18996e+06 18101 
1.5847e+07 -1.11701e+07 7.65792e+06 -1.17192e+06 -2.19194e+06 27086 
1.585e+07 -1.10249e+07 7.82319e+06 -1.14961e+06 -2.18422e+06 21990 
1.58544e+07 -1.11811e+07 7.67736e+06 -1.16336e+06 -2.20538e+06 24157 
1.58099e+07 -1.11541e+07 7.74298e+06 -1.16778e+06 -2.19547e+06 28276 
1.58521e+07 -1.10961e+07 7.77596e+06 -1.14859e+06 -2.1998e+06 17177 
1.58262e+07 -1.11618e+07 7.82323e+06 -1.17921e+06 -2.20082e+06 30321 
1.58683e+07 -1.10503e+07 7.59995e+06 -1.14285e+06 -2.19786e+06 14958 
1.58045e+07 -1.10673e+07 7.69881e+06 -1.18152e+06 -2.19851e+06 28486 
1.588e+07 -1.109e+07 7.71114e+06 -1.15677e+06 -2.18978e+06 17975 
1.57797e+07 -1.11574e+07 7.61101e+06 -1.16622e+06 -2.20924e+06 22101 
1.58484e+07 -1.10271e+07 7.71246e+06 -1.1589e+06 -2.18716e+06 25379 
1.57971e+07 -1.1102e+07 7.78643e+06 -1.15207e+06 -2.20708e+06 21971 
1.58841e+07 -1.10883e+07 7.65072e+06 -1.19027e+06 -2.19131e+06 26470 
1.58147e+07 -1.11012e+07 7.7626e+06 -1.14258e+06 -2.19437e+06 15160 
1.58131e+07 -1.11142e+07 7.85077e+06 -1.18641e+06 -2.19409e+06 27098 
1.58839e+07 -1.09875e+07 7.64814e+06 -1.14024e+06 -2.19638e+06 17894 
1.5837e+07 -1.11001e+07 7.74839e+06 -1.16946e+06 -2.20912e+06 24497 
1.58737e+07 -1.11322e+07 7.82302e+06 -1.15741e+06 -2.20062e+06 21669 
1.58008e+07 -1.10365e+07 7.60781e+06 -1.16078e+06 -2.20828e+06 21379 
1.5803e+07 -1.11604e+07 7.71921e+06 -1.16602e+06 -2.18318e+06 24500 
1.58722e+07 -1.10343e+07 7.71798e+06 -1.15346e+06 -2.20236e+06 16082 
1.58198e+07 -1.12358e+07 7.75006e+06 -1.17016e+06 -2.18716e+06 31707 
1.59075e+07 -1.11216e+07 7.59806e+06 -1.15144e+06 -2.20843e+06 11961 
1.58004e+07 -1.10113e+07 7.83706e+06 -1.18489e+06 -2.20324e+06 29480 
1.58043e+07 -1.11333e+07 7.68609e+06 -1.14484e+06 -2.19961e+06 14287 
1.57937e+07 -1.10636e+07 7.76824e+06 -1.17743e+06 -2.20769e+06 25900 
1.5832e+07 -1.10259e+07 7.77522e+06 -1.14878e+06 -2.18615e+06 20179 
1.58141e+07 -1.1078e+07 7.66434e+06 -1.1631e+06 -2.20458e+06 20499 
1.58403e+07 -1.11053e+07 7.64356e+06 -1.16979e+06 -2.18686e+06 27104 
1.58521e+07 -1.10506e+07 7.6788e+06 -1.16135e+06 -2.19887e+06 19868 
1.58137e+07 -1.10908e+07 7.74106e+06 -1.17415e+06 -2.19882e+06 26007 
1.58965e+07 -1.09953e+07 7.58025e+06 -1.14001e+06 -2.20882e+06 11875 
1.58105e+07 -1.12234e+07 7.82745e+06 -1.17917e+06 -2.21132e+06 26432 
1.58031e+07 -1.10687e+07 7.67097e+06 -1.14392e+06 -2.18825e+06 13971 
1.57632e+07 -1.10897e+07 7.72324e+06 -1.16752e+06 -2.21011e+06 19043 
1.58933e+07 -1.11826e+07 7.67899e+06 -1.16449e+06 -2.18891e+06 20501 
1.57957e+07 -1.10694e+07 7.66575e+06 -1.15197e+06 -2.2109e+06 17266 
1.58795e+07 -1.11514e+07 7.73098e+06 -1.18152e+06 -2.20062e+06 23050 
1.58732e+07 -1.10904e+07 7.66927e+06 -1.13566e+06 -2.21221e+06 12238 
1.58486e+07 -1.10988e+07 7.73483e+06 -1.17508e+06 -2.20816e+06 24961 
1.58695e+07 -1.10194e+07 7.68251e+06 -1.13117e+06 -2.19273e+06 14559 
1.58083e+07 -1.10962e+07 7.82974e+06 -1.17313e+06 -2.20709e+06 20218 
1.58682e+07 -1.10085e+07 7.76715e+06 -1.14781e+06 -2.18516e+06 19017 
1.58532e+07 -1.10988e+07 7.63667e+06 -1.15982e+06 -2.20782e+06 16693 
1.58335e+07 -1.12082e+07 7.70021e+06 -1.16945e+06 -2.1912e+06 23814 
1.58827e+07 -1.10434e+07 7.75828e+06 -1.13463e+06 -2.2127e+06 12661 
1.58953e+07 -1.11569e+07 7.75112e+06 -1.18488e+06 -2.19897e+06 27212 
1.58711e+07 -1.10875e+07 7.57939e+06 -1.1397e+06 -2.19781e+06 10696 
1.58584e+07 -1.10362e+07 7.90505e+06 -1.17897e+06 -2.195e+06 25132 
1.58338e+07 -1.10993e+07 7.66069e+06 -1.14819e+06 -2.18914e+06 17419 
1.58513e+07 -1.10313e+07 7.73229e+06 -1.15841e+06 -2.21699e+06 20306 
1.58951e+07 -1.09999e+07 7.77524e+06 -1.15698e+06 -2.19337e+06 22044 
1.58054e+07 -1.11087e+07 7.7484e+06 -1.14688e+06 -2.21301e+06 14671 
1.58843e+07 -1.11069e+07 7.70464e+06 -1.17565e+06 -2.20417e+06 25761 
1.59331e+07 -1.09889e+07 7.74384e+06 -1.13401e+06 -2.20763e+06 12432 
1.58138e+07 -1.12063e+07 7.72553e+06 -1.17701e+06 -2.19316e+06 27744 
1.58472e+07 -1.10327e+07 7.71273e+06 -1.1339e+06 -2.19212e+06 11551 
1.58738e+07 -1.11424e+07 7.92044e+06 -1.1741e+06 -2.20809e+06 25336 
1.58976e+07 -1.10642e+07 7.58747e+06 -1.14866e+06 -2.19087e+06 21463 
1.58357e+07 -1.10832e+07 7.59047e+06 -1.15109e+06 -2.21463e+06 15599 
1.58771e+07 -1.11181e+07 7.77378e+06 -1.1772e+06 -2.19476e+06 24314 
1.58741e+07 -1.10651e+07 7.7316e+06 -1.14685e+06 -2.20354e+06 14676 
1.58247e+07 -1.10891e+07 7.66481e+06 -1.17096e+06 -2.19779e+06 26944 
1.58663e+07 -1.11558e+07 7.67401e+06 -1.14219e+06 -2.18734e+06 13898 
1.58398e+07 -1.10452e+07 7.80813e+06 -1.17127e+06 -2.20457e+06 24704 
1.58446e+07 -1.10473e+07 7.68596e+06 -1.15285e+06 -2.19082e+06 18819 
1.58368e+07 -1.11077e+07 7.72813e+06 -1.16179e+06 -2.21743e+06 18518 
1.58469e+07 -1.11323e+07 7.89349e+06 -1.15754e+06 -2.1963e+06 23740 
1.58428e+07 -1.10521e+07 7.70296e+06 -1.14479e+06 -2.21453e+06 14462 
1.59138e+07 -1.11785e+07 7.69994e+06 -1.17647e+06 -2.19425e+06 25669 
1.59142e+07 -1.10698e+07 7.74628e+06 -1.13899e+06 -2.19969e+06 12984 
1.5857e+07 -1.11593e+07 7.74912e+06 -1.17733e+06 -2.20032e+06 26294 
1.59018e+07 -1.11698e+07 7.66003e+06 -1.12338e+06 -2.20005e+06 15321 
1.5812e+07 -1.11806e+07 7.7827e+06 -1.17494e+06 -2.21018e+06 25189 
1.58238e+07 -1.10007e+07 7.66556e+06 -1.14819e+06 -2.1862e+06 19028 
1.58011e+07 -1.11907e+07 7.67646e+06 -1.1588e+06 -2.20538e+06 21797 
1.58964e+07 -1.10435e+07 7.78872e+06 -1.17552e+06 -2.18254e+06 25361 
1.58374e+07 -1.10319e+07 7.71242e+06 -1.14325e+06 -2.20275e+06 16777 
1.58454e+07 -1.11799e+07 7.65525e+06 -1.18028e+06 -2.18217e+06 30160 
1.58504e+07 -1.10528e+07 7.72424e+06 -1.14412e+06 -2.19958e+06 13987 
1.57758e+07 -1.1121e+07 7.77961e+06 -1.17848e+06 -2.20572e+06 27207 
1.58625e+07 -1.11027e+07 7.68671e+06 -1.14325e+06 -2.19917e+06 17159 
1.5851e+07 -1.10894e+07 7.65203e+06 -1.1688e+06 -2.20725e+06 22260 
1.59123e+07 -1.11055e+07 7.7394e+06 -1.16352e+06 -2.18648e+06 23665 
1.58866e+07 -1.11569e+07 7.7685e+06 -1.15636e+06 -2.20716e+06 18804 
1.58329e+07 -1.10886e+07 7.71608e+06 -1.17245e+06 -2.18398e+06 30999 
1.58633e+07 -1.11248e+07 7.73483e+06 -1.14824e+06 -2.20775e+06 15451 
1.59162e+07 -1.11119e+07 7.70944e+06 -1.18082e+06 -2.19834e+06 33372 
1.59179e+07 -1.11202e+07 7.7471e+06 -1.14253e+06 -2.20223e+06 16740 
1.58288e+07 -1.11859e+07 7.713e+06 -1.18111e+06 -2.20678e+06 29662 
1.58379e+07 -1.11257e+07 7.70252e+06 -1.15666e+06 -2.18624e+06 21178 
1.58299e+07 -1.11196e+07 7.71045e+06 -1.18092e+06 -2.20556e+06 24557 
1.59218e+07 -1.11158e+07 7.62288e+06 -1.15934e+06 -2.18352e+06 22922 
1.5797e+07 -1.1091e+07 7.6225e+06 -1.16077e+06 -2.20444e+06 18050 
1.58504e+07 -1.10933e+07 7.73437e+06 -1.1802e+06 -2.18609e+06 29780 
1.58639e+07 -1.10872e+07 7.66295e+06 -1.15369e+06 -2.21191e+06 16193 
1.58111e+07 -1.11355e+07 7.76195e+06 -1.18668e+06 -2.1962e+06 30550 
1.5872e+07 -1.10972e+07 7.72161e+06 -1.1411e+06 -2.20535e+06 15799 
1.58575e+07 -1.11735e+07 7.63721e+06 -1.19428e+06 -2.19651e+06 28069 
1.59179e+07 -1.11203e+07 7.67728e+06 -1.15445e+06 -2.19078e+06 17925 
1.58542e+07 -1.11272e+07 7.67213e+06 -1.18358e+06 -2.20814e+06 26121 
1.58585e+07 -1.11634e+07 7.625e+06 -1.15386e+06 -2.18988e+06 22304 
1.58305e+07 -1.11669e+07 7.72788e+06 -1.17275e+06 -2.21267e+06 20515 
1.58371e+07 -1.10614e+07 7.76428e+06 -1.17131e+06 -2.18952e+06 27881 
1.58744e+07 -1.11316e+07 7.60672e+06 -1.15788e+06 -2.2136e+06 18703 
1.58519e+07 -1.11558e+07 7.74483e+06 -1.18169e+06 -2.19504e+06 30306 
1.58649e+07 -1.10968e+07 7.73317e+06 -1.13983e+06 -2.20641e+06 14583 
1.57982e+07 -1.11407e+07 7.80325e+06 -1.19093e+06 -2.19192e+06 28167 
1.58258e+07 -1.11181e+07 7.58876e+06 -1.15014e+06 -2.18953e+06 14227 
1.58587e+07 -1.10965e+07 7.82901e+06 -1.18119e+06 -2.2092e+06 24224 
1.58853e+07 -1.10736e+07 7.64934e+06 -1.15594e+06 -2.18925e+06 20828 
1.58846e+07 -1.10878e+07 7.77146e+06 -1.15277e+06 -2.22262e+06 15337 
1.58256e+07 -1.11555e+07 7.65488e+06 -1.17564e+06 -2.19752e+06 23175 
1.58756e+07 -1.10631e+07 7.66988e+06 -1.13791e+06 -2.20758e+06 14305 
1.58635e+07 -1.11564e+07 7.69734e+06 -1.18823e+06 -2.19316e+06 25668 
1.58616e+07 -1.10645e+07 7.61577e+06 -1.14227e+06 -2.19637e+06 13163 
1.58512e+07 -1.12337e+07 7.69834e+06 -1.18697e+06 -2.20099e+06 25208 
1.59238e+07 -1.11147e+07 7.62437e+06 -1.15784e+06 -2.19482e+06 19151 
1.58809e+07 -1.10604e+07 7.64347e+06 -1.16225e+06 -2.21589e+06 21025 
1.58579e+07 -1.11787e+07 7.82038e+06 -1.16889e+06 -2.19447e+06 22889 
1.58854e+07 -1.10872e+07 7.63337e+06 -1.16354e+06 -2.21163e+06 13132 
1.58636e+07 -1.11631e+07 7.75426e+06 -1.18626e+06 -2.19772e+06 28026 
1.59491e+07 -1.11252e+07 7.70655e+06 -1.14675e+06 -2.21318e+06 13344 
1.58279e+07 -1.11029e+07 7.79852e+06 -1.18022e+06 -2.19508e+06 24707 
1.5866e+07 -1.09738e+07 7.69178e+06 -1.14279e+06 -2.19739e+06 15284 
1.58599e+07 -1.11602e+07 7.70112e+06 -1.18018e+06 -2.20334e+06 21346 
1.58928e+07 -1.11625e+07 7.70649e+06 -1.16318e+06 -2.19594e+06 18356 
1.58903e+07 -1.11362e+07 7.71947e+06 -1.16675e+06 -2.22093e+06 18113 
1.58628e+07 -1.11323e+07 7.78631e+06 -1.17953e+06 -2.20083e+06 26680 
1.58665e+07 -1.11586e+07 7.75728e+06 -1.15329e+06 -2.21746e+06 11250 
1.59083e+07 -1.11094e+07 7.72885e+06 -1.18693e+06 -2.20286e+06 28595 
1.5922e+07 -1.113e+07 7.62368e+06 -1.14738e+06 -2.20387e+06 10271 
1.58796e+07 -1.11883e+07 7.74582e+06 -1.19074e+06 -2.2e+06 24166 
1.58943e+07 -1.10288e+07 7.69044e+06 -1.14118e+06 -2.19026e+06 15362 
1.58267e+07 -1.10916e+07 7.77899e+06 -1.17035e+06 -2.21253e+06 22663 
1.58627e+07 -1.11002e+07 7.69428e+06 -1.15456e+06 -2.18664e+06 21188 
1.59075e+07 -1.107e+07 7.74387e+06 -1.15778e+06 -2.21974e+06 16780 
1.5808e+07 -1.1151e+07 7.63512e+06 -1.16976e+06 -2.19667e+06 24068 
1.59386e+07 -1.10939e+07 7.64701e+06 -1.14599e+06 -2.22415e+06 11808 
1.59065e+07 -1.111e+07 7.70447e+06 -1.17959e+06 -2.2049e+06 25474 
1.58779e+07 -1.10824e+07 7.74085e+06 -1.14425e+06 -2.19388e+06 9276 
1.58676e+07 -1.11016e+07 7.71503e+06 -1.17915e+06 -2.20565e+06 23952 
1.59204e+07 -1.10917e+07 7.69056e+06 -1.14493e+06 -2.20035e+06 15437 
1.59118e+07 -1.11908e+07 7.75469e+06 -1.17996e+06 -2.21838e+06 24407 
1.58918e+07 -1.11077e+07 7.67442e+06 -1.15532e+06 -2.19036e+06 20677 
1.58339e+07 -1.10246e+07 7.72056e+06 -1.15341e+06 -2.21938e+06 16530 
1.58034e+07 -1.1215e+07 7.71541e+06 -1.16115e+06 -2.19274e+06 25162 
1.59127e+07 -1.11228e+07 7.69596e+06 -1.15363e+06 -2.20473e+06 11361 
1.58627e+07 -1.11051e+07 7.78033e+06 -1.17719e+06 -2.19953e+06 29597 
1.59551e+07 -1.11065e+07 7.59973e+06 -1.14745e+06 -2.2075e+06 11622 
1.57942e+07 -1.116e+07 7.80617e+06 -1.17902e+06 -2.20437e+06 25433 
1.59061e+07 -1.10533e+07 7.68819e+06 -1.14709e+06 -2.19913e+06 15917 
1.58433e+07 -1.11594e+07 7.72731e+06 -1.17207e+06 -2.21861e+06 22381 
1.58912e+07 -1.11152e+07 7.61291e+06 -1.15644e+06 -2.18829e+06 22249 
1.58968e+07 -1.11157e+07 7.73194e+06 -1.15079e+06 -2.21245e+06 17799 
1.58776e+07 -1.11322e+07 7.72683e+06 -1.17346e+06 -2.18857e+06 27421 
1.5893e+07 -1.11519e+07 7.68054e+06 -1.14618e+06 -2.20721e+06 15051 
1.58835e+07 -1.11337e+07 7.77767e+06 -1.18425e+06 -2.19603e+06 28450 
1.58084e+07 -1.10611e+07 7.75655e+06 -1.14054e+06 -2.19939e+06 16485 
1.58214e+07 -1.11729e+07 7.75128e+06 -1.18112e+06 -2.20977e+06 25055 
1.59265e+07 -1.1096e+07 7.67217e+06 -1.1464e+06 -2.19969e+06 23529 
1.58757e+07 -1.11458e+07 7.63858e+06 -1.16945e+06 -2.20889e+06 19559 
1.58948e+07 -1.11659e+07 7.76151e+06 -1.16245e+06 -2.18127e+06 22841 
1.59049e+07 -1.10836e+07 7.79455e+06 -1.14718e+06 -2.20703e+06 16284 
1.5897e+07 -1.10904e+07 7.82831e+06 -1.17823e+06 -2.18963e+06 27748 
1.58485e+07 -1.10571e+07 7.68474e+06 -1.13405e+06 -2.20911e+06 14025 
1.5838e+07 -1.11479e+07 7.70798e+06 -1.19055e+06 -2.1949e+06 29241 
1.59222e+07 -1.1132e+07 7.69454e+06 -1.14268e+06 -2.19859e+06 15583 
1.58368e+07 -1.11347e+07 7.71181e+06 -1.18531e+06 -2.19102e+06 23403 
1.59095e+07 -1.11155e+07 7.67184e+06 -1.15469e+06 -2.18608e+06 23380 
1.58374e+07 -1.1224e+07 7.66523e+06 -1.17203e+06 -2.2041e+06 18295 
1.58615e+07 -1.12181e+07 7.7814e+06 -1.17135e+06 -2.18906e+06 28163 
1.58188e+07 -1.11099e+07 7.73788e+06 -1.15552e+06 -2.21171e+06 16336 
1.59258e+07 -1.11109e+07 7.71224e+06 -1.17183e+06 -2.20022e+06 32833 
1.59363e+07 -1.1023e+07 7.65486e+06 -1.14086e+06 -2.20847e+06 15792 
1.58036e+07 -1.11977e+07 7.71104e+06 -1.18505e+06 -2.1934e+06 27341 
1.59681e+07 -1.10915e+07 7.60756e+06 -1.14886e+06 -2.19881e+06 18649 
1.58284e+07 -1.11801e+07 7.67456e+06 -1.17854e+06 -2.19883e+06 25288 
1.58948e+07 -1.11494e+07 7.66728e+06 -1.15884e+06 -2.18779e+06 24164 
1.58784e+07 -1.11656e+07 7.71632e+06 -1.16624e+06 -2.21508e+06 17587 
1.58913e+07 -1.11539e+07 7.68471e+06 -1.17853e+06 -2.1961e+06 28856 
1.59178e+07 -1.11073e+07 7.64323e+06 -1.1477e+06 -2.21059e+06 15963 
1.58635e+07 -1.11956e+07 7.72444e+06 -1.18955e+06 -2.19236e+06 31586 
1.59359e+07 -1.10704e+07 7.6236e+06 -1.1407e+06 -2.20472e+06 14931 
1.58969e+07 -1.10855e+07 7.76458e+06 -1.18213e+06 -2.19193e+06 28418 
1.58853e+07 -1.1123e+07 7.72976e+06 -1.14773e+06 -2.19673e+06 18238 
1.58883e+07 -1.11612e+07 7.79215e+06 -1.17451e+06 -2.20681e+06 23599 
1.59506e+07 -1.10401e+07 7.74561e+06 -1.15466e+06 -2.19274e+06 27084 
1.59545e+07 -1.10873e+07 7.81071e+06 -1.16817e+06 -2.21452e+06 19022 
1.57664e+07 -1.1066e+07 7.74703e+06 -1.17515e+06 -2.18484e+06 30440 
1.58576e+07 -1.11247e+07 7.61863e+06 -1.15684e+06 -2.21262e+06 15641 
1.58356e+07 -1.12212e+07 7.74807e+06 -1.1872e+06 -2.19393e+06 30447 
1.58721e+07 -1.11215e+07 7.59648e+06 -1.15179e+06 -2.19248e+06 16842 
1.59255e+07 -1.11471e+07 7.78264e+06 -1.19642e+06 -2.20649e+06 26858 
1.59356e+07 -1.11859e+07 7.57491e+06 -1.15734e+06 -2.1866e+06 19091 
1.58747e+07 -1.1163e+07 7.7e+06 -1.17755e+06 -2.21926e+06 20601 
1.58819e+07 -1.11088e+07 7.66253e+06 -1.18106e+06 -2.1922e+06 25418 
1.57866e+07 -1.1179e+07 7.79217e+06 -1.15971e+06 -2.20589e+06 17630 
1.58406e+07 -1.11784e+07 7.69979e+06 -1.18695e+06 -2.18202e+06 26885 
1.59163e+07 -1.11079e+07 7.643e+06 -1.14885e+06 -2.1999e+06 12997 
1.58897e+07 -1.11165e+07 7.68988e+06 -1.18294e+06 -2.20092e+06 25634 
1.58623e+07 -1.10841e+07 7.59173e+06 -1.15148e+06 -2.19014e+06 18107 
1.59069e+07 -1.11076e+07 7.6985e+06 -1.17981e+06 -2.2235e+06 20735 
1.5859e+07 -1.11349e+07 7.74767e+06 -1.17016e+06 -2.19522e+06 22202 
1.59016e+07 -1.10921e+07 7.62599e+06 -1.16054e+06 -2.22214e+06 17892 
1.58791e+07 -1.11768e+07 7.7893e+06 -1.18154e+06 -2.18576e+06 24487 
1.58733e+07 -1.10983e+07 7.661e+06 -1.15158e+06 -2.20713e+06 11854 
1.59041e+07 -1.11763e+07 7.73351e+06 -1.18701e+06 -2.18448e+06 28021 
1.58624e+07 -1.11078e+07 7.69478e+06 -1.14902e+06 -2.21146e+06 12409 
1.58444e+07 -1.11461e+07 7.80392e+06 -1.19855e+06 -2.20062e+06 25145 
1.58821e+07 -1.10533e+07 7.71501e+06 -1.14481e+06 -2.21194e+06 15012 
1.59267e+07 -1.11171e+07 7.72508e+06 -1.1875e+06 -2.21358e+06 21322 
1.58576e+07 -1.11157e+07 7.75072e+06 -1.16121e+06 -2.19126e+06 18570 
1.59162e+07 -1.11152e+07 7.65411e+06 -1.16648e+06 -2.21245e+06 15576 
1.59708e+07 -1.11629e+07 7.76627e+06 -1.17309e+06 -2.19389e+06 20983 
1.59658e+07 -1.11416e+07 7.69364e+06 -1.1584e+06 -2.22493e+06 12956 
1.58827e+07 -1.1157e+07 7.79279e+06 -1.18177e+06 -2.19793e+06 27534 
1.58061e+07 -1.09857e+07 7.62449e+06 -1.14196e+06 -2.2081e+06 10831 
1.58531e+07 -1.11837e+07 7.8876e+06 -1.18649e+06 -2.20141e+06 25890 
1.59382e+07 -1.11062e+07 7.61429e+06 -1.14787e+06 -2.19961e+06 15900 
1.58563e+07 -1.11859e+07 7.73879e+06 -1.17809e+06 -2.20204e+06 22899 
1.59938e+07 -1.11163e+07 7.70574e+06 -1.15876e+06 -2.20216e+06 17596 
1.59182e+07 -1.12089e+07 7.63274e+06 -1.16675e+06 -2.21806e+06 13919 
1.5869e+07 -1.11126e+07 7.86383e+06 -1.17953e+06 -2.19437e+06 23972 
1.58573e+07 -1.1171e+07 7.67574e+06 -1.16037e+06 -2.2163e+06 10876 
1.58708e+07 -1.11527e+07 7.7932e+06 -1.18586e+06 -2.20531e+06 25364 
1.58975e+07 -1.11165e+07 7.72672e+06 -1.14461e+06 -2.20744e+06 9133 
1.58346e+07 -1.12669e+07 7.79818e+06 -1.18785e+06 -2.19266e+06 27482 
1.59568e+07 -1.11302e+07 7.62228e+06 -1.14857e+06 -2.1963e+06 13776 
1.5867e+07 -1.10738e+07 7.82109e+06 -1.17316e+06 -2.20386e+06 25560 
1.5949e+07 -1.11032e+07 7.71098e+06 -1.15474e+06 -2.18302e+06 19857 
1.58008e+07 -1.11573e+07 7.73173e+06 -1.16758e+06 -2.2087e+06 19073 
1.58709e+07 -1.11662e+07 7.73724e+06 -1.17381e+06 -2.19399e+06 25927 
1.59048e+07 -1.1142e+07 7.65665e+06 -1.15112e+06 -2.21367e+06 16295 
1.59437e+07 -1.11273e+07 7.7584e+06 -1.17856e+06 -2.20293e+06 29122 
1.59024e+07 -1.1107e+07 7.6254e+06 -1.14591e+06 -2.20338e+06 11505 
1.59265e+07 -1.1037e+07 7.69448e+06 -1.17432e+06 -2.20021e+06 27290 
1.5955e+07 -1.11256e+07 7.71557e+06 -1.14852e+06 -2.19321e+06 14639 
1.58763e+07 -1.11567e+07 7.76531e+06 -1.17737e+06 -2.21243e+06 23527 
1.59078e+07 -1.11159e+07 7.73533e+06 -1.15764e+06 -2.18902e+06 23453 
1.58666e+07 -1.12046e+07 7.71909e+06 -1.15716e+06 -2.21422e+06 18977 
1.58667e+07 -1.11803e+07 7.79775e+06 -1.17947e+06 -2.18881e+06 26186 
1.59764e+07 -1.10651e+07 7.7035e+06 -1.1397e+06 -2.21984e+06 16888 
1.59029e+07 -1.12086e+07 7.60697e+06 -1.18651e+06 -2.197e+06 29343 
1.5896e+07 -1.10942e+07 7.70841e+06 -1.14049e+06 -2.19522e+06 15218 
1.59071e+07 -1.11745e+07 7.70735e+06 -1.18521e+06 -2.20527e+06 27737 
1.59326e+07 -1.11917e+07 7.58636e+06 -1.15074e+06 -2.18946e+06 20893 
1.58412e+07 -1.12089e+07 7.73387e+06 -1.18299e+06 -2.21191e+06 20941 
1.59873e+07 -1.11355e+07 7.71608e+06 -1.16154e+06 -2.19949e+06 24887 
1.58291e+07 -1.11247e+07 7.79811e+06 -1.16542e+06 -2.20944e+06 19976 
1.5938e+07 -1.1179e+07 7.75266e+06 -1.1781e+06 -2.18758e+06 28534 
1.58857e+07 -1.11135e+07 7.7324e+06 -1.15018e+06 -2.20737e+06 18016 
1.59315e+07 -1.12189e+07 7.70426e+06 -1.18648e+06 -2.19234e+06 32944 
1.59268e+07 -1.10794e+07 7.57371e+06 -1.15049e+06 -2.20014e+06 18157 
1.59668e+07 -1.10949e+07 7.65073e+06 -1.18571e+06 -2.21189e+06 28230 
1.59134e+07 -1.11676e+07 7.69932e+06 -1.15527e+06 -2.19578e+06 24876 
1.58893e+07 -1.11281e+07 7.71086e+06 -1.17217e+06 -2.21281e+06 20287 
1.59184e+07 -1.11707e+07 7.76232e+06 -1.17144e+06 -2.18709e+06 28486 
1.58686e+07 -1.11922e+07 7.7089e+06 -1.16311e+06 -2.20892e+06 14611 
1.5904e+07 -1.11776e+07 7.71239e+06 -1.18622e+06 -2.19436e+06 29426 
1.58857e+07 -1.1158e+07 7.60071e+06 -1.14605e+06 -2.20367e+06 16805 
1.59125e+07 -1.1202e+07 7.83365e+06 -1.19411e+06 -2.20573e+06 25192 
1.58844e+07 -1.11706e+07 7.74395e+06 -1.16138e+06 -2.1999e+06 24082 
1.5875e+07 -1.11711e+07 7.65511e+06 -1.17774e+06 -2.20675e+06 18072 
1.58713e+07 -1.11224e+07 7.78678e+06 -1.17283e+06 -2.18451e+06 29294 
1.59436e+07 -1.11448e+07 7.61086e+06 -1.15064e+06 -2.20714e+06 13635 
1.58986e+07 -1.11062e+07 7.83423e+06 -1.18601e+06 -2.1905e+06 29066 
1.59773e+07 -1.10989e+07 7.64589e+06 -1.15232e+06 -2.21085e+06 15444 
1.58217e+07 -1.11438e+07 7.80935e+06 -1.19477e+06 -2.20138e+06 26330 
1.59665e+07 -1.11413e+07 7.73106e+06 -1.15931e+06 -2.20314e+06 18560 
1.58933e+07 -1.1144e+07 7.72842e+06 -1.17696e+06 -2.20932e+06 21494 
1.59153e+07 -1.11735e+07 7.72119e+06 -1.16845e+06 -2.1913e+06 25024 
1.5894e+07 -1.1189e+07 7.68917e+06 -1.16647e+06 -2.21254e+06 16021 
1.59359e+07 -1.12078e+07 7.71589e+06 -1.18542e+06 -2.19088e+06 27809 
1.59308e+07 -1.10941e+07 7.792e+06 -1.15338e+06 -2.21151e+06 13412 
1.59347e+07 -1.11557e+07 7.7415e+06 -1.18715e+06 -2.20755e+06 32478 
1.5914e+07 -1.11317e+07 7.65839e+06 -1.15008e+06 -2.20639e+06 11943 
1.58581e+07 -1.12509e+07 7.8046e+06 -1.19378e+06 -2.20391e+06 26762 
1.5925e+07 -1.11567e+07 7.63562e+06 -1.15509e+06 -2.18871e+06 15353 
1.59109e+07 -1.1192e+07 7.57896e+06 -1.18329e+06 -2.20912e+06 20264 
1.59283e+07 -1.11681e+07 7.69273e+06 -1.16609e+06 -2.1916e+06 22196 
1.58879e+07 -1.1213e+07 7.69781e+06 -1.17599e+06 -2.21842e+06 15233 
1.58569e+07 -1.11238e+07 7.77752e+06 -1.17892e+06 -2.19794e+06 29426 
1.59043e+07 -1.10474e+07 7.62403e+06 -1.15359e+06 -2.22127e+06 12804 
1.59347e+07 -1.1192e+07 7.76343e+06 -1.1913e+06 -2.19887e+06 26767 
1.59534e+07 -1.11308e+07 7.63354e+06 -1.15107e+06 -2.20195e+06 11869 
1.58827e+07 -1.11994e+07 7.73548e+06 -1.19144e+06 -2.21072e+06 23692 
1.59033e+07 -1.11032e+07 7.69156e+06 -1.16258e+06 -2.1978e+06 19959 
1.59496e+07 -1.11929e+07 7.77158e+06 -1.17776e+06 -2.22747e+06 17437 
1.59323e+07 -1.11901e+07 7.71517e+06 -1.17639e+06 -2.19815e+06 23801 
1.59813e+07 -1.11075e+07 7.52533e+06 -1.15832e+06 -2.22245e+06 12691 
1.59136e+07 -1.1151e+07 7.81712e+06 -1.19201e+06 -2.19635e+06 25408 
1.59459e+07 -1.11356e+07 7.70048e+06 -1.1448e+06 -2.20593e+06 9560 
1.5913e+07 -1.11461e+07 7.74112e+06 -1.18891e+06 -2.20193e+06 22464 
1.60088e+07 -1.10998e+07 7.64091e+06 -1.14909e+06 -2.2137e+06 14571 
1.59278e+07 -1.116e+07 7.70915e+06 -1.18546e+06 -2.22068e+06 22177 
1.59773e+07 -1.1056e+07 7.73906e+06 -1.15994e+06 -2.20091e+06 19870 
1.58939e+07 -1.11712e+07 7.78391e+06 -1.17214e+06 -2.22064e+06 14037 
1.59739e+07 -1.12014e+07 7.74043e+06 -1.17988e+06 -2.19084e+06 22960 
1.5914e+07 -1.10941e+07 7.70436e+06 -1.15326e+06 -2.21773e+06 12180 
1.59162e+07 -1.11284e+07 7.69499e+06 -1.18102e+06 -2.19402e+06 24678 
1.59556e+07 -1.11211e+07 7.6728e+06 -1.13811e+06 -2.21578e+06 13912 
1.58957e+07 -1.11568e+07 7.76179e+06 -1.18464e+06 -2.20502e+06 24940 
1.59636e+07 -1.10867e+07 7.69798e+06 -1.14109e+06 -2.21278e+06 15829 
1.5895e+07 -1.11258e+07 7.72483e+06 -1.18344e+06 -2.22123e+06 19229 
1.59611e+07 -1.11506e+07 7.67124e+06 -1.16445e+06 -2.1975e+06 20742 
1.58773e+07 -1.11814e+07 7.67672e+06 -1.16626e+06 -2.21994e+06 13108 
1.59533e+07 -1.115e+07 7.75669e+06 -1.17365e+06 -2.19164e+06 26872 
1.59448e+07 -1.11385e+07 7.70859e+06 -1.15089e+06 -2.2158e+06 11479 
1.58744e+07 -1.11865e+07 7.71792e+06 -1.18624e+06 -2.1943e+06 25108 
1.59934e+07 -1.10915e+07 7.72675e+06 -1.1446e+06 -2.21177e+06 18363 
1.59523e+07 -1.12283e+07 7.68956e+06 -1.19421e+06 -2.21413e+06 19841 
1.5999e+07 -1.11699e+07 7.64713e+06 -1.16063e+06 -2.20666e+06 18588 
1.58379e+07 -1.11414e+07 7.71533e+06 -1.183e+06 -2.21133e+06 15172 
1.59638e+07 -1.1167e+07 7.76306e+06 -1.16518e+06 -2.19988e+06 25595 
1.5959e+07 -1.11234e+07 7.68551e+06 -1.14769e+06 -2.21594e+06 10526 
1.58616e+07 -1.11449e+07 7.80838e+06 -1.16896e+06 -2.19192e+06 28643 
1.59563e+07 -1.11712e+07 7.52092e+06 -1.14564e+06 -2.21404e+06 12046 
1.58643e+07 -1.11241e+07 7.82879e+06 -1.19192e+06 -2.2058e+06 27699 
1.59872e+07 -1.10861e+07 7.70886e+06 -1.14599e+06 -2.20716e+06 17494 
1.59283e+07 -1.11208e+07 7.79151e+06 -1.17966e+06 -2.21393e+06 20945 
1.5925e+07 -1.11182e+07 7.75824e+06 -1.16168e+06 -2.19569e+06 21234 
1.59549e+07 -1.11147e+07 7.72267e+06 -1.16122e+06 -2.21464e+06 18115 
1.59583e+07 -1.11437e+07 7.75709e+06 -1.17476e+06 -2.19458e+06 28350 
1.58976e+07 -1.11729e+07 7.65017e+06 -1.15305e+06 -2.21137e+06 14534 
1.58665e+07 -1.11626e+07 7.80052e+06 -1.18898e+06 -2.19794e+06 28042 
1.59479e+07 -1.11308e+07 7.64462e+06 -1.1474e+06 -2.212e+06 16582 
1.59357e+07 -1.11699e+07 7.80679e+06 -1.18218e+06 -2.20893e+06 27053 
1.60323e+07 -1.1096e+07 7.7384e+06 -1.148e+06 -2.20106e+06 22250 
1.59361e+07 -1.11083e+07 7.78414e+06 -1.17001e+06 -2.20648e+06 19350 
1.59459e+07 -1.11945e+07 7.75507e+06 -1.16986e+06 -2.18434e+06 25130 
1.58933e+07 -1.11933e+07 7.71607e+06 -1.16099e+06 -2.21132e+06 13728 
1.58782e+07 -1.11237e+07 7.79361e+06 -1.17915e+06 -2.19301e+06 30455 
1.60015e+07 -1.11392e+07 7.705e+06 -1.15467e+06 -2.21836e+06 15165 
1.59167e+07 -1.1214e+07 7.93681e+06 -1.1982e+06 -2.2004e+06 29938 
1.60183e+07 -1.11786e+07 7.53019e+06 -1.14863e+06 -2.2041e+06 16191 
1.59473e+07 -1.11498e+07 7.78655e+06 -1.1823e+06 -2.20982e+06 25936 
1.59884e+07 -1.11677e+07 7.65427e+06 -1.16027e+06 -2.19209e+06 19419 
1.57997e+07 -1.1147e+07 7.83295e+06 -1.17782e+06 -2.2025e+06 22173 
1.59113e+07 -1.11926e+07 7.65572e+06 -1.17433e+06 -2.1864e+06 27519 
1.59387e+07 -1.12015e+07 7.80271e+06 -1.17102e+06 -2.22219e+06 17623 
1.5965e+07 -1.10986e+07 7.67829e+06 -1.18029e+06 -2.19389e+06 30424 
1.59404e+07 -1.11777e+07 7.784e+06 -1.15796e+06 -2.21131e+06 16013 
1.58769e+07 -1.11646e+07 7.6961e+06 -1.18666e+06 -2.195e+06 29609 
1.60016e+07 -1.11392e+07 7.72533e+06 -1.15453e+06 -2.20214e+06 19095 
1.59488e+07 -1.11611e+07 7.78497e+06 -1.19063e+06 -2.20972e+06 22702 
1.59641e+07 -1.11222e+07 7.72013e+06 -1.16084e+06 -2.19814e+06 24351 
1.59602e+07 -1.11766e+07 7.73189e+06 -1.18259e+06 -2.21602e+06 17440 
1.59317e+07 -1.11714e+07 7.68762e+06 -1.18926e+06 -2.19316e+06 26614 
1.5896e+07 -1.11513e+07 7.7067e+06 -1.16857e+06 -2.21451e+06 10008 
1.59636e+07 -1.11752e+07 7.78442e+06 -1.18986e+06 -2.19664e+06 30362 
1.59983e+07 -1.11299e+07 7.65652e+06 -1.155e+06 -2.206e+06 12311 
1.58674e+07 -1.11577e+07 7.78881e+06 -1.20268e+06 -2.19546e+06 26997 
1.59739e+07 -1.11155e+07 7.59734e+06 -1.15207e+06 -2.20127e+06 17463 
1.58667e+07 -1.10949e+07 7.80506e+06 -1.18336e+06 -2.21467e+06 18370 
1.59348e+07 -1.11579e+07 7.7019e+06 -1.17489e+06 -2.1996e+06 25941 
1.59602e+07 -1.1157e+07 7.60968e+06 -1.17167e+06 -2.2195e+06 16139 
1.58764e+07 -1.11886e+07 7.75806e+06 -1.18133e+06 -2.18984e+06 26257 
1.59848e+07 -1.11091e+07 7.64774e+06 -1.15253e+06 -2.20929e+06 8547 
1.591e+07 -1.11993e+07 7.85886e+06 -1.19445e+06 -2.19356e+06 25112 
1.59367e+07 -1.10119e+07 7.67413e+06 -1.14384e+06 -2.2128e+06 14296 
1.58424e+07 -1.11444e+07 7.77015e+06 -1.18889e+06 -2.20779e+06 23099 
1.60503e+07 -1.11216e+07 7.65191e+06 -1.15526e+06 -2.21727e+06 15465 
1.58546e+07 -1.11256e+07 7.90388e+06 -1.18736e+06 -2.21456e+06 17029 
1.58684e+07 -1.11758e+07 7.82928e+06 -1.16342e+06 -2.19565e+06 27643 
1.59501e+07 -1.11644e+07 7.6616e+06 -1.17844e+06 -2.21632e+06 11033 
1.59083e+07 -1.12313e+07 7.82087e+06 -1.18678e+06 -2.19562e+06 26353 
1.59818e+07 -1.11541e+07 7.6385e+06 -1.15324e+06 -2.21587e+06 7302 
1.59003e+07 -1.11274e+07 7.77503e+06 -1.18351e+06 -2.20211e+06 27646 
1.6006e+07 -1.11547e+07 7.62043e+06 -1.14423e+06 -2.2076e+06 8953 
1.60039e+07 -1.11523e+07 7.67714e+06 -1.17896e+06 -2.21447e+06 24252 
1.59892e+07 -1.11258e+07 7.66495e+06 -1.15839e+06 -2.20885e+06 15644 
1.5952e+07 -1.1115e+07 7.85734e+06 -1.18032e+06 -2.21668e+06 22917 
1.60193e+07 -1.11456e+07 7.59882e+06 -1.17182e+06 -2.20928e+06 22652 
1.60135e+07 -1.11214e+07 7.78094e+06 -1.16577e+06 -2.22655e+06 14201 
1.59069e+07 -1.11211e+07 7.84394e+06 -1.17832e+06 -2.1969e+06 24869 
1.6025e+07 -1.11765e+07 7.5626e+06 -1.15397e+06 -2.21551e+06 7137 
1.59393e+07 -1.11797e+07 7.76814e+06 -1.18478e+06 -2.20123e+06 24744 
1.59266e+07 -1.11527e+07 7.69697e+06 -1.14766e+06 -2.21579e+06 15004 
1.59228e+07 -1.11779e+07 7.83649e+06 -1.1845e+06 -2.21549e+06 22468 
1.59833e+07 -1.11739e+07 7.69041e+06 -1.15884e+06 -2.20414e+06 16197 
1.59954e+07 -1.11666e+07 7.75276e+06 -1.17885e+06 -2.21971e+06 18609 
1.59739e+07 -1.11738e+07 7.75332e+06 -1.16462e+06 -2.19022e+06 23759 
1.594e+07 -1.10934e+07 7.7683e+06 -1.162e+06 -2.21829e+06 14255 
1.59077e+07 -1.11995e+07 7.71707e+06 -1.1765e+06 -2.18938e+06 27669 
1.59569e+07 -1.11007e+07 7.70768e+06 -1.15427e+06 -2.21954e+06 14941 
1.59108e+07 -1.11907e+07 7.74028e+06 -1.18879e+06 -2.19648e+06 28512 
1.60081e+07 -1.11491e+07 7.76337e+06 -1.1514e+06 -2.2153e+06 16098 
1.59653e+07 -1.11451e+07 7.74604e+06 -1.1854e+06 -2.21704e+06 21188 
1.591e+07 -1.11873e+07 7.69592e+06 -1.16086e+06 -2.18944e+06 25878 
1.59516e+07 -1.11057e+07 7.7583e+06 -1.16408e+06 -2.2126e+06 17850 
1.59118e+07 -1.12036e+07 7.71356e+06 -1.1738e+06 -2.1948e+06 26217 
1.59824e+07 -1.12111e+07 7.62539e+06 -1.15943e+06 -2.21132e+06 14537 
1.59628e+07 -1.12272e+07 7.848e+06 -1.19362e+06 -2.20054e+06 29036 
1.5967e+07 -1.11614e+07 7.57234e+06 -1.15365e+06 -2.21819e+06 13269 
1.59716e+07 -1.11515e+07 7.86562e+06 -1.18605e+06 -2.20834e+06 28946 
1.59619e+07 -1.11518e+07 7.76154e+06 -1.15864e+06 -2.20624e+06 23418 
1.59727e+07 -1.11734e+07 7.68668e+06 -1.18115e+06 -2.21272e+06 20835 
1.59421e+07 -1.1133e+07 7.75584e+06 -1.15788e+06 -2.18489e+06 28560 
1.60213e+07 -1.11941e+07 7.63526e+06 -1.16944e+06 -2.21169e+06 13414 
1.59162e+07 -1.11481e+07 7.84457e+06 -1.17732e+06 -2.1904e+06 30816 
1.59685e+07 -1.10842e+07 7.60721e+06 -1.15981e+06 -2.21667e+06 14334 
1.59356e+07 -1.12023e+07 7.87395e+06 -1.19241e+06 -2.19809e+06 34016 
1.59734e+07 -1.11522e+07 7.6028e+06 -1.15455e+06 -2.2073e+06 14259 
1.58631e+07 -1.11928e+07 7.79136e+06 -1.18958e+06 -2.20564e+06 31230 
1.60065e+07 -1.11131e+07 7.71518e+06 -1.15113e+06 -2.19148e+06 21839 
1.58639e+07 -1.11702e+07 7.71232e+06 -1.17736e+06 -2.21035e+06 23018 
1.59526e+07 -1.12199e+07 7.76652e+06 -1.17244e+06 -2.18862e+06 25539 
1.58728e+07 -1.11788e+07 7.72316e+06 -1.16942e+06 -2.20877e+06 16340 
1.58738e+07 -1.11834e+07 7.7734e+06 -1.18749e+06 -2.19444e+06 29641 
1.59722e+07 -1.11331e+07 7.64529e+06 -1.15883e+06 -2.21696e+06 16520 
1.59405e+07 -1.11709e+07 7.77032e+06 -1.18146e+06 -2.19812e+06 29801 
1.60021e+07 -1.1088e+07 7.64173e+06 -1.14837e+06 -2.20124e+06 16437 
1.59598e+07 -1.11768e+07 7.78587e+06 -1.18276e+06 -2.20242e+06 27712 
1.59951e+07 -1.11097e+07 7.65871e+06 -1.16057e+06 -2.20035e+06 19190 
1.59572e+07 -1.11776e+07 7.6771e+06 -1.17683e+06 -2.21631e+06 19699 
1.59925e+07 -1.11736e+07 7.72736e+06 -1.1737e+06 -2.19604e+06 25095 
1.59311e+07 -1.11722e+07 7.63989e+06 -1.17186e+06 -2.21859e+06 16269 
1.59831e+07 -1.11473e+07 7.71175e+06 -1.18279e+06 -2.2005e+06 25533 
1.59806e+07 -1.11995e+07 7.70049e+06 -1.15781e+06 -2.21087e+06 16407 
1.59528e+07 -1.12336e+07 7.71529e+06 -1.19701e+06 -2.19912e+06 27435 
1.60296e+07 -1.11599e+07 7.66947e+06 -1.14938e+06 -2.20286e+06 16136 
1.59995e+07 -1.12112e+07 7.68624e+06 -1.19418e+06 -2.21966e+06 24705 
1.59963e+07 -1.12123e+07 7.67911e+06 -1.17126e+06 -2.19959e+06 21900 
1.59198e+07 -1.12197e+07 7.69615e+06 -1.17836e+06 -2.2201e+06 18710 
1.59346e+07 -1.11749e+07 7.6929e+06 -1.18201e+06 -2.19137e+06 25517 
1.59213e+07 -1.11175e+07 7.69323e+06 -1.16003e+06 -2.21158e+06 13810 
1.59837e+07 -1.11493e+07 7.64019e+06 -1.18446e+06 -2.19534e+06 28428 
1.59892e+07 -1.11022e+07 7.60889e+06 -1.15435e+06 -2.21347e+06 12764 
1.59547e+07 -1.11815e+07 7.66393e+06 -1.19094e+06 -2.20265e+06 25560 
1.60344e+07 -1.12051e+07 7.68815e+06 -1.16789e+06 -2.20647e+06 21675 
1.59334e+07 -1.11477e+07 7.73679e+06 -1.18948e+06 -2.21796e+06 19585 
1.59901e+07 -1.11498e+07 7.63318e+06 -1.1632e+06 -2.20247e+06 24749 
1.60413e+07 -1.10865e+07 7.70667e+06 -1.16992e+06 -2.22023e+06 13432 
1.59237e+07 -1.11815e+07 7.69957e+06 -1.17723e+06 -2.18413e+06 25595 
1.59966e+07 -1.1178e+07 7.66357e+06 -1.16943e+06 -2.22202e+06 9402 
1.59838e+07 -1.11626e+07 7.79297e+06 -1.1911e+06 -2.20294e+06 25202 
1.59413e+07 -1.1089e+07 7.7493e+06 -1.15105e+06 -2.2157e+06 16199 
1.59195e+07 -1.11462e+07 7.71613e+06 -1.19147e+06 -2.20394e+06 22451 
1.6006e+07 -1.11096e+07 7.65158e+06 -1.15869e+06 -2.21131e+06 17963 
1.59956e+07 -1.11152e+07 7.70933e+06 -1.17227e+06 -2.21657e+06 17621 
1.59949e+07 -1.1173e+07 7.84416e+06 -1.16692e+06 -2.19725e+06 21924 
1.59772e+07 -1.11753e+07 7.68305e+06 -1.16444e+06 -2.21846e+06 10709 
1.59334e+07 -1.11885e+07 7.78238e+06 -1.18081e+06 -2.19929e+06 26994 
1.60482e+07 -1.11487e+07 7.69631e+06 -1.16221e+06 -2.23003e+06 8805 
1.60144e+07 -1.11828e+07 7.76271e+06 -1.1956e+06 -2.21965e+06 27771 
1.59976e+07 -1.10803e+07 7.59458e+06 -1.15348e+06 -2.20776e+06 17882 
1.59503e+07 -1.11551e+07 7.7481e+06 -1.17817e+06 -2.2135e+06 18805 
1.60201e+07 -1.12031e+07 7.64792e+06 -1.16914e+06 -2.19484e+06 23846 
1.59294e+07 -1.12111e+07 7.54391e+06 -1.15451e+06 -2.22147e+06 10732 
1.59517e+07 -1.11723e+07 7.74398e+06 -1.1837e+06 -2.20202e+06 27219 
1.59926e+07 -1.10884e+07 7.65672e+06 -1.15056e+06 -2.21157e+06 14133 
1.59561e+07 -1.11599e+07 7.71803e+06 -1.1877e+06 -2.22383e+06 19775 
1.59246e+07 -1.11668e+07 7.7421e+06 -1.16619e+06 -2.19792e+06 20608 
1.59631e+07 -1.11287e+07 7.65183e+06 -1.16413e+06 -2.22153e+06 10497 
1.58985e+07 -1.12219e+07 7.69723e+06 -1.18896e+06 -2.19792e+06 26649 
1.59932e+07 -1.10909e+07 7.60595e+06 -1.1436e+06 -2.20554e+06 14856 
1.59686e+07 -1.11649e+07 7.76166e+06 -1.18078e+06 -2.20916e+06 21282 
1.6015e+07 -1.11347e+07 7.7402e+06 -1.16047e+06 -2.20222e+06 22329 
1.59709e+07 -1.11288e+07 7.64e+06 -1.17156e+06 -2.22233e+06 11917 
1.59242e+07 -1.11652e+07 7.75296e+06 -1.1857e+06 -2.204e+06 31140 
1.60253e+07 -1.10995e+07 7.62483e+06 -1.1474e+06 -2.22159e+06 13876 
1.59678e+07 -1.1102e+07 7.78231e+06 -1.18086e+06 -2.21968e+06 25172 
1.59726e+07 -1.11273e+07 7.69927e+06 -1.15652e+06 -2.19204e+06 22318 
1.59878e+07 -1.11077e+07 7.72796e+06 -1.14824e+06 -2.2184e+06 13332 
1.5977e+07 -1.11941e+07 7.6706e+06 -1.18014e+06 -2.20006e+06 28668 
1.60201e+07 -1.1106e+07 7.65314e+06 -1.14702e+06 -2.21278e+06 16538 
1.59834e+07 -1.11683e+07 7.71538e+06 -1.18699e+06 -2.2138e+06 25973 
1.59416e+07 -1.11723e+07 7.72078e+06 -1.1661e+06 -2.19856e+06 24789 
1.59144e+07 -1.10875e+07 7.73877e+06 -1.1626e+06 -2.21985e+06 15205 
1.59197e+07 -1.11302e+07 7.80415e+06 -1.17505e+06 -2.19525e+06 30117 
1.60089e+07 -1.11595e+07 7.66744e+06 -1.14582e+06 -2.21202e+06 13585 
1.59422e+07 -1.11504e+07 7.77524e+06 -1.18621e+06 -2.20654e+06 24948 
1.60013e+07 -1.11868e+07 7.6848e+06 -1.16362e+06 -2.2003e+06 27346 
1.6002e+07 -1.11607e+07 7.69696e+06 -1.1735e+06 -2.22268e+06 15408 
1.59076e+07 -1.1143e+07 7.82663e+06 -1.18169e+06 -2.19704e+06 31289 
1.59765e+07 -1.11707e+07 7.70906e+06 -1.15041e+06 -2.21421e+06 12878 
1.59179e+07 -1.12383e+07 7.80644e+06 -1.18757e+06 -2.20501e+06 29321 
1.60033e+07 -1.11674e+07 7.65333e+06 -1.15803e+06 -2.20093e+06 19868 
1.59189e+07 -1.1203e+07 7.83272e+06 -1.16863e+06 -2.2036e+06 19304 
1.59243e+07 -1.11796e+07 7.79349e+06 -1.17348e+06 -2.18571e+06 28414 
1.60067e+07 -1.11921e+07 7.6561e+06 -1.15353e+06 -2.21385e+06 15779 
1.59004e+07 -1.11538e+07 7.7372e+06 -1.18865e+06 -2.20002e+06 28823 
1.59705e+07 -1.11202e+07 7.72238e+06 -1.15255e+06 -2.20983e+06 20134 
1.59808e+07 -1.11524e+07 7.71448e+06 -1.18258e+06 -2.21667e+06 20597 
1.59811e+07 -1.11372e+07 7.75812e+06 -1.1625e+06 -2.19443e+06 30200 
1.59693e+07 -1.12115e+07 7.61073e+06 -1.17032e+06 -2.21005e+06 14369 
1.59593e+07 -1.11323e+07 7.82303e+06 -1.18231e+06 -2.19333e+06 32881 
1.60429e+07 -1.10875e+07 7.69456e+06 -1.14622e+06 -2.21053e+06 14914 
1.59036e+07 -1.11929e+07 7.84482e+06 -1.19322e+06 -2.20362e+06 27447 
1.60015e+07 -1.11472e+07 7.65408e+06 -1.16152e+06 -2.2042e+06 23125 
1.59454e+07 -1.11238e+07 7.60456e+06 -1.17719e+06 -2.21759e+06 18203 
1.60123e+07 -1.11914e+07 7.6995e+06 -1.17864e+06 -2.19719e+06 30575 
1.6008e+07 -1.11492e+07 7.63178e+06 -1.14959e+06 -2.21114e+06 15994 
1.59533e+07 -1.11888e+07 7.74784e+06 -1.19019e+06 -2.19538e+06 27349 
1.59959e+07 -1.11709e+07 7.6767e+06 -1.15441e+06 -2.19494e+06 20108 
1.59491e+07 -1.11225e+07 7.77092e+06 -1.17927e+06 -2.21494e+06 20543 
1.59214e+07 -1.11879e+07 7.7126e+06 -1.17615e+06 -2.19233e+06 28393 
1.60028e+07 -1.10855e+07 7.79731e+06 -1.15862e+06 -2.22099e+06 14678 
1.59311e+07 -1.11782e+07 7.71616e+06 -1.18895e+06 -2.19669e+06 28552 
1.60014e+07 -1.11765e+07 7.71238e+06 -1.14975e+06 -2.20352e+06 19212 
1.5936e+07 -1.1165e+07 7.72573e+06 -1.18393e+06 -2.20285e+06 22620 
1.59819e+07 -1.12183e+07 7.65989e+06 -1.1713e+06 -2.1926e+06 26256 
1.6047e+07 -1.11302e+07 7.77064e+06 -1.16935e+06 -2.22039e+06 15472 
1.59407e+07 -1.12079e+07 7.80005e+06 -1.19227e+06 -2.19854e+06 31321 
1.59942e+07 -1.11734e+07 7.7089e+06 -1.15584e+06 -2.21738e+06 16253 
1.59203e+07 -1.11672e+07 7.69776e+06 -1.19139e+06 -2.20084e+06 24349 
1.59615e+07 -1.11524e+07 7.71614e+06 -1.15826e+06 -2.19736e+06 23482 
1.60069e+07 -1.1145e+07 7.7327e+06 -1.16915e+06 -2.2127e+06 12914 
1.59677e+07 -1.11479e+07 7.78225e+06 -1.17914e+06 -2.19862e+06 30300 
1.60454e+07 -1.10854e+07 7.75507e+06 -1.1585e+06 -2.22735e+06 12607 
1.59697e+07 -1.11771e+07 7.77828e+06 -1.1937e+06 -2.20462e+06 30880 
1.60395e+07 -1.11592e+07 7.59517e+06 -1.15516e+06 -2.21144e+06 15538 
1.59795e+07 -1.11516e+07 7.72396e+06 -1.18069e+06 -2.2145e+06 21375 
1.60331e+07 -1.11838e+07 7.70734e+06 -1.17128e+06 -2.19661e+06 24548 
1.5985e+07 -1.11304e+07 7.74212e+06 -1.16804e+06 -2.21927e+06 12776 
1.59733e+07 -1.11357e+07 7.79524e+06 -1.19056e+06 -2.20366e+06 29348 
1.6059e+07 -1.11355e+07 7.67494e+06 -1.15874e+06 -2.22257e+06 14297 
1.59016e+07 -1.11514e+07 7.77022e+06 -1.1892e+06 -2.20958e+06 25005 
1.59818e+07 -1.11663e+07 7.60608e+06 -1.1636e+06 -2.19746e+06 20532 
1.59444e+07 -1.11836e+07 7.64271e+06 -1.17803e+06 -2.21552e+06 16152 
1.59816e+07 -1.11828e+07 7.6463e+06 -1.17605e+06 -2.19723e+06 24808 
1.60182e+07 -1.11778e+07 7.6497e+06 -1.16511e+06 -2.22586e+06 11930 
1.59524e+07 -1.11216e+07 7.7814e+06 -1.19386e+06 -2.20665e+06 25830 
1.6046e+07 -1.12109e+07 7.58614e+06 -1.16112e+06 -2.22234e+06 17352 
1.59906e+07 -1.11648e+07 7.65556e+06 -1.18626e+06 -2.22007e+06 17427 
1.59547e+07 -1.11792e+07 7.76216e+06 -1.16941e+06 -2.19628e+06 25548 
1.60261e+07 -1.12149e+07 7.7163e+06 -1.1677e+06 -2.22271e+06 10451 
1.59702e+07 -1.11683e+07 7.79777e+06 -1.18566e+06 -2.20087e+06 25338 
1.60224e+07 -1.11578e+07 7.64008e+06 -1.15592e+06 -2.22192e+06 10317 
1.59576e+07 -1.12108e+07 7.76494e+06 -1.19384e+06 -2.21322e+06 22226 
1.59536e+07 -1.11774e+07 7.66674e+06 -1.16126e+06 -2.20258e+06 18502 
1.60165e+07 -1.11453e+07 7.66634e+06 -1.17298e+06 -2.22824e+06 17066 
1.60053e+07 -1.11314e+07 7.75608e+06 -1.16523e+06 -2.19737e+06 23416 
1.60288e+07 -1.11008e+07 7.66776e+06 -1.14903e+06 -2.22105e+06 10047 
1.59592e+07 -1.11783e+07 7.66821e+06 -1.18748e+06 -2.20498e+06 25435 
1.60156e+07 -1.11664e+07 7.66408e+06 -1.15244e+06 -2.21649e+06 14031 
1.595e+07 -1.11309e+07 7.80456e+06 -1.18591e+06 -2.22084e+06 21534 
1.5958e+07 -1.11886e+07 7.7421e+06 -1.16343e+06 -2.20498e+06 22270 
1.59881e+07 -1.11395e+07 7.73453e+06 -1.16224e+06 -2.22516e+06 14399 
1.59672e+07 -1.11899e+07 7.7425e+06 -1.17377e+06 -2.19344e+06 24852 
1.60375e+07 -1.11307e+07 7.6462e+06 -1.14645e+06 -2.22023e+06 12936 
1.60292e+07 -1.1172e+07 7.76879e+06 -1.18026e+06 -2.20464e+06 22863 
1.60031e+07 -1.11487e+07 7.70226e+06 -1.14822e+06 -2.21136e+06 16859 
1.59979e+07 -1.11936e+07 7.64984e+06 -1.18897e+06 -2.21801e+06 19731 
1.59592e+07 -1.11879e+07 7.75271e+06 -1.16255e+06 -2.20419e+06 23769 
1.59267e+07 -1.11813e+07 7.73805e+06 -1.17449e+06 -2.22338e+06 13907 
1.59042e+07 -1.11845e+07 7.7535e+06 -1.17826e+06 -2.19394e+06 27632 
1.60091e+07 -1.10793e+07 7.74166e+06 -1.14992e+06 -2.22075e+06 11295 
1.5941e+07 -1.11291e+07 7.76461e+06 -1.18269e+06 -2.1993e+06 30565 
1.60337e+07 -1.11284e+07 7.59911e+06 -1.13759e+06 -2.20963e+06 12981 
1.59434e+07 -1.11709e+07 7.71039e+06 -1.18197e+06 -2.20744e+06 24608 
1.5991e+07 -1.11897e+07 7.69914e+06 -1.15996e+06 -2.20186e+06 21905 
1.59858e+07 -1.1171e+07 7.72366e+06 -1.17424e+06 -2.22847e+06 18300 
1.59133e+07 -1.11868e+07 7.79472e+06 -1.17459e+06 -2.19237e+06 28770 
1.60124e+07 -1.11262e+07 7.63678e+06 -1.15414e+06 -2.22045e+06 13571 
1.59751e+07 -1.12294e+07 7.67533e+06 -1.18537e+06 -2.19695e+06 31549 
1.5997e+07 -1.11841e+07 7.6929e+06 -1.15006e+06 -2.20883e+06 14235 
1.59338e+07 -1.11752e+07 7.83232e+06 -1.18376e+06 -2.1998e+06 25817 
1.60453e+07 -1.11948e+07 7.70083e+06 -1.15639e+06 -2.20462e+06 20494 
1.59619e+07 -1.12011e+07 7.75696e+06 -1.18033e+06 -2.21806e+06 19266 
1.59777e+07 -1.11565e+07 7.75539e+06 -1.17061e+06 -2.19847e+06 28730 
1.59567e+07 -1.11244e+07 7.73203e+06 -1.16511e+06 -2.22239e+06 18218 
1.59222e+07 -1.11647e+07 7.78241e+06 -1.18586e+06 -2.19677e+06 31570 
1.60279e+07 -1.11525e+07 7.66692e+06 -1.15041e+06 -2.21522e+06 19044 
1.59727e+07 -1.11884e+07 7.69524e+06 -1.18572e+06 -2.20495e+06 25525 
1.59848e+07 -1.11081e+07 7.68643e+06 -1.14824e+06 -2.20017e+06 23591 
1.5974e+07 -1.11277e+07 7.71065e+06 -1.17644e+06 -2.21398e+06 19544 
1.59713e+07 -1.12158e+07 7.64727e+06 -1.17609e+06 -2.19889e+06 28672 
1.59372e+07 -1.11496e+07 7.63596e+06 -1.17357e+06 -2.21738e+06 13405 
1.59061e+07 -1.1223e+07 7.79051e+06 -1.19322e+06 -2.19469e+06 30101 
1.60044e+07 -1.11591e+07 7.61221e+06 -1.15729e+06 -2.21883e+06 13783 
1.59565e+07 -1.1119e+07 7.83074e+06 -1.18452e+06 -2.20235e+06 29328 
1.59815e+07 -1.11511e+07 7.69756e+06 -1.14978e+06 -2.20402e+06 18699 
1.5892e+07 -1.11882e+07 7.73252e+06 -1.18366e+06 -2.20324e+06 19727 
1.5964e+07 -1.11772e+07 7.69405e+06 -1.16784e+06 -2.19089e+06 25964 
1.59991e+07 -1.1153e+07 7.6627e+06 -1.17376e+06 -2.22261e+06 11758 
1.59735e+07 -1.11528e+07 7.84418e+06 -1.18568e+06 -2.20167e+06 33449 
1.6033e+07 -1.11251e+07 7.69469e+06 -1.15683e+06 -2.2255e+06 14033 
1.58673e+07 -1.11842e+07 7.82301e+06 -1.19197e+06 -2.19307e+06 28951 
1.60038e+07 -1.11364e+07 7.55482e+06 -1.15094e+06 -2.20313e+06 15102 
1.59468e+07 -1.11756e+07 7.70842e+06 -1.18481e+06 -2.21007e+06 22993 
1.59296e+07 -1.11398e+07 7.61333e+06 -1.16765e+06 -2.19265e+06 20892 
1.59841e+07 -1.11548e+07 7.66867e+06 -1.18054e+06 -2.22466e+06 16950 
1.59379e+07 -1.11768e+07 7.80195e+06 -1.18672e+06 -2.1967e+06 26544 
1.59931e+07 -1.10824e+07 7.67239e+06 -1.15878e+06 -2.22217e+06 14436 
1.59254e+07 -1.11765e+07 7.78914e+06 -1.18985e+06 -2.19669e+06 26972 
1.60485e+07 -1.11457e+07 7.64388e+06 -1.15096e+06 -2.21413e+06 15963 
1.5908e+07 -1.11864e+07 7.746e+06 -1.1892e+06 -2.20597e+06 19903 
1.60028e+07 -1.11987e+07 7.63352e+06 -1.1675e+06 -2.20272e+06 21081 
1.59844e+07 -1.11295e+07 7.69672e+06 -1.17599e+06 -2.22274e+06 12691 
1.59209e+07 -1.1155e+07 7.78954e+06 -1.18307e+06 -2.19636e+06 28038 
1.60205e+07 -1.11711e+07 7.67625e+06 -1.16124e+06 -2.22438e+06 11464 
1.59399e+07 -1.12141e+07 7.7254e+06 -1.19519e+06 -2.20296e+06 27345 
1.5993e+07 -1.11495e+07 7.66063e+06 -1.14897e+06 -2.21192e+06 13588 
1.59768e+07 -1.11753e+07 7.70307e+06 -1.18475e+06 -2.21071e+06 19363 
1.601e+07 -1.11743e+07 7.69665e+06 -1.16577e+06 -2.20477e+06 21554 
1.59576e+07 -1.12147e+07 7.74449e+06 -1.18545e+06 -2.22354e+06 12181 
1.59869e+07 -1.11625e+07 7.79308e+06 -1.18207e+06 -2.20697e+06 27745 
1.6021e+07 -1.11079e+07 7.63593e+06 -1.15481e+06 -2.22635e+06 11531 
1.59736e+07 -1.11335e+07 7.76025e+06 -1.18621e+06 -2.2103e+06 27726 
1.60089e+07 -1.11653e+07 7.66078e+06 -1.14963e+06 -2.21075e+06 12842 
1.59998e+07 -1.11005e+07 7.70643e+06 -1.17926e+06 -2.21684e+06 20040 
1.60121e+07 -1.1178e+07 7.65636e+06 -1.16304e+06 -2.20425e+06 19287 
1.5952e+07 -1.11641e+07 7.72254e+06 -1.17424e+06 -2.22303e+06 12526 
1.59636e+07 -1.11217e+07 7.7188e+06 -1.17493e+06 -2.20342e+06 27869 
1.59898e+07 -1.11936e+07 7.69734e+06 -1.16477e+06 -2.22434e+06 9112 
1.59282e+07 -1.11477e+07 7.76866e+06 -1.18572e+06 -2.20228e+06 25821 
1.60389e+07 -1.11488e+07 7.65306e+06 -1.14672e+06 -2.2127e+06 13417 
1.59559e+07 -1.11379e+07 7.81518e+06 -1.1805e+06 -2.21494e+06 21691 
1.60165e+07 -1.1175e+07 7.64895e+06 -1.15784e+06 -2.20115e+06 20089 
1.60452e+07 -1.11273e+07 7.79415e+06 -1.17131e+06 -2.23094e+06 14074 
1.59231e+07 -1.11737e+07 7.77236e+06 -1.18036e+06 -2.19818e+06 26639 
1.60347e+07 -1.11771e+07 7.69439e+06 -1.15988e+06 -2.23059e+06 12195 
1.60089e+07 -1.11395e+07 7.74014e+06 -1.18634e+06 -2.21274e+06 27918 
1.59963e+07 -1.1143e+07 7.70109e+06 -1.14591e+06 -2.21253e+06 17278 
1.59631e+07 -1.11646e+07 7.75977e+06 -1.17718e+06 -2.21401e+06 21946 
1.60416e+07 -1.11242e+07 7.62022e+06 -1.14925e+06 -2.20349e+06 21369 
1.59451e+07 -1.1156e+07 7.66692e+06 -1.17044e+06 -2.21895e+06 15160 
1.59634e+07 -1.12423e+07 7.53765e+06 -1.17815e+06 -2.19926e+06 26009 
1.59851e+07 -1.11568e+07 7.72038e+06 -1.1593e+06 -2.22398e+06 13075 
1.59573e+07 -1.11824e+07 7.79028e+06 -1.19005e+06 -2.20499e+06 28325 
1.60299e+07 -1.11564e+07 7.66635e+06 -1.14333e+06 -2.21947e+06 14806 
1.59771e+07 -1.11324e+07 7.79732e+06 -1.17903e+06 -2.20714e+06 27078 
1.59904e+07 -1.11795e+07 7.72264e+06 -1.14978e+06 -2.1988e+06 19045 
1.59259e+07 -1.117e+07 7.7102e+06 -1.17438e+06 -2.21137e+06 20116 
1.60257e+07 -1.11326e+07 7.72328e+06 -1.16749e+06 -2.20088e+06 26258 
1.5911e+07 -1.11536e+07 7.80624e+06 -1.16434e+06 -2.21551e+06 16244 
1.5962e+07 -1.11537e+07 7.71633e+06 -1.17989e+06 -2.19796e+06 30304 
1.6057e+07 -1.11545e+07 7.64844e+06 -1.14892e+06 -2.22302e+06 15718 
1.59463e+07 -1.1168e+07 7.773e+06 -1.18067e+06 -2.19546e+06 29744 
1.60723e+07 -1.1129e+07 7.62892e+06 -1.14178e+06 -2.20803e+06 20099 
1.59922e+07 -1.11731e+07 7.68827e+06 -1.18277e+06 -2.21255e+06 23649 
1.59692e+07 -1.11348e+07 7.6621e+06 -1.16298e+06 -2.19491e+06 23357 
1.5942e+07 -1.11452e+07 7.65822e+06 -1.17308e+06 -2.22063e+06 17703 
1.59777e+07 -1.12024e+07 7.70178e+06 -1.18206e+06 -2.19788e+06 31548 
1.60349e+07 -1.11918e+07 7.56911e+06 -1.1604e+06 -2.2235e+06 14212 
1.59834e+07 -1.11408e+07 7.71839e+06 -1.18431e+06 -2.20012e+06 31597 
1.6053e+07 -1.11485e+07 7.57452e+06 -1.14875e+06 -2.21113e+06 13426 
1.60024e+07 -1.11485e+07 7.67266e+06 -1.18472e+06 -2.21227e+06 26201 
1.59847e+07 -1.11683e+07 7.69292e+06 -1.1644e+06 -2.19627e+06 20003 
1.59763e+07 -1.10882e+07 7.73439e+06 -1.17299e+06 -2.22172e+06 19900 
1.60046e+07 -1.11941e+07 7.75122e+06 -1.18505e+06 -2.20176e+06 26456 
1.5968e+07 -1.11991e+07 7.694e+06 -1.16336e+06 -2.21678e+06 13610 
1.59383e+07 -1.11933e+07 7.84431e+06 -1.19116e+06 -2.19034e+06 30431 
1.60622e+07 -1.11494e+07 7.65243e+06 -1.14872e+06 -2.21571e+06 14314 
1.60428e+07 -1.12034e+07 7.71719e+06 -1.19656e+06 -2.21736e+06 25825 
1.60135e+07 -1.1122e+07 7.76423e+06 -1.15712e+06 -2.20483e+06 18441 
1.59444e+07 -1.11509e+07 7.7557e+06 -1.18591e+06 -2.22068e+06 17972 
