0.0504361 0.0684509 0.0443847 -0.00995345 -0.0449791 -0.0806182 
0.100872 0.136902 0.0887694 -0.0199069 -0.0899582 -0.161236 
0.146539 0.200582 0.127268 -0.0310371 -0.130843 -0.245024 
0.174891 0.275224 0.162446 -0.0391861 -0.173446 -0.325274 
0.211174 0.313116 0.203653 -0.0439433 -0.219596 -0.411422 
0.193199 0.306669 0.202582 -0.0384556 -0.220747 -0.413792 
0.189385 0.327834 0.184364 -0.048406 -0.220778 -0.415041 
0.179528 0.325373 0.209713 -0.0434627 -0.224958 -0.414758 
0.192736 0.325567 0.217129 -0.0505411 -0.227795 -0.415975 
0.192259 0.349247 0.213449 -0.0524687 -0.22513 -0.414494 
0.19721 0.353313 0.202019 -0.0579233 -0.226707 -0.412629 
0.198673 0.331577 0.202644 -0.0478516 -0.222482 -0.415408 
0.201384 0.382237 0.197541 -0.0599532 -0.223773 -0.412149 
0.211076 0.364801 0.17974 -0.0534706 -0.219031 -0.412962 
0.221077 0.384477 0.22073 -0.0571567 -0.218245 -0.411575 
0.224079 0.405657 0.234355 -0.0645188 -0.215476 -0.410463 
0.21518 0.425174 0.237076 -0.0690634 -0.215989 -0.40834 
0.20746 0.394324 0.226413 -0.0651229 -0.219376 -0.408653 
0.189551 0.439415 0.249873 -0.0772549 -0.222021 -0.409863 
0.181749 0.43529 0.234261 -0.0781156 -0.225471 -0.407145 
0.177428 0.436445 0.228757 -0.0770276 -0.223199 -0.410521 
0.180819 0.436415 0.255878 -0.0747943 -0.227452 -0.409406 
0.180434 0.432173 0.262916 -0.0747112 -0.224907 -0.41024 
0.176341 0.4177 0.28191 -0.0683725 -0.227903 -0.409502 
0.177439 0.436625 0.26538 -0.0771418 -0.226801 -0.407575 
0.179687 0.434847 0.269534 -0.0760513 -0.225398 -0.407522 
0.186736 0.438552 0.268098 -0.0779144 -0.225591 -0.405902 
0.223758 0.456622 0.270515 -0.0843324 -0.215972 -0.406342 
0.227013 0.43569 0.255627 -0.0755941 -0.217204 -0.403924 
0.24348 0.446995 0.278128 -0.0787113 -0.211551 -0.406082 
0.254714 0.441451 0.295148 -0.074148 -0.212278 -0.403803 
0.241073 0.423147 0.280855 -0.0740673 -0.212525 -0.405056 
0.221062 0.427662 0.280436 -0.0705246 -0.216318 -0.405529 
0.22899 0.436089 0.259497 -0.0790566 -0.214078 -0.403995 
0.212814 0.426343 0.222675 -0.0731535 -0.216177 -0.405215 
0.204901 0.443446 0.20408 -0.080911 -0.219548 -0.403832 
0.195993 0.469271 0.204763 -0.0863457 -0.21985 -0.405464 
0.181553 0.452377 0.206329 -0.0803842 -0.225893 -0.404709 
0.19187 0.483337 0.222053 -0.0877213 -0.22288 -0.407395 
0.175783 0.455292 0.259956 -0.0776533 -0.23055 -0.406396 
0.177237 0.443517 0.252855 -0.0765056 -0.230066 -0.406921 
0.185971 0.432017 0.261395 -0.0707623 -0.228018 -0.40706 
0.191832 0.44089 0.23689 -0.0771063 -0.227711 -0.404372 
0.179937 0.438412 0.238602 -0.0769504 -0.227074 -0.404972 
0.21478 0.457195 0.209648 -0.0840957 -0.220624 -0.403538 
0.227402 0.455188 0.224059 -0.0820972 -0.215674 -0.405578 
0.250362 0.477642 0.237358 -0.0857656 -0.213862 -0.403163 
0.25271 0.483866 0.246683 -0.0880861 -0.213528 -0.404008 
0.249768 0.47076 0.239771 -0.0779198 -0.216593 -0.404129 
0.247699 0.495878 0.248325 -0.0873138 -0.21404 -0.402899 
0.226989 0.497911 0.223021 -0.0838162 -0.215061 -0.403603 
0.197843 0.478088 0.199891 -0.0828667 -0.22259 -0.403801 
0.201672 0.475746 0.172784 -0.0775517 -0.216052 -0.407018 
0.198302 0.459255 0.175968 -0.0770316 -0.218313 -0.405582 
0.177018 0.432842 0.153292 -0.0670543 -0.223023 -0.408862 
0.176189 0.459626 0.177637 -0.0734977 -0.22827 -0.407019 
0.189364 0.456657 0.188656 -0.0740202 -0.223428 -0.40837 
0.189355 0.456225 0.23079 -0.0734757 -0.225222 -0.408716 
0.188758 0.467855 0.222723 -0.0743083 -0.225203 -0.408507 
0.193458 0.479873 0.248318 -0.0753583 -0.221711 -0.410531 
0.185298 0.460366 0.285416 -0.0722262 -0.225125 -0.409489 
0.171868 0.485254 0.264756 -0.0747967 -0.22507 -0.411242 
0.147581 0.47608 0.262428 -0.0714722 -0.233818 -0.409614 
0.160551 0.50676 0.263948 -0.0824237 -0.228978 -0.410632 
0.168393 0.517734 0.25482 -0.084828 -0.229991 -0.409133 
0.169665 0.527674 0.1938 -0.0896538 -0.226986 -0.410599 
0.1716 0.519301 0.224887 -0.0855905 -0.226581 -0.410644 
0.18983 0.540377 0.219414 -0.0934987 -0.223684 -0.40902 
0.175516 0.538708 0.194925 -0.0867896 -0.223543 -0.410829 
0.164293 0.532831 0.206541 -0.0857307 -0.229047 -0.408727 
0.171445 0.520327 0.229474 -0.079664 -0.225449 -0.409824 
0.1897 0.510721 0.202009 -0.0766532 -0.224156 -0.407414 
0.182617 0.526656 0.188213 -0.0827198 -0.221648 -0.408596 
0.166455 0.5142 0.238718 -0.0809542 -0.229176 -0.408606 
0.141831 0.504991 0.236703 -0.0830767 -0.230961 -0.410368 
0.134366 0.533297 0.210898 -0.0852957 -0.233207 -0.410999 
0.110886 0.529857 0.223719 -0.0885096 -0.238036 -0.410375 
0.111092 0.515213 0.232521 -0.0799806 -0.235641 -0.412698 
0.126449 0.511928 0.227183 -0.0830322 -0.235923 -0.409604 
0.141398 0.548292 0.243981 -0.0885957 -0.229946 -0.410208 
0.153873 0.546516 0.267052 -0.0905597 -0.22928 -0.408278 
0.17556 0.573545 0.273557 -0.0973246 -0.221704 -0.407561 
0.168795 0.576122 0.270308 -0.0943339 -0.224066 -0.407097 
0.179817 0.580544 0.273731 -0.0983621 -0.218961 -0.406502 
0.186851 0.558051 0.233989 -0.0903507 -0.216067 -0.407326 
0.163934 0.544786 0.257823 -0.0909235 -0.221938 -0.405562 
0.163409 0.534816 0.256177 -0.087753 -0.220712 -0.407377 
0.174858 0.524784 0.263987 -0.0887001 -0.22051 -0.405009 
0.182047 0.519615 0.232924 -0.0845438 -0.215077 -0.406764 
0.179773 0.531525 0.239463 -0.0855298 -0.220697 -0.405174 
0.213144 0.529615 0.213016 -0.0865009 -0.210667 -0.406029 
0.198863 0.522014 0.207989 -0.0787389 -0.214688 -0.406146 
0.197876 0.528393 0.205801 -0.0847687 -0.215002 -0.405179 
0.18097 0.530954 0.243702 -0.0837051 -0.220577 -0.406359 
0.193832 0.528304 0.244165 -0.0883995 -0.218074 -0.404209 
0.187395 0.521776 0.237968 -0.0847758 -0.217525 -0.40652 
0.176864 0.506146 0.239412 -0.0858851 -0.222252 -0.406345 
0.18058 0.496757 0.24328 -0.0836682 -0.219445 -0.407298 
0.178655 0.498323 0.208828 -0.0824297 -0.218596 -0.407044 
0.184536 0.476938 0.242438 -0.0786731 -0.218043 -0.407695 
0.184934 0.509054 0.232649 -0.0849449 -0.218676 -0.405738 
0.17978 0.532353 0.219014 -0.0936701 -0.219696 -0.403626 
0.166661 0.541707 0.218473 -0.0964916 -0.220006 -0.405728 
0.170901 0.541797 0.242441 -0.0972469 -0.222645 -0.403904 
0.168529 0.554236 0.223107 -0.100332 -0.219967 -0.405038 
0.155833 0.538096 0.251302 -0.0945181 -0.225573 -0.405626 
0.152618 0.52951 0.268561 -0.0947274 -0.227385 -0.406761 
0.146251 0.536013 0.266329 -0.0915382 -0.231941 -0.406499 
0.141565 0.538308 0.232473 -0.0963299 -0.23291 -0.405639 
0.131677 0.535654 0.231471 -0.0951008 -0.233267 -0.406726 
0.144743 0.52309 0.235518 -0.0982185 -0.23219 -0.405381 
0.155742 0.539764 0.228989 -0.100882 -0.22498 -0.406346 
0.176267 0.537456 0.226284 -0.101184 -0.222357 -0.405042 
0.189894 0.548219 0.253444 -0.105827 -0.217623 -0.406343 
0.169246 0.533989 0.243976 -0.0978518 -0.223549 -0.407307 
0.164269 0.530713 0.233308 -0.0972231 -0.22475 -0.407509 
0.182025 0.512756 0.24641 -0.0866647 -0.222515 -0.408507 
0.18268 0.513508 0.234326 -0.0909493 -0.221994 -0.406623 
0.164517 0.501524 0.235109 -0.0841356 -0.224167 -0.408099 
0.172013 0.514283 0.258552 -0.0919783 -0.225618 -0.405344 
0.168508 0.52486 0.24973 -0.0940084 -0.222573 -0.407348 
0.145892 0.525065 0.252546 -0.0958006 -0.229025 -0.405841 
0.139887 0.531217 0.250903 -0.097037 -0.228574 -0.406764 
0.137784 0.526713 0.242845 -0.0924765 -0.232473 -0.40709 
0.132777 0.518083 0.231928 -0.0910026 -0.232761 -0.407177 
0.133815 0.523584 0.253602 -0.0888184 -0.232008 -0.407863 
0.139585 0.515537 0.224942 -0.0896717 -0.2319 -0.406888 
0.119288 0.505507 0.234409 -0.0877325 -0.233653 -0.40936 
0.126286 0.512331 0.231763 -0.090852 -0.231714 -0.40739 
0.136818 0.516569 0.216911 -0.0941069 -0.227339 -0.408319 
0.125902 0.515602 0.194774 -0.0929412 -0.230576 -0.40734 
0.122599 0.543662 0.192181 -0.0992751 -0.232099 -0.407755 
0.147192 0.549579 0.192827 -0.0948444 -0.229251 -0.407391 
0.161093 0.550826 0.205715 -0.0978758 -0.227551 -0.40613 
0.178021 0.553874 0.195553 -0.093081 -0.219987 -0.407706 
0.177627 0.556912 0.204183 -0.0939775 -0.223075 -0.406143 
0.180038 0.549467 0.229675 -0.09286 -0.218745 -0.407512 
0.176512 0.539683 0.216373 -0.0906927 -0.219646 -0.406913 
0.163259 0.54357 0.213227 -0.095627 -0.220395 -0.407481 
0.158034 0.549506 0.237972 -0.0959333 -0.224547 -0.407077 
0.168231 0.536511 0.249132 -0.0974772 -0.222546 -0.406905 
0.184037 0.531556 0.243284 -0.093247 -0.217355 -0.407962 
0.179949 0.52689 0.271401 -0.0932849 -0.221318 -0.407036 
0.18702 0.528747 0.284965 -0.089616 -0.216848 -0.409656 
0.170391 0.528567 0.293229 -0.0876667 -0.225788 -0.4089 
0.17506 0.54167 0.276192 -0.091101 -0.220253 -0.409248 
0.167617 0.541396 0.282653 -0.0880361 -0.225009 -0.408731 
0.166573 0.545613 0.276773 -0.0951762 -0.221258 -0.408254 
0.149976 0.535016 0.261633 -0.0872107 -0.224665 -0.409381 
0.153328 0.516287 0.263402 -0.088602 -0.223179 -0.407866 
0.14386 0.508441 0.271107 -0.0802033 -0.224038 -0.410806 
0.14546 0.50881 0.265441 -0.082449 -0.225741 -0.409167 
0.155315 0.503534 0.272854 -0.0777626 -0.224556 -0.41093 
0.166944 0.513265 0.276115 -0.0817749 -0.224231 -0.409233 
0.15851 0.526542 0.264091 -0.0857651 -0.224678 -0.409798 
0.151538 0.525602 0.263245 -0.086169 -0.227524 -0.409824 
0.158448 0.529159 0.26319 -0.0901086 -0.22615 -0.40869 
0.142676 0.54144 0.241585 -0.0915607 -0.22593 -0.410163 
0.141573 0.522197 0.231079 -0.0904406 -0.227838 -0.409194 
0.167666 0.525313 0.235822 -0.0913335 -0.218992 -0.410444 
0.181726 0.509848 0.235536 -0.0875411 -0.216787 -0.409021 
0.17023 0.514247 0.239576 -0.0880788 -0.216143 -0.410748 
0.197645 0.504242 0.24484 -0.0805445 -0.212197 -0.409656 
0.208344 0.519567 0.260295 -0.0843893 -0.211642 -0.408657 
0.184354 0.531406 0.245034 -0.0805633 -0.215478 -0.409523 
0.190118 0.531154 0.25981 -0.0842162 -0.21622 -0.407551 
0.175186 0.536126 0.241587 -0.0849033 -0.216606 -0.409229 
0.138924 0.536193 0.238957 -0.0888882 -0.227381 -0.408175 
0.14176 0.534158 0.223693 -0.0920406 -0.217917 -0.409212 
0.157487 0.518487 0.220348 -0.0904926 -0.216192 -0.408486 
0.161448 0.528683 0.203383 -0.0969414 -0.21303 -0.408479 
0.191594 0.523543 0.218696 -0.0911779 -0.208217 -0.407604 
0.207465 0.526466 0.22583 -0.096377 -0.204279 -0.406524 
0.187547 0.524574 0.22715 -0.0897864 -0.211784 -0.408056 
0.171417 0.513832 0.242988 -0.0894064 -0.218613 -0.406244 
0.159612 0.517312 0.244862 -0.0875478 -0.219395 -0.407485 
0.145664 0.508925 0.22958 -0.0890407 -0.224652 -0.406304 
0.156402 0.504172 0.231746 -0.0904163 -0.220151 -0.407108 
0.163677 0.49554 0.239037 -0.08888 -0.220225 -0.406424 
0.188265 0.500245 0.237591 -0.0964428 -0.211576 -0.405418 
0.192638 0.499708 0.232223 -0.0929632 -0.210866 -0.406708 
0.198926 0.501333 0.246177 -0.0972987 -0.209376 -0.405336 
0.18812 0.513851 0.244157 -0.0947555 -0.211202 -0.406131 
0.173176 0.523022 0.246712 -0.0979579 -0.216891 -0.404644 
0.142832 0.536351 0.247597 -0.0963509 -0.223215 -0.406725 
0.128308 0.539787 0.25412 -0.0978871 -0.227972 -0.406271 
0.115268 0.527576 0.25191 -0.0973031 -0.229376 -0.406556 
0.123208 0.523254 0.227716 -0.0950362 -0.226063 -0.406961 
0.145216 0.518748 0.218968 -0.0990802 -0.219568 -0.406318 
0.156787 0.506496 0.212993 -0.0957841 -0.214668 -0.407254 
0.14908 0.504393 0.211467 -0.0975553 -0.217849 -0.405925 
0.164128 0.517033 0.205764 -0.0957775 -0.213761 -0.407693 
0.151661 0.504112 0.221895 -0.09298 -0.219876 -0.407206 
0.143193 0.500069 0.233523 -0.0903352 -0.222296 -0.408254 
0.137018 0.518187 0.235976 -0.0925277 -0.224979 -0.408235 
0.132963 0.502697 0.220878 -0.0899535 -0.227376 -0.408305 
0.132297 0.497165 0.220836 -0.089462 -0.225264 -0.408885 
0.132616 0.507598 0.237175 -0.0938671 -0.227361 -0.407518 
0.138488 0.51671 0.216747 -0.0961961 -0.221495 -0.408621 
0.143666 0.502349 0.215261 -0.0926416 -0.223498 -0.407684 
0.174797 0.513309 0.228658 -0.0971894 -0.213719 -0.407672 
0.153089 0.514045 0.232873 -0.0931683 -0.22378 -0.407924 
0.156618 0.512155 0.241438 -0.0961817 -0.221587 -0.407821 
0.14497 0.513645 0.240375 -0.0912222 -0.225511 -0.408873 
0.141499 0.514181 0.248986 -0.0949421 -0.228143 -0.407498 
0.135018 0.524488 0.246307 -0.0945156 -0.227301 -0.409176 
0.145636 0.53703 0.236545 -0.100351 -0.224802 -0.407024 
0.151458 0.527834 0.229476 -0.0986929 -0.221084 -0.408749 
0.154389 0.52045 0.249094 -0.0977542 -0.223235 -0.408211 
0.15113 0.526003 0.24424 -0.0988079 -0.222573 -0.40881 
0.139391 0.520517 0.256869 -0.0932901 -0.228395 -0.409565 
0.128269 0.501139 0.274473 -0.0922492 -0.231266 -0.409798 
0.117879 0.51758 0.258039 -0.0905673 -0.234616 -0.411238 
0.118362 0.524475 0.252679 -0.0972791 -0.234339 -0.409175 
0.130084 0.536536 0.24066 -0.0963707 -0.227906 -0.411217 
0.127574 0.538507 0.250315 -0.100229 -0.230681 -0.408527 
0.14214 0.556056 0.233265 -0.100269 -0.22477 -0.410393 
0.131208 0.55746 0.24579 -0.0989567 -0.229589 -0.409174 
0.129524 0.569581 0.235862 -0.0986042 -0.230533 -0.409653 
0.128013 0.548765 0.258538 -0.0919547 -0.233871 -0.410026 
0.129799 0.55473 0.234025 -0.0942474 -0.23265 -0.409783 
0.117805 0.547123 0.23452 -0.0895865 -0.234976 -0.410907 
0.12808 0.541092 0.220912 -0.092161 -0.232315 -0.409115 
0.134094 0.521076 0.221938 -0.087109 -0.226527 -0.411923 
0.123435 0.518532 0.207341 -0.0893629 -0.229718 -0.409973 
0.142273 0.515425 0.210666 -0.0889127 -0.220787 -0.411421 
0.16199 0.516951 0.222893 -0.0890048 -0.219466 -0.410143 
0.158258 0.517113 0.249815 -0.0898564 -0.217984 -0.411211 
0.14615 0.519252 0.261142 -0.0869947 -0.222996 -0.410784 
0.158439 0.526299 0.262916 -0.0928057 -0.219522 -0.409952 
0.147445 0.523134 0.275512 -0.0880729 -0.221396 -0.412005 
0.134821 0.512644 0.271545 -0.0919338 -0.223302 -0.410364 
0.14562 0.506641 0.246478 -0.0892066 -0.218527 -0.411946 
0.152532 0.513244 0.248494 -0.0915211 -0.220016 -0.409635 
0.15181 0.510821 0.248793 -0.0891923 -0.217368 -0.41117 
0.144337 0.501506 0.240217 -0.0853428 -0.224183 -0.409865 
0.154305 0.500422 0.252591 -0.0865594 -0.220879 -0.410066 
0.137459 0.511974 0.249243 -0.0858435 -0.225485 -0.410816 
0.134885 0.510336 0.244098 -0.0899015 -0.225298 -0.410241 
0.139933 0.505642 0.232363 -0.0856361 -0.223086 -0.411959 
0.13868 0.517859 0.240574 -0.0920178 -0.222922 -0.410423 
0.13626 0.527965 0.234075 -0.0910922 -0.221974 -0.41158 
0.158212 0.528699 0.243404 -0.0916836 -0.219707 -0.409206 
0.163531 0.525945 0.2415 -0.0904486 -0.217418 -0.409813 
0.160397 0.541333 0.253413 -0.0929342 -0.219363 -0.408738 
0.154322 0.529763 0.253244 -0.0937333 -0.221288 -0.408428 
0.158325 0.53211 0.238181 -0.0925428 -0.217506 -0.409214 
0.144318 0.514144 0.251164 -0.0933826 -0.221721 -0.408986 
0.153485 0.51196 0.229836 -0.092781 -0.214234 -0.410057 
0.152158 0.497546 0.230131 -0.0912305 -0.216662 -0.40835 
0.166137 0.513744 0.215394 -0.0939495 -0.208793 -0.409187 
0.153243 0.507384 0.226656 -0.0913992 -0.217041 -0.40819 
0.166186 0.509565 0.215343 -0.0936094 -0.21173 -0.407647 
0.155856 0.511857 0.244864 -0.0919383 -0.217645 -0.408569 
0.161777 0.505462 0.230478 -0.095885 -0.215627 -0.408113 
0.165261 0.494156 0.234126 -0.0906414 -0.213777 -0.409412 
0.162662 0.480268 0.232818 -0.0915398 -0.214601 -0.408298 
0.155625 0.489868 0.23623 -0.0915073 -0.213699 -0.409757 
0.144522 0.480773 0.226824 -0.0887202 -0.220254 -0.408258 
0.129923 0.484142 0.235577 -0.0890163 -0.22059 -0.409196 
0.120406 0.479399 0.243282 -0.0866178 -0.226401 -0.408229 
0.136096 0.487279 0.238628 -0.0927986 -0.221324 -0.407562 
0.138204 0.492489 0.231012 -0.0903964 -0.221507 -0.407887 
0.140285 0.494456 0.243749 -0.0975572 -0.219504 -0.40645 
0.141987 0.505326 0.244158 -0.0946098 -0.219253 -0.407645 
0.140444 0.501383 0.238847 -0.0967669 -0.221202 -0.406635 
0.132525 0.490907 0.237329 -0.0902499 -0.220291 -0.408344 
0.130857 0.476126 0.241803 -0.0880113 -0.223227 -0.407536 
0.141242 0.471817 0.247765 -0.0866224 -0.220125 -0.408193 
0.137421 0.457559 0.248938 -0.0840405 -0.22278 -0.40935 
0.140114 0.450592 0.236666 -0.0857092 -0.221373 -0.408887 
0.137325 0.463527 0.242524 -0.0866192 -0.22175 -0.410253 
0.138594 0.463438 0.243815 -0.090337 -0.222684 -0.409231 
0.131759 0.47844 0.229967 -0.0905163 -0.220957 -0.411051 
0.147469 0.486503 0.242266 -0.0925666 -0.220469 -0.408283 
0.155636 0.486254 0.256233 -0.0918516 -0.215443 -0.409165 
0.156253 0.491611 0.26711 -0.0907495 -0.22035 -0.407874 
0.154027 0.491934 0.257263 -0.0921941 -0.219608 -0.408056 
0.163458 0.484912 0.242401 -0.0872884 -0.219197 -0.408323 
0.167678 0.468339 0.231083 -0.0886736 -0.217679 -0.407463 
0.172351 0.492859 0.227532 -0.0908184 -0.215658 -0.408985 
0.17901 0.471138 0.230859 -0.0911941 -0.214397 -0.408407 
0.181814 0.476318 0.235942 -0.0903174 -0.211608 -0.410109 
0.174493 0.480525 0.245874 -0.0925638 -0.215854 -0.408682 
0.169941 0.489831 0.254859 -0.093216 -0.214246 -0.410044 
0.157386 0.497261 0.253325 -0.0918685 -0.221244 -0.408899 
0.144106 0.518354 0.240661 -0.0975348 -0.223896 -0.408455 
0.141395 0.530602 0.245424 -0.0959092 -0.225989 -0.408546 
0.140785 0.530284 0.249479 -0.0986983 -0.226751 -0.407651 
0.134349 0.54266 0.234434 -0.0955635 -0.227161 -0.409071 
0.131009 0.528922 0.247851 -0.0985171 -0.228717 -0.407959 
0.135563 0.530944 0.241765 -0.0978782 -0.221451 -0.409897 
0.121007 0.510698 0.227916 -0.0958764 -0.226547 -0.409667 
0.135779 0.511481 0.227706 -0.0971031 -0.219946 -0.41001 
0.128743 0.515107 0.232791 -0.0992576 -0.224235 -0.409887 
0.132683 0.497967 0.214817 -0.0951138 -0.22232 -0.409878 
0.13996 0.497745 0.211233 -0.0896194 -0.222986 -0.40986 
0.14907 0.504118 0.224347 -0.0921385 -0.222153 -0.407551 
0.130939 0.514193 0.219219 -0.0896141 -0.224729 -0.409822 
0.132398 0.508493 0.224587 -0.0897017 -0.226695 -0.407074 
0.131079 0.533598 0.22838 -0.0944532 -0.223584 -0.408722 
0.115902 0.522787 0.237536 -0.0926527 -0.230683 -0.407946 
0.126578 0.530857 0.23915 -0.0973697 -0.224611 -0.408826 
0.122599 0.512716 0.251283 -0.0941238 -0.228182 -0.408972 
0.124015 0.50519 0.26609 -0.0974045 -0.226584 -0.409375 
0.120728 0.488796 0.267219 -0.0915045 -0.227801 -0.410406 
0.130588 0.492456 0.276281 -0.0954703 -0.226472 -0.409511 
0.124501 0.483087 0.271295 -0.0908458 -0.229359 -0.410372 
0.129943 0.504517 0.25244 -0.0933338 -0.230422 -0.409333 
0.134945 0.506694 0.237312 -0.0914237 -0.230236 -0.409943 
0.139424 0.515478 0.240253 -0.0918695 -0.230985 -0.410238 
0.139723 0.522898 0.242546 -0.0934852 -0.231819 -0.410301 
0.139807 0.541411 0.238561 -0.097482 -0.230168 -0.410077 
0.142987 0.514138 0.227132 -0.0925312 -0.225699 -0.410703 
0.147695 0.512082 0.218562 -0.0926315 -0.223375 -0.410327 
0.160006 0.499827 0.208712 -0.09161 -0.218366 -0.409981 
0.14653 0.489756 0.201969 -0.0874516 -0.221305 -0.410609 
0.156421 0.474091 0.19523 -0.0822629 -0.219057 -0.410959 
0.151857 0.485996 0.220166 -0.0817588 -0.223408 -0.41173 
0.132266 0.51455 0.21481 -0.0870698 -0.229109 -0.411785 
0.126667 0.522474 0.228496 -0.0861063 -0.231226 -0.412147 
0.147045 0.52272 0.228047 -0.0892451 -0.224692 -0.411533 
0.141535 0.520355 0.251843 -0.091657 -0.225719 -0.411991 
0.149025 0.514502 0.250172 -0.09265 -0.222451 -0.411385 
0.161098 0.484683 0.259997 -0.0868769 -0.217919 -0.411645 
0.158708 0.496095 0.245519 -0.0889809 -0.219255 -0.411424 
0.15087 0.491124 0.259069 -0.0857972 -0.223336 -0.411812 
0.153561 0.495648 0.265561 -0.0842684 -0.223986 -0.411137 
0.149075 0.508292 0.252582 -0.0864644 -0.225433 -0.410877 
0.136074 0.532565 0.264906 -0.0917212 -0.230323 -0.410743 
0.136204 0.537538 0.257071 -0.0927419 -0.228359 -0.410706 
0.119495 0.537777 0.2449 -0.0929711 -0.230606 -0.410994 
0.113827 0.536615 0.220926 -0.0930189 -0.229348 -0.411931 
0.112999 0.523365 0.239299 -0.0914435 -0.229661 -0.411908 
0.132288 0.516002 0.220698 -0.089756 -0.221255 -0.411743 
0.1203 0.507558 0.242142 -0.0864936 -0.227234 -0.412376 
0.135389 0.514744 0.23234 -0.0895352 -0.223294 -0.411746 
0.133589 0.517143 0.234235 -0.0869643 -0.225458 -0.412293 
0.137059 0.509782 0.243071 -0.0862026 -0.22701 -0.411703 
0.145973 0.494187 0.246546 -0.0842848 -0.224357 -0.412979 
0.15594 0.467691 0.235058 -0.080232 -0.220805 -0.412721 
0.169362 0.462444 0.235362 -0.0816959 -0.217371 -0.412594 
0.174421 0.446348 0.249344 -0.0798777 -0.214038 -0.412865 
0.174097 0.462934 0.239389 -0.0849008 -0.212966 -0.412169 
0.164973 0.47121 0.23187 -0.084641 -0.217167 -0.41171 
0.171795 0.499783 0.253112 -0.0903275 -0.21654 -0.411508 
0.151287 0.503306 0.275392 -0.0882396 -0.223243 -0.411517 
0.161961 0.532817 0.276763 -0.0944141 -0.221596 -0.410798 
0.153741 0.537635 0.287533 -0.0933927 -0.224819 -0.411307 
0.15727 0.531758 0.29133 -0.0932498 -0.220979 -0.411549 
0.146426 0.534057 0.274144 -0.0939392 -0.222849 -0.411441 
0.142716 0.550647 0.267497 -0.10074 -0.220382 -0.410919 
0.135235 0.531389 0.255453 -0.0981484 -0.221258 -0.411265 
0.144171 0.523845 0.239972 -0.0968948 -0.216035 -0.411001 
0.147945 0.509661 0.254594 -0.0919505 -0.217534 -0.410594 
0.145837 0.505233 0.248206 -0.0897282 -0.217571 -0.410829 
0.158092 0.492914 0.231703 -0.083357 -0.217232 -0.410847 
0.162334 0.498322 0.215239 -0.0819798 -0.216028 -0.40994 
0.152067 0.50121 0.225549 -0.0832042 -0.220015 -0.410188 
0.148433 0.523348 0.221366 -0.0922144 -0.219651 -0.409806 
0.155799 0.514587 0.231604 -0.0917147 -0.216378 -0.409455 
0.15717 0.506701 0.249157 -0.0925016 -0.214885 -0.409477 
0.159303 0.500369 0.263904 -0.0932582 -0.213522 -0.409639 
0.164189 0.488251 0.264744 -0.0909081 -0.21286 -0.409625 
0.169248 0.483945 0.259642 -0.0884726 -0.211914 -0.409195 
0.152008 0.502118 0.256549 -0.0913222 -0.219407 -0.408845 
0.155449 0.502385 0.262117 -0.0914138 -0.21854 -0.409151 
0.133877 0.505054 0.2595 -0.0912875 -0.224384 -0.410159 
0.151941 0.502758 0.254569 -0.0920276 -0.219783 -0.409146 
0.150315 0.497457 0.261216 -0.0894504 -0.218801 -0.409898 
0.181395 0.479555 0.266246 -0.0893302 -0.21129 -0.409243 
0.197542 0.45709 0.250136 -0.085249 -0.206413 -0.408482 
0.213372 0.467007 0.259529 -0.08589 -0.204848 -0.407741 
0.192941 0.481685 0.251693 -0.0908224 -0.209639 -0.406732 
0.1782 0.489045 0.244077 -0.0914407 -0.212894 -0.4078 
0.16253 0.481866 0.249925 -0.0899519 -0.218889 -0.407065 
0.147544 0.524489 0.247773 -0.101338 -0.220385 -0.407428 
0.138568 0.501728 0.234193 -0.0960145 -0.223072 -0.407641 
0.156043 0.488967 0.227037 -0.0968363 -0.217537 -0.407918 
0.150624 0.496603 0.217561 -0.0973381 -0.218187 -0.408174 
0.145498 0.509383 0.21604 -0.102115 -0.219832 -0.407342 
0.146205 0.501207 0.20866 -0.0956644 -0.219425 -0.408826 
0.138542 0.50437 0.219364 -0.0976884 -0.223542 -0.407868 
0.129961 0.506074 0.231464 -0.0962899 -0.224758 -0.40874 
0.134423 0.503849 0.22952 -0.0941954 -0.225699 -0.409275 
0.138475 0.501594 0.222944 -0.095892 -0.222628 -0.408721 
0.136989 0.500697 0.209442 -0.0946496 -0.222093 -0.409865 
0.14324 0.503175 0.22335 -0.0993476 -0.221417 -0.409049 
0.145667 0.511833 0.208486 -0.0992424 -0.219086 -0.409653 
0.143892 0.502648 0.222036 -0.0958343 -0.222514 -0.409232 
0.154345 0.499227 0.214148 -0.0940088 -0.220874 -0.410097 
0.150068 0.508936 0.237988 -0.0932093 -0.2241 -0.410738 
0.136484 0.513736 0.228726 -0.092355 -0.228389 -0.410738 
0.125657 0.518494 0.238297 -0.091603 -0.230833 -0.412314 
0.124189 0.534028 0.247548 -0.0983137 -0.233212 -0.411745 
0.12687 0.530712 0.252906 -0.0985478 -0.229325 -0.412441 
0.131771 0.520892 0.248975 -0.0965078 -0.229579 -0.411853 
0.149667 0.503002 0.252224 -0.0945612 -0.223291 -0.411764 
0.173405 0.511379 0.252916 -0.095542 -0.21936 -0.411114 
0.188997 0.476946 0.249387 -0.0848043 -0.216094 -0.410419 
0.177255 0.48334 0.249993 -0.0830113 -0.219272 -0.411367 
0.17526 0.481018 0.253524 -0.0817851 -0.221101 -0.41098 
0.170264 0.494019 0.249847 -0.0851693 -0.221169 -0.410922 
0.152105 0.492176 0.247597 -0.082491 -0.225216 -0.412062 
0.140306 0.509997 0.230879 -0.091047 -0.226239 -0.412234 
0.134287 0.513369 0.226704 -0.0904001 -0.225968 -0.412736 
0.132921 0.505163 0.232165 -0.0918936 -0.226324 -0.412393 
0.137331 0.51286 0.229058 -0.0930951 -0.222928 -0.412982 
0.136568 0.505161 0.231352 -0.0907924 -0.224354 -0.412546 
0.140915 0.517401 0.252767 -0.0941146 -0.222702 -0.412037 
0.139571 0.50595 0.267535 -0.0884057 -0.225027 -0.412833 
0.125627 0.502533 0.264232 -0.0897279 -0.229064 -0.411688 
0.125563 0.505767 0.244452 -0.0879525 -0.228148 -0.412987 
0.123145 0.50192 0.250872 -0.0893683 -0.228645 -0.411673 
0.137406 0.505846 0.235562 -0.0905402 -0.221568 -0.411744 
0.14548 0.508663 0.223513 -0.0924871 -0.219877 -0.411527 
0.164559 0.511513 0.214781 -0.093464 -0.212737 -0.411067 
0.173566 0.515016 0.238588 -0.0892823 -0.211699 -0.411252 
0.179924 0.511931 0.230126 -0.090501 -0.212219 -0.410478 
0.166994 0.514949 0.2376 -0.0878789 -0.216927 -0.4119 
0.157302 0.521824 0.244939 -0.0906628 -0.220819 -0.410399 
0.157793 0.525894 0.242098 -0.0918437 -0.218675 -0.411088 
0.156119 0.518729 0.223231 -0.0922952 -0.219134 -0.410899 
0.160486 0.507731 0.233146 -0.0928622 -0.215773 -0.410983 
0.180859 0.492255 0.229221 -0.0871909 -0.209054 -0.411266 
0.197535 0.498426 0.224086 -0.0914924 -0.205473 -0.409698 
0.193618 0.510142 0.22516 -0.0920377 -0.204899 -0.410515 
0.185997 0.509014 0.230276 -0.0922205 -0.211949 -0.409416 
0.188203 0.500235 0.230039 -0.090093 -0.209857 -0.409811 
0.166474 0.479912 0.240462 -0.0847219 -0.217352 -0.409903 
0.163451 0.457142 0.231545 -0.0826318 -0.214409 -0.410459 
0.153332 0.453732 0.241175 -0.0786901 -0.217036 -0.411813 
0.155331 0.441014 0.25781 -0.0805606 -0.214235 -0.411198 
0.151539 0.476004 0.233746 -0.0844347 -0.213279 -0.411969 
0.14286 0.502284 0.241001 -0.0920793 -0.218978 -0.410209 
0.144217 0.507061 0.257307 -0.0915615 -0.218683 -0.410254 
0.163356 0.491007 0.249342 -0.0862465 -0.215859 -0.408946 
0.172302 0.497015 0.225487 -0.0901235 -0.210825 -0.407737 
0.169892 0.482835 0.2352 -0.0851495 -0.212799 -0.408397 
0.183241 0.471467 0.229134 -0.0877137 -0.205602 -0.407829 
0.178439 0.476961 0.231383 -0.0860162 -0.206805 -0.409349 
0.159029 0.49016 0.237537 -0.0931361 -0.215059 -0.408348 
0.165375 0.486515 0.241407 -0.0887624 -0.213745 -0.409766 
0.153734 0.507827 0.24613 -0.094882 -0.218416 -0.408964 
0.156166 0.501658 0.237146 -0.093801 -0.218511 -0.408575 
0.152897 0.510093 0.227102 -0.0933568 -0.218499 -0.408687 
0.16127 0.478652 0.236847 -0.0885014 -0.216264 -0.408045 
0.161502 0.458427 0.245938 -0.0834595 -0.214118 -0.409404 
0.167554 0.444568 0.24375 -0.0824252 -0.213535 -0.408582 
0.164895 0.456749 0.224635 -0.086022 -0.211854 -0.409556 
0.157899 0.440434 0.222046 -0.0840188 -0.216925 -0.409516 
0.162216 0.468692 0.200777 -0.0936646 -0.213341 -0.409216 
0.146847 0.49113 0.190946 -0.0950458 -0.218447 -0.409519 
0.149608 0.467233 0.198301 -0.0907745 -0.220373 -0.408884 
0.13801 0.489702 0.200957 -0.0910843 -0.222995 -0.409782 
0.118637 0.493303 0.213802 -0.092657 -0.229544 -0.409364 
0.122739 0.500816 0.217483 -0.0905827 -0.229024 -0.410209 
0.121527 0.497919 0.222839 -0.0912775 -0.231118 -0.410075 
0.125155 0.488478 0.213994 -0.0904376 -0.226241 -0.410337 
0.123936 0.468673 0.230504 -0.0860217 -0.226312 -0.411889 
0.149837 0.471959 0.233887 -0.091693 -0.219374 -0.409873 
0.13559 0.471799 0.230344 -0.0891972 -0.221129 -0.411867 
0.119961 0.475813 0.240416 -0.0915614 -0.229178 -0.410548 
0.129889 0.506056 0.234971 -0.0989364 -0.226764 -0.411345 
0.132225 0.499652 0.247896 -0.0959254 -0.231219 -0.410482 
0.13425 0.49681 0.241632 -0.0969826 -0.228903 -0.411271 
0.138251 0.49326 0.240392 -0.0938623 -0.229109 -0.41134 
0.163099 0.490158 0.239724 -0.0973311 -0.218693 -0.41058 
0.152925 0.484754 0.264743 -0.0912831 -0.221945 -0.411942 
0.161907 0.481403 0.241065 -0.0951909 -0.219963 -0.410867 
0.172225 0.485596 0.233606 -0.0902917 -0.217415 -0.411956 
0.164866 0.491849 0.255538 -0.0937959 -0.222001 -0.411198 
0.156634 0.507607 0.239492 -0.0949751 -0.22551 -0.411867 
0.152379 0.528752 0.209557 -0.0981601 -0.225671 -0.411886 
0.148822 0.523198 0.242906 -0.0990913 -0.225736 -0.411162 
0.135254 0.537067 0.233136 -0.0993043 -0.225976 -0.412811 
0.127 0.525037 0.22473 -0.0984817 -0.227635 -0.411828 
0.132418 0.540555 0.233151 -0.100436 -0.223565 -0.412412 
0.140048 0.520271 0.259083 -0.0957554 -0.227168 -0.411206 
0.135407 0.537838 0.230949 -0.0980282 -0.223709 -0.412158 
0.134547 0.529461 0.250736 -0.0951572 -0.227351 -0.411559 
0.155723 0.51704 0.23813 -0.0962669 -0.218314 -0.411284 
0.148987 0.504991 0.227356 -0.0896639 -0.219368 -0.412832 
0.147982 0.495284 0.232994 -0.0924614 -0.216102 -0.411702 
0.157884 0.495919 0.24567 -0.0870505 -0.216207 -0.412577 
0.162033 0.474771 0.240128 -0.0842797 -0.21808 -0.411502 
0.167373 0.489509 0.243261 -0.0834057 -0.216699 -0.412161 
0.165291 0.496856 0.249869 -0.0877277 -0.221356 -0.411373 
0.164796 0.487786 0.226982 -0.0885604 -0.217869 -0.412122 
0.15869 0.483082 0.218149 -0.0857265 -0.218443 -0.412848 
0.142625 0.518939 0.2315 -0.101538 -0.219741 -0.411207 
0.143703 0.527506 0.228539 -0.100659 -0.219138 -0.411854 
0.141702 0.534025 0.253883 -0.105118 -0.220908 -0.409836 
0.147331 0.569208 0.267238 -0.108751 -0.221225 -0.409953 
0.160465 0.568221 0.274361 -0.110725 -0.221672 -0.408422 
0.171182 0.557686 0.257055 -0.10478 -0.216593 -0.409039 
0.158345 0.572307 0.283698 -0.107572 -0.220923 -0.409448 
0.158179 0.540938 0.267306 -0.101581 -0.218434 -0.4095 
0.152459 0.52961 0.265877 -0.0962541 -0.216341 -0.410898 
0.142911 0.513524 0.274114 -0.0960899 -0.217818 -0.409878 
0.147807 0.503877 0.279982 -0.0922188 -0.214018 -0.411199 
0.146283 0.470426 0.26986 -0.0862167 -0.217394 -0.410086 
0.150423 0.493115 0.276233 -0.0910243 -0.213905 -0.410712 
0.150887 0.492594 0.269643 -0.0906525 -0.217799 -0.409923 
0.15226 0.491891 0.255916 -0.0919214 -0.216741 -0.409622 
0.159678 0.495795 0.238219 -0.0893622 -0.216358 -0.409882 
0.161751 0.490139 0.246924 -0.0933488 -0.21534 -0.409343 
0.16731 0.479895 0.237586 -0.0903521 -0.211019 -0.410379 
0.173593 0.480841 0.232904 -0.0931696 -0.211309 -0.408766 
0.17549 0.477955 0.235914 -0.0926897 -0.20623 -0.409658 
0.164897 0.479861 0.2527 -0.0949299 -0.212758 -0.409082 
0.176982 0.463991 0.23979 -0.0912665 -0.207335 -0.408545 
0.1798 0.46443 0.237732 -0.0869159 -0.210266 -0.409106 
0.161907 0.449358 0.254826 -0.0890771 -0.211802 -0.409208 
0.166976 0.452578 0.257772 -0.0871088 -0.210811 -0.410537 
0.162459 0.462781 0.267298 -0.0942903 -0.21116 -0.409059 
0.164085 0.490571 0.261151 -0.0970946 -0.20941 -0.409706 
0.169302 0.470592 0.2861 -0.0954327 -0.211274 -0.408722 
0.175955 0.482803 0.274198 -0.0978609 -0.209079 -0.408741 
0.16433 0.490161 0.270394 -0.0953267 -0.215175 -0.409024 
0.180112 0.470277 0.260837 -0.0912525 -0.211449 -0.408426 
0.176851 0.482625 0.272298 -0.0930035 -0.214072 -0.40942 
0.157827 0.477184 0.240431 -0.0943416 -0.218316 -0.408253 
0.165254 0.493822 0.237295 -0.0952445 -0.214022 -0.409356 
0.184448 0.476262 0.239426 -0.0964265 -0.211117 -0.407339 
0.177408 0.46006 0.232101 -0.0912102 -0.210002 -0.409335 
0.166221 0.451797 0.215573 -0.0881472 -0.215711 -0.408966 
0.177876 0.460131 0.231031 -0.0925344 -0.211429 -0.408601 
0.166992 0.452188 0.238898 -0.0861914 -0.216886 -0.40867 
0.150362 0.470623 0.231161 -0.0913553 -0.220828 -0.407838 
0.157933 0.481745 0.232775 -0.0900322 -0.218448 -0.408658 
0.150879 0.482134 0.257335 -0.0958724 -0.219899 -0.407065 
0.151539 0.492872 0.24948 -0.095187 -0.216369 -0.408453 
0.150117 0.478208 0.249698 -0.0945148 -0.218194 -0.408345 
0.146233 0.474957 0.250547 -0.0952279 -0.216229 -0.409302 
0.140549 0.499518 0.243402 -0.10069 -0.222281 -0.409019 
0.158021 0.477279 0.227348 -0.0954744 -0.21673 -0.409345 
0.151304 0.461913 0.229857 -0.0870314 -0.221257 -0.411092 
0.164058 0.458252 0.236454 -0.0894285 -0.220555 -0.40981 
0.173839 0.472503 0.231115 -0.0889769 -0.216801 -0.410466 
0.16916 0.4445 0.252126 -0.0851573 -0.217531 -0.409538 
0.168413 0.484125 0.240613 -0.0958211 -0.213658 -0.410206 
0.17265 0.515169 0.247082 -0.105459 -0.21524 -0.409155 
0.169385 0.509256 0.250613 -0.10634 -0.212787 -0.409049 
0.170244 0.523085 0.272861 -0.108583 -0.216488 -0.409739 
0.152082 0.539259 0.255972 -0.112461 -0.222198 -0.408595 
0.145282 0.531314 0.262492 -0.104281 -0.226263 -0.410317 
0.11963 0.506367 0.276343 -0.0986769 -0.233715 -0.409797 
0.125936 0.50365 0.254029 -0.0945266 -0.230933 -0.411719 
0.111308 0.480115 0.244004 -0.0887109 -0.234706 -0.41197 
0.154339 0.471923 0.262506 -0.0900999 -0.22168 -0.41246 
0.143576 0.471819 0.259253 -0.0887555 -0.223803 -0.412031 
0.168261 0.484558 0.226634 -0.0961202 -0.214653 -0.41046 
0.16854 0.504121 0.233322 -0.0956394 -0.215381 -0.411178 
0.175279 0.500148 0.24061 -0.097563 -0.216117 -0.409676 
0.151841 0.503649 0.225611 -0.0922951 -0.221883 -0.411333 
0.152563 0.489609 0.230507 -0.0912368 -0.226613 -0.411328 
0.150164 0.47666 0.278323 -0.0881795 -0.22683 -0.413216 
0.141088 0.464981 0.277254 -0.0862466 -0.230479 -0.413244 
0.149748 0.451976 0.271547 -0.0856685 -0.224151 -0.412805 
0.158255 0.458815 0.277142 -0.0855776 -0.222138 -0.413702 
0.173354 0.451066 0.283907 -0.086804 -0.216333 -0.411728 
0.191221 0.47617 0.232365 -0.0863362 -0.212579 -0.412182 
0.185509 0.480684 0.2442 -0.090583 -0.217592 -0.410687 
0.17941 0.497045 0.230293 -0.0908568 -0.218051 -0.411636 
0.178702 0.488481 0.214482 -0.0908108 -0.21909 -0.410855 
0.180672 0.47388 0.211634 -0.0884334 -0.216888 -0.411675 
0.170576 0.45622 0.21967 -0.082878 -0.217295 -0.412618 
0.176709 0.454865 0.215279 -0.0845227 -0.212965 -0.411767 
0.179537 0.470057 0.211758 -0.0840475 -0.212685 -0.413348 
0.177583 0.473839 0.237184 -0.0863681 -0.214363 -0.411412 
0.176066 0.498963 0.253451 -0.0883131 -0.213078 -0.412628 
0.159469 0.491421 0.269732 -0.0876505 -0.220666 -0.410975 
0.168176 0.491418 0.271225 -0.0857134 -0.216432 -0.411897 
0.16756 0.471854 0.283474 -0.0831534 -0.218485 -0.412084 
0.165742 0.47133 0.271254 -0.0883926 -0.215119 -0.412193 
0.166639 0.477104 0.253594 -0.0884543 -0.214992 -0.412961 
0.178437 0.47794 0.254752 -0.0946726 -0.211322 -0.412062 
0.174522 0.469403 0.25672 -0.0889151 -0.210216 -0.413637 
0.177023 0.456589 0.264361 -0.0879675 -0.209706 -0.411482 
0.183756 0.45347 0.281041 -0.0814794 -0.208146 -0.41267 
0.185928 0.443223 0.2992 -0.0776895 -0.212901 -0.411262 
0.188858 0.422408 0.300885 -0.0710584 -0.207374 -0.412792 
0.198274 0.429694 0.269568 -0.0708932 -0.208264 -0.412343 
0.195362 0.439489 0.258446 -0.0787997 -0.206957 -0.411535 
0.186698 0.432373 0.253144 -0.0739882 -0.209004 -0.41314 
0.178721 0.440645 0.253899 -0.0839424 -0.207169 -0.411996 
0.190086 0.47116 0.221313 -0.0888367 -0.205278 -0.411512 
0.179724 0.470029 0.247054 -0.0912815 -0.211382 -0.410494 
0.171521 0.461163 0.249683 -0.0864236 -0.212994 -0.411898 
0.1782 0.457095 0.229599 -0.0850723 -0.212566 -0.410987 
0.182697 0.442899 0.199508 -0.0806283 -0.208984 -0.409799 
0.168252 0.439729 0.22283 -0.0753731 -0.212363 -0.410556 
0.178252 0.424883 0.220138 -0.0780826 -0.20623 -0.409046 
0.19704 0.437071 0.207678 -0.0766501 -0.199938 -0.410097 
0.185986 0.440396 0.23672 -0.0816088 -0.20341 -0.408792 
0.193592 0.442423 0.235632 -0.0798754 -0.20165 -0.410681 
0.201051 0.438151 0.231086 -0.082241 -0.204101 -0.409715 
0.203205 0.452871 0.242691 -0.0853677 -0.204174 -0.409757 
0.185342 0.463289 0.247574 -0.0863322 -0.211418 -0.409577 
0.186029 0.480931 0.223958 -0.0945699 -0.210379 -0.408263 
0.180297 0.498441 0.253248 -0.095649 -0.212175 -0.408718 
0.181814 0.489523 0.249228 -0.0978367 -0.21121 -0.407535 
0.17652 0.505034 0.230781 -0.0996509 -0.206982 -0.408795 
0.185491 0.496168 0.239991 -0.101102 -0.205407 -0.40748 
0.203377 0.47519 0.251367 -0.0950052 -0.199906 -0.407911 
0.199906 0.459364 0.234053 -0.0900668 -0.203883 -0.408274 
0.191793 0.460989 0.263842 -0.0931654 -0.204939 -0.40786 
0.183563 0.443335 0.270678 -0.0845084 -0.210219 -0.408858 
0.173919 0.442876 0.282027 -0.0890198 -0.213195 -0.407922 
0.174539 0.444937 0.262011 -0.0870295 -0.209987 -0.409458 
0.176699 0.447872 0.27275 -0.0905914 -0.209294 -0.408072 
0.18074 0.455883 0.229879 -0.0886277 -0.205532 -0.408798 
0.176434 0.443828 0.237656 -0.0865577 -0.211053 -0.408914 
0.174086 0.441865 0.21265 -0.0860696 -0.210796 -0.408763 
0.166378 0.444586 0.228907 -0.0830979 -0.215747 -0.409473 
0.160445 0.434456 0.241512 -0.0850948 -0.218163 -0.408877 
0.161889 0.430778 0.253965 -0.0833841 -0.217245 -0.410192 
0.16135 0.420116 0.23484 -0.0851258 -0.214998 -0.408817 
0.18079 0.414088 0.253275 -0.0807317 -0.207489 -0.409755 
0.15737 0.427331 0.245137 -0.0844451 -0.216345 -0.409304 
0.174994 0.449571 0.222468 -0.0894549 -0.210739 -0.409229 
0.167656 0.463196 0.237116 -0.0889042 -0.215757 -0.409555 
0.169051 0.482018 0.251238 -0.0957662 -0.216778 -0.408761 
0.159617 0.501705 0.230976 -0.0958552 -0.220819 -0.410728 
0.167461 0.485585 0.224751 -0.0980147 -0.218631 -0.410001 
0.158647 0.479624 0.218699 -0.0937751 -0.217588 -0.411565 
0.166008 0.460504 0.193389 -0.0919401 -0.216315 -0.410852 
0.177522 0.466511 0.193107 -0.0919185 -0.210433 -0.412078 
0.174004 0.431035 0.204897 -0.0828245 -0.211655 -0.412642 
0.184384 0.429193 0.218538 -0.0836522 -0.209273 -0.412145 
0.186477 0.439393 0.221974 -0.0828637 -0.211825 -0.412793 
0.171188 0.435847 0.252365 -0.0850985 -0.218312 -0.412274 
0.179245 0.433634 0.257785 -0.080754 -0.217875 -0.413219 
0.193289 0.428994 0.254876 -0.0816203 -0.216888 -0.412236 
0.198485 0.442804 0.231818 -0.0811334 -0.21297 -0.412917 
0.19551 0.444113 0.213451 -0.0815725 -0.214086 -0.413063 
0.214986 0.446316 0.199366 -0.0836298 -0.206533 -0.411856 
0.203109 0.453348 0.177071 -0.083867 -0.206325 -0.412977 
0.201294 0.45509 0.158461 -0.0891137 -0.205872 -0.411415 
0.209452 0.450647 0.172964 -0.0853192 -0.20272 -0.412157 
0.196047 0.431068 0.197606 -0.0827716 -0.209557 -0.41199 
0.171653 0.452313 0.192002 -0.0867699 -0.214169 -0.413593 
0.155789 0.418343 0.236201 -0.0779556 -0.224324 -0.414051 
0.148897 0.444968 0.249548 -0.0847803 -0.224694 -0.413516 
0.129877 0.436775 0.249613 -0.0811285 -0.23046 -0.415097 
0.140508 0.416702 0.250384 -0.0800027 -0.22501 -0.414144 
0.165153 0.397043 0.268122 -0.0705289 -0.216989 -0.415754 
0.170356 0.404405 0.240439 -0.0749983 -0.211785 -0.414036 
0.162919 0.42467 0.250291 -0.07663 -0.210808 -0.415174 
0.164545 0.465574 0.269474 -0.0894057 -0.213585 -0.413015 
0.161699 0.469666 0.257096 -0.0885836 -0.211375 -0.412016 
0.150043 0.492363 0.251071 -0.0916753 -0.218723 -0.412176 
0.160221 0.529293 0.254564 -0.10325 -0.218519 -0.410013 
0.170743 0.518512 0.247732 -0.0957103 -0.217887 -0.410257 
0.196142 0.476901 0.224389 -0.0878298 -0.210464 -0.409075 
0.205134 0.49718 0.240824 -0.0909351 -0.207686 -0.41054 
0.213346 0.481837 0.226213 -0.0909752 -0.205022 -0.409294 
0.211639 0.446214 0.236133 -0.0828407 -0.201199 -0.410593 
0.215598 0.458343 0.215298 -0.0868337 -0.199692 -0.410862 
0.203049 0.467698 0.210038 -0.0905609 -0.201011 -0.409956 
0.201358 0.499943 0.186163 -0.0949913 -0.202731 -0.410127 
0.164077 0.504885 0.20384 -0.0994997 -0.213393 -0.409149 
0.18859 0.527746 0.156111 -0.0995118 -0.205953 -0.409617 
0.171998 0.500686 0.203883 -0.0961726 -0.213794 -0.40896 
0.183691 0.476299 0.204084 -0.0878457 -0.207972 -0.41021 
0.195812 0.443338 0.202687 -0.0817737 -0.206167 -0.41063 
0.228596 0.438967 0.208377 -0.0824915 -0.194076 -0.409651 
0.208666 0.439257 0.236817 -0.0820755 -0.200707 -0.410325 
0.217497 0.437864 0.202787 -0.0846848 -0.19733 -0.408835 
0.201817 0.467377 0.227984 -0.0894139 -0.203704 -0.409744 
0.190831 0.474697 0.240537 -0.0950333 -0.209787 -0.408635 
0.173306 0.470685 0.230375 -0.0893211 -0.211424 -0.41024 
0.17852 0.459811 0.246168 -0.0899998 -0.212033 -0.409344 
0.185593 0.446886 0.27255 -0.0882214 -0.207111 -0.409123 
0.193244 0.444263 0.252843 -0.0861658 -0.204162 -0.410039 
0.191746 0.414094 0.273963 -0.0821471 -0.200272 -0.408953 
0.213345 0.427511 0.278475 -0.0827004 -0.19743 -0.409165 
0.21352 0.437844 0.262423 -0.0893438 -0.198323 -0.407638 
0.206556 0.461211 0.24931 -0.0901654 -0.201266 -0.409154 
0.201301 0.466406 0.26 -0.0948957 -0.207289 -0.407713 
0.205559 0.470828 0.23934 -0.0942387 -0.204375 -0.407495 
0.201269 0.462437 0.223284 -0.0943903 -0.207634 -0.407982 
0.206248 0.449606 0.241172 -0.0915031 -0.205905 -0.407754 
0.212286 0.445503 0.228743 -0.0896699 -0.201953 -0.408931 
0.201495 0.431879 0.236759 -0.090567 -0.20499 -0.407978 
0.205361 0.442213 0.216193 -0.0880237 -0.202107 -0.409221 
0.196282 0.439742 0.231691 -0.0890037 -0.205653 -0.408312 
0.197825 0.451939 0.207235 -0.088644 -0.20315 -0.408196 
0.179669 0.456475 0.206596 -0.0893454 -0.210801 -0.40783 
0.183423 0.438854 0.188231 -0.0847786 -0.204694 -0.408197 
0.18163 0.421893 0.216459 -0.0776993 -0.20729 -0.409533 
0.186851 0.42428 0.197717 -0.0832559 -0.204407 -0.408561 
0.16958 0.432851 0.191756 -0.0824633 -0.207943 -0.410788 
0.18845 0.427433 0.220618 -0.0872497 -0.205183 -0.409188 
0.182143 0.444333 0.234525 -0.0900053 -0.206514 -0.410225 
0.169676 0.478716 0.22258 -0.102621 -0.213993 -0.40958 
0.176013 0.463145 0.242022 -0.0960194 -0.211604 -0.409632 
0.165601 0.43899 0.266379 -0.0893194 -0.220056 -0.411467 
0.16265 0.442322 0.243931 -0.0920005 -0.219135 -0.411047 
0.172185 0.447893 0.238655 -0.0875047 -0.218954 -0.411998 
0.173512 0.424315 0.253348 -0.0864166 -0.216953 -0.411014 
0.169713 0.432416 0.229969 -0.0844935 -0.214083 -0.412979 
0.185595 0.441918 0.214277 -0.0900388 -0.207764 -0.410382 
0.176409 0.444523 0.228873 -0.0870745 -0.208945 -0.411221 
0.180334 0.456594 0.211782 -0.0923911 -0.210689 -0.411055 
0.19216 0.457527 0.212839 -0.094321 -0.20815 -0.410645 
0.184784 0.45784 0.211621 -0.0909982 -0.215058 -0.411539 
0.177215 0.439485 0.223538 -0.0901881 -0.218326 -0.411445 
0.188314 0.433722 0.214884 -0.0859009 -0.215683 -0.413053 
0.181789 0.410121 0.229765 -0.0840059 -0.218108 -0.412299 
0.177447 0.432243 0.20461 -0.0857729 -0.216157 -0.412984 
0.187069 0.416296 0.237774 -0.0851781 -0.214331 -0.41271 
0.189219 0.441611 0.22001 -0.0899884 -0.210779 -0.412044 
0.186793 0.449029 0.213676 -0.088268 -0.214038 -0.412492 
0.180873 0.452499 0.22655 -0.090359 -0.214448 -0.411585 
0.185987 0.453278 0.231551 -0.0851219 -0.215216 -0.412686 
0.186077 0.464235 0.218545 -0.0927475 -0.2164 -0.410536 
0.196531 0.470129 0.232855 -0.0906147 -0.211433 -0.412326 
0.188703 0.464722 0.228446 -0.0944434 -0.21301 -0.411351 
0.203901 0.468872 0.20022 -0.0927368 -0.203464 -0.412198 
0.185202 0.436666 0.230599 -0.0873806 -0.21094 -0.413753 
0.18793 0.431703 0.246114 -0.0867975 -0.205787 -0.41381 
0.178735 0.417705 0.249953 -0.0798206 -0.211563 -0.414418 
0.189242 0.400718 0.272329 -0.0795795 -0.209411 -0.413245 
0.180792 0.383506 0.280671 -0.0688922 -0.215958 -0.415159 
0.180231 0.388454 0.263824 -0.0723493 -0.215789 -0.4126 
0.17895 0.389099 0.26843 -0.0689525 -0.217598 -0.414077 
0.190549 0.392391 0.251438 -0.0741711 -0.21654 -0.413757 
0.196161 0.409337 0.233873 -0.075115 -0.211579 -0.414109 
0.195214 0.419466 0.248679 -0.079748 -0.211432 -0.413617 
0.21514 0.414459 0.238153 -0.0809042 -0.203135 -0.413221 
0.230827 0.432561 0.200503 -0.0796402 -0.199176 -0.41337 
0.214847 0.416123 0.230351 -0.0792577 -0.201638 -0.411887 
0.219783 0.42825 0.227756 -0.0778841 -0.200837 -0.41257 
0.221973 0.436927 0.223134 -0.0826608 -0.202504 -0.410812 
0.220527 0.471531 0.242306 -0.0865442 -0.201233 -0.410763 
0.196041 0.481682 0.259339 -0.0929424 -0.210062 -0.410394 
0.205404 0.496401 0.243327 -0.0967012 -0.204945 -0.409988 
0.194841 0.484029 0.241742 -0.0924018 -0.208592 -0.411269 
0.199012 0.48602 0.247046 -0.0959684 -0.205076 -0.409529 
0.207414 0.465916 0.222147 -0.086948 -0.203581 -0.411261 
0.211257 0.443652 0.230986 -0.0853268 -0.202526 -0.41022 
0.221405 0.456533 0.210435 -0.0821337 -0.198975 -0.410854 
0.216034 0.452083 0.233839 -0.0833553 -0.203876 -0.410006 
0.20729 0.444608 0.229999 -0.0817952 -0.205394 -0.411014 
0.194388 0.44895 0.242887 -0.0835903 -0.212986 -0.41112 
0.196754 0.463449 0.231701 -0.088957 -0.210402 -0.410047 
0.184654 0.450575 0.249376 -0.0854883 -0.214154 -0.411529 
0.188709 0.454951 0.227687 -0.0915902 -0.210433 -0.40974 
0.209009 0.441704 0.226229 -0.0838947 -0.203425 -0.4109 
0.199031 0.443487 0.238628 -0.0875607 -0.205571 -0.409977 
0.201091 0.434677 0.240393 -0.0821039 -0.203932 -0.41048 
0.199671 0.422933 0.224553 -0.0798544 -0.207293 -0.410639 
0.202799 0.401538 0.252041 -0.0762825 -0.20444 -0.410743 
0.194596 0.424149 0.235207 -0.0789321 -0.206938 -0.41198 
0.215816 0.40947 0.213336 -0.0804909 -0.197827 -0.410465 
0.21585 0.423529 0.208705 -0.0805761 -0.196458 -0.411807 
0.220185 0.439063 0.237994 -0.088689 -0.197714 -0.40932 
0.232223 0.4711 0.204608 -0.0926706 -0.194542 -0.40908 
0.22803 0.450588 0.224097 -0.0918453 -0.198978 -0.408788 
0.218137 0.450935 0.229103 -0.089423 -0.199757 -0.408609 
0.227667 0.441012 0.22245 -0.0867933 -0.198926 -0.408765 
0.228043 0.420235 0.203178 -0.08345 -0.194895 -0.407757 
0.224694 0.407958 0.221374 -0.0766624 -0.196152 -0.408892 
0.210524 0.409198 0.210301 -0.0803947 -0.198672 -0.407019 
0.216341 0.414148 0.219157 -0.0791349 -0.198533 -0.408413 
0.198252 0.418051 0.231056 -0.0847426 -0.204552 -0.407148 
0.213498 0.405264 0.227672 -0.0793636 -0.198078 -0.408523 
0.199428 0.391543 0.217265 -0.0783608 -0.205338 -0.40961 
0.217045 0.387738 0.234325 -0.0781036 -0.200457 -0.408963 
0.219044 0.406075 0.222799 -0.0811828 -0.202255 -0.409042 
0.234276 0.389158 0.225299 -0.0791989 -0.198658 -0.407904 
0.214233 0.444093 0.218126 -0.089626 -0.205253 -0.408721 
0.220688 0.438858 0.214324 -0.0915495 -0.199702 -0.406616 
0.222041 0.467306 0.225029 -0.0949635 -0.196999 -0.407511 
0.217641 0.43501 0.226813 -0.0901037 -0.19893 -0.407083 
0.208761 0.432108 0.227207 -0.087664 -0.200017 -0.407657 
0.217992 0.404191 0.256447 -0.0813239 -0.199984 -0.408196 
0.213849 0.40588 0.289509 -0.0839907 -0.203565 -0.407609 
0.217541 0.40085 0.244861 -0.0802349 -0.204387 -0.409033 
0.207576 0.423672 0.249151 -0.0903283 -0.205878 -0.407945 
0.221594 0.436414 0.242784 -0.0915404 -0.200704 -0.40944 
0.207163 0.424397 0.209795 -0.090969 -0.205975 -0.40902 
0.211606 0.451364 0.187641 -0.0939354 -0.201568 -0.409382 
0.197374 0.44099 0.224936 -0.0937207 -0.208114 -0.4085 
0.213217 0.436648 0.215319 -0.0940479 -0.202064 -0.40863 
0.200184 0.434436 0.22561 -0.0908219 -0.206821 -0.409529 
0.20687 0.443025 0.273561 -0.0983307 -0.202865 -0.408211 
0.21396 0.45096 0.260696 -0.0965237 -0.202479 -0.409394 
0.221986 0.451455 0.253088 -0.0999657 -0.2005 -0.408703 
0.219969 0.442886 0.287549 -0.0917675 -0.203601 -0.409882 
0.217116 0.455603 0.25659 -0.0982708 -0.20657 -0.408446 
0.215188 0.446533 0.23028 -0.0910693 -0.204414 -0.409191 
0.212777 0.436968 0.244248 -0.0913634 -0.206553 -0.409789 
0.209313 0.4096 0.244582 -0.0838835 -0.203135 -0.408954 
0.216159 0.411822 0.199588 -0.0822982 -0.201909 -0.410702 
0.216019 0.416541 0.245438 -0.0894727 -0.201835 -0.408984 
0.216199 0.421575 0.238813 -0.0865039 -0.204939 -0.410913 
0.200628 0.416128 0.248866 -0.0899906 -0.210551 -0.409416 
0.203037 0.458138 0.253898 -0.0975458 -0.209774 -0.410845 
0.184273 0.466597 0.267154 -0.102544 -0.214497 -0.409384 
0.192408 0.448506 0.228455 -0.0935887 -0.208199 -0.410052 
0.201988 0.465183 0.226997 -0.101507 -0.205349 -0.408399 
0.205982 0.459678 0.221561 -0.0991959 -0.202353 -0.408394 
0.218957 0.465883 0.182567 -0.0982991 -0.202507 -0.409646 
0.218262 0.436866 0.215189 -0.0941443 -0.204687 -0.409045 
0.21078 0.444002 0.220671 -0.0910886 -0.207158 -0.411694 
0.192989 0.435922 0.22956 -0.0902756 -0.214544 -0.412408 
0.208882 0.417392 0.217146 -0.0829011 -0.207885 -0.413511 
0.188724 0.402505 0.234246 -0.081523 -0.214258 -0.413174 
0.202537 0.416851 0.214951 -0.0855654 -0.207888 -0.413259 
0.216579 0.412455 0.214611 -0.0826811 -0.208755 -0.413376 
0.233694 0.410854 0.216928 -0.0837917 -0.203636 -0.411848 
0.228976 0.443672 0.217633 -0.0862945 -0.205731 -0.412504 
0.231533 0.438493 0.250432 -0.0898093 -0.2049 -0.411963 
0.229297 0.467092 0.257667 -0.0912093 -0.202575 -0.41226 
0.225291 0.465427 0.251147 -0.0954314 -0.202688 -0.411491 
0.222366 0.443772 0.244224 -0.088101 -0.19998 -0.412218 
0.224981 0.438721 0.259377 -0.0877303 -0.203541 -0.412631 
0.24229 0.426338 0.243653 -0.0862832 -0.196777 -0.41108 
0.243005 0.410947 0.2061 -0.0795125 -0.198375 -0.413042 
0.24399 0.423128 0.259776 -0.0879518 -0.196585 -0.411084 
0.24396 0.444538 0.251871 -0.089508 -0.196023 -0.411933 
0.237774 0.447252 0.246674 -0.0948954 -0.198508 -0.410498 
0.237806 0.478724 0.251497 -0.0982004 -0.197477 -0.410917 
0.224579 0.474229 0.2853 -0.0991483 -0.204866 -0.410498 
0.229945 0.460669 0.245217 -0.0937868 -0.204423 -0.410535 
0.249832 0.482987 0.261848 -0.0975416 -0.2029 -0.410657 
0.242257 0.447914 0.260495 -0.0914491 -0.200219 -0.410024 
0.232772 0.441623 0.247995 -0.0847898 -0.202372 -0.412465 
0.246421 0.434783 0.282402 -0.0890974 -0.198254 -0.410158 
0.249054 0.443315 0.25897 -0.0855556 -0.194399 -0.410791 
0.229699 0.424675 0.228296 -0.0830777 -0.200603 -0.410963 
0.242415 0.442227 0.237947 -0.0882305 -0.197565 -0.411018 
0.247739 0.435732 0.24172 -0.0890934 -0.198436 -0.4104 
0.237977 0.446343 0.190595 -0.0902834 -0.1981 -0.410088 
0.231714 0.427946 0.207902 -0.0842463 -0.19948 -0.4121 
0.232424 0.435278 0.251434 -0.0913104 -0.198118 -0.410111 
0.226026 0.449475 0.233869 -0.0900078 -0.198776 -0.411077 
0.218627 0.440897 0.233174 -0.0905895 -0.203607 -0.41064 
0.223041 0.432363 0.278909 -0.0865442 -0.202971 -0.411353 
0.218394 0.453055 0.284699 -0.0929676 -0.209822 -0.410937 
0.233327 0.426535 0.263061 -0.0861198 -0.203172 -0.410934 
0.247152 0.42201 0.275126 -0.0823551 -0.201321 -0.41188 
0.251173 0.411477 0.279323 -0.0826257 -0.196859 -0.410435 
0.262286 0.404101 0.232632 -0.0726882 -0.193598 -0.412019 
0.256035 0.378216 0.248579 -0.0718598 -0.194782 -0.410514 
0.23793 0.413428 0.241702 -0.0758859 -0.198085 -0.411548 
0.215416 0.389407 0.227739 -0.0728296 -0.205233 -0.410764 
0.223258 0.412516 0.23566 -0.0790934 -0.199643 -0.410321 
0.210251 0.43961 0.246138 -0.0908763 -0.204014 -0.409776 
0.216965 0.439871 0.220649 -0.091443 -0.19604 -0.40863 
0.222341 0.429724 0.232387 -0.0880501 -0.197449 -0.409725 
0.217214 0.443512 0.253016 -0.0962997 -0.199351 -0.408483 
0.210475 0.431935 0.232615 -0.0861512 -0.204159 -0.410508 
0.213289 0.420943 0.220537 -0.0879083 -0.20404 -0.409579 
0.226627 0.435706 0.237367 -0.0890559 -0.201508 -0.410287 
0.233764 0.414775 0.246217 -0.0858678 -0.201203 -0.40957 
0.245165 0.421222 0.233511 -0.0861774 -0.193423 -0.408429 
0.2453 0.416623 0.243134 -0.0861115 -0.19529 -0.408853 
0.258271 0.411978 0.254615 -0.0874814 -0.190113 -0.406427 
0.259444 0.409078 0.256155 -0.0825076 -0.192969 -0.407844 
0.247969 0.403329 0.245056 -0.0856019 -0.195878 -0.406044 
0.248913 0.395866 0.242344 -0.0803012 -0.196014 -0.408131 
0.242175 0.396655 0.237468 -0.0869561 -0.197358 -0.406438 
0.243314 0.395818 0.220156 -0.0820396 -0.193737 -0.408517 
0.219126 0.40166 0.195235 -0.0867595 -0.200438 -0.408682 
0.22346 0.420186 0.199509 -0.0918431 -0.195175 -0.408199 
0.228767 0.427994 0.191595 -0.093248 -0.198676 -0.408928 
0.225059 0.425098 0.201895 -0.0938151 -0.198041 -0.407877 
0.215099 0.428811 0.221641 -0.0916458 -0.205572 -0.409451 
0.227241 0.412378 0.224583 -0.0938264 -0.200659 -0.4075 
0.240725 0.406948 0.213165 -0.0869072 -0.197611 -0.409674 
0.23873 0.398787 0.215 -0.0906551 -0.19745 -0.407888 
0.248226 0.393109 0.187609 -0.0818957 -0.193001 -0.409434 
0.239956 0.379154 0.188864 -0.0843598 -0.196798 -0.408949 
0.235761 0.401243 0.214277 -0.0865083 -0.197064 -0.408637 
0.227031 0.3988 0.200166 -0.0862015 -0.203786 -0.40872 
0.226606 0.393067 0.214706 -0.0845495 -0.20157 -0.408005 
0.227748 0.406079 0.236341 -0.0858683 -0.204977 -0.409259 
0.221203 0.411072 0.251414 -0.0912424 -0.202945 -0.40777 
0.219074 0.399942 0.216312 -0.0831119 -0.202857 -0.410773 
0.215887 0.4069 0.260768 -0.090712 -0.203737 -0.409601 
0.222583 0.423339 0.241672 -0.0897202 -0.200337 -0.411025 
0.22673 0.425424 0.249329 -0.0930526 -0.202577 -0.41075 
0.232188 0.422435 0.219655 -0.0884988 -0.201593 -0.411684 
0.242036 0.433261 0.235878 -0.0894411 -0.202769 -0.411231 
0.243088 0.421393 0.209546 -0.0869462 -0.198755 -0.411154 
0.238254 0.42298 0.202831 -0.0845139 -0.201393 -0.412757 
0.231495 0.393662 0.188207 -0.0828513 -0.198664 -0.411504 
0.25128 0.402011 0.182106 -0.0814781 -0.192489 -0.411709 
0.252375 0.402499 0.176823 -0.0863653 -0.193744 -0.410329 
0.251263 0.397992 0.20143 -0.0817902 -0.194798 -0.410997 
0.255992 0.393333 0.204949 -0.0848263 -0.196598 -0.410985 
0.258412 0.407179 0.216134 -0.0888058 -0.195487 -0.410089 
0.263425 0.404968 0.232571 -0.0863426 -0.19808 -0.411178 
0.252899 0.396676 0.263582 -0.0883106 -0.197466 -0.410845 
0.254539 0.437662 0.237863 -0.0939509 -0.19709 -0.411527 
0.249605 0.423415 0.251414 -0.0935942 -0.19708 -0.410285 
0.255545 0.423905 0.241858 -0.0888898 -0.194881 -0.412087 
0.243862 0.421791 0.244443 -0.0923544 -0.199745 -0.411439 
0.250927 0.415992 0.242 -0.0905401 -0.198878 -0.411003 
0.251042 0.379088 0.255098 -0.0826349 -0.203117 -0.412531 
0.260698 0.389164 0.260643 -0.0869245 -0.200433 -0.410666 
0.266679 0.395882 0.244081 -0.0852614 -0.200031 -0.412024 
0.264561 0.385494 0.249351 -0.0872773 -0.196539 -0.411065 
0.270738 0.405978 0.230178 -0.0849024 -0.192321 -0.412783 
0.262857 0.419477 0.234521 -0.0921749 -0.19362 -0.410416 
0.253804 0.421344 0.227608 -0.0860661 -0.192769 -0.412064 
0.250768 0.433042 0.251646 -0.0919558 -0.197258 -0.410592 
0.236471 0.440566 0.229505 -0.0893625 -0.200148 -0.410785 
0.245374 0.427562 0.220819 -0.0865002 -0.204273 -0.411552 
0.261245 0.423688 0.205915 -0.0869396 -0.198025 -0.410705 
0.264286 0.427332 0.215228 -0.0860987 -0.198807 -0.41295 
0.256438 0.42124 0.209461 -0.0885369 -0.19807 -0.411818 
0.278963 0.433058 0.220549 -0.0871165 -0.192739 -0.412808 
0.273677 0.413844 0.242084 -0.0890262 -0.193485 -0.410788 
0.27077 0.414464 0.236075 -0.0842051 -0.191272 -0.411805 
0.261939 0.425899 0.232016 -0.0891407 -0.198755 -0.410324 
0.249133 0.403262 0.232092 -0.0792257 -0.19975 -0.410813 
0.247508 0.397048 0.233172 -0.0792577 -0.201098 -0.411786 
0.2377 0.414046 0.2383 -0.0835658 -0.200166 -0.41063 
0.250504 0.414413 0.223363 -0.0817576 -0.199732 -0.412151 
0.242646 0.387486 0.240485 -0.0797455 -0.19926 -0.411079 
0.263035 0.419486 0.235041 -0.085751 -0.194737 -0.411835 
0.249243 0.412245 0.241311 -0.0875549 -0.201487 -0.410084 
0.255 0.410347 0.207827 -0.0821231 -0.196978 -0.411466 
0.243134 0.408092 0.234268 -0.0827665 -0.201791 -0.410528 
0.259807 0.413643 0.218401 -0.0828492 -0.193669 -0.409648 
0.257343 0.394138 0.21687 -0.077185 -0.195946 -0.410265 
0.265264 0.399108 0.226942 -0.0812384 -0.189413 -0.408772 
0.248656 0.409921 0.255669 -0.0817173 -0.196828 -0.410083 
0.233809 0.398889 0.259539 -0.0847784 -0.200518 -0.409192 
0.2436 0.406211 0.248607 -0.0811611 -0.199795 -0.409611 
0.240164 0.407474 0.240216 -0.0859774 -0.200927 -0.408763 
0.242588 0.40131 0.236985 -0.0798169 -0.197243 -0.40996 
0.262015 0.396976 0.244586 -0.0800998 -0.193502 -0.409656 
0.277127 0.413455 0.259991 -0.084464 -0.185559 -0.408456 
0.261534 0.421252 0.262503 -0.0842266 -0.191843 -0.410553 
0.254024 0.42084 0.276384 -0.088642 -0.191413 -0.408793 
0.259599 0.427715 0.26299 -0.0863026 -0.193062 -0.409989 
0.245837 0.417252 0.246441 -0.0906476 -0.193371 -0.40907 
0.248366 0.412275 0.215148 -0.0838505 -0.191343 -0.409985 
0.246277 0.379018 0.211248 -0.0820763 -0.190853 -0.409834 
0.250839 0.364724 0.225932 -0.0745855 -0.188694 -0.41022 
0.230051 0.368926 0.234598 -0.0785287 -0.197283 -0.410445 
0.248084 0.374071 0.234686 -0.0772589 -0.194102 -0.408067 
0.253348 0.392292 0.23129 -0.0795096 -0.197042 -0.409102 
0.246448 0.397288 0.240451 -0.0837208 -0.197002 -0.407341 
0.267844 0.42283 0.205683 -0.0855646 -0.192305 -0.408272 
0.269825 0.408849 0.19302 -0.085981 -0.18893 -0.406713 
0.263553 0.401033 0.184028 -0.0810046 -0.188015 -0.408736 
0.252074 0.372757 0.19632 -0.0784596 -0.192785 -0.409195 
0.269765 0.381776 0.191054 -0.0795458 -0.188292 -0.408328 
0.259816 0.378764 0.198187 -0.0786264 -0.193567 -0.409151 
0.266855 0.375708 0.208164 -0.0801987 -0.190506 -0.407795 
0.275069 0.391496 0.199428 -0.0807809 -0.19143 -0.409148 
0.278746 0.407487 0.209078 -0.0886364 -0.185961 -0.406585 
0.277549 0.41361 0.218089 -0.0843873 -0.186596 -0.408614 
0.271681 0.402876 0.247873 -0.08742 -0.188061 -0.40743 
0.289104 0.433857 0.252106 -0.0891834 -0.183358 -0.407331 
0.292903 0.430523 0.289528 -0.0945817 -0.184993 -0.406495 
0.26688 0.434546 0.286018 -0.0942257 -0.190769 -0.406598 
0.261149 0.43383 0.263792 -0.0953628 -0.195105 -0.407248 
0.250487 0.42159 0.254977 -0.0942976 -0.195327 -0.406349 
0.23489 0.405556 0.225151 -0.0885763 -0.199046 -0.409068 
0.229 0.393411 0.219538 -0.090719 -0.198971 -0.407865 
0.262848 0.36936 0.185113 -0.0796791 -0.189207 -0.409847 
0.266528 0.362231 0.201386 -0.0821791 -0.189835 -0.408928 
0.275952 0.38492 0.184278 -0.086891 -0.18653 -0.409285 
0.258854 0.373413 0.223416 -0.0861395 -0.194748 -0.409735 
0.241973 0.367463 0.206845 -0.0822055 -0.194243 -0.410233 
0.238224 0.383201 0.220464 -0.0851977 -0.19822 -0.411232 
0.241342 0.392638 0.218441 -0.08886 -0.193645 -0.409974 
0.237481 0.397696 0.204282 -0.0840341 -0.194036 -0.411428 
0.261578 0.412056 0.185547 -0.0916393 -0.190469 -0.409989 
0.265387 0.42085 0.195123 -0.090945 -0.192236 -0.410671 
0.262546 0.424196 0.191722 -0.094135 -0.197413 -0.409696 
0.260368 0.412087 0.211604 -0.0909211 -0.195376 -0.410209 
0.262627 0.409282 0.225458 -0.090469 -0.198416 -0.411465 
0.26214 0.395589 0.23246 -0.0882424 -0.190889 -0.410289 
0.262733 0.400881 0.221882 -0.0852597 -0.193762 -0.412127 
0.251147 0.38985 0.257469 -0.0905868 -0.193382 -0.411144 
0.251666 0.414401 0.242611 -0.0897644 -0.198182 -0.412542 
0.262191 0.410446 0.255428 -0.0961358 -0.196781 -0.410485 
0.252828 0.422514 0.258871 -0.094422 -0.200814 -0.412346 
0.263499 0.420821 0.250737 -0.0972664 -0.197873 -0.411501 
0.288664 0.417255 0.243206 -0.0910186 -0.189355 -0.411834 
0.305473 0.399609 0.238932 -0.0887164 -0.18718 -0.412216 
0.296763 0.391772 0.252473 -0.0856831 -0.18675 -0.411326 
0.286366 0.417601 0.227226 -0.0884805 -0.19252 -0.412595 
0.273803 0.404027 0.273924 -0.0897345 -0.194733 -0.411083 
0.267501 0.415702 0.24353 -0.0872581 -0.197046 -0.412023 
0.24564 0.406937 0.25256 -0.0889494 -0.198747 -0.410697 
0.267919 0.415112 0.23515 -0.0862388 -0.193038 -0.412028 
0.290553 0.37079 0.236801 -0.0788582 -0.188755 -0.411782 
0.293803 0.385058 0.232047 -0.0813392 -0.186351 -0.411815 
0.277582 0.372039 0.244336 -0.0804836 -0.194454 -0.413436 
0.280494 0.378733 0.255219 -0.084147 -0.194508 -0.412748 
0.261205 0.378656 0.259414 -0.0813892 -0.201027 -0.414873 
0.24437 0.366821 0.292502 -0.0830534 -0.201287 -0.412761 
0.261987 0.363441 0.244191 -0.0748343 -0.195813 -0.414477 
0.263956 0.382878 0.273261 -0.0834637 -0.193348 -0.411116 
0.279517 0.392598 0.256817 -0.0795889 -0.184224 -0.411673 
0.260265 0.384503 0.257819 -0.0819464 -0.189868 -0.410276 
0.267625 0.404744 0.245632 -0.0845104 -0.187845 -0.410029 
0.257032 0.402062 0.252507 -0.0844362 -0.194403 -0.409805 
0.272323 0.391258 0.239969 -0.0822259 -0.189703 -0.408959 
0.263186 0.390683 0.222854 -0.0799114 -0.195994 -0.410851 
0.288126 0.414499 0.215403 -0.0877435 -0.187186 -0.408176 
0.30483 0.422418 0.211068 -0.084805 -0.182282 -0.409899 
0.299315 0.419757 0.232799 -0.0897893 -0.184004 -0.408637 
0.292029 0.421908 0.228185 -0.0861067 -0.18316 -0.409887 
0.284741 0.402175 0.246922 -0.0832775 -0.187724 -0.408936 
0.272891 0.373686 0.267577 -0.0768166 -0.189157 -0.409985 
0.277205 0.3858 0.265164 -0.0783771 -0.193233 -0.409202 
0.282583 0.37541 0.233496 -0.0765982 -0.188029 -0.408122 
0.280458 0.380037 0.228112 -0.074329 -0.189765 -0.409735 
0.2886 0.386108 0.225764 -0.0815784 -0.185659 -0.407683 
0.301712 0.383782 0.183486 -0.0742395 -0.181301 -0.408493 
0.274686 0.355115 0.189559 -0.0750325 -0.187375 -0.408851 
0.291533 0.369587 0.21138 -0.0745692 -0.183598 -0.409077 
0.278049 0.36342 0.22932 -0.0782368 -0.190552 -0.408546 
0.28427 0.362577 0.238381 -0.07678 -0.185457 -0.408266 
0.274987 0.378113 0.26759 -0.081658 -0.192204 -0.408742 
0.293042 0.376111 0.26167 -0.0816648 -0.183136 -0.405977 
0.281059 0.387477 0.233196 -0.0819846 -0.186055 -0.407372 
0.308508 0.393147 0.203719 -0.0869752 -0.178307 -0.404988 
0.303435 0.395197 0.193051 -0.0827507 -0.18115 -0.405786 
0.304373 0.392471 0.188743 -0.086287 -0.1819 -0.40537 
0.301857 0.402084 0.200354 -0.086222 -0.181783 -0.406129 
0.290077 0.379281 0.227394 -0.0829956 -0.187351 -0.407542 
0.277726 0.362853 0.239726 -0.0787868 -0.187538 -0.407905 
0.272298 0.364833 0.220004 -0.0770523 -0.190248 -0.409604 
0.276588 0.349635 0.244561 -0.0777616 -0.188105 -0.408811 
0.269584 0.349403 0.240887 -0.0756102 -0.192542 -0.409845 
0.270755 0.353589 0.230127 -0.0794653 -0.191567 -0.409043 
0.263958 0.364498 0.245005 -0.0801676 -0.191778 -0.409002 
0.275499 0.367126 0.247034 -0.0818651 -0.18929 -0.409326 
0.272828 0.386527 0.24715 -0.0856532 -0.186995 -0.408238 
0.29149 0.401014 0.227538 -0.0874399 -0.183597 -0.409269 
0.28102 0.406634 0.258386 -0.0930983 -0.186055 -0.407747 
0.300252 0.403072 0.247243 -0.0891444 -0.184202 -0.409541 
0.290285 0.403369 0.270756 -0.0950119 -0.187881 -0.40819 
0.293725 0.389977 0.24815 -0.0872548 -0.18664 -0.409187 
0.277141 0.372056 0.256806 -0.0852768 -0.191777 -0.409796 
0.299899 0.359195 0.238116 -0.0794031 -0.18296 -0.409241 
0.292836 0.368626 0.250302 -0.0811209 -0.186845 -0.410245 
0.301181 0.366342 0.252917 -0.0825784 -0.184217 -0.407908 
0.300751 0.37447 0.240356 -0.0808993 -0.187105 -0.410367 
0.293554 0.361972 0.263442 -0.0833942 -0.18784 -0.408621 
0.291433 0.372265 0.247387 -0.0798378 -0.187685 -0.41096 
0.287354 0.352573 0.204779 -0.0793778 -0.187507 -0.410063 
0.285931 0.349802 0.195025 -0.0741838 -0.184519 -0.412197 
0.280834 0.333751 0.202908 -0.0750576 -0.188506 -0.411974 
0.280665 0.359265 0.197492 -0.07908 -0.187254 -0.410948 
0.276448 0.380915 0.195175 -0.084775 -0.194894 -0.411122 
0.28118 0.380934 0.232071 -0.087206 -0.192246 -0.409715 
0.286247 0.388524 0.220232 -0.0860509 -0.192671 -0.411522 
0.285033 0.391025 0.227767 -0.0900133 -0.19161 -0.409801 
0.294106 0.39489 0.210574 -0.0874463 -0.188706 -0.411409 
0.303185 0.36581 0.240083 -0.0848265 -0.187992 -0.410849 
0.302613 0.366026 0.23043 -0.0816946 -0.187816 -0.411447 
0.308016 0.37041 0.208789 -0.0838923 -0.18998 -0.411067 
0.314284 0.380031 0.225116 -0.087057 -0.185681 -0.410394 
0.32284 0.373517 0.2269 -0.0817238 -0.184957 -0.412409 
0.315472 0.382845 0.22081 -0.0864207 -0.181784 -0.411385 
0.33086 0.400949 0.205957 -0.085677 -0.180313 -0.412534 
0.320192 0.390482 0.242721 -0.0890053 -0.183656 -0.411081 
0.332923 0.409597 0.227111 -0.0875729 -0.180709 -0.411533 
0.322648 0.402559 0.243798 -0.0914485 -0.186849 -0.411008 
0.334903 0.391521 0.243658 -0.0865607 -0.181212 -0.410852 
0.316045 0.392768 0.256348 -0.0880231 -0.187531 -0.41173 
0.313909 0.399171 0.253516 -0.0888561 -0.182745 -0.411155 
0.309682 0.386089 0.240263 -0.0805453 -0.186642 -0.412697 
0.310081 0.389014 0.235839 -0.0837618 -0.183321 -0.410451 
0.308078 0.411951 0.22735 -0.0822121 -0.188104 -0.411473 
0.304138 0.405446 0.231444 -0.0865304 -0.189977 -0.410273 
0.312927 0.400865 0.226695 -0.0818354 -0.188124 -0.410949 
0.297199 0.388773 0.22748 -0.0841109 -0.193357 -0.411697 
0.308665 0.390122 0.22646 -0.0822664 -0.187461 -0.411028 
0.304692 0.379568 0.228582 -0.0813357 -0.189208 -0.412187 
0.3006 0.367437 0.227199 -0.07848 -0.184938 -0.411341 
0.307211 0.379452 0.2383 -0.0781052 -0.18617 -0.411439 
0.322095 0.369964 0.240867 -0.0811095 -0.180903 -0.409942 
0.331097 0.365803 0.218955 -0.0768606 -0.180963 -0.411474 
0.30984 0.365346 0.220302 -0.0831824 -0.186029 -0.411223 
0.327652 0.369219 0.22933 -0.0802534 -0.182348 -0.41065 
0.320495 0.362486 0.221081 -0.0788206 -0.185008 -0.412498 
0.302362 0.37919 0.244845 -0.0789603 -0.18609 -0.410816 
0.293891 0.379025 0.219602 -0.0753495 -0.189437 -0.41232 
0.299105 0.382369 0.242295 -0.0785767 -0.187318 -0.409629 
0.303825 0.398573 0.231456 -0.0790168 -0.187246 -0.410828 
0.297918 0.399347 0.252658 -0.0860908 -0.188916 -0.408869 
0.310691 0.404736 0.242631 -0.0859124 -0.185913 -0.409962 
0.310417 0.416042 0.282981 -0.0930849 -0.186899 -0.408533 
0.329322 0.412298 0.268642 -0.0882824 -0.179103 -0.408059 
0.311498 0.395022 0.256903 -0.0846093 -0.184693 -0.409391 
0.299122 0.386689 0.258704 -0.0841888 -0.184983 -0.408412 
0.303823 0.384341 0.23598 -0.0801644 -0.186492 -0.409289 
0.300167 0.373424 0.252805 -0.0816828 -0.186707 -0.407801 
0.315009 0.383011 0.249066 -0.0789194 -0.18379 -0.408503 
0.32277 0.396008 0.27586 -0.0865344 -0.181172 -0.407114 
0.338805 0.389737 0.266769 -0.0807539 -0.173806 -0.407464 
0.327752 0.377188 0.28106 -0.0802916 -0.177028 -0.408526 
0.316205 0.386445 0.278423 -0.0822084 -0.177012 -0.407923 
0.310214 0.377931 0.271744 -0.0810143 -0.182018 -0.409645 
0.306239 0.356698 0.302278 -0.0814131 -0.182505 -0.408029 
0.320668 0.359826 0.257303 -0.0770356 -0.181548 -0.409431 
0.331751 0.36868 0.271399 -0.084079 -0.178443 -0.406574 
0.353693 0.359725 0.243531 -0.077186 -0.171589 -0.408461 
0.313204 0.357979 0.269121 -0.0819068 -0.180211 -0.407993 
0.312323 0.362399 0.212905 -0.0771052 -0.176564 -0.408415 
0.296354 0.357714 0.267408 -0.0814983 -0.185704 -0.408575 
0.299653 0.367676 0.245756 -0.0834008 -0.181164 -0.407399 
0.290007 0.365658 0.271702 -0.0829574 -0.188205 -0.408334 
0.305444 0.362167 0.244332 -0.083138 -0.18186 -0.406571 
0.323266 0.372508 0.258253 -0.0823854 -0.1803 -0.407644 
0.325269 0.380555 0.254705 -0.0884752 -0.177177 -0.406425 
0.325251 0.37595 0.263073 -0.083484 -0.178202 -0.407735 
0.329323 0.376134 0.252651 -0.0882284 -0.177808 -0.407354 
0.34015 0.374536 0.250955 -0.088273 -0.174383 -0.407735 
0.319164 0.372241 0.247229 -0.090353 -0.182644 -0.41007 
0.322325 0.369549 0.247119 -0.0894413 -0.179149 -0.408525 
0.328971 0.367817 0.234397 -0.0875105 -0.178611 -0.410812 
0.310239 0.371444 0.24578 -0.0928 -0.179943 -0.409244 
0.318667 0.382666 0.227724 -0.0880879 -0.178859 -0.410667 
0.312652 0.393855 0.247394 -0.0946098 -0.18095 -0.408907 
0.306625 0.397066 0.230891 -0.0921503 -0.182892 -0.409855 
0.299013 0.39163 0.221522 -0.0937589 -0.187532 -0.409365 
0.300885 0.385529 0.215374 -0.0876475 -0.185767 -0.409593 
0.303144 0.386839 0.225453 -0.0883288 -0.186941 -0.411302 
0.311902 0.366015 0.236215 -0.084976 -0.180488 -0.410167 
0.312323 0.395304 0.23066 -0.0868101 -0.182904 -0.411915 
0.288925 0.397926 0.262753 -0.0917005 -0.187724 -0.410999 
0.323849 0.411493 0.241523 -0.089791 -0.183055 -0.412115 
0.297828 0.408234 0.292751 -0.0969926 -0.192373 -0.411066 
0.289625 0.413048 0.286834 -0.0919936 -0.194967 -0.410653 
0.292424 0.382637 0.284329 -0.0903709 -0.194845 -0.411841 
0.30555 0.365323 0.294473 -0.0853434 -0.188948 -0.411238 
0.291974 0.358923 0.291792 -0.0830914 -0.192408 -0.413303 
0.301253 0.358649 0.266022 -0.0816662 -0.186829 -0.41098 
0.328783 0.36287 0.224252 -0.0780727 -0.18072 -0.41402 
0.339661 0.365429 0.22736 -0.0789549 -0.177378 -0.411088 
0.355932 0.386516 0.196176 -0.0784624 -0.174877 -0.412453 
0.349836 0.394224 0.239942 -0.0870102 -0.177593 -0.409312 
0.373576 0.390599 0.204701 -0.0828718 -0.171711 -0.409851 
0.375148 0.397275 0.236804 -0.0897596 -0.175693 -0.408636 
0.355747 0.403467 0.270165 -0.0921076 -0.178246 -0.408824 
0.362943 0.39345 0.249695 -0.0879664 -0.17717 -0.410564 
0.36054 0.380601 0.231856 -0.0848722 -0.174405 -0.410507 
0.341929 0.379072 0.251485 -0.080055 -0.181281 -0.412479 
0.323715 0.367775 0.262594 -0.0808969 -0.184367 -0.411454 
0.339049 0.357245 0.231886 -0.0733759 -0.180938 -0.413053 
0.33301 0.359038 0.269919 -0.0797093 -0.184204 -0.410852 
0.339788 0.360059 0.266954 -0.0759013 -0.180047 -0.410873 
0.342552 0.37198 0.281221 -0.0824135 -0.180058 -0.410729 
0.339416 0.367598 0.257338 -0.0790591 -0.175239 -0.409843 
0.333693 0.381883 0.260792 -0.0822197 -0.179968 -0.40993 
0.316755 0.377063 0.258295 -0.0828059 -0.179998 -0.408423 
0.32366 0.382103 0.260305 -0.0816089 -0.18313 -0.409705 
0.328521 0.371545 0.255853 -0.0832506 -0.181432 -0.408409 
0.328917 0.373818 0.251622 -0.0806673 -0.181247 -0.408709 
0.328079 0.37298 0.261746 -0.0826155 -0.1803 -0.408169 
0.328392 0.370426 0.256403 -0.0787849 -0.179776 -0.408672 
0.323072 0.357842 0.228807 -0.0762701 -0.179918 -0.409343 
0.322653 0.341438 0.2492 -0.0737918 -0.177136 -0.408105 
0.334179 0.346689 0.224484 -0.073259 -0.179192 -0.410269 
0.338236 0.337573 0.245949 -0.0755878 -0.177629 -0.408139 
0.348102 0.347756 0.255544 -0.0756172 -0.177346 -0.408273 
0.346092 0.355228 0.267802 -0.0823221 -0.178424 -0.40691 
0.341787 0.373989 0.24937 -0.0799986 -0.176129 -0.406731 
0.352611 0.36742 0.261954 -0.081607 -0.172052 -0.406588 
0.341358 0.367941 0.257745 -0.0799191 -0.171515 -0.40645 
0.342681 0.381407 0.226878 -0.0832215 -0.172628 -0.407972 
0.335315 0.375653 0.264333 -0.0847039 -0.172493 -0.405614 
0.341596 0.371784 0.233723 -0.0822763 -0.174625 -0.408408 
0.30986 0.371882 0.264943 -0.0870358 -0.182878 -0.405548 
0.327971 0.378866 0.239063 -0.0831666 -0.177536 -0.406801 
0.307037 0.361696 0.260085 -0.082355 -0.182525 -0.40587 
0.310504 0.358147 0.238598 -0.0768916 -0.179246 -0.407557 
0.290581 0.353014 0.262671 -0.0789659 -0.185575 -0.407693 
0.292836 0.355008 0.25908 -0.07902 -0.18264 -0.407925 
0.286025 0.351073 0.245103 -0.0791482 -0.189365 -0.40922 
0.301318 0.351053 0.256704 -0.0802192 -0.182877 -0.407525 
0.311207 0.377507 0.231746 -0.0822244 -0.182151 -0.408608 
0.328488 0.377925 0.244289 -0.0852898 -0.176301 -0.405939 
0.352767 0.392757 0.221351 -0.0835271 -0.170262 -0.407199 
0.349918 0.38398 0.227712 -0.0848156 -0.171057 -0.406803 
0.360559 0.383597 0.21912 -0.0829602 -0.167513 -0.407519 
0.346609 0.366934 0.218752 -0.0829957 -0.174876 -0.408197 
0.351585 0.373008 0.203928 -0.0843579 -0.172824 -0.408409 
0.348902 0.355209 0.212284 -0.0790222 -0.175846 -0.40938 
0.348176 0.344123 0.219924 -0.0801332 -0.172764 -0.40807 
0.355778 0.346941 0.208345 -0.0757932 -0.171785 -0.40964 
0.369537 0.339236 0.217615 -0.0783111 -0.168346 -0.407799 
0.372315 0.326275 0.211088 -0.0722419 -0.167265 -0.408719 
0.360275 0.322323 0.21022 -0.0752261 -0.172456 -0.408608 
0.356685 0.334132 0.205741 -0.0754186 -0.171823 -0.408843 
0.33508 0.342638 0.210495 -0.0800273 -0.17969 -0.409625 
0.331966 0.355069 0.201284 -0.0813454 -0.175515 -0.408709 
0.330484 0.377102 0.18724 -0.0837963 -0.178427 -0.410138 
0.337371 0.384671 0.180796 -0.0882836 -0.172887 -0.408463 
0.357278 0.378578 0.179846 -0.083741 -0.170332 -0.408903 
0.359683 0.372514 0.188557 -0.0881347 -0.171108 -0.407812 
0.361055 0.372433 0.187156 -0.0838279 -0.172127 -0.40852 
0.371416 0.37547 0.206712 -0.0882302 -0.170968 -0.408091 
0.365204 0.375395 0.21384 -0.085628 -0.169138 -0.408223 
0.357685 0.380808 0.208923 -0.0873346 -0.174251 -0.410739 
0.367635 0.377714 0.220159 -0.0870512 -0.168686 -0.409451 
0.357599 0.389593 0.243382 -0.0884641 -0.174577 -0.411143 
0.333181 0.377605 0.245274 -0.0894727 -0.178168 -0.410119 
0.3496 0.391932 0.235677 -0.0895499 -0.178833 -0.410996 
0.349402 0.404467 0.24483 -0.0938218 -0.177978 -0.40911 
0.351533 0.402289 0.255069 -0.0886103 -0.176443 -0.409758 
0.35875 0.385043 0.241818 -0.0861785 -0.174724 -0.411033 
0.361575 0.376634 0.255068 -0.0819952 -0.173267 -0.410227 
0.36996 0.368767 0.264014 -0.080706 -0.174845 -0.412023 
0.373436 0.355011 0.274689 -0.0817792 -0.174691 -0.410177 
0.374027 0.373613 0.224773 -0.0831628 -0.175653 -0.41061 
0.368713 0.377641 0.237783 -0.0873239 -0.176399 -0.409031 
0.385949 0.374576 0.21089 -0.0835378 -0.17017 -0.40933 
0.362177 0.362031 0.180409 -0.0778166 -0.174492 -0.409721 
0.349797 0.364136 0.176664 -0.0759402 -0.174351 -0.410068 
0.348749 0.362486 0.18909 -0.0751749 -0.175648 -0.410873 
0.349748 0.361366 0.183076 -0.0766408 -0.177313 -0.410673 
0.330526 0.368477 0.201912 -0.0784611 -0.183656 -0.411607 
0.33697 0.384843 0.223495 -0.0854394 -0.182285 -0.411184 
0.326093 0.374851 0.214146 -0.0834976 -0.184309 -0.411734 
0.325974 0.374213 0.203992 -0.0817041 -0.18293 -0.411599 
0.328341 0.373181 0.212719 -0.0802263 -0.179501 -0.411264 
0.346465 0.379619 0.212339 -0.0808697 -0.175298 -0.410388 
0.348172 0.379683 0.209974 -0.082317 -0.17494 -0.410068 
0.353537 0.391068 0.221119 -0.0850895 -0.174884 -0.40883 
0.360151 0.389383 0.224896 -0.0854638 -0.176329 -0.408913 
0.360019 0.402053 0.229024 -0.0891047 -0.178552 -0.407892 
0.351583 0.403469 0.220839 -0.0885289 -0.178711 -0.408053 
0.354935 0.407568 0.238432 -0.0854062 -0.177333 -0.407611 
0.365303 0.40175 0.221961 -0.0823028 -0.173324 -0.407986 
0.364276 0.400347 0.227622 -0.0819647 -0.17196 -0.407501 
0.367488 0.387028 0.214237 -0.0791781 -0.169628 -0.407529 
0.361273 0.378174 0.218538 -0.0787148 -0.172749 -0.407351 
0.346764 0.382318 0.220699 -0.0827886 -0.177137 -0.407223 
0.335434 0.395137 0.247408 -0.0859441 -0.179865 -0.406938 
0.333191 0.384602 0.250268 -0.0828228 -0.180394 -0.40779 
0.325049 0.388252 0.262241 -0.0839506 -0.181451 -0.408108 
0.336936 0.385319 0.255046 -0.0824758 -0.17834 -0.407387 
0.354279 0.370736 0.246684 -0.0803967 -0.173898 -0.407245 
0.351967 0.368232 0.25118 -0.0811249 -0.174991 -0.407114 
0.345596 0.366036 0.259505 -0.0816153 -0.177373 -0.407442 
0.340774 0.34862 0.265744 -0.0771629 -0.178536 -0.407021 
0.341554 0.352666 0.259452 -0.0770286 -0.178333 -0.408426 
0.325282 0.344353 0.286603 -0.0743388 -0.179599 -0.408179 
0.328729 0.33715 0.279974 -0.0705342 -0.176246 -0.408822 
0.334929 0.332908 0.269383 -0.0697365 -0.174242 -0.408188 
0.331542 0.349841 0.255535 -0.0743659 -0.17392 -0.408033 
0.324952 0.359302 0.269345 -0.0762174 -0.177808 -0.407942 
0.337431 0.369429 0.245696 -0.0813026 -0.176481 -0.407207 
0.348855 0.377996 0.238622 -0.0813376 -0.174901 -0.406429 
0.341436 0.374187 0.229548 -0.0834285 -0.176035 -0.406954 
0.353365 0.378572 0.246714 -0.0837637 -0.17171 -0.405793 
0.367973 0.385254 0.24115 -0.0842325 -0.16767 -0.406384 
0.352612 0.377226 0.267219 -0.0847012 -0.16986 -0.405517 
0.356841 0.375314 0.246413 -0.0835033 -0.170231 -0.406878 
0.352161 0.392929 0.245178 -0.0897621 -0.173023 -0.405873 
0.362832 0.381157 0.220472 -0.0851913 -0.170337 -0.406328 
0.355934 0.368876 0.207916 -0.0821568 -0.172142 -0.406509 
0.365891 0.369759 0.18852 -0.0813623 -0.167336 -0.40629 
0.364683 0.36502 0.193044 -0.0787182 -0.165907 -0.407013 
0.36546 0.365357 0.226316 -0.0799692 -0.165813 -0.406524 
0.347282 0.366082 0.228937 -0.0797309 -0.169965 -0.407353 
0.346181 0.378823 0.262043 -0.085832 -0.172886 -0.407391 
0.341893 0.38104 0.255707 -0.0860573 -0.174226 -0.407206 
0.343216 0.380012 0.262843 -0.0849966 -0.17572 -0.407379 
0.340731 0.371612 0.253805 -0.0833784 -0.173821 -0.407187 
0.353124 0.36569 0.243264 -0.0805154 -0.170221 -0.40746 
0.362247 0.356889 0.237931 -0.0800831 -0.167461 -0.407274 
0.364338 0.351042 0.254709 -0.0794869 -0.167581 -0.406792 
0.363083 0.351805 0.254014 -0.080897 -0.170696 -0.407402 
0.360098 0.35147 0.248421 -0.0821678 -0.171023 -0.407133 
0.356136 0.364741 0.259671 -0.0835105 -0.173304 -0.407519 
0.348245 0.361909 0.252084 -0.0825052 -0.173823 -0.408267 
0.353743 0.37401 0.248524 -0.0831735 -0.172237 -0.408114 
0.364156 0.39169 0.257756 -0.0888427 -0.171512 -0.408267 
0.374128 0.389817 0.27386 -0.0891383 -0.169804 -0.406778 
0.389811 0.3885 0.249666 -0.0876086 -0.167773 -0.408044 
0.384445 0.387222 0.247917 -0.0895209 -0.1696 -0.406498 
0.397575 0.380124 0.232934 -0.0856314 -0.165244 -0.407497 
0.385559 0.371163 0.230346 -0.0849801 -0.166933 -0.407909 
0.386405 0.379479 0.233739 -0.0867467 -0.166576 -0.408035 
0.390354 0.384292 0.249692 -0.0891597 -0.168015 -0.408103 
0.37485 0.384376 0.258945 -0.0910902 -0.171541 -0.407723 
0.364697 0.387946 0.238693 -0.0900951 -0.174151 -0.408686 
0.356643 0.37734 0.218811 -0.0886874 -0.175261 -0.4084 
0.358358 0.367967 0.189024 -0.0825043 -0.172913 -0.409455 
0.350245 0.359611 0.183975 -0.0813321 -0.175737 -0.410276 
0.360416 0.365577 0.186212 -0.0839774 -0.172356 -0.409767 
0.373256 0.356682 0.182225 -0.0809099 -0.173671 -0.410291 
0.382425 0.36054 0.184795 -0.0836866 -0.172071 -0.409758 
0.37708 0.361249 0.207966 -0.0830753 -0.173829 -0.409716 
0.378743 0.353849 0.221287 -0.0818241 -0.172999 -0.410121 
0.382385 0.344679 0.224561 -0.0776947 -0.170894 -0.410322 
0.377892 0.355339 0.23535 -0.0798689 -0.172283 -0.411623 
0.371561 0.346212 0.257226 -0.0793255 -0.173115 -0.410987 
0.371473 0.346753 0.238143 -0.0774133 -0.174028 -0.412394 
0.369756 0.360753 0.228151 -0.0821492 -0.175424 -0.410838 
0.376993 0.368175 0.219813 -0.0799459 -0.172548 -0.410917 
0.378316 0.379718 0.22535 -0.0819065 -0.172114 -0.41072 
0.378743 0.386276 0.206004 -0.0820283 -0.169972 -0.409942 
0.391265 0.388502 0.205471 -0.0808735 -0.169254 -0.410513 
0.377986 0.391506 0.233116 -0.0849119 -0.17202 -0.409861 
0.368617 0.380077 0.23032 -0.0813002 -0.176103 -0.410524 
0.360589 0.372356 0.243674 -0.0820858 -0.179431 -0.409986 
0.362181 0.370147 0.258533 -0.0790573 -0.17697 -0.410113 
0.366668 0.377295 0.254959 -0.0797717 -0.1764 -0.410093 
0.3826 0.369048 0.247806 -0.0761826 -0.168578 -0.409632 
0.391613 0.377137 0.239839 -0.0752148 -0.167183 -0.410357 
0.393621 0.366371 0.222901 -0.0771782 -0.164863 -0.409458 
0.392112 0.366747 0.224942 -0.0750851 -0.167477 -0.409701 
0.369881 0.356706 0.243311 -0.0783012 -0.174667 -0.410202 
0.344902 0.354278 0.240252 -0.077152 -0.179437 -0.409856 
0.346226 0.368151 0.248131 -0.0815403 -0.181106 -0.410669 
0.334919 0.381076 0.271085 -0.0844024 -0.18097 -0.408503 
0.349877 0.393074 0.240365 -0.0820678 -0.177284 -0.410094 
0.353412 0.395176 0.234834 -0.0840248 -0.173008 -0.407835 
0.370825 0.394131 0.223963 -0.0798315 -0.169521 -0.408611 
0.36614 0.375846 0.220364 -0.0795107 -0.172301 -0.407674 
0.36062 0.36433 0.226387 -0.0748117 -0.172574 -0.408383 
0.356378 0.364706 0.23392 -0.0783968 -0.176069 -0.408351 
0.36268 0.353035 0.226908 -0.0756632 -0.172073 -0.407051 
0.36391 0.35422 0.22566 -0.0739834 -0.173102 -0.408537 
0.35354 0.353353 0.247391 -0.0761337 -0.170687 -0.407281 
0.379864 0.351741 0.228613 -0.071625 -0.165422 -0.408379 
0.369763 0.33683 0.25265 -0.0732387 -0.168234 -0.407759 
0.370379 0.35147 0.268663 -0.0747283 -0.168684 -0.408024 
0.362454 0.36341 0.276489 -0.0812456 -0.173764 -0.407172 
0.360279 0.36559 0.266507 -0.0820467 -0.173573 -0.40603 
0.357002 0.374154 0.259725 -0.0830847 -0.176482 -0.406229 
0.35931 0.376761 0.247381 -0.0846128 -0.172979 -0.404877 
0.360847 0.386453 0.233589 -0.0825334 -0.172623 -0.405682 
0.364403 0.385839 0.229312 -0.0845297 -0.169868 -0.405351 
0.374286 0.375668 0.202286 -0.0791323 -0.167008 -0.405911 
0.356264 0.376283 0.196094 -0.0837967 -0.172351 -0.407431 
0.343058 0.369369 0.215148 -0.0837919 -0.17436 -0.406948 
0.347045 0.359192 0.200304 -0.0824291 -0.176692 -0.40902 
0.343568 0.360939 0.224321 -0.0850691 -0.175808 -0.407107 
0.345643 0.373871 0.234378 -0.083642 -0.176453 -0.408802 
0.33662 0.36612 0.253691 -0.0839285 -0.17652 -0.40789 
0.348209 0.375262 0.234399 -0.0809736 -0.172148 -0.408279 
0.347108 0.376469 0.244497 -0.0848306 -0.173407 -0.408684 
0.350522 0.369702 0.247186 -0.0832363 -0.172372 -0.407916 
0.360834 0.37487 0.246612 -0.0860747 -0.173779 -0.408517 
0.35586 0.375648 0.26471 -0.0883594 -0.173487 -0.406768 
0.363744 0.38374 0.236863 -0.0866152 -0.173188 -0.408603 
0.353171 0.379104 0.246008 -0.08774 -0.173805 -0.40668 
0.344102 0.381542 0.199838 -0.0837853 -0.173617 -0.409341 
0.333875 0.375364 0.194634 -0.0866945 -0.176188 -0.409098 
0.347627 0.376607 0.19042 -0.0859041 -0.172984 -0.409239 
0.345225 0.387249 0.213934 -0.0909719 -0.177915 -0.409212 
0.340769 0.386973 0.230076 -0.0922668 -0.176792 -0.408518 
0.364489 0.385728 0.236185 -0.0887201 -0.174589 -0.408995 
0.349378 0.379423 0.25165 -0.0890385 -0.175372 -0.408867 
0.362477 0.37509 0.217965 -0.0832307 -0.172265 -0.409753 
0.360814 0.365694 0.22283 -0.0841597 -0.172939 -0.410324 
0.359986 0.370028 0.222911 -0.0840131 -0.173109 -0.410047 
0.354533 0.365021 0.229384 -0.0848161 -0.176812 -0.411169 
0.361052 0.359564 0.225264 -0.0843969 -0.174314 -0.409645 
0.359188 0.369459 0.230687 -0.0835717 -0.176783 -0.410993 
0.357746 0.360361 0.231958 -0.0828128 -0.174808 -0.409871 
0.375635 0.356541 0.21338 -0.0778711 -0.171138 -0.410845 
0.363088 0.347864 0.227029 -0.0805949 -0.174739 -0.411153 
0.372516 0.358225 0.240566 -0.0811634 -0.173176 -0.41066 
0.378139 0.36658 0.235627 -0.0845523 -0.174398 -0.410783 
0.377539 0.374999 0.247062 -0.0874471 -0.174709 -0.408961 
0.377316 0.376839 0.239889 -0.0845716 -0.175825 -0.410673 
0.385792 0.399703 0.232277 -0.089542 -0.171971 -0.408465 
0.390889 0.396653 0.204932 -0.0842723 -0.169471 -0.410104 
0.377077 0.385448 0.222255 -0.0854184 -0.173 -0.410435 
0.374983 0.387782 0.213965 -0.0836287 -0.172044 -0.410406 
0.37115 0.382152 0.221277 -0.0852479 -0.175976 -0.411349 
0.356821 0.372751 0.233724 -0.0841938 -0.177307 -0.410698 
0.362169 0.378619 0.233065 -0.0825507 -0.177492 -0.411639 
0.363019 0.383911 0.251592 -0.0856897 -0.176002 -0.409685 
0.373742 0.373347 0.237622 -0.0790088 -0.172286 -0.411211 
0.38492 0.386666 0.256984 -0.0844639 -0.170868 -0.409709 
0.38393 0.381495 0.257724 -0.081964 -0.170339 -0.40967 
0.383109 0.375855 0.26599 -0.0832071 -0.174307 -0.410044 
0.393721 0.375543 0.250984 -0.083953 -0.170613 -0.408568 
0.389666 0.381933 0.261412 -0.0835828 -0.174225 -0.409095 
0.373252 0.374488 0.254536 -0.0825255 -0.175284 -0.408034 
0.396956 0.384391 0.224106 -0.0783857 -0.169137 -0.408364 
0.379051 0.388621 0.218611 -0.0815565 -0.171697 -0.408089 
0.369959 0.368071 0.178112 -0.0732797 -0.170743 -0.409077 
0.367725 0.365319 0.18197 -0.0752754 -0.173733 -0.410021 
0.36653 0.361751 0.18807 -0.0769904 -0.172382 -0.408842 
0.364179 0.355314 0.197298 -0.0742169 -0.176414 -0.410333 
0.370548 0.360016 0.223379 -0.07783 -0.172786 -0.407714 
0.375861 0.372535 0.260376 -0.0764774 -0.171935 -0.408742 
0.363898 0.369833 0.258341 -0.0786982 -0.172707 -0.407652 
0.37741 0.37966 0.244941 -0.0766329 -0.167847 -0.407566 
0.353416 0.380071 0.272917 -0.0815807 -0.174291 -0.407802 
0.350159 0.375669 0.256718 -0.0801665 -0.173039 -0.407311 
0.363277 0.380507 0.241879 -0.0810177 -0.173926 -0.407582 
0.367198 0.380755 0.254437 -0.0826287 -0.169891 -0.405559 
0.376386 0.381364 0.235564 -0.0772373 -0.168383 -0.40657 
0.392498 0.377362 0.211971 -0.0792821 -0.16283 -0.404804 
0.393795 0.381006 0.201124 -0.0766778 -0.16164 -0.406088 
0.370599 0.382732 0.203078 -0.0820393 -0.167664 -0.406172 
0.376675 0.375723 0.188834 -0.0800487 -0.166166 -0.405808 
0.36905 0.363058 0.176873 -0.0799762 -0.171149 -0.4074 
0.367144 0.369434 0.182896 -0.0822008 -0.169309 -0.405725 
0.38376 0.366609 0.165379 -0.0781777 -0.167569 -0.407392 
0.395771 0.365893 0.168267 -0.0803715 -0.162602 -0.405436 
0.397117 0.372645 0.166495 -0.0786847 -0.16187 -0.40758 
0.385258 0.393272 0.199551 -0.0876982 -0.165466 -0.4063 
0.389349 0.382494 0.206116 -0.0849903 -0.164776 -0.407444 
0.372239 0.372274 0.230013 -0.0855988 -0.171144 -0.407987 
0.359231 0.363174 0.264343 -0.0851214 -0.171053 -0.407605 
0.374476 0.366786 0.256243 -0.0828169 -0.17052 -0.408326 
0.387546 0.343579 0.252802 -0.0809853 -0.165924 -0.407298 
0.38911 0.357813 0.255405 -0.0794351 -0.166146 -0.40858 
0.384163 0.36727 0.267745 -0.086866 -0.168542 -0.407627 
