-0.00122206, 0.061161, -0.00530629, -1.87683, 0.0184425, 1.20534, -2.37186, 
-0.00122206, 0.061161, -0.00530629, -1.87683, 0.0184425, 1.20534, -2.37186, 
-0.00122206, 0.061161, -0.00530629, -1.87683, 0.0184425, 1.20534, -2.37187, 
-0.00122206, 0.061161, -0.00530629, -1.87683, 0.0184425, 1.20533, -2.37187, 
-0.00122206, 0.061161, -0.00530629, -1.87683, 0.0184425, 1.20533, -2.37187, 
-0.00122206, 0.061161, -0.00530629, -1.87683, 0.0184425, 1.20533, -2.37188, 
-0.00122206, 0.061161, -0.00530629, -1.87683, 0.0184425, 1.20533, -2.37188, 
-0.00122206, 0.061161, -0.00530629, -1.87683, 0.0184425, 1.20533, -2.37188, 
-0.00122206, 0.061161, -0.00530629, -1.87683, 0.0184425, 1.20533, -2.37188, 
-0.00122206, 0.061161, -0.00530629, -1.87683, 0.0184425, 1.20533, -2.37188, 
-0.00122206, 0.061161, -0.00530629, -1.87683, 0.0184425, 1.20533, -2.37189, 
-0.00122206, 0.061161, -0.00530629, -1.87683, 0.0184425, 1.20533, -2.37189, 
-0.00122206, 0.061161, -0.00530629, -1.87683, 0.0184425, 1.20533, -2.37189, 
-0.00122206, 0.061161, -0.00530629, -1.87683, 0.0184425, 1.20533, -2.37189, 
-0.00122206, 0.061161, -0.00530629, -1.87683, 0.0184425, 1.20533, -2.37189, 
-0.00122206, 0.061161, -0.00530629, -1.87683, 0.0184425, 1.20533, -2.37189, 
-0.00122206, 0.061161, -0.00530629, -1.87683, 0.0184425, 1.20533, -2.37189, 
-0.00122206, 0.061161, -0.00530629, -1.87683, 0.0184425, 1.20533, -2.37189, 
-0.00122206, 0.061161, -0.00530629, -1.87683, 0.0184425, 1.20533, -2.37189, 
-0.00122206, 0.061161, -0.00530629, -1.87683, 0.0184425, 1.20533, -2.37189, 
-0.00122206, 0.061161, -0.00530629, -1.87683, 0.0184425, 1.20533, -2.37189, 
-0.00122206, 0.061161, -0.00530629, -1.87683, 0.0184425, 1.20533, -2.37189, 
-0.00122206, 0.061161, -0.00530629, -1.87683, 0.0184425, 1.20533, -2.3719, 
-0.00122206, 0.061161, -0.00530629, -1.87683, 0.0184425, 1.20533, -2.3719, 
-0.00122206, 0.061161, -0.00530629, -1.87683, 0.0184425, 1.20533, -2.3719, 
-0.00122206, 0.061161, -0.00530629, -1.87683, 0.0184425, 1.20533, -2.3719, 
-0.00122206, 0.061161, -0.00530629, -1.87683, 0.0184425, 1.20533, -2.3719, 
-0.00122206, 0.061161, -0.00530629, -1.87683, 0.0184425, 1.20533, -2.3719, 
-0.00122206, 0.061161, -0.00530629, -1.87683, 0.0184425, 1.20533, -2.3719, 
-0.00122206, 0.061161, -0.00530629, -1.87683, 0.0184425, 1.20533, -2.3719, 
-0.00122206, 0.061161, -0.00530629, -1.87683, 0.0184425, 1.20533, -2.3719, 
-0.00122206, 0.061161, -0.00530629, -1.87683, 0.0184425, 1.20533, -2.3719, 
-0.00122206, 0.061161, -0.00530629, -1.87683, 0.0184425, 1.20533, -2.3719, 
-0.00122206, 0.061161, -0.00530629, -1.87683, 0.0184425, 1.20533, -2.3719, 
-0.00122206, 0.061161, -0.00530629, -1.87683, 0.0184425, 1.20533, -2.3719, 
-0.00122206, 0.061161, -0.00530629, -1.87683, 0.0184425, 1.20533, -2.3719, 
-0.00122206, 0.061161, -0.00530629, -1.87683, 0.0184425, 1.20533, -2.3719, 
-0.00122206, 0.061161, -0.00530629, -1.87683, 0.0184425, 1.20533, -2.3719, 
-0.00122206, 0.061161, -0.00530629, -1.87683, 0.0184425, 1.20533, -2.3719, 
-0.00122206, 0.061161, -0.00530629, -1.87683, 0.0184425, 1.20533, -2.3719, 
-0.00122206, 0.061161, -0.00530629, -1.87683, 0.0184425, 1.20533, -2.3719, 
-0.00122206, 0.061161, -0.00530629, -1.87683, 0.0184425, 1.20533, -2.3719, 
-0.00122206, 0.061161, -0.00530629, -1.87683, 0.0184425, 1.20533, -2.37191, 
-0.00122206, 0.061161, -0.00530629, -1.87683, 0.0184425, 1.20533, -2.37191, 
-0.00122206, 0.061161, -0.00530629, -1.87683, 0.0184425, 1.20533, -2.37191, 
-0.00122206, 0.061161, -0.00530629, -1.87683, 0.0184425, 1.20533, -2.37191, 
-0.00122206, 0.061161, -0.00530629, -1.87683, 0.0184425, 1.20533, -2.37191, 
-0.00122206, 0.061161, -0.00530629, -1.87683, 0.0184425, 1.20533, -2.37191, 
-0.00122206, 0.061161, -0.00530629, -1.87683, 0.0184425, 1.20533, -2.37191, 
-0.00122206, 0.061161, -0.00530629, -1.87683, 0.0184425, 1.20533, -2.37191, 
-0.00122206, 0.061161, -0.00530629, -1.87683, 0.0184425, 1.20533, -2.37191, 
-0.00122206, 0.061161, -0.00530629, -1.87683, 0.0184425, 1.20533, -2.37191, 
-0.00122206, 0.061161, -0.00530629, -1.87683, 0.0184425, 1.20533, -2.37191, 
-0.00122206, 0.061161, -0.00530629, -1.87683, 0.0184425, 1.20533, -2.37191, 
-0.00122206, 0.061161, -0.00530629, -1.87683, 0.0184425, 1.20533, -2.37191, 
-0.00122206, 0.061161, -0.00530629, -1.87683, 0.0184425, 1.20533, -2.37191, 
-0.00122206, 0.061161, -0.00530629, -1.87683, 0.0184425, 1.20533, -2.37191, 
-0.00122206, 0.061161, -0.00530629, -1.87683, 0.0184425, 1.20533, -2.37191, 
-0.00122206, 0.061161, -0.00530629, -1.87683, 0.0184425, 1.20533, -2.37191, 
-0.00122206, 0.061161, -0.00530629, -1.87683, 0.0184425, 1.20533, -2.37191, 
-0.00122206, 0.061161, -0.00530629, -1.87683, 0.0184425, 1.20533, -2.37191, 
-0.00122206, 0.061161, -0.00530629, -1.87683, 0.0184425, 1.20533, -2.37191, 
-0.00122206, 0.061161, -0.00530629, -1.87683, 0.0184425, 1.20533, -2.37191, 
-0.00122206, 0.061161, -0.00530629, -1.87683, 0.0184425, 1.20533, -2.37191, 
-0.00122206, 0.061161, -0.00530629, -1.87683, 0.0184425, 1.20533, -2.37191, 
-0.00122206, 0.061161, -0.00530629, -1.87683, 0.0184425, 1.20533, -2.37191, 
-0.00122206, 0.061161, -0.00530629, -1.87683, 0.0184425, 1.20533, -2.37191, 
-0.00122206, 0.061161, -0.00530629, -1.87683, 0.0184425, 1.20533, -2.37191, 
-0.00122206, 0.061161, -0.00530629, -1.87683, 0.0184425, 1.20533, -2.37191, 
-0.00122206, 0.061161, -0.00530629, -1.87683, 0.0184425, 1.20533, -2.37191, 
-0.00122206, 0.061161, -0.00530629, -1.87683, 0.0184425, 1.20533, -2.37191, 
-0.00122206, 0.061161, -0.00530629, -1.87683, 0.0184425, 1.20533, -2.37191, 
-0.00122206, 0.061161, -0.00530629, -1.87683, 0.0184425, 1.20533, -2.37191, 
-0.00122206, 0.061161, -0.00530629, -1.87683, 0.0184425, 1.20533, -2.37191, 
-0.00122206, 0.061161, -0.00530629, -1.87683, 0.0184425, 1.20533, -2.37191, 
-0.00122206, 0.061161, -0.00530629, -1.87683, 0.0184425, 1.20533, -2.37191, 
-0.00122206, 0.061161, -0.00530629, -1.87683, 0.0184425, 1.20533, -2.37191, 
-0.00122206, 0.061161, -0.00530629, -1.87683, 0.0184425, 1.20533, -2.37191, 
-0.00122206, 0.061161, -0.00530629, -1.87683, 0.0184425, 1.20533, -2.37191, 
-0.00122206, 0.061161, -0.00530629, -1.87683, 0.0184425, 1.20533, -2.37191, 
-0.00122206, 0.061161, -0.00530629, -1.87683, 0.0184425, 1.20533, -2.37191, 
-0.00122206, 0.061161, -0.00530629, -1.87683, 0.0184425, 1.20533, -2.37191, 
-0.00122206, 0.061161, -0.00530629, -1.87683, 0.0184425, 1.20533, -2.37191, 
-0.00122206, 0.061161, -0.00530629, -1.87683, 0.0184425, 1.20533, -2.37191, 
-0.00122206, 0.061161, -0.00530629, -1.87683, 0.0184425, 1.20533, -2.37191, 
-0.00122206, 0.061161, -0.00530629, -1.87683, 0.0184425, 1.20533, -2.37191, 
-0.00122206, 0.061161, -0.00530629, -1.87683, 0.0184425, 1.20533, -2.37191, 
-0.00122206, 0.061161, -0.00530629, -1.87683, 0.0184425, 1.20533, -2.37191, 
-0.00122206, 0.061161, -0.00530629, -1.87683, 0.0184425, 1.20533, -2.37192, 
-0.00122206, 0.061161, -0.00530629, -1.87683, 0.0184425, 1.20533, -2.37192, 
-0.00122206, 0.061161, -0.00530629, -1.87683, 0.0184425, 1.20533, -2.37192, 
-0.00122206, 0.061161, -0.00530629, -1.87683, 0.0184425, 1.20533, -2.37192, 
-0.00122206, 0.061161, -0.00530629, -1.87683, 0.0184425, 1.20533, -2.37192, 
-0.00122206, 0.061161, -0.00530629, -1.87683, 0.0184425, 1.20533, -2.37192, 
-0.00122206, 0.061161, -0.00530629, -1.87683, 0.0184425, 1.20533, -2.37192, 
-0.00122206, 0.061161, -0.00530629, -1.87683, 0.0184425, 1.20533, -2.37192, 
-0.00122206, 0.061161, -0.00530629, -1.87683, 0.0184425, 1.20533, -2.37192, 
-0.00122206, 0.061161, -0.00530629, -1.87683, 0.0184425, 1.20533, -2.37192, 
-0.00122206, 0.061161, -0.00530629, -1.87683, 0.0184425, 1.20533, -2.37192, 
-0.00122206, 0.061161, -0.00530629, -1.87683, 0.0184425, 1.20533, -2.37192, 
-0.00122206, 0.061161, -0.00530629, -1.87683, 0.0184425, 1.20533, -2.37192, 
-0.00122206, 0.061161, -0.00530629, -1.87683, 0.0184425, 1.20533, -2.37192, 
-0.00122206, 0.061161, -0.00530629, -1.87683, 0.0184425, 1.20533, -2.37192, 
-0.00122206, 0.061161, -0.00530629, -1.87683, 0.0184425, 1.20533, -2.37192, 
-0.00122206, 0.061161, -0.00530629, -1.87683, 0.0184425, 1.20533, -2.37192, 
-0.00122206, 0.061161, -0.00530629, -1.87683, 0.0184425, 1.20533, -2.37192, 
-0.00122206, 0.061161, -0.00530629, -1.87683, 0.0184425, 1.20533, -2.37192, 
-0.00122206, 0.061161, -0.00530629, -1.87683, 0.0184425, 1.20533, -2.37192, 
-0.00122206, 0.061161, -0.00530629, -1.87683, 0.0184425, 1.20533, -2.37192, 
-0.00122206, 0.061161, -0.00530629, -1.87683, 0.0184425, 1.20533, -2.37192, 
-0.00122206, 0.061161, -0.00530629, -1.87683, 0.0184425, 1.20533, -2.37192, 
-0.00122206, 0.061161, -0.00530629, -1.87683, 0.0184425, 1.20533, -2.37192, 
-0.00122206, 0.061161, -0.00530629, -1.87683, 0.0184425, 1.20533, -2.37192, 
-0.00122206, 0.061161, -0.00530629, -1.87683, 0.0184425, 1.20533, -2.37192, 
-0.00122206, 0.061161, -0.00530629, -1.87683, 0.0184425, 1.20533, -2.37192, 
-0.00122206, 0.061161, -0.00530629, -1.87683, 0.0184425, 1.20533, -2.37192, 
-0.00122206, 0.061161, -0.00530629, -1.87683, 0.0184425, 1.20533, -2.37192, 
-0.00122206, 0.061161, -0.00530629, -1.87683, 0.0184425, 1.20533, -2.37192, 
-0.00122206, 0.061161, -0.00530629, -1.87683, 0.0184425, 1.20533, -2.37192, 
-0.00122206, 0.061161, -0.00530629, -1.87683, 0.0184425, 1.20533, -2.37192, 
-0.00122206, 0.061161, -0.00530629, -1.87683, 0.0184425, 1.20533, -2.37192, 
-0.00122206, 0.061161, -0.00530629, -1.87683, 0.0184425, 1.20533, -2.37192, 
-0.00122206, 0.061161, -0.00530629, -1.87683, 0.0184425, 1.20533, -2.37192, 
-0.00122206, 0.061161, -0.00530629, -1.87683, 0.0184425, 1.20533, -2.37192, 
-0.00122206, 0.061161, -0.00530629, -1.87683, 0.0184425, 1.20533, -2.37192, 
-0.00122206, 0.061161, -0.00530629, -1.87683, 0.0184425, 1.20533, -2.37192, 
-0.00122206, 0.061161, -0.00530629, -1.87683, 0.0184425, 1.20533, -2.37192, 
-0.00122206, 0.061161, -0.00530629, -1.87683, 0.0184425, 1.20533, -2.37192, 
-0.00122206, 0.061161, -0.00530629, -1.87683, 0.0184425, 1.20533, -2.37192, 
-0.00122206, 0.061161, -0.00530629, -1.87683, 0.0184425, 1.20533, -2.37192, 
-0.00122206, 0.061161, -0.00530629, -1.87683, 0.0184425, 1.20533, -2.37192, 
-0.00122206, 0.061161, -0.00530629, -1.87683, 0.0184425, 1.20533, -2.37192, 
-0.00122206, 0.061161, -0.00530629, -1.87683, 0.0184425, 1.20533, -2.37192, 
-0.00122206, 0.061161, -0.00530629, -1.87683, 0.0184425, 1.20533, -2.37192, 
-0.00122206, 0.061161, -0.00530629, -1.87683, 0.0184425, 1.20533, -2.37192, 
-0.00122206, 0.061161, -0.00530629, -1.87683, 0.0184425, 1.20533, -2.37192, 
-0.00122206, 0.061161, -0.00530629, -1.87683, 0.0184425, 1.20533, -2.37192, 
-0.00122206, 0.061161, -0.00530629, -1.87683, 0.0184425, 1.20533, -2.37192, 
-0.00122206, 0.061161, -0.00530629, -1.87683, 0.0184425, 1.20533, -2.37192, 
-0.00122206, 0.061161, -0.00530629, -1.87683, 0.0184425, 1.20533, -2.37192, 
-0.00122206, 0.061161, -0.00530629, -1.87683, 0.0184425, 1.20533, -2.37192, 
-0.00122206, 0.061161, -0.00530629, -1.87683, 0.0184425, 1.20533, -2.37192, 
-0.00122206, 0.061161, -0.00530629, -1.87683, 0.0184425, 1.20533, -2.37192, 
-0.00122206, 0.061161, -0.00530629, -1.87683, 0.0184425, 1.20533, -2.37192, 
-0.00122206, 0.061161, -0.00530629, -1.87683, 0.0184425, 1.20533, -2.37192, 
-0.00122206, 0.061161, -0.00530629, -1.87683, 0.0184425, 1.20533, -2.37192, 
-0.00122206, 0.061161, -0.00530629, -1.87683, 0.0184425, 1.20533, -2.37192, 
-0.00122206, 0.061161, -0.00530629, -1.87683, 0.0184425, 1.20533, -2.37192, 
-0.00122206, 0.061161, -0.00530629, -1.87683, 0.0184425, 1.20533, -2.37192, 
-0.00122206, 0.061161, -0.00530629, -1.87683, 0.0184425, 1.20533, -2.37192, 
-0.00122206, 0.061161, -0.00530629, -1.87683, 0.0184425, 1.20533, -2.37192, 
-0.00122206, 0.061161, -0.00530629, -1.87683, 0.0184425, 1.20533, -2.37192, 
-0.00122206, 0.061161, -0.00530629, -1.87683, 0.0184425, 1.20533, -2.37192, 
-0.00122206, 0.061161, -0.00530629, -1.87683, 0.0184425, 1.20533, -2.37192, 
-0.00122206, 0.061161, -0.00530629, -1.87683, 0.0184425, 1.20533, -2.37192, 
-0.00122206, 0.061161, -0.00530629, -1.87683, 0.0184425, 1.20533, -2.37192, 
-0.00122206, 0.061161, -0.00530629, -1.87683, 0.0184425, 1.20533, -2.37192, 
-0.00122206, 0.061161, -0.00530629, -1.87683, 0.0184425, 1.20533, -2.37192, 
-0.00122206, 0.061161, -0.00530629, -1.87683, 0.0184425, 1.20533, -2.37192, 
-0.00122206, 0.061161, -0.00530629, -1.87683, 0.0184425, 1.20533, -2.37192, 
-0.00122206, 0.061161, -0.00530629, -1.87683, 0.0184425, 1.20533, -2.37192, 
-0.00122206, 0.061161, -0.00530629, -1.87683, 0.0184425, 1.20533, -2.37192, 
-0.00122206, 0.061161, -0.00530629, -1.87683, 0.0184425, 1.20533, -2.37192, 
-0.00122206, 0.061161, -0.00530629, -1.87683, 0.0184425, 1.20533, -2.37192, 
-0.00122206, 0.061161, -0.00530629, -1.87683, 0.0184425, 1.20533, -2.37192, 
-0.00122206, 0.061161, -0.00530629, -1.87683, 0.0184425, 1.20533, -2.37192, 
-0.00122206, 0.061161, -0.00530629, -1.87683, 0.0184425, 1.20533, -2.37192, 
-0.00122206, 0.061161, -0.00530629, -1.87683, 0.0184425, 1.20533, -2.37192, 
-0.00122206, 0.061161, -0.00530629, -1.87683, 0.0184425, 1.20533, -2.37192, 
-0.00122206, 0.061161, -0.00530629, -1.87683, 0.0184425, 1.20533, -2.37192, 
-0.00122206, 0.061161, -0.00530629, -1.87683, 0.0184425, 1.20533, -2.37192, 
-0.00122206, 0.061161, -0.00530629, -1.87683, 0.0184425, 1.20533, -2.37192, 
-0.00122206, 0.061161, -0.00530629, -1.87683, 0.0184425, 1.20533, -2.37192, 
-0.00122206, 0.061161, -0.00530629, -1.87683, 0.0184425, 1.20533, -2.37192, 
-0.00122206, 0.061161, -0.00530629, -1.87683, 0.0184425, 1.20533, -2.37192, 
-0.00122206, 0.061161, -0.00530629, -1.87683, 0.0184425, 1.20533, -2.37192, 
-0.00122206, 0.061161, -0.00530629, -1.87683, 0.0184425, 1.20533, -2.37192, 
-0.00122206, 0.061161, -0.00530629, -1.87683, 0.0184425, 1.20533, -2.37192, 
-0.00122206, 0.061161, -0.00530629, -1.87683, 0.0184425, 1.20533, -2.37192, 
-0.00122206, 0.061161, -0.00530629, -1.87683, 0.0184425, 1.20533, -2.37192, 
-0.00122206, 0.061161, -0.00530629, -1.87683, 0.0184425, 1.20533, -2.37192, 
-0.00122206, 0.061161, -0.00530629, -1.87683, 0.0184425, 1.20533, -2.37193, 
-0.00122206, 0.061161, -0.00530629, -1.87683, 0.0184425, 1.20533, -2.37193, 
-0.00122206, 0.061161, -0.00530629, -1.87683, 0.0184425, 1.20533, -2.37193, 
-0.00122206, 0.061161, -0.00530629, -1.87683, 0.0184425, 1.20533, -2.37193, 
-0.00122206, 0.061161, -0.00530629, -1.87683, 0.0184425, 1.20533, -2.37193, 
-0.00122206, 0.061161, -0.00530629, -1.87683, 0.0184425, 1.20533, -2.37193, 
-0.00122206, 0.061161, -0.00530629, -1.87683, 0.0184425, 1.20533, -2.37193, 
-0.00122206, 0.061161, -0.00530629, -1.87683, 0.0184425, 1.20533, -2.37193, 
-0.00122206, 0.061161, -0.00530629, -1.87683, 0.0184425, 1.20533, -2.37193, 
-0.00122206, 0.061161, -0.00530629, -1.87683, 0.0184425, 1.20533, -2.37193, 
-0.00122206, 0.061161, -0.00530629, -1.87683, 0.0184425, 1.20533, -2.37193, 
-0.00122206, 0.061161, -0.00530629, -1.87683, 0.0184425, 1.20533, -2.37193, 
-0.00122206, 0.061161, -0.00530629, -1.87683, 0.0184425, 1.20533, -2.37193, 
-0.00122206, 0.061161, -0.00530629, -1.87683, 0.0184425, 1.20533, -2.37193, 
-0.00122206, 0.061161, -0.00530629, -1.87683, 0.0184425, 1.20533, -2.37193, 
-0.00122206, 0.061161, -0.00530629, -1.87683, 0.0184425, 1.20533, -2.37193, 
-0.00122206, 0.061161, -0.00530629, -1.87683, 0.0184425, 1.20533, -2.37193, 
-0.00122206, 0.061161, -0.00530629, -1.87683, 0.0184425, 1.20533, -2.37193, 
-0.00122206, 0.061161, -0.00530629, -1.87683, 0.0184425, 1.20533, -2.37193, 
-0.00122206, 0.061161, -0.00530629, -1.87683, 0.0184425, 1.20533, -2.37193, 
-0.00122206, 0.061161, -0.00530629, -1.87683, 0.0184425, 1.20533, -2.37193, 
-0.00122206, 0.061161, -0.00530629, -1.87683, 0.0184425, 1.20533, -2.37193, 
-0.00122206, 0.061161, -0.00530629, -1.87683, 0.0184425, 1.20533, -2.37193, 
-0.00122206, 0.061161, -0.00530629, -1.87683, 0.0184425, 1.20533, -2.37193, 
-0.00122206, 0.061161, -0.00530629, -1.87683, 0.0184425, 1.20533, -2.37193, 
-0.00122206, 0.061161, -0.00530629, -1.87683, 0.0184425, 1.20533, -2.37193, 
-0.00122206, 0.061161, -0.00530629, -1.87683, 0.0184425, 1.20533, -2.37193, 
-0.00122206, 0.061161, -0.00530629, -1.87683, 0.0184425, 1.20533, -2.37193, 
-0.00122206, 0.061161, -0.00530629, -1.87683, 0.0184425, 1.20533, -2.37193, 
-0.00122206, 0.061161, -0.00530629, -1.87683, 0.0184425, 1.20533, -2.37193, 
-0.00122206, 0.061161, -0.00530629, -1.87683, 0.0184425, 1.20533, -2.37193, 
-0.00122206, 0.061161, -0.00530629, -1.87683, 0.0184425, 1.20533, -2.37193, 
-0.00122206, 0.061161, -0.00530629, -1.87683, 0.0184425, 1.20533, -2.37193, 
-0.00122206, 0.061161, -0.00530629, -1.87683, 0.0184425, 1.20533, -2.37193, 
-0.00122206, 0.061161, -0.00530629, -1.87683, 0.0184425, 1.20533, -2.37193, 
-0.00122206, 0.061161, -0.00530629, -1.87683, 0.0184425, 1.20533, -2.37193, 
-0.00122206, 0.061161, -0.00530629, -1.87683, 0.0184425, 1.20533, -2.37193, 
-0.00122206, 0.061161, -0.00530629, -1.87683, 0.0184425, 1.20533, -2.37193, 
-0.00122206, 0.061161, -0.00530629, -1.87683, 0.0184425, 1.20533, -2.37193, 
-0.00122206, 0.061161, -0.00530629, -1.87683, 0.0184425, 1.20533, -2.37193, 
-0.00122206, 0.061161, -0.00530629, -1.87683, 0.0184425, 1.20533, -2.37193, 
-0.00122206, 0.061161, -0.00530629, -1.87683, 0.0184425, 1.20533, -2.37193, 
-0.00122206, 0.061161, -0.00530629, -1.87683, 0.0184425, 1.20533, -2.37193, 
-0.00122206, 0.061161, -0.00530629, -1.87683, 0.0184425, 1.20533, -2.37193, 
-0.00122206, 0.061161, -0.00530629, -1.87683, 0.0184425, 1.20533, -2.37193, 
-0.00122206, 0.061161, -0.00530629, -1.87683, 0.0184425, 1.20533, -2.37193, 
-0.00122206, 0.061161, -0.00530629, -1.87683, 0.0184425, 1.20533, -2.37193, 
-0.00122206, 0.061161, -0.00530629, -1.87683, 0.0184425, 1.20533, -2.37193, 
-0.00122206, 0.061161, -0.00530629, -1.87683, 0.0184425, 1.20533, -2.37193, 
-0.00122206, 0.061161, -0.00530629, -1.87683, 0.0184425, 1.20533, -2.37193, 
-0.00122206, 0.061161, -0.00530629, -1.87683, 0.0184425, 1.20533, -2.37193, 
-0.00122206, 0.061161, -0.00530629, -1.87683, 0.0184425, 1.20533, -2.37193, 
-0.00122206, 0.061161, -0.00530629, -1.87683, 0.0184425, 1.20533, -2.37193, 
-0.00122206, 0.061161, -0.00530629, -1.87683, 0.0184425, 1.20533, -2.37193, 
-0.00122206, 0.061161, -0.00530629, -1.87683, 0.0184425, 1.20533, -2.37193, 
-0.00122206, 0.061161, -0.00530629, -1.87683, 0.0184425, 1.20533, -2.37193, 
-0.00122206, 0.061161, -0.00530629, -1.87683, 0.0184425, 1.20533, -2.37193, 
-0.00122206, 0.061161, -0.00530629, -1.87683, 0.0184425, 1.20533, -2.37193, 
-0.00122206, 0.061161, -0.00530629, -1.87683, 0.0184425, 1.20533, -2.37193, 
-0.00122206, 0.061161, -0.00530629, -1.87683, 0.0184425, 1.20533, -2.37193, 
-0.00122206, 0.061161, -0.00530629, -1.87683, 0.0184425, 1.20533, -2.37193, 
-0.00122206, 0.061161, -0.00530629, -1.87683, 0.0184425, 1.20533, -2.37193, 
-0.00122206, 0.061161, -0.00530629, -1.87683, 0.0184425, 1.20533, -2.37193, 
-0.00122206, 0.061161, -0.00530629, -1.87683, 0.0184425, 1.20533, -2.37193, 
-0.00122206, 0.061161, -0.00530629, -1.87683, 0.0184425, 1.20533, -2.37193, 
-0.00122206, 0.061161, -0.00530629, -1.87683, 0.0184425, 1.20533, -2.37193, 
-0.00122206, 0.061161, -0.00530629, -1.87683, 0.0184425, 1.20533, -2.37193, 
-0.00122206, 0.061161, -0.00530629, -1.87683, 0.0184425, 1.20533, -2.37193, 
-0.00122206, 0.061161, -0.00530629, -1.87683, 0.0184425, 1.20533, -2.37193, 
-0.00122206, 0.061161, -0.00530629, -1.87683, 0.0184425, 1.20533, -2.37193, 
-0.00122206, 0.061161, -0.00530629, -1.87683, 0.0184425, 1.20533, -2.37193, 
-0.00122206, 0.061161, -0.00530629, -1.87683, 0.0184425, 1.20533, -2.37193, 
-0.00122206, 0.061161, -0.00530629, -1.87683, 0.0184425, 1.20533, -2.37193, 
-0.00122206, 0.061161, -0.00530629, -1.87683, 0.0184425, 1.20533, -2.37193, 
-0.00122206, 0.061161, -0.00530629, -1.87683, 0.0184425, 1.20533, -2.37193, 
-0.00122206, 0.061161, -0.00530629, -1.87683, 0.0184425, 1.20533, -2.37193, 
-0.00122206, 0.061161, -0.00530629, -1.87683, 0.0184425, 1.20533, -2.37193, 
-0.00122206, 0.061161, -0.00530629, -1.87683, 0.0184425, 1.20533, -2.37193, 
-0.00122206, 0.061161, -0.00530629, -1.87683, 0.0184425, 1.20533, -2.37193, 
-0.00122206, 0.061161, -0.00530629, -1.87683, 0.0184425, 1.20533, -2.37193, 
-0.00122206, 0.061161, -0.00530629, -1.87683, 0.0184425, 1.20533, -2.37193, 
-0.00122206, 0.061161, -0.00530629, -1.87683, 0.0184425, 1.20533, -2.37193, 
-0.00122206, 0.061161, -0.00530629, -1.87683, 0.0184425, 1.20533, -2.37193, 
-0.00122206, 0.061161, -0.00530629, -1.87683, 0.0184425, 1.20533, -2.37193, 
-0.00122206, 0.061161, -0.00530629, -1.87683, 0.0184425, 1.20533, -2.37193, 
-0.00122206, 0.061161, -0.00530629, -1.87683, 0.0184425, 1.20533, -2.37193, 
-0.00122206, 0.061161, -0.00530629, -1.87683, 0.0184425, 1.20533, -2.37193, 
-0.00122206, 0.061161, -0.00530629, -1.87683, 0.0184425, 1.20533, -2.37193, 
-0.00122206, 0.061161, -0.00530629, -1.87683, 0.0184425, 1.20533, -2.37193, 
-0.00122206, 0.061161, -0.00530629, -1.87683, 0.0184425, 1.20533, -2.37193, 
-0.00122206, 0.061161, -0.00530629, -1.87683, 0.0184425, 1.20533, -2.37193, 
-0.00122206, 0.061161, -0.00530629, -1.87683, 0.0184425, 1.20533, -2.37193, 
-0.00122206, 0.061161, -0.00530629, -1.87683, 0.0184425, 1.20533, -2.37193, 
-0.00122206, 0.061161, -0.00530629, -1.87683, 0.0184425, 1.20533, -2.37193, 
-0.00122206, 0.061161, -0.00530629, -1.87683, 0.0184425, 1.20533, -2.37193, 
-0.00122206, 0.061161, -0.00530629, -1.87683, 0.0184425, 1.20533, -2.37193, 
-0.00122206, 0.061161, -0.00530629, -1.87683, 0.0184425, 1.20533, -2.37193, 
-0.00122206, 0.061161, -0.00530629, -1.87683, 0.0184425, 1.20533, -2.37193, 
-0.00122206, 0.061161, -0.00530629, -1.87683, 0.0184425, 1.20533, -2.37193, 
-0.00122206, 0.061161, -0.00530629, -1.87683, 0.0184425, 1.20533, -2.37193, 
-0.00122206, 0.061161, -0.00530629, -1.87683, 0.0184425, 1.20533, -2.37193, 
-0.00122206, 0.061161, -0.00530629, -1.87683, 0.0184425, 1.20533, -2.37193, 
-0.00122206, 0.061161, -0.00530629, -1.87683, 0.0184425, 1.20533, -2.37193, 
-0.00122206, 0.061161, -0.00530629, -1.87683, 0.0184425, 1.20533, -2.37193, 
-0.00122206, 0.061161, -0.00530629, -1.87683, 0.0184425, 1.20533, -2.37193, 
-0.00122206, 0.061161, -0.00530629, -1.87683, 0.0184425, 1.20533, -2.37193, 
-0.00122206, 0.061161, -0.00530629, -1.87683, 0.0184425, 1.20533, -2.37193, 
-0.00122206, 0.061161, -0.00530629, -1.87683, 0.0184425, 1.20533, -2.37193, 
-0.00122206, 0.061161, -0.00530629, -1.87683, 0.0184425, 1.20533, -2.37193, 
-0.00122206, 0.061161, -0.00530629, -1.87683, 0.0184425, 1.20533, -2.37193, 
-0.00122206, 0.061161, -0.00530629, -1.87683, 0.0184425, 1.20533, -2.37193, 
-0.00122206, 0.061161, -0.00530629, -1.87683, 0.0184425, 1.20533, -2.37194, 
-0.00122206, 0.061161, -0.00530629, -1.87683, 0.0184425, 1.20533, -2.37194, 
-0.00122206, 0.061161, -0.00530629, -1.87683, 0.0184425, 1.20533, -2.37194, 
-0.00122206, 0.061161, -0.00530629, -1.87683, 0.0184425, 1.20533, -2.37194, 
-0.00122206, 0.061161, -0.00530629, -1.87683, 0.0184425, 1.20533, -2.37194, 
-0.00122206, 0.061161, -0.00530629, -1.87683, 0.0184425, 1.20533, -2.37194, 
-0.00122206, 0.061161, -0.00530629, -1.87683, 0.0184425, 1.20533, -2.37194, 
-0.00122206, 0.061161, -0.00530629, -1.87683, 0.0184425, 1.20533, -2.37194, 
-0.00122206, 0.061161, -0.00530629, -1.87683, 0.0184425, 1.20533, -2.37194, 
-0.00122206, 0.061161, -0.00530629, -1.87683, 0.0184425, 1.20533, -2.37194, 
-0.00122206, 0.061161, -0.00530629, -1.87683, 0.0184425, 1.20533, -2.37194, 
-0.00122206, 0.061161, -0.00530629, -1.87683, 0.0184425, 1.20533, -2.37194, 
-0.00122206, 0.061161, -0.00530629, -1.87683, 0.0184425, 1.20533, -2.37194, 
-0.00122206, 0.061161, -0.00530629, -1.87683, 0.0184425, 1.20533, -2.37194, 
-0.00122206, 0.061161, -0.00530629, -1.87683, 0.0184425, 1.20533, -2.37194, 
-0.00122206, 0.061161, -0.00530629, -1.87683, 0.0184425, 1.20533, -2.37194, 
-0.00122206, 0.061161, -0.00530629, -1.87683, 0.0184425, 1.20533, -2.37194, 
-0.00122206, 0.061161, -0.00530629, -1.87683, 0.0184425, 1.20533, -2.37194, 
-0.00122206, 0.061161, -0.00530629, -1.87683, 0.0184425, 1.20533, -2.37194, 
-0.00122206, 0.061161, -0.00530629, -1.87683, 0.0184425, 1.20533, -2.37194, 
-0.00122206, 0.061161, -0.00530629, -1.87683, 0.0184425, 1.20533, -2.37194, 
-0.00122206, 0.061161, -0.00530629, -1.87683, 0.0184425, 1.20533, -2.37194, 
-0.00122206, 0.061161, -0.00530629, -1.87683, 0.0184425, 1.20533, -2.37194, 
-0.00122206, 0.061161, -0.00530629, -1.87683, 0.0184425, 1.20533, -2.37194, 
-0.00122206, 0.061161, -0.00530629, -1.87683, 0.0184425, 1.20533, -2.37194, 
-0.00122206, 0.061161, -0.00530629, -1.87683, 0.0184425, 1.20533, -2.37194, 
-0.00122206, 0.061161, -0.00530629, -1.87683, 0.0184425, 1.20533, -2.37194, 
-0.00122206, 0.061161, -0.00530629, -1.87683, 0.0184425, 1.20533, -2.37194, 
-0.00122206, 0.061161, -0.00530629, -1.87683, 0.0184425, 1.20533, -2.37194, 
-0.00122206, 0.061161, -0.00530629, -1.87683, 0.0184425, 1.20533, -2.37194, 
-0.00122206, 0.061161, -0.00530629, -1.87683, 0.0184425, 1.20533, -2.37194, 
-0.00122206, 0.061161, -0.00530629, -1.87683, 0.0184425, 1.20533, -2.37194, 
-0.00122206, 0.061161, -0.00530629, -1.87683, 0.0184425, 1.20533, -2.37194, 
-0.00122206, 0.061161, -0.00530629, -1.87683, 0.0184425, 1.20533, -2.37194, 
-0.00122206, 0.061161, -0.00530629, -1.87683, 0.0184425, 1.20533, -2.37194, 
-0.00122206, 0.061161, -0.00530629, -1.87683, 0.0184425, 1.20533, -2.37194, 
-0.00122206, 0.061161, -0.00530629, -1.87683, 0.0184425, 1.20533, -2.37194, 
-0.00122206, 0.061161, -0.00530629, -1.87683, 0.0184425, 1.20533, -2.37194, 
-0.00122206, 0.061161, -0.00530629, -1.87683, 0.0184425, 1.20533, -2.37194, 
-0.00122206, 0.061161, -0.00530629, -1.87683, 0.0184425, 1.20533, -2.37194, 
-0.00122206, 0.061161, -0.00530629, -1.87683, 0.0184425, 1.20533, -2.37194, 
-0.00122206, 0.061161, -0.00530629, -1.87683, 0.0184425, 1.20533, -2.37194, 
-0.00122206, 0.061161, -0.00530629, -1.87683, 0.0184425, 1.20533, -2.37194, 
-0.00122206, 0.061161, -0.00530629, -1.87683, 0.0184425, 1.20533, -2.37194, 
-0.00122206, 0.061161, -0.00530629, -1.87683, 0.0184425, 1.20533, -2.37194, 
-0.00122206, 0.061161, -0.00530629, -1.87683, 0.0184425, 1.20533, -2.37194, 
-0.00122206, 0.061161, -0.00530629, -1.87683, 0.0184425, 1.20533, -2.37194, 
-0.00122206, 0.061161, -0.00530629, -1.87683, 0.0184425, 1.20533, -2.37194, 
-0.00122206, 0.061161, -0.00530629, -1.87683, 0.0184425, 1.20533, -2.37194, 
-0.00122206, 0.061161, -0.00530629, -1.87683, 0.0184425, 1.20533, -2.37194, 
-0.00122206, 0.061161, -0.00530629, -1.87683, 0.0184425, 1.20533, -2.37194, 
-0.00122206, 0.061161, -0.00530629, -1.87683, 0.0184425, 1.20533, -2.37194, 
-0.00122206, 0.061161, -0.00530629, -1.87683, 0.0184425, 1.20533, -2.37194, 
-0.00122206, 0.061161, -0.00530629, -1.87683, 0.0184425, 1.20533, -2.37194, 
-0.00122206, 0.061161, -0.00530629, -1.87683, 0.0184425, 1.20533, -2.37194, 
-0.00122206, 0.061161, -0.00530629, -1.87683, 0.0184425, 1.20533, -2.37194, 
-0.00122206, 0.061161, -0.00530629, -1.87683, 0.0184425, 1.20533, -2.37194, 
-0.00122206, 0.061161, -0.00530629, -1.87683, 0.0184425, 1.20533, -2.37194, 
-0.00122206, 0.061161, -0.00530629, -1.87683, 0.0184425, 1.20533, -2.37194, 
-0.00122206, 0.061161, -0.00530629, -1.87683, 0.0184425, 1.20533, -2.37194, 
-0.00122206, 0.061161, -0.00530629, -1.87683, 0.0184425, 1.20533, -2.37194, 
-0.00122206, 0.061161, -0.00530629, -1.87683, 0.0184425, 1.20533, -2.37194, 
-0.00122206, 0.061161, -0.00530629, -1.87683, 0.0184425, 1.20533, -2.37195, 
-0.00122206, 0.061161, -0.00530629, -1.87683, 0.0184425, 1.20533, -2.37195, 
-0.00122206, 0.061161, -0.00530629, -1.87683, 0.0184425, 1.20533, -2.37195, 
-0.00122206, 0.061161, -0.00530629, -1.87683, 0.0184425, 1.20533, -2.37195, 
-0.00122206, 0.061161, -0.00530629, -1.87683, 0.0184425, 1.20533, -2.37195, 
-0.00122206, 0.061161, -0.00530629, -1.87683, 0.0184425, 1.20533, -2.37195, 
-0.00122206, 0.061161, -0.00530629, -1.87683, 0.0184425, 1.20533, -2.37195, 
-0.00122206, 0.061161, -0.00530629, -1.87683, 0.0184425, 1.20533, -2.37195, 
-0.00122206, 0.061161, -0.00530629, -1.87683, 0.0184425, 1.20533, -2.37195, 
-0.00122206, 0.061161, -0.00530629, -1.87683, 0.0184425, 1.20533, -2.37195, 
-0.00122206, 0.061161, -0.00530629, -1.87683, 0.0184425, 1.20533, -2.37195, 
-0.00122206, 0.061161, -0.00530629, -1.87683, 0.0184425, 1.20533, -2.37195, 
-0.00122206, 0.061161, -0.00530629, -1.87683, 0.0184425, 1.20533, -2.37195, 
-0.00122206, 0.061161, -0.00530629, -1.87683, 0.0184425, 1.20533, -2.37195, 
-0.00122206, 0.061161, -0.00530629, -1.87683, 0.0184425, 1.20533, -2.37195, 
-0.00122206, 0.061161, -0.00530629, -1.87683, 0.0184425, 1.20533, -2.37195, 
-0.00122206, 0.061161, -0.00530629, -1.87683, 0.0184425, 1.20533, -2.37195, 
-0.00122206, 0.061161, -0.00530629, -1.87683, 0.0184425, 1.20533, -2.37196, 
-0.00122206, 0.061161, -0.00530629, -1.87683, 0.0184425, 1.20533, -2.37196, 
-0.00122206, 0.061161, -0.00530629, -1.87683, 0.0184425, 1.20533, -2.37196, 
-0.00122206, 0.061161, -0.00530629, -1.87683, 0.0184425, 1.20533, -2.37196, 
-0.00122206, 0.061161, -0.00530629, -1.87683, 0.0184425, 1.20533, -2.37196, 
-0.00122206, 0.061161, -0.00530629, -1.87683, 0.0184425, 1.20533, -2.37196, 
-0.00122206, 0.061161, -0.00530629, -1.87683, 0.0184425, 1.20533, -2.37196, 
-0.00122206, 0.061161, -0.00530629, -1.87683, 0.0184425, 1.20533, -2.37197, 
-0.00122206, 0.061161, -0.00530629, -1.87683, 0.0184425, 1.20533, -2.37197, 
-0.00122206, 0.061161, -0.00530629, -1.87683, 0.0184425, 1.20533, -2.37197, 
-0.00122206, 0.061161, -0.00530629, -1.87683, 0.0184425, 1.20533, -2.37197, 
-0.00122206, 0.061161, -0.00530629, -1.87683, 0.0184425, 1.20533, -2.37197, 
-0.00122206, 0.061161, -0.00530629, -1.87683, 0.0184425, 1.20533, -2.37197, 
-0.00122206, 0.061161, -0.00530629, -1.87683, 0.0184425, 1.20533, -2.37197, 
-0.00122206, 0.061161, -0.00530629, -1.87683, 0.0184425, 1.20533, -2.37198, 
-0.00122206, 0.061161, -0.00530629, -1.87683, 0.0184425, 1.20533, -2.37198, 
-0.00122206, 0.061161, -0.00530629, -1.87683, 0.0184425, 1.20533, -2.37198, 
-0.00122206, 0.061161, -0.00530629, -1.87683, 0.0184425, 1.20533, -2.37198, 
-0.00122206, 0.061161, -0.00530629, -1.87683, 0.0184425, 1.20533, -2.37198, 
-0.00122206, 0.061161, -0.00530629, -1.87683, 0.0184425, 1.20533, -2.37198, 
-0.00122206, 0.061161, -0.00530629, -1.87683, 0.0184425, 1.20533, -2.37199, 
-0.00122206, 0.061161, -0.00530629, -1.87683, 0.0184425, 1.20533, -2.37199, 
-0.00122206, 0.061161, -0.00530629, -1.87683, 0.0184425, 1.20533, -2.37199, 
-0.00122206, 0.061161, -0.00530629, -1.87683, 0.0184425, 1.20533, -2.37199, 
-0.00122206, 0.061161, -0.00530629, -1.87683, 0.0184425, 1.20533, -2.37199, 
-0.00122206, 0.061161, -0.00530629, -1.87683, 0.0184425, 1.20533, -2.37199, 
-0.00122206, 0.061161, -0.00530629, -1.87683, 0.0184425, 1.20533, -2.37199, 
-0.00122206, 0.061161, -0.00530629, -1.87683, 0.0184425, 1.20533, -2.372, 
-0.00122206, 0.061161, -0.00530629, -1.87683, 0.0184425, 1.20533, -2.372, 
-0.00122206, 0.061161, -0.00530629, -1.87683, 0.0184425, 1.20533, -2.372, 
-0.00122206, 0.061161, -0.00530629, -1.87683, 0.0184425, 1.20533, -2.372, 
-0.00122206, 0.061161, -0.00530629, -1.87683, 0.0184425, 1.20533, -2.372, 
-0.00122206, 0.061161, -0.00530629, -1.87683, 0.0184425, 1.20533, -2.372, 
-0.00122206, 0.061161, -0.00530629, -1.87683, 0.0184425, 1.20533, -2.372, 
-0.00122206, 0.061161, -0.00530629, -1.87683, 0.0184425, 1.20533, -2.372, 
-0.00122206, 0.061161, -0.00530629, -1.87683, 0.0184425, 1.20533, -2.372, 
-0.00122206, 0.061161, -0.00530629, -1.87683, 0.0184425, 1.20533, -2.372, 
-0.00122206, 0.061161, -0.00530629, -1.87683, 0.0184425, 1.20533, -2.37201, 
-0.00122206, 0.061161, -0.00530629, -1.87683, 0.0184425, 1.20533, -2.37201, 
-0.00122206, 0.061161, -0.00530629, -1.87683, 0.0184425, 1.20533, -2.37201, 
-0.00122206, 0.061161, -0.00530629, -1.87683, 0.0184425, 1.20533, -2.37201, 
-0.00122206, 0.061161, -0.00530629, -1.87683, 0.0184425, 1.20533, -2.37201, 
-0.00122206, 0.061161, -0.00530629, -1.87683, 0.0184425, 1.20533, -2.37201, 
-0.00122206, 0.061161, -0.00530629, -1.87683, 0.0184425, 1.20533, -2.37201, 
-0.00122206, 0.061161, -0.00530629, -1.87683, 0.0184425, 1.20533, -2.37201, 
-0.00122206, 0.061161, -0.00530629, -1.87683, 0.0184425, 1.20533, -2.37201, 
-0.00122206, 0.061161, -0.00530629, -1.87683, 0.0184425, 1.20533, -2.37202, 
-0.00122206, 0.061161, -0.00530629, -1.87683, 0.0184425, 1.20533, -2.37202, 
-0.00122206, 0.061161, -0.00530629, -1.87683, 0.0184425, 1.20533, -2.37202, 
-0.00122206, 0.061161, -0.00530629, -1.87683, 0.0184425, 1.20533, -2.37202, 
-0.00122206, 0.061161, -0.00530629, -1.87683, 0.0184425, 1.20533, -2.37202, 
-0.00122206, 0.061161, -0.00530629, -1.87683, 0.0184425, 1.20533, -2.37202, 
-0.00122206, 0.061161, -0.00530629, -1.87683, 0.0184425, 1.20533, -2.37202, 
-0.00122206, 0.061161, -0.00530629, -1.87683, 0.0184425, 1.20533, -2.37202, 
-0.00122206, 0.061161, -0.00530629, -1.87683, 0.0184425, 1.20533, -2.37203, 
-0.00122206, 0.061161, -0.00530629, -1.87683, 0.0184425, 1.20533, -2.37203, 
-0.00122206, 0.061161, -0.00530629, -1.87683, 0.0184425, 1.20533, -2.37203, 
-0.00122206, 0.061161, -0.00530629, -1.87683, 0.0184425, 1.20533, -2.37203, 
-0.00122206, 0.061161, -0.00530629, -1.87683, 0.0184425, 1.20533, -2.37203, 
-0.00122206, 0.061161, -0.00530629, -1.87683, 0.0184425, 1.20533, -2.37204, 
-0.00122206, 0.061161, -0.00530629, -1.87683, 0.0184425, 1.20533, -2.37204, 
-0.00122206, 0.061161, -0.00530629, -1.87683, 0.0184425, 1.20533, -2.37204, 
-0.00122206, 0.061161, -0.00530629, -1.87683, 0.0184425, 1.20533, -2.37204, 
-0.00122206, 0.061161, -0.00530629, -1.87683, 0.0184425, 1.20533, -2.37205, 
-0.00122206, 0.061161, -0.00530629, -1.87683, 0.0184425, 1.20533, -2.37205, 
-0.00122206, 0.061161, -0.00530629, -1.87683, 0.0184425, 1.20533, -2.37205, 
-0.00122206, 0.061161, -0.00530629, -1.87683, 0.0184425, 1.20533, -2.37205, 
-0.00122206, 0.061161, -0.00530629, -1.87683, 0.0184425, 1.20533, -2.37206, 
-0.00122206, 0.061161, -0.00530629, -1.87683, 0.0184425, 1.20533, -2.37206, 
-0.00122206, 0.061161, -0.00530629, -1.87683, 0.0184425, 1.20533, -2.37207, 
-0.00122206, 0.061161, -0.00530629, -1.87683, 0.0184425, 1.20533, -2.37207, 
-0.00122206, 0.061161, -0.00530629, -1.87683, 0.0184425, 1.20533, -2.37208, 
-0.00122206, 0.061161, -0.00530629, -1.87683, 0.0184425, 1.20533, -2.37209, 
-0.00122206, 0.061161, -0.00530629, -1.87683, 0.0184425, 1.20533, -2.3721, 
-0.00122206, 0.061161, -0.00530629, -1.87683, 0.0184425, 1.20533, -2.37211, 
-0.00122206, 0.061161, -0.00530629, -1.87683, 0.0184425, 1.20533, -2.37213, 
-0.00122206, 0.061161, -0.00530629, -1.87683, 0.0184425, 1.20533, -2.37218, 
-0.00122206, 0.061161, -0.00530629, -1.87683, 0.0184425, 1.20533, -2.37222, 
-0.00122206, 0.061161, -0.00530629, -1.87683, 0.0184425, 1.20533, -2.37223, 
-0.00122206, 0.061161, -0.00530629, -1.87683, 0.0184425, 1.20533, -2.37224, 
-0.00122206, 0.061161, -0.00530629, -1.87683, 0.0184425, 1.20533, -2.37225, 
-0.00122206, 0.061161, -0.00530629, -1.87683, 0.0184425, 1.20533, -2.37226, 
-0.00122206, 0.061161, -0.00530629, -1.87683, 0.0184425, 1.20533, -2.37227, 
-0.00122206, 0.061161, -0.00530629, -1.87683, 0.0184425, 1.20533, -2.37229, 
-0.00122206, 0.061161, -0.00530629, -1.87683, 0.0184425, 1.20533, -2.37231, 
-0.00122206, 0.061161, -0.00530629, -1.87683, 0.0184425, 1.20533, -2.37234, 
-0.00122206, 0.061161, -0.00530629, -1.87683, 0.0184425, 1.20533, -2.37236, 
-0.00122206, 0.061161, -0.00530629, -1.87683, 0.0184425, 1.20533, -2.37238, 
-0.00122206, 0.061161, -0.00530629, -1.87683, 0.0184425, 1.20533, -2.3724, 
-0.00122206, 0.061161, -0.00530629, -1.87683, 0.0184425, 1.20533, -2.37242, 
-0.00122206, 0.061161, -0.00530629, -1.87683, 0.0184425, 1.20533, -2.37243, 
-0.00122206, 0.061161, -0.00530629, -1.87683, 0.0184425, 1.20533, -2.37245, 
-0.00122206, 0.061161, -0.00530629, -1.87683, 0.0184425, 1.20533, -2.37247, 
-0.00122206, 0.061161, -0.00530629, -1.87683, 0.0184425, 1.20533, -2.37249, 
-0.00122206, 0.061161, -0.00530629, -1.87683, 0.0184425, 1.20533, -2.37252, 
-0.00122206, 0.061161, -0.00530629, -1.87683, 0.0184425, 1.20533, -2.37254, 
-0.00122206, 0.061161, -0.00530629, -1.87683, 0.0184425, 1.20533, -2.37255, 
-0.00122206, 0.061161, -0.00530629, -1.87683, 0.0184425, 1.20533, -2.37257, 
-0.00122206, 0.061161, -0.00530629, -1.87683, 0.0184425, 1.20533, -2.37258, 
-0.00122206, 0.061161, -0.00530629, -1.87683, 0.0184425, 1.20533, -2.3726, 
-0.00122206, 0.061161, -0.00530629, -1.87683, 0.0184425, 1.20533, -2.37261, 
-0.00122206, 0.061161, -0.00530629, -1.87683, 0.0184425, 1.20533, -2.37263, 
-0.00122206, 0.061161, -0.00530629, -1.87683, 0.0184425, 1.20533, -2.37265, 
-0.00122206, 0.061161, -0.00530629, -1.87683, 0.0184425, 1.20533, -2.37267, 
-0.00122206, 0.061161, -0.00530629, -1.87683, 0.0184425, 1.20533, -2.37268, 
-0.00122206, 0.061161, -0.00530629, -1.87683, 0.0184425, 1.20533, -2.37269, 
-0.00122206, 0.061161, -0.00530629, -1.87683, 0.0184425, 1.20533, -2.3727, 
-0.00122206, 0.061161, -0.00530629, -1.87683, 0.0184425, 1.20533, -2.37271, 
-0.00122206, 0.061161, -0.00530629, -1.87683, 0.0184425, 1.20533, -2.37272, 
-0.00122206, 0.061161, -0.00530629, -1.87683, 0.0184425, 1.20533, -2.37273, 
-0.00122206, 0.061161, -0.00530629, -1.87683, 0.0184425, 1.20533, -2.37274, 
-0.00122206, 0.061161, -0.00530629, -1.87683, 0.0184425, 1.20533, -2.37275, 
-0.00122206, 0.061161, -0.00530629, -1.87683, 0.0184425, 1.20533, -2.37275, 
-0.00122206, 0.061161, -0.00530629, -1.87683, 0.0184425, 1.20533, -2.37276, 
-0.00122206, 0.061161, -0.00530629, -1.87683, 0.0184425, 1.20533, -2.37276, 
-0.00122206, 0.061161, -0.00530629, -1.87683, 0.0184425, 1.20533, -2.37277, 
-0.00122206, 0.061161, -0.00530629, -1.87683, 0.0184425, 1.20533, -2.37277, 
-0.00122206, 0.061161, -0.00530629, -1.87683, 0.0184425, 1.20533, -2.37277, 
-0.00122206, 0.061161, -0.00530629, -1.87683, 0.0184425, 1.20533, -2.37278, 
-0.00122206, 0.061161, -0.00530629, -1.87683, 0.0184425, 1.20533, -2.37278, 
-0.00122206, 0.061161, -0.00530629, -1.87683, 0.0184425, 1.20533, -2.37279, 
-0.00122206, 0.061161, -0.00530629, -1.87683, 0.0184425, 1.20533, -2.37279, 
-0.00122206, 0.061161, -0.00530629, -1.87683, 0.0184425, 1.20533, -2.3728, 
-0.00122206, 0.061161, -0.00530629, -1.87683, 0.0184425, 1.20533, -2.3728, 
-0.00122206, 0.061161, -0.00530629, -1.87683, 0.0184425, 1.20533, -2.37281, 
-0.00122206, 0.061161, -0.00530629, -1.87683, 0.0184425, 1.20533, -2.37281, 
-0.00122206, 0.061161, -0.00530629, -1.87683, 0.0184425, 1.20533, -2.37281, 
-0.00122206, 0.061161, -0.00530629, -1.87683, 0.0184425, 1.20533, -2.37281, 
-0.00122206, 0.061161, -0.00530629, -1.87683, 0.0184425, 1.20533, -2.37282, 
-0.00122206, 0.061161, -0.00530629, -1.87683, 0.0184425, 1.20533, -2.37282, 
-0.00122206, 0.061161, -0.00530629, -1.87683, 0.0184425, 1.20533, -2.37282, 
-0.00122206, 0.061161, -0.00530629, -1.87683, 0.0184425, 1.20533, -2.37282, 
-0.00122206, 0.061161, -0.00530629, -1.87683, 0.0184425, 1.20533, -2.37283, 
-0.00122206, 0.061161, -0.00530629, -1.87683, 0.0184425, 1.20533, -2.37283, 
-0.00122206, 0.061161, -0.00530629, -1.87683, 0.0184425, 1.20533, -2.37283, 
-0.00122206, 0.061161, -0.00530629, -1.87683, 0.0184425, 1.20533, -2.37283, 
-0.00122206, 0.061161, -0.00530629, -1.87683, 0.0184425, 1.20533, -2.37283, 
-0.00122206, 0.061161, -0.00530629, -1.87683, 0.0184425, 1.20533, -2.37284, 
-0.00122206, 0.061161, -0.00530629, -1.87683, 0.0184425, 1.20533, -2.37284, 
-0.00122206, 0.061161, -0.00530629, -1.87683, 0.0184425, 1.20533, -2.37284, 
-0.00122206, 0.061161, -0.00530629, -1.87683, 0.0184425, 1.20533, -2.37284, 
-0.00122206, 0.061161, -0.00530629, -1.87683, 0.0184425, 1.20533, -2.37285, 
-0.00122206, 0.061161, -0.00530629, -1.87683, 0.0184425, 1.20533, -2.37285, 
-0.00122206, 0.061161, -0.00530629, -1.87683, 0.0184425, 1.20533, -2.37285, 
-0.00122206, 0.061161, -0.00530629, -1.87683, 0.0184425, 1.20533, -2.37286, 
-0.00122206, 0.061161, -0.00530629, -1.87683, 0.0184425, 1.20533, -2.37286, 
-0.00122206, 0.061161, -0.00530629, -1.87683, 0.0184425, 1.20533, -2.37286, 
-0.00122206, 0.061161, -0.00530629, -1.87683, 0.0184425, 1.20533, -2.37287, 
-0.00122206, 0.061161, -0.00530629, -1.87683, 0.0184425, 1.20533, -2.37287, 
-0.00122206, 0.061161, -0.00530629, -1.87683, 0.0184425, 1.20533, -2.37288, 
-0.00122206, 0.061161, -0.00530629, -1.87683, 0.0184425, 1.20533, -2.37288, 
-0.00122206, 0.061161, -0.00530629, -1.87683, 0.0184425, 1.20533, -2.37289, 
-0.00122206, 0.061161, -0.00530629, -1.87683, 0.0184425, 1.20533, -2.37289, 
-0.00122206, 0.061161, -0.00530629, -1.87683, 0.0184425, 1.20533, -2.3729, 
-0.00122206, 0.061161, -0.00530629, -1.87683, 0.0184425, 1.20533, -2.3729, 
-0.00122206, 0.061161, -0.00530629, -1.87683, 0.0184425, 1.20533, -2.3729, 
-0.00122206, 0.061161, -0.00530629, -1.87683, 0.0184425, 1.20533, -2.37291, 
-0.00122206, 0.061161, -0.00530629, -1.87683, 0.0184425, 1.20533, -2.37291, 
-0.00122206, 0.061161, -0.00530629, -1.87683, 0.0184425, 1.20533, -2.37291, 
-0.00122206, 0.061161, -0.00530629, -1.87683, 0.0184425, 1.20533, -2.37291, 
-0.00122206, 0.061161, -0.00530629, -1.87683, 0.0184425, 1.20533, -2.37292, 
-0.00122206, 0.061161, -0.00530629, -1.87683, 0.0184425, 1.20533, -2.37292, 
-0.00122206, 0.061161, -0.00530629, -1.87683, 0.0184425, 1.20533, -2.37292, 
-0.00122206, 0.061161, -0.00530629, -1.87683, 0.0184425, 1.20533, -2.37292, 
-0.00122206, 0.061161, -0.00530629, -1.87683, 0.0184425, 1.20533, -2.37293, 
-0.00122206, 0.061161, -0.00530629, -1.87683, 0.0184425, 1.20533, -2.37293, 
-0.00122206, 0.061161, -0.00530629, -1.87683, 0.0184425, 1.20533, -2.37293, 
-0.00122206, 0.061161, -0.00530629, -1.87683, 0.0184425, 1.20533, -2.37293, 
-0.00122206, 0.061161, -0.00530629, -1.87683, 0.0184425, 1.20533, -2.37293, 
-0.00122206, 0.061161, -0.00530629, -1.87683, 0.0184425, 1.20533, -2.37293, 
-0.00122206, 0.061161, -0.00530629, -1.87683, 0.0184425, 1.20533, -2.37294, 
-0.00122206, 0.061161, -0.00530629, -1.87683, 0.0184425, 1.20533, -2.37294, 
-0.00122206, 0.061161, -0.00530629, -1.87683, 0.0184425, 1.20533, -2.37294, 
-0.00122206, 0.061161, -0.00530629, -1.87683, 0.0184425, 1.20533, -2.37294, 
-0.00122206, 0.061161, -0.00530629, -1.87683, 0.0184425, 1.20533, -2.37294, 
-0.00122206, 0.061161, -0.00530629, -1.87683, 0.0184425, 1.20533, -2.37294, 
-0.00122206, 0.061161, -0.00530629, -1.87683, 0.0184425, 1.20533, -2.37294, 
-0.00122206, 0.061161, -0.00530629, -1.87683, 0.0184425, 1.20533, -2.37294, 
-0.00122206, 0.061161, -0.00530629, -1.87683, 0.0184425, 1.20533, -2.37295, 
-0.00122206, 0.061161, -0.00530629, -1.87683, 0.0184425, 1.20533, -2.37295, 
-0.00122206, 0.061161, -0.00530629, -1.87683, 0.0184425, 1.20533, -2.37295, 
-0.00122206, 0.061161, -0.00530629, -1.87683, 0.0184425, 1.20533, -2.37295, 
-0.00122206, 0.061161, -0.00530629, -1.87683, 0.0184425, 1.20533, -2.37295, 
-0.00122206, 0.061161, -0.00530629, -1.87683, 0.0184425, 1.20533, -2.37295, 
-0.00122206, 0.061161, -0.00530629, -1.87683, 0.0184425, 1.20533, -2.37295, 
-0.00122206, 0.061161, -0.00530629, -1.87683, 0.0184425, 1.20533, -2.37295, 
-0.00122206, 0.061161, -0.00530629, -1.87683, 0.0184425, 1.20533, -2.37295, 
-0.00122206, 0.061161, -0.00530629, -1.87683, 0.0184425, 1.20533, -2.37295, 
-0.00122206, 0.061161, -0.00530629, -1.87683, 0.0184425, 1.20533, -2.37295, 
-0.00122206, 0.061161, -0.00530629, -1.87683, 0.0184425, 1.20533, -2.37295, 
-0.00122206, 0.061161, -0.00530629, -1.87683, 0.0184425, 1.20533, -2.37295, 
-0.00122206, 0.061161, -0.00530629, -1.87683, 0.0184425, 1.20533, -2.37295, 
-0.00122206, 0.061161, -0.00530629, -1.87683, 0.0184425, 1.20533, -2.37295, 
-0.00122206, 0.061161, -0.00530629, -1.87683, 0.0184425, 1.20533, -2.37295, 
-0.00122206, 0.061161, -0.00530629, -1.87683, 0.0184425, 1.20533, -2.37295, 
-0.00122206, 0.061161, -0.00530629, -1.87683, 0.0184425, 1.20533, -2.37295, 
-0.00122206, 0.061161, -0.00530629, -1.87683, 0.0184425, 1.20533, -2.37295, 
-0.00122206, 0.061161, -0.00530629, -1.87683, 0.0184425, 1.20533, -2.37296, 
-0.00122206, 0.061161, -0.00530629, -1.87683, 0.0184425, 1.20533, -2.37296, 
-0.00122206, 0.061161, -0.00530629, -1.87683, 0.0184425, 1.20533, -2.37296, 
-0.00122206, 0.061161, -0.00530629, -1.87683, 0.0184425, 1.20533, -2.37296, 
-0.00122206, 0.061161, -0.00530629, -1.87683, 0.0184425, 1.20533, -2.37296, 
-0.00122206, 0.061161, -0.00530629, -1.87683, 0.0184425, 1.20533, -2.37296, 
-0.00122206, 0.061161, -0.00530629, -1.87683, 0.0184425, 1.20533, -2.37296, 
-0.00122206, 0.061161, -0.00530629, -1.87683, 0.0184425, 1.20533, -2.37296, 
-0.00122206, 0.061161, -0.00530629, -1.87683, 0.0184425, 1.20533, -2.37296, 
-0.00122206, 0.061161, -0.00530629, -1.87683, 0.0184425, 1.20533, -2.37296, 
-0.00122206, 0.061161, -0.00530629, -1.87683, 0.0184425, 1.20533, -2.37296, 
-0.00122206, 0.061161, -0.00530629, -1.87683, 0.0184425, 1.20533, -2.37296, 
-0.00122206, 0.061161, -0.00530629, -1.87683, 0.0184425, 1.20533, -2.37296, 
-0.00122206, 0.061161, -0.00530629, -1.87683, 0.0184425, 1.20533, -2.37296, 
-0.00122206, 0.061161, -0.00530629, -1.87683, 0.0184425, 1.20533, -2.37296, 
-0.00122206, 0.061161, -0.00530629, -1.87683, 0.0184425, 1.20533, -2.37296, 
-0.00122206, 0.061161, -0.00530629, -1.87683, 0.0184425, 1.20533, -2.37296, 
-0.00122206, 0.061161, -0.00530629, -1.87683, 0.0184425, 1.20533, -2.37296, 
-0.00122206, 0.061161, -0.00530629, -1.87683, 0.0184425, 1.20533, -2.37296, 
-0.00122206, 0.061161, -0.00530629, -1.87683, 0.0184425, 1.20533, -2.37296, 
-0.00122206, 0.061161, -0.00530629, -1.87683, 0.0184425, 1.20533, -2.37296, 
-0.00122206, 0.061161, -0.00530629, -1.87683, 0.0184425, 1.20533, -2.37296, 
-0.00122206, 0.061161, -0.00530629, -1.87683, 0.0184425, 1.20533, -2.37296, 
-0.00122206, 0.061161, -0.00530629, -1.87683, 0.0184425, 1.20533, -2.37297, 
-0.00122206, 0.061161, -0.00530629, -1.87683, 0.0184425, 1.20533, -2.37297, 
-0.00122206, 0.061161, -0.00530629, -1.87683, 0.0184425, 1.20533, -2.37297, 
-0.00122206, 0.061161, -0.00530629, -1.87683, 0.0184425, 1.20533, -2.37297, 
-0.00122206, 0.061161, -0.00530629, -1.87683, 0.0184425, 1.20533, -2.37297, 
-0.00122206, 0.061161, -0.00530629, -1.87683, 0.0184425, 1.20533, -2.37297, 
-0.00122206, 0.061161, -0.00530629, -1.87683, 0.0184425, 1.20533, -2.37297, 
-0.00122206, 0.061161, -0.00530629, -1.87683, 0.0184425, 1.20533, -2.37297, 
-0.00122206, 0.061161, -0.00530629, -1.87683, 0.0184425, 1.20533, -2.37297, 
-0.00122206, 0.061161, -0.00530629, -1.87683, 0.0184425, 1.20533, -2.37297, 
-0.00122206, 0.061161, -0.00530629, -1.87683, 0.0184425, 1.20533, -2.37297, 
-0.00122206, 0.061161, -0.00530629, -1.87683, 0.0184425, 1.20533, -2.37297, 
-0.00122206, 0.061161, -0.00530629, -1.87683, 0.0184425, 1.20533, -2.37297, 
-0.00122206, 0.061161, -0.00530629, -1.87683, 0.0184425, 1.20533, -2.37297, 
-0.00122079, 0.061161, -0.00530629, -1.87683, 0.0184425, 1.20533, -2.37297, 
-0.00122206, 0.061161, -0.00530629, -1.87683, 0.0184425, 1.20533, -2.37297, 
-0.00122206, 0.061161, -0.00530629, -1.87683, 0.0184425, 1.20533, -2.37297, 
-0.00122206, 0.061161, -0.00530629, -1.87683, 0.0184425, 1.20533, -2.37297, 
-0.00122206, 0.061161, -0.00530629, -1.87683, 0.0184425, 1.20533, -2.37297, 
-0.00122206, 0.061161, -0.00530629, -1.87683, 0.0184425, 1.20533, -2.37298, 
-0.00122206, 0.061161, -0.00530629, -1.87683, 0.0184425, 1.20533, -2.37298, 
-0.00122206, 0.061161, -0.00530629, -1.87683, 0.0184425, 1.20533, -2.37298, 
-0.00122206, 0.061161, -0.00530629, -1.87683, 0.0184425, 1.20533, -2.37298, 
-0.00122206, 0.061161, -0.00530629, -1.87683, 0.0184425, 1.20533, -2.37298, 
-0.00122206, 0.061161, -0.00530629, -1.87683, 0.0184425, 1.20533, -2.37298, 
-0.00122206, 0.061161, -0.00530629, -1.87683, 0.0184425, 1.20533, -2.37298, 
-0.00122206, 0.061161, -0.00530629, -1.87683, 0.0184425, 1.20533, -2.37298, 
-0.00122206, 0.061161, -0.00530629, -1.87683, 0.0184425, 1.20533, -2.37298, 
-0.00122079, 0.061161, -0.00530629, -1.87683, 0.0184425, 1.20533, -2.37298, 
-0.00122206, 0.061161, -0.00530629, -1.87683, 0.0184425, 1.20533, -2.37298, 
-0.00122079, 0.061161, -0.00530629, -1.87683, 0.0184425, 1.20533, -2.37298, 
-0.00122079, 0.061161, -0.00530629, -1.87683, 0.0184425, 1.20533, -2.37298, 
-0.00122079, 0.061161, -0.00530629, -1.87683, 0.0184425, 1.20533, -2.37298, 
-0.00122079, 0.061161, -0.00530629, -1.87683, 0.0184425, 1.20533, -2.37298, 
-0.00122079, 0.061161, -0.00530629, -1.87683, 0.0184425, 1.20533, -2.37298, 
-0.00122079, 0.061161, -0.00530629, -1.87683, 0.0184425, 1.20533, -2.37298, 
-0.00122079, 0.061161, -0.00530629, -1.87683, 0.0184425, 1.20533, -2.37298, 
-0.00122079, 0.061161, -0.00530629, -1.87683, 0.0184425, 1.20533, -2.37298, 
-0.00122079, 0.061161, -0.00530629, -1.87683, 0.0184425, 1.20533, -2.37298, 
-0.00122079, 0.061161, -0.00530629, -1.87683, 0.0184425, 1.20533, -2.37298, 
-0.00122079, 0.061161, -0.00530629, -1.87683, 0.0184425, 1.20533, -2.37298, 
-0.00122079, 0.061161, -0.00530629, -1.87683, 0.0184425, 1.20533, -2.37299, 
-0.00122079, 0.061161, -0.00530629, -1.87683, 0.0184425, 1.20533, -2.37299, 
-0.00122079, 0.061161, -0.00530629, -1.87683, 0.0184425, 1.20533, -2.37299, 
-0.00122079, 0.061161, -0.00530629, -1.87683, 0.0184425, 1.20533, -2.37299, 
-0.00122079, 0.061161, -0.00530629, -1.87683, 0.0184425, 1.20533, -2.37299, 
-0.00122079, 0.061161, -0.00530629, -1.87683, 0.0184425, 1.20533, -2.37299, 
-0.00122079, 0.061161, -0.00530629, -1.87683, 0.0184425, 1.20533, -2.37299, 
-0.00122079, 0.061161, -0.00530629, -1.87683, 0.0184425, 1.20533, -2.37299, 
-0.00122079, 0.061161, -0.00530629, -1.87683, 0.0184425, 1.20533, -2.37299, 
-0.00122079, 0.061161, -0.00530629, -1.87683, 0.0184425, 1.20533, -2.37299, 
-0.00122079, 0.061161, -0.00530629, -1.87683, 0.0184425, 1.20533, -2.37299, 
-0.00122079, 0.061161, -0.00530629, -1.87683, 0.0184425, 1.20533, -2.37299, 
-0.00122079, 0.061161, -0.00530629, -1.87683, 0.0184425, 1.20533, -2.37299, 
-0.00122079, 0.061161, -0.00530629, -1.87683, 0.0184425, 1.20533, -2.37299, 
-0.00122079, 0.061161, -0.00530629, -1.87683, 0.0184425, 1.20533, -2.37299, 
-0.00122079, 0.061161, -0.00530629, -1.87683, 0.0184425, 1.20533, -2.37299, 
-0.00122079, 0.061161, -0.00530629, -1.87683, 0.0184425, 1.20533, -2.37299, 
-0.00122079, 0.061161, -0.00530629, -1.87683, 0.0184425, 1.20533, -2.37299, 
-0.00122079, 0.061161, -0.00530629, -1.87683, 0.0184425, 1.20533, -2.37299, 
-0.00122079, 0.061161, -0.00530629, -1.87683, 0.0184425, 1.20533, -2.37299, 
-0.00122079, 0.061161, -0.00530629, -1.87683, 0.0184425, 1.20533, -2.37299, 
-0.00122079, 0.061161, -0.00530629, -1.87683, 0.0184425, 1.20533, -2.37299, 
-0.00122079, 0.061161, -0.00530629, -1.87683, 0.0184425, 1.20533, -2.37299, 
-0.00122079, 0.061161, -0.00530629, -1.87683, 0.0184425, 1.20533, -2.37299, 
-0.00122079, 0.061161, -0.00530629, -1.87683, 0.0184425, 1.20533, -2.37299, 
-0.00122079, 0.061161, -0.00530629, -1.87683, 0.0184425, 1.20533, -2.37299, 
-0.00122079, 0.061161, -0.00530629, -1.87683, 0.0184425, 1.20533, -2.37299, 
-0.00122079, 0.061161, -0.00530629, -1.87683, 0.0184425, 1.20533, -2.37299, 
-0.00122079, 0.061161, -0.00530629, -1.87683, 0.0184425, 1.20533, -2.37299, 
-0.00122079, 0.061161, -0.00530629, -1.87683, 0.0184425, 1.20533, -2.37299, 
-0.00122079, 0.061161, -0.00530629, -1.87683, 0.0184425, 1.20533, -2.37299, 
-0.00122079, 0.061161, -0.00530629, -1.87683, 0.0184425, 1.20533, -2.37299, 
-0.00122079, 0.061161, -0.00530629, -1.87683, 0.0184425, 1.20533, -2.37299, 
-0.00122079, 0.061161, -0.00530629, -1.87683, 0.0184425, 1.20533, -2.37299, 
-0.00122079, 0.061161, -0.00530629, -1.87683, 0.0184425, 1.20533, -2.37299, 
-0.00122079, 0.061161, -0.00530629, -1.87683, 0.0184425, 1.20533, -2.373, 
-0.00122079, 0.061161, -0.00530629, -1.87683, 0.0184425, 1.20533, -2.373, 
-0.00122079, 0.061161, -0.00530629, -1.87683, 0.0184425, 1.20533, -2.373, 
-0.00122079, 0.061161, -0.00530629, -1.87683, 0.0184425, 1.20533, -2.373, 
-0.00122079, 0.061161, -0.00530629, -1.87683, 0.0184425, 1.20533, -2.373, 
-0.00122079, 0.061161, -0.00530629, -1.87683, 0.0184425, 1.20533, -2.373, 
-0.00122079, 0.061161, -0.00530629, -1.87683, 0.0184425, 1.20533, -2.373, 
-0.00122079, 0.061161, -0.00530629, -1.87683, 0.0184425, 1.20533, -2.373, 
-0.00122079, 0.061161, -0.00530629, -1.87683, 0.0184425, 1.20533, -2.373, 
-0.00122079, 0.061161, -0.00530629, -1.87683, 0.0184425, 1.20533, -2.373, 
-0.00122079, 0.061161, -0.00530629, -1.87683, 0.0184425, 1.20533, -2.373, 
-0.00122079, 0.061161, -0.00530629, -1.87683, 0.0184425, 1.20533, -2.373, 
-0.00122079, 0.061161, -0.00530629, -1.87683, 0.0184425, 1.20533, -2.373, 
-0.00122079, 0.061161, -0.00530629, -1.87683, 0.0184425, 1.20533, -2.373, 
-0.00122079, 0.061161, -0.00530629, -1.87683, 0.0184425, 1.20533, -2.373, 
-0.00122079, 0.061161, -0.00530629, -1.87683, 0.0184425, 1.20533, -2.373, 
-0.00122079, 0.061161, -0.00530629, -1.87683, 0.0184425, 1.20533, -2.373, 
-0.00122079, 0.061161, -0.00530629, -1.87683, 0.0184425, 1.20533, -2.373, 
-0.00122079, 0.061161, -0.00530629, -1.87683, 0.0184425, 1.20533, -2.373, 
-0.00122079, 0.061161, -0.00530629, -1.87683, 0.0184425, 1.20533, -2.373, 
-0.00122079, 0.061161, -0.00530629, -1.87683, 0.0184425, 1.20533, -2.373, 
-0.00122079, 0.061161, -0.00530629, -1.87683, 0.0184425, 1.20533, -2.373, 
-0.00122079, 0.061161, -0.00530629, -1.87683, 0.0184425, 1.20533, -2.373, 
-0.00122079, 0.061161, -0.00530629, -1.87683, 0.0184425, 1.20533, -2.373, 
-0.00122079, 0.061161, -0.00530629, -1.87683, 0.0184425, 1.20533, -2.373, 
-0.00122079, 0.061161, -0.00530629, -1.87683, 0.0184425, 1.20533, -2.373, 
-0.00122079, 0.061161, -0.00530629, -1.87683, 0.0184425, 1.20533, -2.373, 
-0.00122079, 0.061161, -0.00530629, -1.87683, 0.0184425, 1.20533, -2.373, 
-0.00122079, 0.061161, -0.00530629, -1.87683, 0.0184425, 1.20533, -2.373, 
-0.00122079, 0.061161, -0.00530629, -1.87683, 0.0184425, 1.20533, -2.373, 
-0.00122079, 0.061161, -0.00530629, -1.87683, 0.0184425, 1.20533, -2.373, 
-0.00122079, 0.061161, -0.00530629, -1.87683, 0.0184425, 1.20533, -2.373, 
-0.00122079, 0.061161, -0.00530629, -1.87683, 0.0184425, 1.20533, -2.373, 
-0.00122079, 0.061161, -0.00530629, -1.87683, 0.0184425, 1.20533, -2.373, 
-0.00122079, 0.061161, -0.00530629, -1.87683, 0.0184425, 1.20533, -2.373, 
-0.00122079, 0.061161, -0.00530629, -1.87683, 0.0184425, 1.20533, -2.373, 
-0.00122079, 0.061161, -0.00530629, -1.87683, 0.0184425, 1.20533, -2.373, 
-0.00122079, 0.061161, -0.00530629, -1.87683, 0.0184425, 1.20533, -2.373, 
-0.00122079, 0.061161, -0.00530629, -1.87683, 0.0184425, 1.20533, -2.373, 
-0.00122079, 0.061161, -0.00530629, -1.87683, 0.0184425, 1.20533, -2.373, 
-0.00122079, 0.061161, -0.00530629, -1.87683, 0.0184425, 1.20533, -2.373, 
-0.00122079, 0.061161, -0.00530629, -1.87683, 0.0184425, 1.20533, -2.373, 
-0.00122079, 0.061161, -0.00530629, -1.87683, 0.0184425, 1.20533, -2.373, 
-0.00122079, 0.061161, -0.00530629, -1.87683, 0.0184425, 1.20533, -2.373, 
-0.00122079, 0.061161, -0.00530629, -1.87683, 0.0184425, 1.20533, -2.373, 
-0.00122079, 0.061161, -0.00530629, -1.87683, 0.0184425, 1.20533, -2.373, 
-0.00122079, 0.061161, -0.00530629, -1.87683, 0.0184425, 1.20533, -2.373, 
-0.00122079, 0.061161, -0.00530629, -1.87683, 0.0184425, 1.20533, -2.373, 
-0.00122079, 0.061161, -0.00530629, -1.87683, 0.0184425, 1.20533, -2.373, 
-0.00122079, 0.061161, -0.00530629, -1.87683, 0.0184425, 1.20533, -2.373, 
-0.00122079, 0.061161, -0.00530629, -1.87683, 0.0184425, 1.20533, -2.373, 
-0.00122079, 0.061161, -0.00530629, -1.87683, 0.0184425, 1.20533, -2.373, 
-0.00122079, 0.061161, -0.00530629, -1.87683, 0.0184425, 1.20533, -2.373, 
-0.00122079, 0.061161, -0.00530629, -1.87683, 0.0184425, 1.20533, -2.373, 
-0.00122079, 0.061161, -0.00530629, -1.87683, 0.0184425, 1.20533, -2.373, 
-0.00122079, 0.061161, -0.00530629, -1.87683, 0.0184425, 1.20533, -2.373, 
-0.00122079, 0.061161, -0.00530629, -1.87683, 0.0184425, 1.20533, -2.373, 
-0.00122079, 0.061161, -0.00530629, -1.87683, 0.0184425, 1.20533, -2.373, 
-0.00122079, 0.061161, -0.00530629, -1.87683, 0.0184425, 1.20533, -2.373, 
-0.00122079, 0.061161, -0.00530629, -1.87683, 0.0184425, 1.20533, -2.373, 
-0.00122079, 0.061161, -0.00530629, -1.87683, 0.0184425, 1.20533, -2.373, 
-0.00122079, 0.061161, -0.00530629, -1.87683, 0.0184425, 1.20533, -2.373, 
-0.00122079, 0.061161, -0.00530629, -1.87683, 0.0184425, 1.20533, -2.373, 
-0.00122079, 0.061161, -0.00530629, -1.87683, 0.0184425, 1.20533, -2.373, 
-0.00122079, 0.061161, -0.00530629, -1.87683, 0.0184425, 1.20533, -2.373, 
-0.00122079, 0.061161, -0.00530629, -1.87683, 0.0184425, 1.20533, -2.373, 
-0.00122079, 0.061161, -0.00530629, -1.87683, 0.0184425, 1.20533, -2.373, 
-0.00122079, 0.061161, -0.00530629, -1.87683, 0.0184425, 1.20533, -2.373, 
-0.00122079, 0.061161, -0.00530629, -1.87683, 0.0184425, 1.20533, -2.373, 
-0.00122079, 0.061161, -0.00530629, -1.87683, 0.0184425, 1.20533, -2.373, 
-0.00122079, 0.061161, -0.00530629, -1.87683, 0.0184425, 1.20533, -2.373, 
-0.00122079, 0.061161, -0.00530629, -1.87683, 0.0184425, 1.20533, -2.373, 
-0.00122079, 0.061161, -0.00530629, -1.87683, 0.0184425, 1.20533, -2.373, 
-0.00122079, 0.061161, -0.00530629, -1.87683, 0.0184425, 1.20533, -2.373, 
-0.00122079, 0.061161, -0.00530629, -1.87683, 0.0184425, 1.20533, -2.373, 
-0.00122079, 0.061161, -0.00530629, -1.87683, 0.0184425, 1.20533, -2.373, 
-0.00122079, 0.061161, -0.00530629, -1.87683, 0.0184425, 1.20533, -2.373, 
-0.00122079, 0.061161, -0.00530629, -1.87683, 0.0184425, 1.20533, -2.373, 
-0.00122079, 0.061161, -0.00530629, -1.87683, 0.0184425, 1.20533, -2.373, 
-0.00122079, 0.061161, -0.00530629, -1.87683, 0.0184425, 1.20533, -2.373, 
-0.00122079, 0.061161, -0.00530629, -1.87683, 0.0184425, 1.20533, -2.373, 
-0.00122079, 0.061161, -0.00530629, -1.87683, 0.0184425, 1.20533, -2.373, 
-0.00122079, 0.061161, -0.00530629, -1.87683, 0.0184425, 1.20533, -2.373, 
-0.00122079, 0.061161, -0.00530629, -1.87683, 0.0184425, 1.20533, -2.373, 
-0.00122079, 0.061161, -0.00530629, -1.87683, 0.0184425, 1.20533, -2.373, 
-0.00122079, 0.061161, -0.00530629, -1.87683, 0.0184425, 1.20533, -2.373, 
-0.00122079, 0.061161, -0.00530629, -1.87683, 0.0184425, 1.20533, -2.373, 
-0.00122079, 0.061161, -0.00530629, -1.87683, 0.0184425, 1.20533, -2.373, 
-0.00122079, 0.061161, -0.00530629, -1.87683, 0.0184425, 1.20533, -2.373, 
-0.00122079, 0.061161, -0.00530629, -1.87683, 0.0184425, 1.20533, -2.373, 
-0.00122079, 0.061161, -0.00530629, -1.87683, 0.0184425, 1.20533, -2.373, 
-0.00122079, 0.061161, -0.00530629, -1.87683, 0.0184425, 1.20533, -2.373, 
-0.00122079, 0.061161, -0.00530629, -1.87683, 0.0184425, 1.20533, -2.373, 
-0.00122079, 0.061161, -0.00530629, -1.87683, 0.0184425, 1.20533, -2.373, 
-0.00122079, 0.061161, -0.00530629, -1.87683, 0.0184425, 1.20533, -2.37301, 
-0.00122079, 0.061161, -0.00530629, -1.87683, 0.0184425, 1.20533, -2.373, 
-0.00122079, 0.061161, -0.00530629, -1.87683, 0.0184425, 1.20533, -2.37301, 
-0.00122079, 0.061161, -0.00530629, -1.87683, 0.0184425, 1.20533, -2.373, 
-0.00122079, 0.061161, -0.00530629, -1.87683, 0.0184425, 1.20533, -2.373, 
-0.00122079, 0.061161, -0.00530629, -1.87683, 0.0184425, 1.20533, -2.37301, 
-0.00122079, 0.061161, -0.00530629, -1.87683, 0.0184425, 1.20533, -2.37301, 
-0.00122079, 0.061161, -0.00530629, -1.87683, 0.0184425, 1.20533, -2.37301, 
-0.00122079, 0.061161, -0.00530629, -1.87683, 0.0184425, 1.20533, -2.37301, 
-0.00122079, 0.061161, -0.00530629, -1.87683, 0.0184425, 1.20533, -2.37301, 
-0.00122079, 0.061161, -0.00530629, -1.87683, 0.0184425, 1.20533, -2.37301, 
-0.00122079, 0.061161, -0.00530629, -1.87683, 0.0184425, 1.20533, -2.37301, 
-0.00122079, 0.061161, -0.00530629, -1.87683, 0.0184425, 1.20533, -2.37301, 
-0.00122079, 0.061161, -0.00530629, -1.87683, 0.0184425, 1.20533, -2.37301, 
-0.00122079, 0.061161, -0.00530629, -1.87683, 0.0184425, 1.20533, -2.37301, 
-0.00122079, 0.061161, -0.00530629, -1.87683, 0.0184425, 1.20533, -2.37301, 
-0.00122079, 0.061161, -0.00530629, -1.87683, 0.0184425, 1.20533, -2.37301, 
-0.00122079, 0.061161, -0.00530629, -1.87683, 0.0184425, 1.20533, -2.37301, 
-0.00122079, 0.061161, -0.00530629, -1.87683, 0.0184425, 1.20533, -2.37301, 
-0.00122079, 0.061161, -0.00530629, -1.87683, 0.0184425, 1.20533, -2.37301, 
-0.00122079, 0.061161, -0.00530629, -1.87683, 0.0184425, 1.20533, -2.37301, 
-0.00122079, 0.061161, -0.00530629, -1.87683, 0.0184425, 1.20533, -2.37301, 
-0.00122079, 0.061161, -0.00530629, -1.87683, 0.0184425, 1.20533, -2.37301, 
-0.00122079, 0.061161, -0.00530629, -1.87683, 0.0184425, 1.20533, -2.37301, 
-0.00122079, 0.061161, -0.00530629, -1.87683, 0.0184425, 1.20533, -2.37301, 
-0.00122079, 0.061161, -0.00530629, -1.87683, 0.0184425, 1.20533, -2.37301, 
-0.00122079, 0.061161, -0.00530629, -1.87683, 0.0184425, 1.20533, -2.37301, 
-0.00122079, 0.061161, -0.00530629, -1.87683, 0.0184425, 1.20533, -2.37301, 
-0.00122079, 0.061161, -0.00530629, -1.87683, 0.0184425, 1.20533, -2.37301, 
-0.00122079, 0.061161, -0.00530629, -1.87683, 0.0184425, 1.20533, -2.37301, 
-0.00122079, 0.061161, -0.00530629, -1.87683, 0.0184425, 1.20533, -2.37301, 
-0.00122079, 0.061161, -0.00530629, -1.87683, 0.0184425, 1.20533, -2.37301, 
-0.00122079, 0.061161, -0.00530629, -1.87683, 0.0184425, 1.20533, -2.37301, 
-0.00122079, 0.061161, -0.00530629, -1.87683, 0.0184425, 1.20533, -2.37301, 
-0.00122079, 0.061161, -0.00530629, -1.87683, 0.0184425, 1.20533, -2.37301, 
-0.00122079, 0.061161, -0.00530629, -1.87683, 0.0184425, 1.20533, -2.37301, 
-0.00122079, 0.061161, -0.00530629, -1.87683, 0.0184425, 1.20533, -2.37301, 
-0.00122079, 0.061161, -0.00530629, -1.87683, 0.0184425, 1.20533, -2.37301, 
