1.56238e+07 -1.15364e+07 8.37577e+06 -1.1296e+06 -2.05594e+06 65758 
1.55419e+07 -1.16542e+07 8.32686e+06 -1.14749e+06 -2.05287e+06 74097 
1.5684e+07 -1.15414e+07 8.41482e+06 -1.13347e+06 -2.06136e+06 55581 
1.56543e+07 -1.17245e+07 8.26012e+06 -1.16956e+06 -2.094e+06 70090 
1.5837e+07 -1.14008e+07 8.33105e+06 -1.13143e+06 -2.08856e+06 42893 
1.55531e+07 -1.17116e+07 8.31472e+06 -1.16058e+06 -2.0689e+06 76107 
1.58284e+07 -1.1494e+07 8.27885e+06 -1.1564e+06 -2.10329e+06 48985 
1.56119e+07 -1.15551e+07 8.33892e+06 -1.13161e+06 -2.0618e+06 61017 
1.5755e+07 -1.15527e+07 8.28606e+06 -1.15859e+06 -2.10807e+06 57426 
1.57337e+07 -1.14609e+07 8.29981e+06 -1.12541e+06 -2.07594e+06 49399 
1.56007e+07 -1.17287e+07 8.3481e+06 -1.17035e+06 -2.08646e+06 72151 
1.58047e+07 -1.1444e+07 8.32439e+06 -1.13824e+06 -2.08924e+06 45882 
1.55864e+07 -1.16744e+07 8.32938e+06 -1.14697e+06 -2.07218e+06 69816 
1.57964e+07 -1.15177e+07 8.28172e+06 -1.14981e+06 -2.10649e+06 49114 
1.56367e+07 -1.16154e+07 8.37028e+06 -1.13504e+06 -2.0631e+06 62153 
1.56664e+07 -1.16562e+07 8.28388e+06 -1.16745e+06 -2.09503e+06 67805 
1.57147e+07 -1.1473e+07 8.36754e+06 -1.1291e+06 -2.06705e+06 50293 
1.56114e+07 -1.17268e+07 8.37357e+06 -1.15639e+06 -2.08487e+06 72723 
1.57787e+07 -1.14338e+07 8.36599e+06 -1.13431e+06 -2.0867e+06 46128 
1.55942e+07 -1.16818e+07 8.32065e+06 -1.14467e+06 -2.06314e+06 72015 
1.5761e+07 -1.15228e+07 8.36314e+06 -1.15846e+06 -2.09585e+06 59624 
1.56387e+07 -1.15303e+07 8.33487e+06 -1.12997e+06 -2.05471e+06 59934 
1.56318e+07 -1.16537e+07 8.30516e+06 -1.16019e+06 -2.09108e+06 66096 
1.56318e+07 -1.16537e+07 8.30516e+06 -1.16019e+06 -2.09108e+06 66096 
1.5764e+07 -1.1476e+07 8.32871e+06 -1.13386e+06 -2.07275e+06 50008 
1.5599e+07 -1.17314e+07 8.28374e+06 -1.16312e+06 -2.0746e+06 76501 
1.57894e+07 -1.15157e+07 8.31287e+06 -1.15479e+06 -2.09295e+06 48662 
1.55866e+07 -1.16638e+07 8.36492e+06 -1.14114e+06 -2.06069e+06 65389 
1.57063e+07 -1.14742e+07 8.33628e+06 -1.13032e+06 -2.06615e+06 56573 
1.56355e+07 -1.17134e+07 8.22233e+06 -1.17197e+06 -2.08794e+06 69106 
1.58144e+07 -1.1445e+07 8.34505e+06 -1.14224e+06 -2.08684e+06 47883 
1.56315e+07 -1.16745e+07 8.27897e+06 -1.15026e+06 -2.08216e+06 67719 
1.58159e+07 -1.14686e+07 8.33624e+06 -1.14622e+06 -2.10834e+06 46119 
1.58159e+07 -1.14686e+07 8.33624e+06 -1.14622e+06 -2.10834e+06 46119 
1.57302e+07 -1.16265e+07 8.30434e+06 -1.16758e+06 -2.10417e+06 59810 
1.56818e+07 -1.14878e+07 8.34388e+06 -1.13444e+06 -2.0674e+06 51262 
1.56542e+07 -1.17024e+07 8.29482e+06 -1.15568e+06 -2.09512e+06 66953 
1.58212e+07 -1.14071e+07 8.329e+06 -1.12883e+06 -2.09471e+06 44970 
1.55705e+07 -1.1682e+07 8.29324e+06 -1.14806e+06 -2.0685e+06 73569 
1.57599e+07 -1.15159e+07 8.29394e+06 -1.15483e+06 -2.09817e+06 51376 
1.56016e+07 -1.15956e+07 8.39192e+06 -1.13699e+06 -2.05723e+06 67782 
1.5703e+07 -1.15744e+07 8.2736e+06 -1.14902e+06 -2.09979e+06 58806 
1.5717e+07 -1.152e+07 8.38629e+06 -1.13227e+06 -2.06805e+06 54745 
1.5717e+07 -1.152e+07 8.38629e+06 -1.13227e+06 -2.06805e+06 54745 
1.5616e+07 -1.17024e+07 8.24613e+06 -1.16104e+06 -2.07897e+06 74623 
1.57662e+07 -1.14942e+07 8.3323e+06 -1.14605e+06 -2.08709e+06 48281 
1.57975e+07 -1.15496e+07 8.28395e+06 -1.15186e+06 -2.1015e+06 50212 
1.57975e+07 -1.15496e+07 8.28395e+06 -1.15186e+06 -2.1015e+06 50212 
1.56321e+07 -1.16774e+07 8.31137e+06 -1.16553e+06 -2.08803e+06 70637 
1.56321e+07 -1.16774e+07 8.31137e+06 -1.16553e+06 -2.08803e+06 70637 
1.57311e+07 -1.14217e+07 8.35253e+06 -1.13464e+06 -2.07088e+06 50093 
1.5836e+07 -1.14825e+07 8.24506e+06 -1.14686e+06 -2.10062e+06 44116 
1.5836e+07 -1.14825e+07 8.24506e+06 -1.14686e+06 -2.10062e+06 44116 
1.56258e+07 -1.15989e+07 8.37624e+06 -1.13867e+06 -2.06294e+06 68644 
1.57669e+07 -1.15898e+07 8.28983e+06 -1.16301e+06 -2.10513e+06 56986 
1.56941e+07 -1.151e+07 8.3804e+06 -1.13623e+06 -2.06579e+06 56724 
1.58582e+07 -1.14076e+07 8.32326e+06 -1.13278e+06 -2.09655e+06 39721 
1.5548e+07 -1.16911e+07 8.32204e+06 -1.15184e+06 -2.0714e+06 71828 
1.58374e+07 -1.14633e+07 8.2869e+06 -1.14836e+06 -2.11015e+06 46186 
1.55922e+07 -1.15877e+07 8.37652e+06 -1.13888e+06 -2.06108e+06 65392 
1.55922e+07 -1.15877e+07 8.37652e+06 -1.13888e+06 -2.06108e+06 65392 
1.56897e+07 -1.16119e+07 8.28363e+06 -1.16654e+06 -2.10104e+06 63822 
1.55762e+07 -1.17234e+07 8.31923e+06 -1.15888e+06 -2.08456e+06 72797 
1.58247e+07 -1.14222e+07 8.34143e+06 -1.13032e+06 -2.0967e+06 42188 
1.55789e+07 -1.16688e+07 8.34516e+06 -1.14643e+06 -2.06646e+06 74999 
1.57769e+07 -1.153e+07 8.3136e+06 -1.15556e+06 -2.10214e+06 55406 
1.57769e+07 -1.153e+07 8.3136e+06 -1.15556e+06 -2.10214e+06 55406 
1.56699e+07 -1.1496e+07 8.30043e+06 -1.1232e+06 -2.06141e+06 57004 
1.57285e+07 -1.1433e+07 8.34935e+06 -1.12434e+06 -2.07089e+06 47970 
1.55794e+07 -1.17559e+07 8.33186e+06 -1.16444e+06 -2.07079e+06 81433 
1.57965e+07 -1.14588e+07 8.29475e+06 -1.14605e+06 -2.09385e+06 47882 
1.57965e+07 -1.14588e+07 8.29475e+06 -1.14605e+06 -2.09385e+06 47882 
1.57347e+07 -1.15879e+07 8.27761e+06 -1.16058e+06 -2.10011e+06 58349 
1.57347e+07 -1.15879e+07 8.27761e+06 -1.16058e+06 -2.10011e+06 58349 
1.55878e+07 -1.17493e+07 8.3337e+06 -1.17762e+06 -2.08083e+06 76124 
1.55878e+07 -1.17493e+07 8.3337e+06 -1.17762e+06 -2.08083e+06 76124 
1.58065e+07 -1.14485e+07 8.33449e+06 -1.14259e+06 -2.08758e+06 43642 
1.56085e+07 -1.17018e+07 8.33007e+06 -1.15254e+06 -2.07082e+06 72387 
1.56837e+07 -1.1517e+07 8.36233e+06 -1.12951e+06 -2.06616e+06 57421 
1.56818e+07 -1.16718e+07 8.25784e+06 -1.17355e+06 -2.0984e+06 68616 
1.57428e+07 -1.14501e+07 8.27144e+06 -1.13642e+06 -2.07499e+06 47223 
1.57428e+07 -1.14501e+07 8.27144e+06 -1.13642e+06 -2.07499e+06 47223 
1.58373e+07 -1.14493e+07 8.39718e+06 -1.14148e+06 -2.10319e+06 43410 
1.58373e+07 -1.14493e+07 8.39718e+06 -1.14148e+06 -2.10319e+06 43410 
1.55951e+07 -1.16092e+07 8.34581e+06 -1.13806e+06 -2.0658e+06 65506 
1.57043e+07 -1.14884e+07 8.31991e+06 -1.12946e+06 -2.06674e+06 53530 
1.56334e+07 -1.16943e+07 8.29964e+06 -1.16506e+06 -2.09182e+06 69635 
1.56334e+07 -1.16943e+07 8.29964e+06 -1.16506e+06 -2.09182e+06 69635 
1.57761e+07 -1.14205e+07 8.32712e+06 -1.12794e+06 -2.0832e+06 44571 
1.55606e+07 -1.16339e+07 8.32568e+06 -1.13806e+06 -2.07266e+06 71806 
1.55942e+07 -1.16434e+07 8.31174e+06 -1.1369e+06 -2.05918e+06 67533 
1.55942e+07 -1.16434e+07 8.31174e+06 -1.1369e+06 -2.05918e+06 67533 
1.57068e+07 -1.16082e+07 8.28636e+06 -1.16592e+06 -2.09751e+06 62036 
1.5687e+07 -1.14913e+07 8.2966e+06 -1.12687e+06 -2.06054e+06 54840 
1.57822e+07 -1.14852e+07 8.33268e+06 -1.13787e+06 -2.07723e+06 50649 
1.55734e+07 -1.17259e+07 8.32348e+06 -1.15794e+06 -2.06608e+06 75142 
1.55734e+07 -1.17259e+07 8.32348e+06 -1.15794e+06 -2.06608e+06 75142 
1.58092e+07 -1.14883e+07 8.27607e+06 -1.15355e+06 -2.09367e+06 52624 
1.56001e+07 -1.16182e+07 8.3264e+06 -1.14102e+06 -2.05706e+06 68231 
1.57511e+07 -1.15834e+07 8.2933e+06 -1.16176e+06 -2.10213e+06 57231 
1.5754e+07 -1.15012e+07 8.42994e+06 -1.13096e+06 -2.07254e+06 55962 
1.56876e+07 -1.16733e+07 8.30485e+06 -1.16643e+06 -2.09516e+06 68143 
1.55844e+07 -1.17064e+07 8.27631e+06 -1.15894e+06 -2.07396e+06 71399 
1.55844e+07 -1.17064e+07 8.27631e+06 -1.15894e+06 -2.07396e+06 71399 
1.58062e+07 -1.14855e+07 8.36033e+06 -1.1503e+06 -2.10568e+06 47182 
1.55906e+07 -1.16067e+07 8.37007e+06 -1.13707e+06 -2.06521e+06 63458 
1.57951e+07 -1.15623e+07 8.32743e+06 -1.15698e+06 -2.11502e+06 55358 
1.56669e+07 -1.15265e+07 8.3831e+06 -1.13772e+06 -2.06485e+06 57303 
1.57513e+07 -1.14241e+07 8.34826e+06 -1.12834e+06 -2.08293e+06 45319 
1.57513e+07 -1.14241e+07 8.34826e+06 -1.12834e+06 -2.08293e+06 45319 
1.55836e+07 -1.16801e+07 8.29032e+06 -1.14706e+06 -2.07229e+06 73676 
1.58052e+07 -1.14668e+07 8.29608e+06 -1.14442e+06 -2.09995e+06 47364 
1.55624e+07 -1.16139e+07 8.32876e+06 -1.13835e+06 -2.05441e+06 71597 
1.57099e+07 -1.15847e+07 8.2557e+06 -1.15634e+06 -2.09753e+06 59373 
1.5712e+07 -1.14987e+07 8.40114e+06 -1.12741e+06 -2.06713e+06 56425 
1.5604e+07 -1.17312e+07 8.31114e+06 -1.16136e+06 -2.08115e+06 72778 
1.5771e+07 -1.14673e+07 8.35652e+06 -1.14049e+06 -2.08341e+06 48272 
1.55327e+07 -1.17133e+07 8.36593e+06 -1.15598e+06 -2.05422e+06 77787 
1.57957e+07 -1.15407e+07 8.27452e+06 -1.15274e+06 -2.10291e+06 52351 
1.56498e+07 -1.16824e+07 8.2379e+06 -1.16533e+06 -2.09089e+06 67769 
1.56498e+07 -1.16824e+07 8.2379e+06 -1.16533e+06 -2.09089e+06 67769 
1.55679e+07 -1.17514e+07 8.275e+06 -1.16795e+06 -2.0684e+06 79993 
1.55679e+07 -1.17514e+07 8.275e+06 -1.16795e+06 -2.0684e+06 79993 
1.58339e+07 -1.14509e+07 8.31843e+06 -1.14638e+06 -2.09847e+06 43611 
1.55607e+07 -1.16673e+07 8.38131e+06 -1.14524e+06 -2.05775e+06 68519 
1.57546e+07 -1.15828e+07 8.2791e+06 -1.1618e+06 -2.10377e+06 56118 
1.56873e+07 -1.14868e+07 8.32216e+06 -1.13215e+06 -2.06577e+06 53090 
1.56219e+07 -1.17167e+07 8.25735e+06 -1.17156e+06 -2.08656e+06 73721 
1.58533e+07 -1.14438e+07 8.30288e+06 -1.14002e+06 -2.09585e+06 41926 
1.5576e+07 -1.16869e+07 8.36493e+06 -1.15202e+06 -2.07142e+06 71523 
1.58411e+07 -1.14743e+07 8.32615e+06 -1.14604e+06 -2.11062e+06 43321 
1.56208e+07 -1.15721e+07 8.38275e+06 -1.13718e+06 -2.06412e+06 62379 
1.57274e+07 -1.16e+07 8.21788e+06 -1.16404e+06 -2.10559e+06 60408 
1.56159e+07 -1.17006e+07 8.35303e+06 -1.16143e+06 -2.08716e+06 71705 
1.56159e+07 -1.17006e+07 8.35303e+06 -1.16143e+06 -2.08716e+06 71705 
1.58435e+07 -1.13956e+07 8.33341e+06 -1.12664e+06 -2.0992e+06 38621 
1.57964e+07 -1.1505e+07 8.30654e+06 -1.15281e+06 -2.10779e+06 51341 
1.57964e+07 -1.1505e+07 8.30654e+06 -1.15281e+06 -2.10779e+06 51341 
1.56766e+07 -1.16754e+07 8.2822e+06 -1.165e+06 -2.09699e+06 68769 
1.56766e+07 -1.16754e+07 8.2822e+06 -1.165e+06 -2.09699e+06 68769 
1.57621e+07 -1.1405e+07 8.33165e+06 -1.11578e+06 -2.07693e+06 44395 
1.5561e+07 -1.1733e+07 8.32678e+06 -1.15787e+06 -2.07348e+06 78106 
1.5553e+07 -1.16717e+07 8.36782e+06 -1.14546e+06 -2.05556e+06 72864 
1.5553e+07 -1.16717e+07 8.36782e+06 -1.14546e+06 -2.05556e+06 72864 
1.57528e+07 -1.15715e+07 8.30833e+06 -1.15716e+06 -2.09952e+06 55172 
1.56732e+07 -1.14682e+07 8.35161e+06 -1.11916e+06 -2.06106e+06 56209 
1.57827e+07 -1.14356e+07 8.30428e+06 -1.13577e+06 -2.07844e+06 47992 
1.55561e+07 -1.17066e+07 8.26694e+06 -1.1559e+06 -2.06586e+06 75972 
1.55561e+07 -1.17066e+07 8.26694e+06 -1.1559e+06 -2.06586e+06 75972 
1.58129e+07 -1.14471e+07 8.33404e+06 -1.1425e+06 -2.09703e+06 46329 
1.57146e+07 -1.1658e+07 8.28657e+06 -1.17436e+06 -2.09915e+06 64658 
1.57146e+07 -1.1658e+07 8.28657e+06 -1.17436e+06 -2.09915e+06 64658 
1.55909e+07 -1.17422e+07 8.35759e+06 -1.16908e+06 -2.08442e+06 72894 
1.58359e+07 -1.14327e+07 8.34374e+06 -1.14131e+06 -2.09676e+06 41374 
1.58359e+07 -1.14327e+07 8.34374e+06 -1.14131e+06 -2.09676e+06 41374 
1.57644e+07 -1.15942e+07 8.32535e+06 -1.1694e+06 -2.10754e+06 56733 
1.57644e+07 -1.15942e+07 8.32535e+06 -1.1694e+06 -2.10754e+06 56733 
1.56814e+07 -1.1646e+07 8.33178e+06 -1.16479e+06 -2.10045e+06 68463 
1.57968e+07 -1.13781e+07 8.34368e+06 -1.12482e+06 -2.08898e+06 42266 
1.57968e+07 -1.13781e+07 8.34368e+06 -1.12482e+06 -2.08898e+06 42266 
1.58084e+07 -1.14387e+07 8.38248e+06 -1.14288e+06 -2.10323e+06 48659 
1.58084e+07 -1.14387e+07 8.38248e+06 -1.14288e+06 -2.10323e+06 48659 
1.5618e+07 -1.16191e+07 8.3327e+06 -1.14113e+06 -2.06382e+06 65792 
1.57433e+07 -1.15834e+07 8.22294e+06 -1.16144e+06 -2.10371e+06 60773 
1.57197e+07 -1.14561e+07 8.34663e+06 -1.11857e+06 -2.07126e+06 51031 
1.56413e+07 -1.16477e+07 8.27834e+06 -1.15611e+06 -2.09432e+06 69553 
1.55417e+07 -1.17368e+07 8.34904e+06 -1.15801e+06 -2.06726e+06 75714 
1.55417e+07 -1.17368e+07 8.34904e+06 -1.15801e+06 -2.06726e+06 75714 
1.57433e+07 -1.15018e+07 8.29765e+06 -1.15141e+06 -2.08839e+06 50257 
1.56079e+07 -1.15851e+07 8.31361e+06 -1.12889e+06 -2.06086e+06 66505 
1.57267e+07 -1.16215e+07 8.31883e+06 -1.1624e+06 -2.09985e+06 60816 
1.56176e+07 -1.15036e+07 8.39154e+06 -1.13033e+06 -2.05305e+06 54589 
1.57463e+07 -1.1467e+07 8.35074e+06 -1.14348e+06 -2.07394e+06 49307 
1.57463e+07 -1.1467e+07 8.35074e+06 -1.14348e+06 -2.07394e+06 49307 
1.55966e+07 -1.16975e+07 8.27508e+06 -1.15151e+06 -2.07215e+06 69608 
1.58325e+07 -1.14906e+07 8.35322e+06 -1.15083e+06 -2.10259e+06 48560 
1.57745e+07 -1.16383e+07 8.32505e+06 -1.17253e+06 -2.10595e+06 61335 
1.57745e+07 -1.16383e+07 8.32505e+06 -1.17253e+06 -2.10595e+06 61335 
1.57665e+07 -1.14782e+07 8.32682e+06 -1.13548e+06 -2.07713e+06 53116 
1.57084e+07 -1.16828e+07 8.30855e+06 -1.16105e+06 -2.09989e+06 67449 
1.58452e+07 -1.14486e+07 8.36437e+06 -1.13922e+06 -2.09858e+06 45422 
1.55769e+07 -1.16771e+07 8.36821e+06 -1.15063e+06 -2.07089e+06 70798 
1.56751e+07 -1.15456e+07 8.37293e+06 -1.13423e+06 -2.06594e+06 60879 
1.56751e+07 -1.15456e+07 8.37293e+06 -1.13423e+06 -2.06594e+06 60879 
1.57386e+07 -1.14332e+07 8.3523e+06 -1.1255e+06 -2.07591e+06 49518 
1.56231e+07 -1.17143e+07 8.29332e+06 -1.15568e+06 -2.08566e+06 71829 
1.56231e+07 -1.17143e+07 8.29332e+06 -1.15568e+06 -2.08566e+06 71829 
1.58011e+07 -1.14742e+07 8.36263e+06 -1.14827e+06 -2.093e+06 51522 
1.55765e+07 -1.1667e+07 8.3569e+06 -1.14437e+06 -2.05871e+06 70929 
1.58005e+07 -1.15506e+07 8.34959e+06 -1.15537e+06 -2.10623e+06 57849 
1.56416e+07 -1.15246e+07 8.35941e+06 -1.12508e+06 -2.05859e+06 59531 
1.57509e+07 -1.1458e+07 8.33862e+06 -1.13825e+06 -2.07816e+06 53144 
1.57509e+07 -1.1458e+07 8.33862e+06 -1.13825e+06 -2.07816e+06 53144 
1.55542e+07 -1.17019e+07 8.2614e+06 -1.15466e+06 -2.0626e+06 75602 
1.58119e+07 -1.14822e+07 8.31038e+06 -1.14874e+06 -2.09963e+06 53498 
1.56259e+07 -1.15952e+07 8.39389e+06 -1.13354e+06 -2.05772e+06 66460 
1.57227e+07 -1.15167e+07 8.37382e+06 -1.13895e+06 -2.06486e+06 57392 
1.57227e+07 -1.15167e+07 8.37382e+06 -1.13895e+06 -2.06486e+06 57392 
1.58393e+07 -1.148e+07 8.35802e+06 -1.14757e+06 -2.09141e+06 48084 
1.55924e+07 -1.16641e+07 8.32491e+06 -1.14453e+06 -2.06599e+06 70156 
1.55924e+07 -1.16641e+07 8.32491e+06 -1.14453e+06 -2.06599e+06 70156 
1.58198e+07 -1.15035e+07 8.31843e+06 -1.15578e+06 -2.10826e+06 51403 
1.57018e+07 -1.15738e+07 8.39565e+06 -1.13964e+06 -2.0681e+06 64658 
1.57564e+07 -1.16466e+07 8.22009e+06 -1.16993e+06 -2.10472e+06 62991 
1.56726e+07 -1.16763e+07 8.32655e+06 -1.15618e+06 -2.09311e+06 67607 
1.56726e+07 -1.16763e+07 8.32655e+06 -1.15618e+06 -2.09311e+06 67607 
1.58231e+07 -1.14538e+07 8.41226e+06 -1.14136e+06 -2.10124e+06 45562 
1.56098e+07 -1.16163e+07 8.32667e+06 -1.14272e+06 -2.0679e+06 70941 
1.58121e+07 -1.15036e+07 8.33198e+06 -1.1532e+06 -2.10908e+06 53285 
1.56872e+07 -1.15241e+07 8.36865e+06 -1.13131e+06 -2.06654e+06 60472 
1.57621e+07 -1.1457e+07 8.35303e+06 -1.12859e+06 -2.07844e+06 50424 
1.57621e+07 -1.1457e+07 8.35303e+06 -1.12859e+06 -2.07844e+06 50424 
1.56385e+07 -1.16941e+07 8.36903e+06 -1.15761e+06 -2.08342e+06 75285 
1.5829e+07 -1.14565e+07 8.3329e+06 -1.14374e+06 -2.09585e+06 48944 
1.57672e+07 -1.15209e+07 8.30873e+06 -1.14806e+06 -2.10213e+06 54882 
1.57672e+07 -1.15209e+07 8.30873e+06 -1.14806e+06 -2.10213e+06 54882 
1.56385e+07 -1.15922e+07 8.27242e+06 -1.13976e+06 -2.05421e+06 65133 
1.5684e+07 -1.1664e+07 8.30356e+06 -1.16664e+06 -2.09101e+06 68110 
1.57604e+07 -1.14653e+07 8.37573e+06 -1.13853e+06 -2.07363e+06 52431 
1.56297e+07 -1.16914e+07 8.31582e+06 -1.15179e+06 -2.07581e+06 75441 
1.55741e+07 -1.16779e+07 8.36076e+06 -1.14864e+06 -2.05566e+06 71890 
1.55741e+07 -1.16779e+07 8.36076e+06 -1.14864e+06 -2.05566e+06 71890 
1.57473e+07 -1.1609e+07 8.24105e+06 -1.1689e+06 -2.09817e+06 60935 
1.56966e+07 -1.14936e+07 8.36506e+06 -1.13562e+06 -2.06336e+06 58533 
1.5689e+07 -1.16696e+07 8.3288e+06 -1.15937e+06 -2.09215e+06 68361 
1.58059e+07 -1.14292e+07 8.39304e+06 -1.13723e+06 -2.08883e+06 46984 
1.58161e+07 -1.14866e+07 8.36574e+06 -1.15425e+06 -2.10373e+06 49913 
1.58161e+07 -1.14866e+07 8.36574e+06 -1.15425e+06 -2.10373e+06 49913 
1.56145e+07 -1.1599e+07 8.35116e+06 -1.1444e+06 -2.05904e+06 64867 
1.5753e+07 -1.14598e+07 8.42124e+06 -1.13063e+06 -2.07737e+06 50891 
1.5753e+07 -1.14598e+07 8.42124e+06 -1.13063e+06 -2.07737e+06 50891 
1.56547e+07 -1.16726e+07 8.28657e+06 -1.16076e+06 -2.0924e+06 71533 
1.58218e+07 -1.14334e+07 8.35983e+06 -1.1417e+06 -2.09542e+06 44352 
1.55687e+07 -1.17124e+07 8.28248e+06 -1.15569e+06 -2.06802e+06 75039 
1.58525e+07 -1.14624e+07 8.27868e+06 -1.14468e+06 -2.11129e+06 46560 
1.56534e+07 -1.15514e+07 8.38232e+06 -1.12964e+06 -2.06489e+06 63502 
1.56975e+07 -1.16253e+07 8.34525e+06 -1.15718e+06 -2.10309e+06 62313 
1.57543e+07 -1.14542e+07 8.35143e+06 -1.13018e+06 -2.07439e+06 52434 
1.55722e+07 -1.17184e+07 8.32379e+06 -1.16223e+06 -2.07642e+06 74287 
1.58121e+07 -1.14619e+07 8.29032e+06 -1.13906e+06 -2.09076e+06 48357 
1.55665e+07 -1.17099e+07 8.34761e+06 -1.14873e+06 -2.06036e+06 73943 
1.5798e+07 -1.14973e+07 8.28409e+06 -1.14269e+06 -2.10381e+06 51789 
1.56357e+07 -1.1577e+07 8.38193e+06 -1.13455e+06 -2.05728e+06 63569 
1.5692e+07 -1.1644e+07 8.28706e+06 -1.1654e+06 -2.09302e+06 68870 
1.57865e+07 -1.14856e+07 8.3543e+06 -1.1397e+06 -2.07413e+06 51758 
1.55497e+07 -1.17232e+07 8.31779e+06 -1.1586e+06 -2.06892e+06 78206 
1.58623e+07 -1.14239e+07 8.28662e+06 -1.13801e+06 -2.09984e+06 44873 
1.55897e+07 -1.16583e+07 8.39639e+06 -1.14496e+06 -2.05622e+06 71903 
1.58204e+07 -1.15603e+07 8.31995e+06 -1.16387e+06 -2.1082e+06 59483 
1.57152e+07 -1.15006e+07 8.3578e+06 -1.13599e+06 -2.06474e+06 57015 
1.57945e+07 -1.14211e+07 8.32181e+06 -1.12985e+06 -2.08539e+06 42031 
1.57945e+07 -1.14211e+07 8.32181e+06 -1.12985e+06 -2.08539e+06 42031 
1.58365e+07 -1.14541e+07 8.35484e+06 -1.14714e+06 -2.10685e+06 45320 
1.55906e+07 -1.16232e+07 8.36822e+06 -1.14535e+06 -2.05976e+06 68367 
1.55906e+07 -1.16232e+07 8.36822e+06 -1.14535e+06 -2.05976e+06 68367 
1.57543e+07 -1.14291e+07 8.42835e+06 -1.12281e+06 -2.07526e+06 51304 
1.57543e+07 -1.14291e+07 8.42835e+06 -1.12281e+06 -2.07526e+06 51304 
1.56848e+07 -1.16287e+07 8.27842e+06 -1.15472e+06 -2.09851e+06 71612 
1.55777e+07 -1.17106e+07 8.31646e+06 -1.1525e+06 -2.07146e+06 74215 
1.55777e+07 -1.17106e+07 8.31646e+06 -1.1525e+06 -2.07146e+06 74215 
1.57955e+07 -1.14665e+07 8.28246e+06 -1.14945e+06 -2.1018e+06 50903 
1.56132e+07 -1.16007e+07 8.37814e+06 -1.13502e+06 -2.05989e+06 64916 
1.57002e+07 -1.16413e+07 8.30422e+06 -1.16111e+06 -2.10192e+06 64046 
1.57515e+07 -1.1457e+07 8.28034e+06 -1.12091e+06 -2.07269e+06 47846 
1.55983e+07 -1.17028e+07 8.34456e+06 -1.15911e+06 -2.08114e+06 79504 
1.58041e+07 -1.14568e+07 8.38461e+06 -1.14142e+06 -2.087e+06 47468 
1.55799e+07 -1.1656e+07 8.35982e+06 -1.14619e+06 -2.05843e+06 77235 
1.57809e+07 -1.1548e+07 8.29175e+06 -1.15639e+06 -2.10124e+06 53926 
1.56627e+07 -1.1525e+07 8.38965e+06 -1.12451e+06 -2.05947e+06 60548 
1.56772e+07 -1.17114e+07 8.27819e+06 -1.17266e+06 -2.09354e+06 70458 
1.57362e+07 -1.14851e+07 8.33241e+06 -1.1378e+06 -2.06763e+06 50752 
1.56021e+07 -1.17399e+07 8.34394e+06 -1.16792e+06 -2.07526e+06 78938 
1.58259e+07 -1.14536e+07 8.35962e+06 -1.14304e+06 -2.09864e+06 42962 
1.55951e+07 -1.16996e+07 8.47433e+06 -1.14809e+06 -2.06353e+06 69282 
1.57776e+07 -1.15911e+07 8.31675e+06 -1.16601e+06 -2.106e+06 57839 
1.57156e+07 -1.14717e+07 8.39668e+06 -1.13047e+06 -2.06829e+06 56495 
1.56759e+07 -1.17412e+07 8.25912e+06 -1.17644e+06 -2.09541e+06 73646 
1.5833e+07 -1.13803e+07 8.34035e+06 -1.12872e+06 -2.09046e+06 40561 
1.55975e+07 -1.16805e+07 8.39852e+06 -1.14973e+06 -2.07714e+06 71874 
1.58398e+07 -1.14986e+07 8.25663e+06 -1.1534e+06 -2.10754e+06 47510 
1.56565e+07 -1.15768e+07 8.35381e+06 -1.13642e+06 -2.06684e+06 64104 
1.57167e+07 -1.16246e+07 8.29766e+06 -1.16695e+06 -2.1042e+06 63764 
1.56392e+07 -1.1668e+07 8.31144e+06 -1.15336e+06 -2.09046e+06 71705 
1.56392e+07 -1.1668e+07 8.31144e+06 -1.15336e+06 -2.09046e+06 71705 
1.58136e+07 -1.14551e+07 8.38442e+06 -1.13788e+06 -2.0928e+06 45081 
1.55701e+07 -1.16767e+07 8.36581e+06 -1.14801e+06 -2.0658e+06 75927 
1.56893e+07 -1.15273e+07 8.34432e+06 -1.1235e+06 -2.06211e+06 58554 
1.56893e+07 -1.15273e+07 8.34432e+06 -1.1235e+06 -2.06211e+06 58554 
1.56869e+07 -1.16655e+07 8.31016e+06 -1.16183e+06 -2.09722e+06 69408 
1.57798e+07 -1.14765e+07 8.36454e+06 -1.12809e+06 -2.07609e+06 47190 
1.55885e+07 -1.1734e+07 8.29091e+06 -1.16227e+06 -2.07442e+06 78029 
1.57822e+07 -1.15349e+07 8.34224e+06 -1.15753e+06 -2.08885e+06 52724 
1.55852e+07 -1.16478e+07 8.30884e+06 -1.14069e+06 -2.05507e+06 70298 
1.57852e+07 -1.1583e+07 8.30362e+06 -1.15969e+06 -2.10551e+06 60481 
1.5711e+07 -1.15153e+07 8.39692e+06 -1.12953e+06 -2.06439e+06 55006 
1.56293e+07 -1.17121e+07 8.27708e+06 -1.17081e+06 -2.08575e+06 74178 
1.57971e+07 -1.14972e+07 8.37826e+06 -1.14732e+06 -2.08166e+06 49866 
1.56289e+07 -1.17204e+07 8.32884e+06 -1.15777e+06 -2.07222e+06 73245 
1.58367e+07 -1.15006e+07 8.34316e+06 -1.15446e+06 -2.10623e+06 51769 
1.57219e+07 -1.16657e+07 8.27197e+06 -1.1759e+06 -2.10069e+06 68718 
1.57219e+07 -1.16657e+07 8.27197e+06 -1.1759e+06 -2.10069e+06 68718 
1.57316e+07 -1.16499e+07 8.3177e+06 -1.16403e+06 -2.10056e+06 62527 
1.58079e+07 -1.1416e+07 8.35539e+06 -1.13708e+06 -2.09458e+06 43842 
1.56347e+07 -1.16269e+07 8.33919e+06 -1.13914e+06 -2.07769e+06 68524 
1.56347e+07 -1.16269e+07 8.33919e+06 -1.13914e+06 -2.07769e+06 68524 
1.57962e+07 -1.15311e+07 8.32384e+06 -1.1595e+06 -2.10894e+06 52216 
1.57266e+07 -1.16006e+07 8.30324e+06 -1.16403e+06 -2.10472e+06 63075 
1.57266e+07 -1.16006e+07 8.30324e+06 -1.16403e+06 -2.10472e+06 63075 
1.56592e+07 -1.16821e+07 8.31401e+06 -1.15465e+06 -2.09304e+06 69488 
1.56592e+07 -1.16821e+07 8.31401e+06 -1.15465e+06 -2.09304e+06 69488 
1.56562e+07 -1.17025e+07 8.27268e+06 -1.17394e+06 -2.09033e+06 68637 
1.55822e+07 -1.16811e+07 8.31869e+06 -1.1475e+06 -2.06718e+06 74239 
1.57724e+07 -1.15318e+07 8.33853e+06 -1.15649e+06 -2.09791e+06 56033 
1.55971e+07 -1.1572e+07 8.30199e+06 -1.13023e+06 -2.05554e+06 65943 
1.57661e+07 -1.16159e+07 8.32613e+06 -1.156e+06 -2.10496e+06 62594 
1.57156e+07 -1.15128e+07 8.3498e+06 -1.13058e+06 -2.0666e+06 54723 
1.56433e+07 -1.1709e+07 8.29349e+06 -1.16407e+06 -2.0852e+06 74152 
1.57552e+07 -1.14664e+07 8.34792e+06 -1.1427e+06 -2.07664e+06 52678 
1.58445e+07 -1.14689e+07 8.2814e+06 -1.14655e+06 -2.10175e+06 49525 
1.56179e+07 -1.15663e+07 8.30413e+06 -1.13417e+06 -2.05841e+06 67275 
1.56179e+07 -1.15663e+07 8.30413e+06 -1.13417e+06 -2.05841e+06 67275 
1.57159e+07 -1.16332e+07 8.22124e+06 -1.16863e+06 -2.09747e+06 58298 
1.57199e+07 -1.15253e+07 8.41478e+06 -1.14027e+06 -2.066e+06 58180 
1.56882e+07 -1.16957e+07 8.26481e+06 -1.16951e+06 -2.09397e+06 68807 
1.55874e+07 -1.17153e+07 8.31789e+06 -1.15637e+06 -2.07427e+06 71763 
1.55874e+07 -1.17153e+07 8.31789e+06 -1.15637e+06 -2.07427e+06 71763 
1.58523e+07 -1.14376e+07 8.23629e+06 -1.14551e+06 -2.10637e+06 44752 
1.5612e+07 -1.16044e+07 8.39823e+06 -1.14291e+06 -2.06256e+06 67711 
1.57291e+07 -1.14876e+07 8.37077e+06 -1.1357e+06 -2.07364e+06 53763 
1.57291e+07 -1.14876e+07 8.37077e+06 -1.1357e+06 -2.07364e+06 53763 
1.56663e+07 -1.1687e+07 8.30688e+06 -1.16201e+06 -2.09632e+06 67953 
1.58199e+07 -1.1439e+07 8.3668e+06 -1.13277e+06 -2.0951e+06 42218 
1.58538e+07 -1.14606e+07 8.35708e+06 -1.14706e+06 -2.11194e+06 49349 
1.58538e+07 -1.14606e+07 8.35708e+06 -1.14706e+06 -2.11194e+06 49349 
1.56293e+07 -1.15909e+07 8.35034e+06 -1.13899e+06 -2.06075e+06 69689 
1.57056e+07 -1.14653e+07 8.37074e+06 -1.12464e+06 -2.06909e+06 53741 
1.57056e+07 -1.14653e+07 8.37074e+06 -1.12464e+06 -2.06909e+06 53741 
1.56232e+07 -1.16809e+07 8.29327e+06 -1.15502e+06 -2.08747e+06 72468 
1.58197e+07 -1.14273e+07 8.35677e+06 -1.1331e+06 -2.09431e+06 44816 
1.55525e+07 -1.17034e+07 8.35043e+06 -1.14997e+06 -2.05716e+06 75737 
1.57386e+07 -1.15701e+07 8.2911e+06 -1.15932e+06 -2.09597e+06 57003 
1.57235e+07 -1.15446e+07 8.32763e+06 -1.13622e+06 -2.06255e+06 62471 
1.56875e+07 -1.16697e+07 8.31102e+06 -1.16015e+06 -2.09414e+06 70019 
1.58146e+07 -1.14439e+07 8.36537e+06 -1.13066e+06 -2.08458e+06 46320 
1.55745e+07 -1.17287e+07 8.29147e+06 -1.15839e+06 -2.0697e+06 75830 
1.58092e+07 -1.15297e+07 8.28378e+06 -1.15713e+06 -2.09428e+06 49987 
1.5784e+07 -1.15779e+07 8.2661e+06 -1.16297e+06 -2.10529e+06 57512 
1.5784e+07 -1.15779e+07 8.2661e+06 -1.16297e+06 -2.10529e+06 57512 
1.57273e+07 -1.15038e+07 8.35944e+06 -1.13018e+06 -2.06985e+06 55515 
1.572e+07 -1.1666e+07 8.24036e+06 -1.16697e+06 -2.10011e+06 68322 
1.56433e+07 -1.15627e+07 8.38403e+06 -1.13273e+06 -2.06508e+06 62374 
1.55718e+07 -1.17483e+07 8.36882e+06 -1.16563e+06 -2.0698e+06 77145 
1.58262e+07 -1.14638e+07 8.3055e+06 -1.14796e+06 -2.10546e+06 43762 
1.56524e+07 -1.16027e+07 8.37545e+06 -1.13764e+06 -2.06653e+06 64387 
1.57815e+07 -1.15855e+07 8.2754e+06 -1.1601e+06 -2.11202e+06 59110 
1.56197e+07 -1.17273e+07 8.32904e+06 -1.16868e+06 -2.09022e+06 75149 
1.56197e+07 -1.17273e+07 8.32904e+06 -1.16868e+06 -2.09022e+06 75149 
1.58546e+07 -1.13962e+07 8.37239e+06 -1.13252e+06 -2.09794e+06 42934 
1.57766e+07 -1.15038e+07 8.29909e+06 -1.14981e+06 -2.10524e+06 50381 
1.57766e+07 -1.15038e+07 8.29909e+06 -1.14981e+06 -2.10524e+06 50381 
1.56217e+07 -1.15399e+07 8.43065e+06 -1.12932e+06 -2.05907e+06 65573 
1.57757e+07 -1.14634e+07 8.33519e+06 -1.12362e+06 -2.07444e+06 49053 
1.57757e+07 -1.14634e+07 8.33519e+06 -1.12362e+06 -2.07444e+06 49053 
1.55885e+07 -1.1731e+07 8.26827e+06 -1.15996e+06 -2.07809e+06 75394 
1.58341e+07 -1.14836e+07 8.31848e+06 -1.13795e+06 -2.09143e+06 44808 
1.55408e+07 -1.17668e+07 8.35255e+06 -1.1593e+06 -2.05487e+06 77111 
1.58174e+07 -1.15464e+07 8.31062e+06 -1.16098e+06 -2.10261e+06 55130 
1.56672e+07 -1.15138e+07 8.34064e+06 -1.12422e+06 -2.05771e+06 59791 
1.5713e+07 -1.16815e+07 8.26915e+06 -1.16887e+06 -2.09862e+06 67484 
1.57694e+07 -1.14547e+07 8.27358e+06 -1.13233e+06 -2.07484e+06 46882 
1.55804e+07 -1.17518e+07 8.32686e+06 -1.16754e+06 -2.07461e+06 77272 
1.56536e+07 -1.16279e+07 8.40691e+06 -1.14216e+06 -2.06677e+06 66457 
1.57592e+07 -1.1554e+07 8.3509e+06 -1.16014e+06 -2.10744e+06 59117 
1.57592e+07 -1.1554e+07 8.3509e+06 -1.16014e+06 -2.10744e+06 59117 
1.57767e+07 -1.14486e+07 8.30233e+06 -1.12522e+06 -2.07479e+06 52233 
1.56781e+07 -1.17179e+07 8.3076e+06 -1.17238e+06 -2.09489e+06 72090 
1.58035e+07 -1.14258e+07 8.34942e+06 -1.13997e+06 -2.08608e+06 48088 
1.56088e+07 -1.16995e+07 8.27333e+06 -1.15576e+06 -2.07497e+06 70939 
1.56725e+07 -1.15626e+07 8.36559e+06 -1.12711e+06 -2.07294e+06 62508 
1.56725e+07 -1.15626e+07 8.36559e+06 -1.12711e+06 -2.07294e+06 62508 
1.57513e+07 -1.15941e+07 8.27717e+06 -1.16284e+06 -2.10835e+06 61974 
1.57503e+07 -1.14764e+07 8.41343e+06 -1.13273e+06 -2.07535e+06 52283 
1.56366e+07 -1.16826e+07 8.34735e+06 -1.1609e+06 -2.09206e+06 72564 
1.57838e+07 -1.14409e+07 8.36193e+06 -1.13713e+06 -2.08712e+06 45737 
1.57825e+07 -1.14996e+07 8.35499e+06 -1.14813e+06 -2.10229e+06 49768 
1.56426e+07 -1.15738e+07 8.34305e+06 -1.13132e+06 -2.06075e+06 63862 
1.56426e+07 -1.15738e+07 8.34305e+06 -1.13132e+06 -2.06075e+06 63862 
1.57014e+07 -1.14834e+07 8.31974e+06 -1.13405e+06 -2.06642e+06 55028 
1.57014e+07 -1.14834e+07 8.31974e+06 -1.13405e+06 -2.06642e+06 55028 
1.56628e+07 -1.17208e+07 8.27096e+06 -1.15828e+06 -2.08571e+06 72711 
1.57994e+07 -1.14752e+07 8.3765e+06 -1.14242e+06 -2.09114e+06 50760 
1.56165e+07 -1.16597e+07 8.36207e+06 -1.14164e+06 -2.06526e+06 71015 
1.56772e+07 -1.15734e+07 8.37709e+06 -1.13966e+06 -2.05774e+06 65610 
1.56772e+07 -1.15734e+07 8.37709e+06 -1.13966e+06 -2.05774e+06 65610 
1.56799e+07 -1.16887e+07 8.25987e+06 -1.17021e+06 -2.09318e+06 67199 
1.57454e+07 -1.14719e+07 8.3078e+06 -1.13804e+06 -2.07408e+06 51671 
1.58267e+07 -1.14489e+07 8.29929e+06 -1.14474e+06 -2.09712e+06 48100 
1.56435e+07 -1.16465e+07 8.34834e+06 -1.14583e+06 -2.06464e+06 71592 
1.57971e+07 -1.1591e+07 8.33765e+06 -1.16839e+06 -2.10706e+06 58978 
1.57971e+07 -1.1591e+07 8.33765e+06 -1.16839e+06 -2.10706e+06 58978 
1.57396e+07 -1.15231e+07 8.39693e+06 -1.13828e+06 -2.06879e+06 60696 
1.58212e+07 -1.14559e+07 8.36948e+06 -1.13616e+06 -2.08858e+06 43997 
1.58212e+07 -1.14559e+07 8.36948e+06 -1.13616e+06 -2.08858e+06 43997 
1.56424e+07 -1.17261e+07 8.3078e+06 -1.15861e+06 -2.08216e+06 72429 
1.56156e+07 -1.1649e+07 8.37003e+06 -1.14896e+06 -2.06375e+06 69997 
1.56156e+07 -1.1649e+07 8.37003e+06 -1.14896e+06 -2.06375e+06 69997 
1.57269e+07 -1.14487e+07 8.37001e+06 -1.12176e+06 -2.07533e+06 52979 
1.57269e+07 -1.14487e+07 8.37001e+06 -1.12176e+06 -2.07533e+06 52979 
1.56535e+07 -1.16646e+07 8.30953e+06 -1.16221e+06 -2.09455e+06 68421 
1.57964e+07 -1.14377e+07 8.32758e+06 -1.13619e+06 -2.09024e+06 44041 
1.56004e+07 -1.16985e+07 8.33922e+06 -1.15334e+06 -2.06868e+06 74533 
1.5814e+07 -1.15047e+07 8.30927e+06 -1.14871e+06 -2.10775e+06 48457 
1.57164e+07 -1.16422e+07 8.29055e+06 -1.15814e+06 -2.10209e+06 68379 
1.57164e+07 -1.16422e+07 8.29055e+06 -1.15814e+06 -2.10209e+06 68379 
1.55873e+07 -1.17107e+07 8.31167e+06 -1.15633e+06 -2.07501e+06 79086 
1.55873e+07 -1.17107e+07 8.31167e+06 -1.15633e+06 -2.07501e+06 79086 
1.55577e+07 -1.16348e+07 8.38019e+06 -1.13707e+06 -2.05746e+06 72886 
1.55577e+07 -1.16348e+07 8.38019e+06 -1.13707e+06 -2.05746e+06 72886 
1.57535e+07 -1.16258e+07 8.30027e+06 -1.16379e+06 -2.1016e+06 57351 
1.5683e+07 -1.15578e+07 8.39284e+06 -1.13736e+06 -2.05721e+06 60304 
1.56318e+07 -1.17314e+07 8.3013e+06 -1.17241e+06 -2.08622e+06 74803 
1.58054e+07 -1.14355e+07 8.33609e+06 -1.13234e+06 -2.08152e+06 45096 
1.55349e+07 -1.16992e+07 8.30091e+06 -1.15275e+06 -2.06551e+06 75658 
1.58087e+07 -1.14835e+07 8.30218e+06 -1.14919e+06 -2.09878e+06 48011 
1.56052e+07 -1.15917e+07 8.33282e+06 -1.13821e+06 -2.05708e+06 65907 
1.57218e+07 -1.16118e+07 8.31415e+06 -1.1718e+06 -2.1028e+06 64115 
1.57499e+07 -1.15064e+07 8.29619e+06 -1.13598e+06 -2.07219e+06 49525 
1.58402e+07 -1.14254e+07 8.36586e+06 -1.13589e+06 -2.09689e+06 42511 
1.58402e+07 -1.14254e+07 8.36586e+06 -1.13589e+06 -2.09689e+06 42511 
1.56044e+07 -1.16774e+07 8.28922e+06 -1.14968e+06 -2.07327e+06 69224 
1.56542e+07 -1.15567e+07 8.35261e+06 -1.135e+06 -2.06483e+06 60284 
1.57104e+07 -1.1646e+07 8.3078e+06 -1.16472e+06 -2.1053e+06 64303 
1.57104e+07 -1.1646e+07 8.3078e+06 -1.16472e+06 -2.1053e+06 64303 
1.56339e+07 -1.17075e+07 8.35146e+06 -1.1555e+06 -2.08991e+06 70218 
1.56339e+07 -1.17075e+07 8.35146e+06 -1.1555e+06 -2.08991e+06 70218 
1.57931e+07 -1.14535e+07 8.29864e+06 -1.1413e+06 -2.0941e+06 48180 
1.55792e+07 -1.17054e+07 8.32147e+06 -1.14846e+06 -2.06402e+06 72101 
1.57403e+07 -1.15504e+07 8.31113e+06 -1.15968e+06 -2.09916e+06 57431 
1.56716e+07 -1.16811e+07 8.27981e+06 -1.16047e+06 -2.09628e+06 66714 
1.57641e+07 -1.14781e+07 8.34086e+06 -1.13337e+06 -2.07531e+06 51775 
1.57641e+07 -1.14781e+07 8.34086e+06 -1.13337e+06 -2.07531e+06 51775 
1.56151e+07 -1.16692e+07 8.31307e+06 -1.15293e+06 -2.07622e+06 75273 
1.55637e+07 -1.16232e+07 8.36607e+06 -1.13927e+06 -2.06516e+06 65177 
1.56131e+07 -1.16485e+07 8.37119e+06 -1.14329e+06 -2.05943e+06 69414 
1.56922e+07 -1.1547e+07 8.28688e+06 -1.13587e+06 -2.06369e+06 59437 
1.57022e+07 -1.16906e+07 8.28953e+06 -1.1668e+06 -2.09734e+06 66281 
1.57022e+07 -1.16906e+07 8.28953e+06 -1.1668e+06 -2.09734e+06 66281 
1.57808e+07 -1.14728e+07 8.35934e+06 -1.14782e+06 -2.07915e+06 50958 
1.56028e+07 -1.16856e+07 8.30343e+06 -1.15601e+06 -2.07687e+06 72098 
1.58659e+07 -1.14772e+07 8.33719e+06 -1.14888e+06 -2.11102e+06 45228 
1.56267e+07 -1.1607e+07 8.40619e+06 -1.13958e+06 -2.0668e+06 66756 
1.57317e+07 -1.14648e+07 8.39371e+06 -1.13461e+06 -2.07096e+06 56122 
1.57317e+07 -1.14648e+07 8.39371e+06 -1.13461e+06 -2.07096e+06 56122 
1.56686e+07 -1.16976e+07 8.28298e+06 -1.1625e+06 -2.09183e+06 70819 
1.58336e+07 -1.14182e+07 8.35752e+06 -1.12965e+06 -2.09697e+06 42609 
1.56368e+07 -1.16124e+07 8.39702e+06 -1.13721e+06 -2.07472e+06 72835 
1.58133e+07 -1.15046e+07 8.31966e+06 -1.15173e+06 -2.10547e+06 52403 
1.56697e+07 -1.15833e+07 8.34057e+06 -1.13728e+06 -2.06247e+06 68117 
1.57265e+07 -1.16037e+07 8.19651e+06 -1.15698e+06 -2.09945e+06 65955 
1.57015e+07 -1.14674e+07 8.38528e+06 -1.1267e+06 -2.06811e+06 51854 
1.56089e+07 -1.17036e+07 8.27792e+06 -1.15379e+06 -2.07946e+06 75316 
1.58064e+07 -1.14731e+07 8.3262e+06 -1.14222e+06 -2.09082e+06 47853 
1.55726e+07 -1.17518e+07 8.34599e+06 -1.1613e+06 -2.05886e+06 77377 
1.58224e+07 -1.15463e+07 8.2601e+06 -1.15866e+06 -2.1046e+06 53791 
1.56474e+07 -1.15893e+07 8.36752e+06 -1.13935e+06 -2.05826e+06 65187 
1.57109e+07 -1.16608e+07 8.26176e+06 -1.16446e+06 -2.09857e+06 65586 
1.57559e+07 -1.14576e+07 8.38066e+06 -1.13678e+06 -2.07262e+06 51394 
1.56057e+07 -1.17279e+07 8.30597e+06 -1.16824e+06 -2.07841e+06 76774 
1.5823e+07 -1.1425e+07 8.28834e+06 -1.13911e+06 -2.09666e+06 41589 
1.56128e+07 -1.16811e+07 8.3783e+06 -1.14906e+06 -2.07044e+06 70482 
1.56625e+07 -1.1558e+07 8.37746e+06 -1.13752e+06 -2.0643e+06 61767 
1.56625e+07 -1.1558e+07 8.37746e+06 -1.13752e+06 -2.0643e+06 61767 
1.57826e+07 -1.14569e+07 8.33619e+06 -1.12562e+06 -2.08265e+06 45652 
1.57826e+07 -1.14569e+07 8.33619e+06 -1.12562e+06 -2.08265e+06 45652 
1.58234e+07 -1.14532e+07 8.36628e+06 -1.144e+06 -2.10072e+06 45171 
1.58234e+07 -1.14532e+07 8.36628e+06 -1.144e+06 -2.10072e+06 45171 
1.5585e+07 -1.16886e+07 8.40106e+06 -1.14854e+06 -2.06206e+06 72577 
1.57954e+07 -1.15755e+07 8.33423e+06 -1.15695e+06 -2.11102e+06 56418 
1.5726e+07 -1.14673e+07 8.3665e+06 -1.1194e+06 -2.06822e+06 55835 
1.56825e+07 -1.16202e+07 8.24067e+06 -1.15717e+06 -2.09647e+06 72053 
1.55778e+07 -1.17176e+07 8.29952e+06 -1.15828e+06 -2.06921e+06 78708 
1.55778e+07 -1.17176e+07 8.29952e+06 -1.15828e+06 -2.06921e+06 78708 
1.58409e+07 -1.14789e+07 8.29678e+06 -1.14836e+06 -2.09647e+06 51476 
1.56284e+07 -1.15951e+07 8.36124e+06 -1.13308e+06 -2.05814e+06 68133 
1.57636e+07 -1.15121e+07 8.3326e+06 -1.1299e+06 -2.06826e+06 54334 
1.57636e+07 -1.15121e+07 8.3326e+06 -1.1299e+06 -2.06826e+06 54334 
1.57555e+07 -1.14384e+07 8.3394e+06 -1.13733e+06 -2.07479e+06 47523 
1.57555e+07 -1.14384e+07 8.3394e+06 -1.13733e+06 -2.07479e+06 47523 
1.583e+07 -1.15045e+07 8.3654e+06 -1.1535e+06 -2.10506e+06 50107 
1.56559e+07 -1.16061e+07 8.33575e+06 -1.13651e+06 -2.06301e+06 64306 
1.56559e+07 -1.16061e+07 8.33575e+06 -1.13651e+06 -2.06301e+06 64306 
1.57541e+07 -1.16449e+07 8.2977e+06 -1.17464e+06 -2.10301e+06 62646 
1.57003e+07 -1.14641e+07 8.3312e+06 -1.13312e+06 -2.06485e+06 51899 
1.56571e+07 -1.16929e+07 8.34067e+06 -1.16946e+06 -2.0921e+06 73958 
1.58455e+07 -1.14444e+07 8.29546e+06 -1.14103e+06 -2.09374e+06 46054 
1.56317e+07 -1.1622e+07 8.27703e+06 -1.13995e+06 -2.0726e+06 67632 
1.56796e+07 -1.15366e+07 8.30561e+06 -1.13484e+06 -2.0683e+06 60005 
1.56796e+07 -1.15366e+07 8.30561e+06 -1.13484e+06 -2.0683e+06 60005 
1.57887e+07 -1.1457e+07 8.36308e+06 -1.13754e+06 -2.07948e+06 49448 
1.56314e+07 -1.1697e+07 8.31336e+06 -1.15439e+06 -2.08901e+06 70153 
1.56314e+07 -1.1697e+07 8.31336e+06 -1.15439e+06 -2.08901e+06 70153 
1.5817e+07 -1.14128e+07 8.38904e+06 -1.13468e+06 -2.09771e+06 45271 
1.56301e+07 -1.164e+07 8.32811e+06 -1.13833e+06 -2.07175e+06 67926 
1.56536e+07 -1.15209e+07 8.38752e+06 -1.13066e+06 -2.05906e+06 58874 
1.56536e+07 -1.15209e+07 8.38752e+06 -1.13066e+06 -2.05906e+06 58874 
1.57211e+07 -1.16569e+07 8.26103e+06 -1.16116e+06 -2.10135e+06 66747 
1.56302e+07 -1.17104e+07 8.26139e+06 -1.15044e+06 -2.08078e+06 72884 
1.56302e+07 -1.17104e+07 8.26139e+06 -1.15044e+06 -2.08078e+06 72884 
1.58203e+07 -1.14979e+07 8.32029e+06 -1.15124e+06 -2.09572e+06 53264 
1.56099e+07 -1.16827e+07 8.34275e+06 -1.14724e+06 -2.05887e+06 72054 
1.5779e+07 -1.15951e+07 8.28372e+06 -1.16033e+06 -2.10301e+06 59205 
1.56534e+07 -1.15272e+07 8.39276e+06 -1.13038e+06 -2.05773e+06 58848 
1.57649e+07 -1.14591e+07 8.36522e+06 -1.14079e+06 -2.07605e+06 52655 
1.55886e+07 -1.17584e+07 8.32147e+06 -1.16598e+06 -2.06984e+06 73379 
1.55886e+07 -1.17584e+07 8.32147e+06 -1.16598e+06 -2.06984e+06 73379 
1.5852e+07 -1.15378e+07 8.32886e+06 -1.15636e+06 -2.10662e+06 49984 
1.578e+07 -1.15853e+07 8.25327e+06 -1.16172e+06 -2.10885e+06 57444 
1.578e+07 -1.15853e+07 8.25327e+06 -1.16172e+06 -2.10885e+06 57444 
1.56538e+07 -1.1717e+07 8.23805e+06 -1.16886e+06 -2.08875e+06 69862 
1.56538e+07 -1.1717e+07 8.23805e+06 -1.16886e+06 -2.08875e+06 69862 
1.56288e+07 -1.16483e+07 8.43901e+06 -1.14294e+06 -2.07571e+06 69549 
1.56288e+07 -1.16483e+07 8.43901e+06 -1.14294e+06 -2.07571e+06 69549 
1.56688e+07 -1.15896e+07 8.37224e+06 -1.1415e+06 -2.06617e+06 65166 
1.57206e+07 -1.16264e+07 8.30088e+06 -1.16345e+06 -2.10408e+06 63683 
1.57206e+07 -1.16264e+07 8.30088e+06 -1.16345e+06 -2.10408e+06 63683 
1.56373e+07 -1.16939e+07 8.35555e+06 -1.15005e+06 -2.08354e+06 71786 
1.56373e+07 -1.16939e+07 8.35555e+06 -1.15005e+06 -2.08354e+06 71786 
1.58274e+07 -1.14328e+07 8.34849e+06 -1.13852e+06 -2.09966e+06 49190 
1.55717e+07 -1.16606e+07 8.36855e+06 -1.14445e+06 -2.05779e+06 70541 
1.56822e+07 -1.15202e+07 8.43981e+06 -1.12929e+06 -2.06362e+06 58499 
1.56585e+07 -1.16646e+07 8.28538e+06 -1.15688e+06 -2.09006e+06 69059 
1.56585e+07 -1.16646e+07 8.28538e+06 -1.15688e+06 -2.09006e+06 69059 
1.57987e+07 -1.14391e+07 8.31032e+06 -1.13708e+06 -2.08486e+06 50617 
1.55569e+07 -1.16947e+07 8.3132e+06 -1.15513e+06 -2.06101e+06 76185 
1.57959e+07 -1.15198e+07 8.29913e+06 -1.15443e+06 -2.09854e+06 51886 
1.56289e+07 -1.16048e+07 8.31648e+06 -1.13752e+06 -2.05796e+06 69265 
1.57803e+07 -1.15928e+07 8.27124e+06 -1.15957e+06 -2.10708e+06 59130 
1.57094e+07 -1.14719e+07 8.35612e+06 -1.13692e+06 -2.06657e+06 55005 
1.56312e+07 -1.17481e+07 8.31778e+06 -1.17199e+06 -2.08397e+06 71937 
1.58471e+07 -1.14626e+07 8.31668e+06 -1.14707e+06 -2.09379e+06 47349 
1.58279e+07 -1.14869e+07 8.29825e+06 -1.15092e+06 -2.11338e+06 48984 
1.58279e+07 -1.14869e+07 8.29825e+06 -1.15092e+06 -2.11338e+06 48984 
1.56741e+07 -1.15484e+07 8.38832e+06 -1.13962e+06 -2.06611e+06 59042 
1.57103e+07 -1.1663e+07 8.24728e+06 -1.1665e+06 -2.10092e+06 65987 
1.57957e+07 -1.14406e+07 8.33429e+06 -1.13982e+06 -2.08475e+06 47404 
1.56247e+07 -1.17075e+07 8.32798e+06 -1.15318e+06 -2.08227e+06 72297 
1.58488e+07 -1.14677e+07 8.35245e+06 -1.14128e+06 -2.1118e+06 44210 
1.5582e+07 -1.16389e+07 8.41205e+06 -1.13983e+06 -2.06282e+06 67869 
1.57562e+07 -1.15971e+07 8.26636e+06 -1.16001e+06 -2.10686e+06 57034 
1.56821e+07 -1.15145e+07 8.38772e+06 -1.13594e+06 -2.06366e+06 59400 
1.56203e+07 -1.16514e+07 8.31144e+06 -1.15534e+06 -2.08687e+06 71856 
1.58073e+07 -1.14162e+07 8.31954e+06 -1.12646e+06 -2.08558e+06 45318 
1.56068e+07 -1.16932e+07 8.26496e+06 -1.14735e+06 -2.07248e+06 75781 
1.58463e+07 -1.15042e+07 8.31672e+06 -1.14902e+06 -2.10695e+06 49516 
1.55964e+07 -1.16173e+07 8.378e+06 -1.1396e+06 -2.05364e+06 69837 
1.57329e+07 -1.16342e+07 8.2744e+06 -1.16658e+06 -2.09891e+06 65950 
1.57375e+07 -1.14868e+07 8.35503e+06 -1.12668e+06 -2.06888e+06 50499 
1.55902e+07 -1.17501e+07 8.25378e+06 -1.161e+06 -2.07546e+06 76659 
1.55747e+07 -1.1682e+07 8.35829e+06 -1.15297e+06 -2.05784e+06 77593 
1.55747e+07 -1.1682e+07 8.35829e+06 -1.15297e+06 -2.05784e+06 77593 
1.57897e+07 -1.15914e+07 8.28028e+06 -1.16221e+06 -2.10546e+06 55859 
1.56793e+07 -1.15355e+07 8.32924e+06 -1.13208e+06 -2.06265e+06 57671 
1.57944e+07 -1.14648e+07 8.34311e+06 -1.14093e+06 -2.07972e+06 46417 
1.57944e+07 -1.14648e+07 8.34311e+06 -1.14093e+06 -2.07972e+06 46417 
1.58552e+07 -1.14626e+07 8.29669e+06 -1.14727e+06 -2.10443e+06 44549 
1.58552e+07 -1.14626e+07 8.29669e+06 -1.14727e+06 -2.10443e+06 44549 
1.57829e+07 -1.15681e+07 8.32881e+06 -1.16332e+06 -2.10976e+06 55853 
1.57829e+07 -1.15681e+07 8.32881e+06 -1.16332e+06 -2.10976e+06 55853 
1.56873e+07 -1.15275e+07 8.4364e+06 -1.13456e+06 -2.06563e+06 57673 
1.56932e+07 -1.167e+07 8.29984e+06 -1.17089e+06 -2.10313e+06 67161 
1.58219e+07 -1.13632e+07 8.36759e+06 -1.12376e+06 -2.08529e+06 45028 
1.56058e+07 -1.16966e+07 8.30623e+06 -1.15706e+06 -2.0864e+06 73811 
1.56165e+07 -1.16479e+07 8.34697e+06 -1.14393e+06 -2.06974e+06 74353 
1.56165e+07 -1.16479e+07 8.34697e+06 -1.14393e+06 -2.06974e+06 74353 
1.5776e+07 -1.15529e+07 8.27543e+06 -1.16084e+06 -2.10446e+06 56255 
1.56733e+07 -1.1526e+07 8.38441e+06 -1.12653e+06 -2.06434e+06 59038 
1.58404e+07 -1.14198e+07 8.36366e+06 -1.1266e+06 -2.08716e+06 46371 
1.58404e+07 -1.14198e+07 8.36366e+06 -1.1266e+06 -2.08716e+06 46371 
1.57827e+07 -1.15372e+07 8.33113e+06 -1.15623e+06 -2.09394e+06 51471 
1.56221e+07 -1.16055e+07 8.34862e+06 -1.13349e+06 -2.0587e+06 66953 
1.5708e+07 -1.16354e+07 8.33091e+06 -1.16598e+06 -2.09914e+06 63086 
1.57889e+07 -1.14471e+07 8.40752e+06 -1.12669e+06 -2.07229e+06 53129 
1.57889e+07 -1.14471e+07 8.40752e+06 -1.12669e+06 -2.07229e+06 53129 
1.56051e+07 -1.17237e+07 8.33794e+06 -1.17074e+06 -2.08144e+06 77301 
1.58304e+07 -1.14638e+07 8.31209e+06 -1.14857e+06 -2.08868e+06 48318 
1.56115e+07 -1.16846e+07 8.3254e+06 -1.15172e+06 -2.06666e+06 73401 
1.57671e+07 -1.15569e+07 8.33416e+06 -1.15981e+06 -2.10406e+06 52191 
1.57171e+07 -1.15375e+07 8.37153e+06 -1.13253e+06 -2.06966e+06 58815 
1.5809e+07 -1.14118e+07 8.32914e+06 -1.12428e+06 -2.08712e+06 44317 
1.57762e+07 -1.14706e+07 8.37549e+06 -1.13829e+06 -2.07709e+06 48408 
1.57939e+07 -1.15145e+07 8.30526e+06 -1.15659e+06 -2.10355e+06 54148 
1.58243e+07 -1.14627e+07 8.32424e+06 -1.14325e+06 -2.10023e+06 43000 
1.56421e+07 -1.16312e+07 8.37364e+06 -1.13858e+06 -2.07632e+06 67874 
1.5795e+07 -1.15453e+07 8.28444e+06 -1.15791e+06 -2.1106e+06 52719 
1.56612e+07 -1.16514e+07 8.31427e+06 -1.16676e+06 -2.09838e+06 69110 
1.56612e+07 -1.16514e+07 8.31427e+06 -1.16676e+06 -2.09838e+06 69110 
1.55873e+07 -1.16817e+07 8.31867e+06 -1.14563e+06 -2.07692e+06 72248 
1.57805e+07 -1.15092e+07 8.30494e+06 -1.14586e+06 -2.09414e+06 49152 
1.57805e+07 -1.15092e+07 8.30494e+06 -1.14586e+06 -2.09414e+06 49152 
1.56259e+07 -1.16044e+07 8.3314e+06 -1.134e+06 -2.06306e+06 71074 
1.57138e+07 -1.15943e+07 8.27851e+06 -1.16501e+06 -2.0951e+06 63503 
1.57015e+07 -1.15673e+07 8.36367e+06 -1.1393e+06 -2.05802e+06 61664 
1.56634e+07 -1.16685e+07 8.33647e+06 -1.15746e+06 -2.09115e+06 70407 
1.58203e+07 -1.14386e+07 8.3329e+06 -1.13314e+06 -2.08312e+06 48675 
1.5603e+07 -1.17155e+07 8.30159e+06 -1.15804e+06 -2.0719e+06 75695 
1.57829e+07 -1.15378e+07 8.28123e+06 -1.16123e+06 -2.09345e+06 53498 
1.57651e+07 -1.16061e+07 8.35583e+06 -1.1621e+06 -2.10677e+06 59767 
1.57651e+07 -1.16061e+07 8.35583e+06 -1.1621e+06 -2.10677e+06 59767 
1.573e+07 -1.15009e+07 8.36056e+06 -1.13405e+06 -2.07159e+06 52641 
1.56353e+07 -1.17359e+07 8.29641e+06 -1.16965e+06 -2.08664e+06 71455 
1.56168e+07 -1.16474e+07 8.36951e+06 -1.14399e+06 -2.07029e+06 66675 
1.56168e+07 -1.16474e+07 8.36951e+06 -1.14399e+06 -2.07029e+06 66675 
1.57792e+07 -1.15249e+07 8.36071e+06 -1.15624e+06 -2.10872e+06 50586 
1.56907e+07 -1.16841e+07 8.31444e+06 -1.1689e+06 -2.10072e+06 64649 
1.56907e+07 -1.16841e+07 8.31444e+06 -1.1689e+06 -2.10072e+06 64649 
1.57419e+07 -1.1484e+07 8.3975e+06 -1.14173e+06 -2.07733e+06 52159 
1.58182e+07 -1.14348e+07 8.45163e+06 -1.1391e+06 -2.10537e+06 47629 
1.58182e+07 -1.14348e+07 8.45163e+06 -1.1391e+06 -2.10537e+06 47629 
1.55869e+07 -1.1603e+07 8.37336e+06 -1.13115e+06 -2.0607e+06 63047 
1.57373e+07 -1.15875e+07 8.31045e+06 -1.16e+06 -2.10399e+06 60458 
1.56955e+07 -1.15273e+07 8.47611e+06 -1.13564e+06 -2.06395e+06 58505 
1.56164e+07 -1.17358e+07 8.27842e+06 -1.16461e+06 -2.08497e+06 72416 
1.55967e+07 -1.16925e+07 8.3259e+06 -1.14155e+06 -2.0693e+06 71469 
1.55967e+07 -1.16925e+07 8.3259e+06 -1.14155e+06 -2.0693e+06 71469 
1.57931e+07 -1.15269e+07 8.27624e+06 -1.15414e+06 -2.09892e+06 53281 
1.56193e+07 -1.15932e+07 8.40595e+06 -1.13661e+06 -2.05492e+06 67173 
1.57154e+07 -1.1635e+07 8.33481e+06 -1.16832e+06 -2.0956e+06 64752 
1.5681e+07 -1.16896e+07 8.25191e+06 -1.16158e+06 -2.09175e+06 66976 
1.5681e+07 -1.16896e+07 8.25191e+06 -1.16158e+06 -2.09175e+06 66976 
1.5598e+07 -1.17258e+07 8.29618e+06 -1.15969e+06 -2.07037e+06 74408 
1.5598e+07 -1.17258e+07 8.29618e+06 -1.15969e+06 -2.07037e+06 74408 
1.58045e+07 -1.15138e+07 8.33972e+06 -1.15902e+06 -2.10209e+06 50216 
1.55813e+07 -1.16572e+07 8.33975e+06 -1.15139e+06 -2.05478e+06 69961 
1.57538e+07 -1.15957e+07 8.2527e+06 -1.16016e+06 -2.10638e+06 57520 
1.57658e+07 -1.1502e+07 8.35755e+06 -1.13468e+06 -2.07635e+06 52890 
1.56511e+07 -1.16877e+07 8.32574e+06 -1.16469e+06 -2.09295e+06 69880 
1.56557e+07 -1.1585e+07 8.36705e+06 -1.13358e+06 -2.06518e+06 64822 
1.58135e+07 -1.14915e+07 8.28851e+06 -1.14967e+06 -2.1118e+06 47185 
1.56695e+07 -1.15742e+07 8.38078e+06 -1.1357e+06 -2.06818e+06 59975 
1.5705e+07 -1.16207e+07 8.32448e+06 -1.15824e+06 -2.10339e+06 63699 
1.57656e+07 -1.14609e+07 8.38533e+06 -1.13273e+06 -2.07781e+06 50820 
1.56096e+07 -1.17008e+07 8.28583e+06 -1.15978e+06 -2.08186e+06 75447 
1.56096e+07 -1.17008e+07 8.28583e+06 -1.15978e+06 -2.08186e+06 75447 
1.58354e+07 -1.14222e+07 8.30142e+06 -1.13479e+06 -2.09863e+06 43314 
1.55801e+07 -1.16743e+07 8.33932e+06 -1.14177e+06 -2.06381e+06 75037 
1.55857e+07 -1.16952e+07 8.33885e+06 -1.1575e+06 -2.07216e+06 76053 
1.56233e+07 -1.15789e+07 8.39915e+06 -1.13284e+06 -2.054e+06 64205 
1.57541e+07 -1.15929e+07 8.32703e+06 -1.16383e+06 -2.10034e+06 60770 
1.55626e+07 -1.175e+07 8.30714e+06 -1.16086e+06 -2.0684e+06 78636 
1.55626e+07 -1.175e+07 8.30714e+06 -1.16086e+06 -2.0684e+06 78636 
1.58741e+07 -1.14834e+07 8.2966e+06 -1.1454e+06 -2.10287e+06 47192 
1.56514e+07 -1.16251e+07 8.40983e+06 -1.142e+06 -2.06457e+06 71495 
1.577e+07 -1.16058e+07 8.30627e+06 -1.16657e+06 -2.10365e+06 61216 
1.57506e+07 -1.1492e+07 8.37332e+06 -1.13943e+06 -2.06704e+06 55788 
1.58441e+07 -1.14353e+07 8.38228e+06 -1.13399e+06 -2.09334e+06 43232 
1.58441e+07 -1.14353e+07 8.38228e+06 -1.13399e+06 -2.09334e+06 43232 
1.58475e+07 -1.148e+07 8.30166e+06 -1.15353e+06 -2.10897e+06 47980 
1.58475e+07 -1.148e+07 8.30166e+06 -1.15353e+06 -2.10897e+06 47980 
1.57054e+07 -1.16523e+07 8.30091e+06 -1.16613e+06 -2.10244e+06 67082 
1.57967e+07 -1.14564e+07 8.35442e+06 -1.1291e+06 -2.08555e+06 44415 
1.57967e+07 -1.14564e+07 8.35442e+06 -1.1291e+06 -2.08555e+06 44415 
1.56223e+07 -1.17092e+07 8.3057e+06 -1.16232e+06 -2.08479e+06 76859 
1.55878e+07 -1.1636e+07 8.28197e+06 -1.14194e+06 -2.06172e+06 70306 
1.55878e+07 -1.1636e+07 8.28197e+06 -1.14194e+06 -2.06172e+06 70306 
1.56977e+07 -1.14976e+07 8.40136e+06 -1.12451e+06 -2.06828e+06 55978 
1.56429e+07 -1.17162e+07 8.31685e+06 -1.16639e+06 -2.09335e+06 71481 
1.56429e+07 -1.17162e+07 8.31685e+06 -1.16639e+06 -2.09335e+06 71481 
1.58145e+07 -1.14549e+07 8.35236e+06 -1.13634e+06 -2.083e+06 47793 
1.56035e+07 -1.17057e+07 8.3826e+06 -1.14973e+06 -2.07228e+06 75726 
1.56257e+07 -1.15805e+07 8.41935e+06 -1.13145e+06 -2.05969e+06 67358 
1.56257e+07 -1.15805e+07 8.41935e+06 -1.13145e+06 -2.05969e+06 67358 
1.56936e+07 -1.15422e+07 8.35427e+06 -1.13529e+06 -2.05829e+06 56355 
1.56936e+07 -1.15422e+07 8.35427e+06 -1.13529e+06 -2.05829e+06 56355 
1.58316e+07 -1.14505e+07 8.35985e+06 -1.1369e+06 -2.08762e+06 45111 
1.58316e+07 -1.14505e+07 8.35985e+06 -1.1369e+06 -2.08762e+06 45111 
1.55598e+07 -1.172e+07 8.29935e+06 -1.15277e+06 -2.06452e+06 75895 
1.57888e+07 -1.15355e+07 8.30135e+06 -1.15843e+06 -2.09799e+06 51974 
1.5716e+07 -1.16148e+07 8.325e+06 -1.17028e+06 -2.10015e+06 64163 
1.5716e+07 -1.16148e+07 8.325e+06 -1.17028e+06 -2.10015e+06 64163 
1.57447e+07 -1.14979e+07 8.41895e+06 -1.13246e+06 -2.06908e+06 52900 
1.56836e+07 -1.16871e+07 8.3071e+06 -1.1648e+06 -2.09868e+06 67211 
1.58068e+07 -1.14503e+07 8.33942e+06 -1.13785e+06 -2.08824e+06 45543 
1.58205e+07 -1.14892e+07 8.36587e+06 -1.15547e+06 -2.10462e+06 49665 
1.55961e+07 -1.16415e+07 8.35169e+06 -1.14606e+06 -2.06414e+06 65936 
1.55961e+07 -1.16415e+07 8.35169e+06 -1.14606e+06 -2.06414e+06 65936 
1.56912e+07 -1.14866e+07 8.36122e+06 -1.12422e+06 -2.06652e+06 53235 
1.56912e+07 -1.14866e+07 8.36122e+06 -1.12422e+06 -2.06652e+06 53235 
1.56641e+07 -1.16727e+07 8.29919e+06 -1.15961e+06 -2.09535e+06 68724 
1.55888e+07 -1.16898e+07 8.25424e+06 -1.14824e+06 -2.07298e+06 70659 
1.58067e+07 -1.14882e+07 8.35461e+06 -1.14871e+06 -2.10108e+06 50469 
1.58067e+07 -1.14882e+07 8.35461e+06 -1.14871e+06 -2.10108e+06 50469 
1.56185e+07 -1.15632e+07 8.34616e+06 -1.1291e+06 -2.06122e+06 66839 
1.57451e+07 -1.14875e+07 8.421e+06 -1.13448e+06 -2.06872e+06 60627 
1.57451e+07 -1.14875e+07 8.421e+06 -1.13448e+06 -2.06872e+06 60627 
1.56721e+07 -1.17031e+07 8.31828e+06 -1.15966e+06 -2.08982e+06 71988 
1.55947e+07 -1.17091e+07 8.31488e+06 -1.14966e+06 -2.06516e+06 73979 
1.55947e+07 -1.17091e+07 8.31488e+06 -1.14966e+06 -2.06516e+06 73979 
1.57647e+07 -1.15474e+07 8.30054e+06 -1.15482e+06 -2.09935e+06 55631 
1.57083e+07 -1.16465e+07 8.29185e+06 -1.16092e+06 -2.09592e+06 64593 
1.57682e+07 -1.14638e+07 8.39759e+06 -1.13335e+06 -2.07444e+06 53154 
1.57682e+07 -1.14638e+07 8.39759e+06 -1.13335e+06 -2.07444e+06 53154 
1.58151e+07 -1.15064e+07 8.38324e+06 -1.15574e+06 -2.09217e+06 50500 
1.58151e+07 -1.15064e+07 8.38324e+06 -1.15574e+06 -2.09217e+06 50500 
1.56207e+07 -1.17099e+07 8.31133e+06 -1.15382e+06 -2.06165e+06 71410 
1.57111e+07 -1.15155e+07 8.35491e+06 -1.13479e+06 -2.06696e+06 57891 
1.56876e+07 -1.16449e+07 8.28077e+06 -1.16394e+06 -2.09637e+06 66750 
1.56876e+07 -1.16449e+07 8.28077e+06 -1.16394e+06 -2.09637e+06 66750 
1.5783e+07 -1.14762e+07 8.34034e+06 -1.14699e+06 -2.08252e+06 50786 
1.566e+07 -1.1676e+07 8.29886e+06 -1.15416e+06 -2.08026e+06 71988 
1.58241e+07 -1.14703e+07 8.35219e+06 -1.14853e+06 -2.10461e+06 45391 
1.56355e+07 -1.16025e+07 8.41375e+06 -1.13643e+06 -2.06988e+06 65343 
1.57968e+07 -1.15817e+07 8.37513e+06 -1.16083e+06 -2.11413e+06 55659 
1.56656e+07 -1.16997e+07 8.33398e+06 -1.16285e+06 -2.09313e+06 68829 
1.57793e+07 -1.14157e+07 8.39438e+06 -1.13057e+06 -2.08723e+06 46586 
1.57793e+07 -1.14157e+07 8.39438e+06 -1.13057e+06 -2.08723e+06 46586 
1.57947e+07 -1.14755e+07 8.30919e+06 -1.14434e+06 -2.10311e+06 49819 
1.56185e+07 -1.15656e+07 8.35872e+06 -1.13532e+06 -2.05663e+06 69073 
1.56185e+07 -1.15656e+07 8.35872e+06 -1.13532e+06 -2.05663e+06 69073 
1.56845e+07 -1.1517e+07 8.38287e+06 -1.1326e+06 -2.06375e+06 56263 
1.56263e+07 -1.16852e+07 8.28201e+06 -1.15329e+06 -2.08554e+06 72349 
1.56263e+07 -1.16852e+07 8.28201e+06 -1.15329e+06 -2.08554e+06 72349 
1.5803e+07 -1.1488e+07 8.40077e+06 -1.14296e+06 -2.0899e+06 46947 
1.56128e+07 -1.17173e+07 8.35986e+06 -1.15239e+06 -2.06408e+06 76650 
1.57886e+07 -1.15122e+07 8.32812e+06 -1.15694e+06 -2.09703e+06 53114 
1.56951e+07 -1.16375e+07 8.26179e+06 -1.16108e+06 -2.09492e+06 66737 
1.56951e+07 -1.16375e+07 8.26179e+06 -1.16108e+06 -2.09492e+06 66737 
1.58107e+07 -1.14287e+07 8.34546e+06 -1.1291e+06 -2.08055e+06 50879 
1.5817e+07 -1.14555e+07 8.33161e+06 -1.14765e+06 -2.0955e+06 46068 
1.5817e+07 -1.14555e+07 8.33161e+06 -1.14765e+06 -2.0955e+06 46068 
1.57797e+07 -1.15963e+07 8.33241e+06 -1.16705e+06 -2.1061e+06 57454 
1.57797e+07 -1.15963e+07 8.33241e+06 -1.16705e+06 -2.1061e+06 57454 
1.56849e+07 -1.15288e+07 8.33505e+06 -1.13456e+06 -2.06666e+06 54798 
1.58353e+07 -1.1428e+07 8.34595e+06 -1.13455e+06 -2.08979e+06 43823 
1.58353e+07 -1.1428e+07 8.34595e+06 -1.13455e+06 -2.08979e+06 43823 
1.58564e+07 -1.14545e+07 8.33838e+06 -1.15131e+06 -2.10625e+06 47777 
1.58564e+07 -1.14545e+07 8.33838e+06 -1.15131e+06 -2.10625e+06 47777 
1.5758e+07 -1.15554e+07 8.31545e+06 -1.15698e+06 -2.11027e+06 56041 
1.5758e+07 -1.15554e+07 8.31545e+06 -1.15698e+06 -2.11027e+06 56041 
1.57285e+07 -1.14619e+07 8.40149e+06 -1.11653e+06 -2.07294e+06 52500 
1.56333e+07 -1.16898e+07 8.34264e+06 -1.16304e+06 -2.09199e+06 74049 
1.57929e+07 -1.14461e+07 8.38838e+06 -1.13413e+06 -2.08185e+06 47752 
1.55488e+07 -1.17241e+07 8.30032e+06 -1.15695e+06 -2.06498e+06 78575 
1.58211e+07 -1.15072e+07 8.33184e+06 -1.15007e+06 -2.09927e+06 48613 
1.56106e+07 -1.15933e+07 8.36292e+06 -1.12806e+06 -2.05844e+06 64920 
1.57101e+07 -1.16017e+07 8.33703e+06 -1.16093e+06 -2.0989e+06 60526 
1.57115e+07 -1.15042e+07 8.37672e+06 -1.12886e+06 -2.06294e+06 55183 
1.57834e+07 -1.14866e+07 8.35405e+06 -1.14165e+06 -2.07656e+06 49621 
1.57834e+07 -1.14866e+07 8.35405e+06 -1.14165e+06 -2.07656e+06 49621 
1.55793e+07 -1.17448e+07 8.26065e+06 -1.16103e+06 -2.07025e+06 71836 
1.58208e+07 -1.14973e+07 8.34908e+06 -1.14962e+06 -2.09539e+06 46743 
1.57311e+07 -1.15934e+07 8.24704e+06 -1.17009e+06 -2.10102e+06 57915 
1.57311e+07 -1.15934e+07 8.24704e+06 -1.17009e+06 -2.10102e+06 57915 
1.56863e+07 -1.15415e+07 8.30653e+06 -1.13778e+06 -2.06397e+06 58062 
1.56677e+07 -1.17151e+07 8.2974e+06 -1.17602e+06 -2.09616e+06 69837 
1.58313e+07 -1.14556e+07 8.33496e+06 -1.13705e+06 -2.08708e+06 44214 
1.56145e+07 -1.16574e+07 8.34189e+06 -1.14624e+06 -2.08373e+06 70524 
1.58486e+07 -1.14856e+07 8.34863e+06 -1.15027e+06 -2.1073e+06 45814 
1.56279e+07 -1.16217e+07 8.37693e+06 -1.13943e+06 -2.06673e+06 65554 
1.57733e+07 -1.15907e+07 8.26556e+06 -1.16622e+06 -2.10948e+06 59325 
1.5688e+07 -1.15171e+07 8.37082e+06 -1.12974e+06 -2.06749e+06 54814 
1.57808e+07 -1.1446e+07 8.34828e+06 -1.1321e+06 -2.0879e+06 46738 
1.57808e+07 -1.1446e+07 8.34828e+06 -1.1321e+06 -2.0879e+06 46738 
1.55944e+07 -1.16672e+07 8.29601e+06 -1.14695e+06 -2.07342e+06 72699 
1.57665e+07 -1.15209e+07 8.35075e+06 -1.15577e+06 -2.09727e+06 53492 
1.56133e+07 -1.16178e+07 8.32851e+06 -1.13745e+06 -2.05611e+06 67428 
1.57177e+07 -1.14777e+07 8.36202e+06 -1.12364e+06 -2.06518e+06 53286 
1.57177e+07 -1.14777e+07 8.36202e+06 -1.12364e+06 -2.06518e+06 53286 
1.55984e+07 -1.17344e+07 8.30329e+06 -1.16301e+06 -2.07989e+06 75932 
1.57923e+07 -1.14852e+07 8.36469e+06 -1.14715e+06 -2.08366e+06 51450 
1.55855e+07 -1.17472e+07 8.3206e+06 -1.15614e+06 -2.06176e+06 72440 
1.57855e+07 -1.15433e+07 8.2926e+06 -1.15853e+06 -2.09941e+06 55724 
1.56555e+07 -1.15543e+07 8.35321e+06 -1.12889e+06 -2.0612e+06 61473 
1.57285e+07 -1.1675e+07 8.27144e+06 -1.16914e+06 -2.1008e+06 67099 
1.56233e+07 -1.17187e+07 8.33858e+06 -1.16511e+06 -2.07996e+06 72483 
1.56233e+07 -1.17187e+07 8.33858e+06 -1.16511e+06 -2.07996e+06 72483 
1.56334e+07 -1.16159e+07 8.31293e+06 -1.14058e+06 -2.06807e+06 67113 
1.56334e+07 -1.16159e+07 8.31293e+06 -1.14058e+06 -2.06807e+06 67113 
1.57821e+07 -1.15714e+07 8.32557e+06 -1.16381e+06 -2.1108e+06 56301 
1.57083e+07 -1.1537e+07 8.35051e+06 -1.13614e+06 -2.06834e+06 56954 
1.56987e+07 -1.16743e+07 8.31648e+06 -1.16899e+06 -2.10184e+06 66832 
1.58115e+07 -1.14559e+07 8.41615e+06 -1.13876e+06 -2.0853e+06 45960 
1.56338e+07 -1.1643e+07 8.2919e+06 -1.14812e+06 -2.08489e+06 72427 
1.58063e+07 -1.14598e+07 8.33539e+06 -1.14387e+06 -2.10034e+06 46282 
1.56317e+07 -1.15751e+07 8.33804e+06 -1.12914e+06 -2.06927e+06 66000 
1.57451e+07 -1.15914e+07 8.30424e+06 -1.16324e+06 -2.1041e+06 57218 
1.5654e+07 -1.1512e+07 8.31569e+06 -1.13205e+06 -2.06186e+06 59452 
1.56805e+07 -1.16648e+07 8.30047e+06 -1.16201e+06 -2.09488e+06 67986 
1.57576e+07 -1.14249e+07 8.34266e+06 -1.12847e+06 -2.07996e+06 50470 
1.56095e+07 -1.16911e+07 8.33774e+06 -1.1486e+06 -2.07648e+06 72040 
1.57847e+07 -1.1512e+07 8.34426e+06 -1.15164e+06 -2.09546e+06 52311 
1.55606e+07 -1.16339e+07 8.37198e+06 -1.14016e+06 -2.05257e+06 69272 
1.5721e+07 -1.16976e+07 8.28726e+06 -1.17351e+06 -2.09641e+06 63482 
1.56712e+07 -1.15716e+07 8.39688e+06 -1.1386e+06 -2.05763e+06 59880 
1.56669e+07 -1.16954e+07 8.24903e+06 -1.16062e+06 -2.0893e+06 69588 
1.57642e+07 -1.14842e+07 8.34498e+06 -1.14075e+06 -2.07681e+06 49962 
1.56244e+07 -1.17184e+07 8.2656e+06 -1.15391e+06 -2.07331e+06 73892 
1.55986e+07 -1.1655e+07 8.3736e+06 -1.14934e+06 -2.05567e+06 73205 
1.55986e+07 -1.1655e+07 8.3736e+06 -1.14934e+06 -2.05567e+06 73205 
1.57781e+07 -1.15839e+07 8.30354e+06 -1.16395e+06 -2.10466e+06 54275 
