0.0526259 0.247948 0.217925 0.0836132 0.224243 0.0913322 
0.0888722 0.472321 0.426068 0.171388 0.444068 0.183504 
0.153542 0.719272 0.651805 0.254371 0.670917 0.273051 
0.212264 0.929592 0.8466 0.342514 0.889947 0.364649 
0.307514 1.20466 1.05558 0.417311 1.12144 0.452892 
0.293374 1.16961 1.04337 0.42257 1.11458 0.453959 
0.350673 1.20165 1.03377 0.41078 1.12296 0.450846 
0.336239 1.19891 1.01859 0.412367 1.11856 0.451557 
0.356368 1.23327 1.02378 0.403484 1.12207 0.450147 
0.335707 1.22124 1.01753 0.408664 1.11813 0.450751 
0.345214 1.21782 1.0242 0.407652 1.11751 0.450105 
0.340474 1.22784 1.03331 0.407887 1.11863 0.449575 
0.335366 1.20398 1.03141 0.412468 1.11496 0.450753 
0.343663 1.21098 1.03054 0.412009 1.11794 0.449413 
0.324277 1.18007 1.04463 0.419626 1.11405 0.450925 
0.337431 1.19458 1.03179 0.415865 1.11679 0.450634 
0.319422 1.18878 1.04042 0.419351 1.11531 0.451 
0.324431 1.1783 1.04925 0.420612 1.1142 0.451488 
0.320883 1.19509 1.06611 0.41798 1.1167 0.45114 
0.312385 1.18181 1.05618 0.420512 1.11417 0.452663 
0.331301 1.20848 1.07203 0.413448 1.11973 0.451972 
0.316096 1.19702 1.0655 0.417079 1.11747 0.453336 
0.320177 1.21163 1.05182 0.41196 1.1178 0.452388 
0.290798 1.16766 1.03965 0.421084 1.10779 0.454863 
0.324756 1.20883 1.04126 0.410077 1.11667 0.452027 
0.292345 1.16713 1.02538 0.422803 1.11089 0.453861 
0.322497 1.17004 1.02098 0.417008 1.11295 0.452338 
0.313451 1.16802 1.03294 0.421197 1.11591 0.451955 
0.328356 1.20391 1.03916 0.415583 1.12553 0.451086 
0.302653 1.15641 1.01788 0.423587 1.11471 0.453401 
0.345746 1.21367 1.03015 0.409221 1.12577 0.449763 
0.314163 1.18192 1.02337 0.420409 1.11798 0.452246 
0.360022 1.22095 1.01763 0.40707 1.12319 0.450182 
0.38193 1.22206 1.01762 0.403535 1.12174 0.448603 
0.400861 1.23946 1.03403 0.398496 1.12422 0.447508 
0.374336 1.23092 1.03379 0.402786 1.11965 0.447423 
0.378876 1.22534 1.03696 0.403408 1.11844 0.447262 
0.37995 1.23764 1.03551 0.402996 1.12154 0.447297 
0.330879 1.19497 1.02691 0.416432 1.11402 0.450854 
0.336832 1.2171 1.02483 0.411972 1.11716 0.449734 
0.320792 1.19553 1.03444 0.418127 1.11389 0.452257 
0.330546 1.22112 1.0302 0.411392 1.11615 0.451347 
0.309691 1.19854 1.04165 0.41765 1.1146 0.452393 
0.33898 1.23092 1.06026 0.41006 1.12367 0.449917 
0.310183 1.19362 1.0507 0.420934 1.11851 0.453192 
0.343099 1.21391 1.03878 0.412918 1.12328 0.450425 
0.362007 1.21888 1.04085 0.410716 1.12892 0.449227 
0.378117 1.21298 1.02038 0.409138 1.12777 0.448565 
0.36114 1.18152 1.0054 0.412858 1.11865 0.450747 
0.364365 1.18652 1.01845 0.410072 1.11762 0.45012 
0.357348 1.20102 1.02249 0.407638 1.11854 0.45061 
0.365044 1.21443 1.01471 0.404534 1.12132 0.449825 
0.372741 1.22784 1.00694 0.40143 1.12411 0.449041 
0.371481 1.24354 1.01991 0.401505 1.12847 0.448922 
0.398446 1.26104 1.0156 0.396519 1.13374 0.447137 
0.391041 1.24337 1.02117 0.401713 1.13228 0.447952 
0.39548 1.25836 1.03681 0.399399 1.13421 0.447466 
0.337885 1.21664 1.05221 0.411366 1.12138 0.450903 
0.380215 1.24376 1.03434 0.401179 1.12579 0.447889 
0.345272 1.24418 1.05168 0.405485 1.12311 0.448797 
0.324897 1.22864 1.0509 0.409932 1.11757 0.449771 
0.291201 1.18777 1.04298 0.416394 1.10608 0.453037 
0.296829 1.18131 1.04242 0.417061 1.10525 0.45323 
0.294292 1.18954 1.05332 0.417798 1.10692 0.452535 
0.291631 1.17332 1.04705 0.421602 1.10512 0.454079 
0.328571 1.18485 1.03447 0.414867 1.10894 0.453134 
0.346009 1.20122 1.04046 0.411707 1.11416 0.452161 
0.364753 1.2467 1.0367 0.404419 1.12485 0.450313 
0.34551 1.24454 1.03828 0.406271 1.12384 0.450996 
0.345603 1.22713 1.03563 0.408281 1.12305 0.451944 
0.349527 1.24139 1.03185 0.405719 1.12604 0.450807 
0.353451 1.25565 1.02808 0.403157 1.12902 0.449669 
0.366409 1.23728 1.02352 0.401644 1.1255 0.449868 
0.367638 1.2063 1.00917 0.404598 1.12033 0.451364 
0.369326 1.20762 1.00954 0.401533 1.11886 0.450366 
0.327581 1.14952 1.01733 0.413579 1.10799 0.453943 
0.329582 1.15157 1.02528 0.413438 1.10973 0.45318 
0.30434 1.12879 1.03577 0.422077 1.10733 0.454977 
0.294138 1.14296 1.05271 0.423391 1.11053 0.454841 
0.312938 1.15846 1.03754 0.419602 1.11331 0.454063 
0.343932 1.21829 1.02509 0.409032 1.12461 0.450148 
0.331181 1.21797 1.01248 0.41065 1.12331 0.450573 
0.376947 1.26847 1.0259 0.396452 1.13117 0.44679 
0.407673 1.28202 1.03287 0.389577 1.13343 0.44494 
0.390342 1.29454 1.05047 0.392288 1.13408 0.444176 
0.382655 1.28688 1.06016 0.395909 1.13308 0.445115 
0.360786 1.23803 1.0658 0.405637 1.12263 0.448152 
0.320012 1.18901 1.04629 0.416993 1.11228 0.451525 
0.307777 1.19477 1.03228 0.418178 1.11265 0.451596 
0.300864 1.18983 1.02825 0.419844 1.10915 0.452605 
0.278843 1.15884 1.02662 0.428276 1.10367 0.454306 
0.271005 1.16904 1.02904 0.430602 1.10765 0.45391 
0.285689 1.18627 1.02639 0.424994 1.11125 0.453056 
0.267857 1.1721 1.02028 0.429864 1.11021 0.454434 
0.312172 1.20185 1.02168 0.420382 1.12341 0.451776 
0.308015 1.18535 1.02403 0.421386 1.12066 0.452882 
0.303857 1.16885 1.02638 0.422389 1.1179 0.453987 
0.324329 1.19282 1.02432 0.417261 1.12524 0.453032 
0.306956 1.16745 1.03028 0.422391 1.12028 0.454825 
0.300736 1.14781 1.0224 0.424054 1.11347 0.455618 
0.336851 1.19276 1.0437 0.414639 1.12328 0.45347 
0.359677 1.20328 1.03997 0.409669 1.12482 0.452786 
0.314706 1.15967 1.04002 0.422502 1.11441 0.454681 
0.311557 1.14203 1.03 0.424769 1.11023 0.454899 
0.322592 1.1616 1.0434 0.420516 1.11277 0.453519 
0.289901 1.1405 1.03143 0.426295 1.10405 0.453874 
0.311398 1.16268 1.03595 0.421007 1.10684 0.452232 
0.327911 1.19866 1.0573 0.413297 1.11352 0.450487 
0.36131 1.25512 1.07169 0.401084 1.12209 0.447124 
0.350333 1.2674 1.06928 0.401612 1.12319 0.446747 
0.348949 1.25272 1.05333 0.404653 1.12164 0.448472 
0.350969 1.27184 1.04706 0.401207 1.12543 0.447292 
0.330057 1.25436 1.03619 0.4069 1.12105 0.449341 
0.321762 1.22223 1.01768 0.411961 1.11585 0.451337 
0.313895 1.20731 1.02826 0.41667 1.11629 0.45309 
0.317966 1.1971 1.03242 0.416975 1.11574 0.452802 
0.311143 1.197 1.04451 0.417525 1.11663 0.452829 
0.305217 1.17711 1.05194 0.420176 1.11464 0.453545 
0.322382 1.18591 1.0557 0.418004 1.11896 0.452696 
0.30994 1.14916 1.02306 0.422872 1.11088 0.453967 
0.3191 1.15892 1.00841 0.419295 1.11214 0.453361 
0.278482 1.10209 0.992107 0.432294 1.10251 0.457684 
0.285524 1.09448 0.973921 0.432737 1.10227 0.458134 
0.293159 1.11242 0.982705 0.428087 1.10542 0.456908 
0.275331 1.11544 1.01139 0.4305 1.1058 0.456718 
0.296288 1.13537 1.01962 0.424666 1.10975 0.455247 
0.320159 1.18829 1.02906 0.414732 1.11771 0.451437 
0.330945 1.19523 1.02553 0.411877 1.11758 0.45056 
0.334828 1.19665 1.02242 0.412764 1.11941 0.450337 
0.337903 1.19273 1.01914 0.412731 1.11772 0.45093 
0.355211 1.21443 1.02855 0.40875 1.12169 0.449183 
0.341909 1.19737 1.04067 0.412915 1.11754 0.450409 
0.363013 1.22073 1.03278 0.407145 1.12062 0.448676 
0.315539 1.16937 1.04281 0.419023 1.10702 0.452564 
0.323516 1.16662 1.04043 0.41807 1.10646 0.452725 
0.323993 1.18235 1.04188 0.416898 1.10887 0.452104 
0.359113 1.19576 1.02663 0.409835 1.11164 0.450944 
0.372913 1.21475 1.04436 0.405628 1.11525 0.449811 
0.38504 1.21979 1.0302 0.403623 1.11743 0.449594 
0.397167 1.22484 1.01603 0.401618 1.11961 0.449377 
0.380887 1.22295 1.01568 0.404398 1.11888 0.450131 
0.333812 1.17736 1.01973 0.41784 1.11064 0.453538 
0.28514 1.14403 1.03199 0.429667 1.10532 0.456101 
0.260436 1.14478 1.04911 0.432953 1.10539 0.456383 
0.275688 1.16557 1.05434 0.427772 1.10965 0.454412 
0.257911 1.15293 1.05833 0.431038 1.10707 0.456129 
0.302238 1.21241 1.05383 0.416587 1.12031 0.452263 
0.302853 1.20541 1.03365 0.417181 1.11884 0.452761 
0.303469 1.19842 1.01348 0.417775 1.11737 0.453259 
0.315477 1.22328 1.01862 0.412661 1.1216 0.452246 
0.323759 1.18532 1.00561 0.41402 1.11688 0.453378 
0.310156 1.14085 1.00207 0.420568 1.10847 0.455536 
0.317123 1.13374 1.0202 0.419797 1.10662 0.454936 
0.373072 1.18853 1.03556 0.404892 1.11799 0.450341 
0.377673 1.19143 1.0375 0.404163 1.11947 0.44951 
0.387632 1.2042 1.04525 0.400909 1.12082 0.448398 
0.397591 1.21696 1.05301 0.397655 1.12217 0.447285 
0.415691 1.2362 1.04785 0.392492 1.12484 0.447181 
0.407871 1.24712 1.04784 0.392305 1.1239 0.447398 
0.40005 1.25804 1.04783 0.392119 1.12296 0.447616 
0.408835 1.28913 1.05925 0.38725 1.1264 0.446806 
0.41762 1.32022 1.07068 0.382381 1.12984 0.445997 
0.404924 1.32561 1.07086 0.385389 1.13312 0.445285 
0.394224 1.28454 1.04671 0.391708 1.12723 0.447942 
0.378808 1.26893 1.0473 0.397924 1.12584 0.449045 
0.345398 1.22712 1.02648 0.40908 1.11737 0.451657 
0.292068 1.16751 1.01979 0.42522 1.10769 0.454708 
0.276817 1.14398 1.02305 0.42928 1.10207 0.455891 
0.276818 1.16031 1.038 0.425743 1.10484 0.454107 
0.254461 1.1345 1.03139 0.432058 1.09992 0.456197 
0.27153 1.13975 1.03949 0.428946 1.1041 0.454934 
0.286708 1.18637 1.04799 0.419416 1.11162 0.451962 
0.327619 1.24032 1.04833 0.405105 1.12332 0.448652 
0.32822 1.24727 1.05895 0.404237 1.1262 0.448611 
0.325963 1.2248 1.05125 0.407052 1.12337 0.448741 
0.347128 1.25098 1.05812 0.400862 1.12944 0.447276 
0.378512 1.22404 1.04483 0.401314 1.12913 0.448799 
0.384165 1.18978 1.03969 0.406548 1.12463 0.45066 
0.388218 1.18754 1.0349 0.408966 1.12538 0.451469 
0.410564 1.19048 1.04159 0.405975 1.12683 0.451594 
0.413102 1.19888 1.04382 0.405567 1.1284 0.451188 
0.373582 1.19111 1.05246 0.41223 1.12263 0.452045 
0.353699 1.20966 1.06203 0.413758 1.12411 0.451872 
0.335418 1.19619 1.07125 0.418101 1.12033 0.452752 
0.341475 1.2461 1.08001 0.409093 1.12689 0.450279 
0.297066 1.19297 1.0658 0.423067 1.11559 0.453527 
0.306304 1.18555 1.05082 0.424763 1.11587 0.453794 
0.331496 1.19982 1.04876 0.417447 1.11854 0.452766 
0.311764 1.17553 1.04555 0.423239 1.11375 0.453859 
0.324132 1.15206 1.04501 0.424766 1.11164 0.455342 
0.327832 1.18999 1.05823 0.418491 1.11798 0.453708 
0.353384 1.24124 1.06729 0.405424 1.12745 0.451546 
0.343344 1.24448 1.06249 0.406504 1.12731 0.451709 
0.338882 1.23751 1.04339 0.407096 1.12549 0.452408 
0.34116 1.2512 1.03555 0.404229 1.12769 0.451857 
0.338021 1.23709 1.04244 0.406883 1.12672 0.452896 
0.332376 1.22535 1.04948 0.410327 1.12744 0.453389 
0.32673 1.21362 1.05652 0.413772 1.12817 0.453883 
0.383753 1.25801 1.07584 0.4006 1.14021 0.450524 
0.339855 1.22162 1.07875 0.412985 1.13288 0.452161 
0.333143 1.20784 1.06495 0.415491 1.12936 0.45248 
0.352563 1.21047 1.05388 0.411537 1.12709 0.451768 
0.348382 1.19904 1.05824 0.414947 1.12502 0.452904 
0.331817 1.16571 1.03066 0.421724 1.11762 0.454862 
0.347866 1.16328 1.03098 0.420164 1.11731 0.454663 
0.363916 1.16084 1.03131 0.418604 1.117 0.454465 
0.364584 1.17079 1.05008 0.417894 1.11825 0.453506 
0.346184 1.1623 1.03628 0.420294 1.11269 0.454185 
0.357313 1.19089 1.05866 0.414016 1.11493 0.453053 
0.360236 1.22132 1.06708 0.409093 1.12101 0.452288 
0.378123 1.26518 1.07237 0.400502 1.12954 0.45011 
0.365913 1.26455 1.06053 0.403524 1.13044 0.450797 
0.371672 1.24899 1.069 0.405321 1.12901 0.45149 
0.375053 1.25842 1.06918 0.4042 1.13273 0.450882 
0.391042 1.25906 1.0572 0.400917 1.13095 0.450134 
0.392066 1.24626 1.04834 0.401301 1.12671 0.450798 
0.367347 1.21922 1.03222 0.408055 1.12398 0.452657 
0.376434 1.22523 1.01913 0.404622 1.12562 0.451543 
0.362722 1.22345 1.02769 0.406039 1.12552 0.451899 
0.335219 1.18936 1.02911 0.41614 1.12199 0.454728 
0.296596 1.15796 1.03952 0.425805 1.11876 0.456651 
0.283717 1.14082 1.05718 0.429101 1.11401 0.457379 
0.296384 1.15183 1.04468 0.425417 1.11686 0.456443 
0.28362 1.14617 1.04255 0.427853 1.11489 0.457267 
0.295492 1.15054 1.04514 0.424886 1.11536 0.456202 
0.341853 1.20029 1.0516 0.411154 1.12339 0.453232 
0.390268 1.23855 1.05259 0.397802 1.1292 0.450668 
0.404032 1.26303 1.07753 0.392366 1.13199 0.449251 
0.387603 1.24196 1.07475 0.397392 1.12767 0.449738 
0.400397 1.28393 1.09324 0.389338 1.13434 0.447352 
0.389821 1.27781 1.09888 0.392485 1.13315 0.447777 
0.35753 1.2406 1.08305 0.403409 1.12542 0.45065 
0.358662 1.25123 1.08187 0.402554 1.12747 0.449772 
0.349503 1.22854 1.06813 0.407841 1.12302 0.451157 
0.369397 1.22801 1.03962 0.405837 1.12314 0.450725 
0.349483 1.20967 1.03183 0.412058 1.11943 0.452443 
0.358053 1.21915 1.04357 0.40949 1.1198 0.450976 
0.344557 1.21498 1.04189 0.413159 1.11973 0.452209 
0.345267 1.21378 1.05015 0.41205 1.11812 0.452051 
0.337191 1.21388 1.05248 0.413092 1.1196 0.452232 
0.319813 1.18219 1.04554 0.419538 1.1151 0.45331 
0.3399 1.20779 1.03331 0.414543 1.12161 0.452156 
0.316176 1.18323 1.0394 0.421368 1.11734 0.453372 
0.340141 1.19812 1.03206 0.416149 1.12181 0.453116 
0.335029 1.19338 1.04485 0.417244 1.12325 0.453589 
0.331655 1.19072 1.03889 0.416254 1.12058 0.454314 
0.34453 1.2054 1.0394 0.412496 1.12547 0.453506 
0.335332 1.18914 1.04229 0.415535 1.12269 0.454649 
0.361 1.20587 1.04887 0.410356 1.12772 0.453673 
0.34674 1.20288 1.04956 0.412039 1.12503 0.454347 
0.395699 1.2633 1.05037 0.398496 1.13734 0.44939 
0.382121 1.26386 1.05741 0.399791 1.13576 0.448529 
0.431486 1.3047 1.0491 0.386514 1.14155 0.445117 
0.385529 1.29212 1.05875 0.394016 1.13638 0.445619 
0.360605 1.26759 1.06084 0.399922 1.12939 0.446852 
0.352582 1.26599 1.08215 0.401365 1.12844 0.448496 
0.34456 1.26439 1.10345 0.402807 1.12749 0.45014 
0.314212 1.22949 1.08817 0.412768 1.11978 0.454036 
0.311637 1.21201 1.07782 0.417144 1.11682 0.454805 
0.309063 1.19454 1.06746 0.42152 1.11386 0.455575 
0.317295 1.18705 1.03829 0.41923 1.11175 0.455532 
0.289071 1.15272 1.02825 0.427964 1.10601 0.456951 
0.292145 1.1502 1.03341 0.427375 1.10621 0.455457 
0.326909 1.20091 1.02618 0.417677 1.1172 0.451954 
0.331028 1.20247 1.0318 0.415731 1.11647 0.453135 
0.332741 1.2044 1.05223 0.416264 1.11957 0.452524 
0.326078 1.19335 1.04857 0.417636 1.11781 0.454622 
0.342225 1.21201 1.04607 0.412683 1.12314 0.453325 
0.324455 1.19841 1.06793 0.415814 1.11969 0.455201 
0.340235 1.19669 1.05466 0.413949 1.1225 0.453711 
0.32666 1.19103 1.04422 0.416711 1.12225 0.453954 
0.331106 1.17424 1.04105 0.417793 1.12037 0.454065 
0.340111 1.19312 1.05462 0.41414 1.12349 0.452443 
0.326593 1.1582 1.07156 0.420181 1.11804 0.453204 
0.346671 1.18226 1.07927 0.413666 1.1218 0.4516 
0.342558 1.18494 1.09212 0.413992 1.12011 0.452709 
0.357303 1.18468 1.07516 0.412749 1.12111 0.451976 
0.358721 1.19933 1.0713 0.411024 1.12328 0.451814 
0.359208 1.20315 1.05614 0.409819 1.12101 0.452418 
0.371639 1.22166 1.04411 0.406706 1.1249 0.450993 
0.359816 1.20064 1.03554 0.41241 1.12159 0.451839 
0.367988 1.22396 1.04325 0.406699 1.12228 0.450502 
0.329228 1.16642 1.03747 0.420255 1.11003 0.454737 
0.337565 1.16892 1.02005 0.419121 1.11037 0.454938 
0.332333 1.17762 1.04561 0.418878 1.11115 0.454506 
0.315047 1.15764 1.04801 0.422881 1.1058 0.456093 
0.309553 1.1771 1.05734 0.425155 1.11228 0.455309 
0.319559 1.20523 1.06392 0.422005 1.12101 0.453453 
0.329086 1.20572 1.06366 0.420159 1.1227 0.453217 
0.322321 1.20144 1.05969 0.423574 1.12397 0.453403 
0.326008 1.18998 1.04471 0.424713 1.12371 0.453682 
0.344595 1.18846 1.04429 0.418399 1.1243 0.452902 
0.323792 1.16437 1.03719 0.422801 1.11921 0.454313 
0.343466 1.18088 1.03589 0.417992 1.12385 0.453291 
0.3297 1.17313 1.04236 0.420031 1.12168 0.454395 
0.337864 1.17753 1.0396 0.416982 1.12207 0.453893 
0.340847 1.18506 1.0468 0.416459 1.12432 0.453536 
0.349583 1.17054 1.0508 0.417587 1.12359 0.454036 
0.35988 1.18703 1.05871 0.413196 1.12658 0.452847 
0.362075 1.15695 1.03372 0.414076 1.12051 0.45505 
0.380592 1.16623 1.0327 0.410123 1.12345 0.454553 
0.367498 1.13571 1.02059 0.416789 1.11573 0.456195 
0.403303 1.19658 1.0259 0.401389 1.12257 0.452307 
0.362909 1.17132 1.0251 0.412528 1.11541 0.45426 
0.345473 1.17908 1.03854 0.417101 1.11419 0.453984 
0.360322 1.206 1.04892 0.411563 1.11707 0.451542 
0.359313 1.21584 1.04603 0.408489 1.11597 0.451822 
0.343043 1.17892 1.0356 0.415111 1.10896 0.454582 
0.347926 1.16786 1.03056 0.415651 1.10754 0.454667 
0.352809 1.1568 1.02552 0.41619 1.10613 0.454753 
0.324819 1.12252 1.01529 0.424466 1.10113 0.456739 
0.295946 1.10643 1.01838 0.432834 1.09936 0.458011 
0.305113 1.1202 1.02544 0.429791 1.10351 0.457078 
0.292709 1.14222 1.02304 0.427705 1.1071 0.456523 
0.314102 1.15546 1.02546 0.423158 1.11149 0.455882 
0.325966 1.19341 1.04088 0.419379 1.11972 0.454107 
0.338182 1.18782 1.03584 0.417963 1.12011 0.454254 
0.334729 1.2009 1.03772 0.416505 1.12323 0.453762 
0.38419 1.22153 1.0336 0.406751 1.12985 0.451988 
0.354536 1.23147 1.0292 0.408044 1.12978 0.452456 
0.334997 1.22077 1.02007 0.410943 1.12537 0.45432 
0.34952 1.23594 1.00562 0.405515 1.12783 0.451771 
0.342459 1.22416 1.01899 0.409458 1.12744 0.452483 
0.311204 1.1788 1.01567 0.41941 1.11909 0.454752 
0.305101 1.14899 1.01843 0.424419 1.11392 0.454929 
0.299 1.11918 1.02118 0.429428 1.10875 0.455106 
0.326269 1.15831 1.02419 0.421504 1.11561 0.453773 
0.304695 1.14248 1.02088 0.426099 1.10948 0.454887 
0.312882 1.18411 1.04207 0.419107 1.11574 0.452877 
0.341234 1.22966 1.05264 0.408473 1.1247 0.450803 
0.357014 1.23532 1.05044 0.40559 1.12537 0.450505 
0.350537 1.23504 1.07654 0.407642 1.12505 0.449848 
0.398897 1.26379 1.06831 0.397823 1.13076 0.44782 
0.423832 1.26918 1.06558 0.393894 1.13111 0.4476 
0.403877 1.24851 1.06149 0.399922 1.1274 0.449934 
0.411743 1.29285 1.07426 0.392966 1.13511 0.448136 
0.388882 1.28757 1.07505 0.396258 1.133 0.449826 
0.342772 1.24352 1.06229 0.409006 1.12344 0.452556 
0.335953 1.25019 1.06223 0.409672 1.12479 0.451628 
0.320594 1.22769 1.06225 0.414653 1.1206 0.452053 
0.327201 1.20673 1.04632 0.41476 1.11765 0.452443 
0.330793 1.19088 1.0377 0.417693 1.12027 0.453959 
0.343643 1.19312 1.04124 0.415874 1.12297 0.4538 
0.342617 1.18979 1.04296 0.417385 1.12455 0.454013 
0.347009 1.18474 1.03117 0.417575 1.12368 0.45403 
0.361124 1.19282 1.02971 0.415468 1.12854 0.453101 
0.373223 1.18615 1.0174 0.412521 1.1241 0.452249 
0.392533 1.20451 1.00842 0.406303 1.1282 0.450539 
0.375085 1.19253 1.00724 0.410246 1.12561 0.451753 
0.404183 1.20506 0.997013 0.40476 1.12901 0.451148 
0.370999 1.19847 1.01706 0.411293 1.12387 0.452754 
0.328545 1.16439 1.03761 0.421171 1.11702 0.455064 
0.336968 1.18722 1.04549 0.416714 1.11952 0.452949 
0.321993 1.16745 1.04869 0.421458 1.11535 0.454002 
0.334289 1.18356 1.0557 0.417539 1.11675 0.45275 
0.329565 1.15062 1.0447 0.421101 1.11043 0.454554 
0.339142 1.15483 1.03674 0.41933 1.10955 0.454451 
0.344836 1.16836 1.05012 0.417802 1.11261 0.454678 
0.369664 1.18814 1.03485 0.409399 1.11309 0.45282 
0.368686 1.20448 1.03959 0.406138 1.11404 0.451372 
0.369095 1.24196 1.05991 0.401598 1.12 0.4502 
0.400306 1.29475 1.06114 0.393743 1.13309 0.446713 
0.384524 1.2813 1.0537 0.399978 1.1329 0.44732 
0.346904 1.23585 1.04753 0.412586 1.12645 0.450591 
0.3584 1.23988 1.05141 0.413585 1.13281 0.449813 
0.342213 1.19451 1.03579 0.422411 1.12879 0.45087 
0.350543 1.17791 1.03088 0.420344 1.12591 0.451946 
0.328847 1.16782 1.03197 0.423418 1.12231 0.453411 
0.353745 1.17772 1.03215 0.418475 1.12615 0.45258 
0.340813 1.18349 1.02317 0.417958 1.12551 0.452818 
0.348738 1.18649 1.01803 0.41547 1.1242 0.453087 
0.315983 1.17019 1.03729 0.424005 1.12054 0.4543 
0.334376 1.16215 1.03934 0.41934 1.11642 0.454419 
0.343619 1.18765 1.05569 0.412585 1.11728 0.453452 
0.345072 1.18889 1.06144 0.413484 1.11764 0.454579 
0.364605 1.19566 1.05758 0.410442 1.11989 0.454112 
0.394587 1.23609 1.04609 0.398242 1.12582 0.451901 
0.364504 1.20698 1.03057 0.408748 1.12302 0.453022 
0.347157 1.20527 1.03351 0.415835 1.12433 0.453279 
0.326313 1.18246 1.04616 0.422451 1.1178 0.454421 
0.340961 1.20723 1.04008 0.416591 1.1199 0.453211 
0.33033 1.1971 1.05288 0.420983 1.11841 0.453614 
0.335904 1.20049 1.06768 0.418544 1.11648 0.454129 
0.358171 1.22483 1.06695 0.408792 1.12076 0.45175 
0.380171 1.23742 1.06483 0.400619 1.12195 0.449941 
0.358428 1.24147 1.07801 0.405338 1.12428 0.449911 
0.336875 1.22199 1.06393 0.41215 1.1206 0.451364 
0.34982 1.26183 1.05841 0.404935 1.12996 0.448926 
0.333336 1.25332 1.04997 0.408452 1.12901 0.450249 
0.309407 1.20909 1.03317 0.42091 1.12502 0.453436 
0.340764 1.22881 1.03986 0.412248 1.12881 0.451903 
0.335554 1.21162 1.04366 0.415581 1.12618 0.452881 
0.330722 1.19363 1.05513 0.419941 1.12615 0.454537 
0.32589 1.17565 1.0666 0.424301 1.12612 0.456193 
0.329312 1.18206 1.06438 0.419917 1.12576 0.455292 
0.318522 1.18272 1.05064 0.420891 1.126 0.455246 
0.360559 1.2249 1.03809 0.407097 1.13328 0.452429 
0.353812 1.21026 1.03234 0.410659 1.12986 0.453188 
0.377793 1.20674 1.02445 0.406216 1.1278 0.452329 
0.401233 1.22628 1.04001 0.399998 1.1322 0.451592 
0.400074 1.21604 1.05783 0.402816 1.13254 0.45317 
0.398964 1.21463 1.07187 0.404668 1.13362 0.452297 
0.434501 1.25276 1.0761 0.394346 1.14008 0.44832 
0.403561 1.22574 1.07013 0.405051 1.13531 0.449789 
0.367249 1.21415 1.0766 0.412489 1.13226 0.450954 
0.342436 1.18898 1.07122 0.418504 1.12546 0.451766 
0.323591 1.19043 1.07133 0.420918 1.12209 0.453169 
0.304745 1.19188 1.07143 0.423332 1.11873 0.454573 
0.306958 1.20418 1.07178 0.418681 1.11695 0.454062 
0.343125 1.24644 1.06329 0.407945 1.12336 0.450507 
0.340089 1.23653 1.05713 0.410368 1.12152 0.451152 
0.357503 1.22533 1.04498 0.408824 1.12083 0.450418 
0.355396 1.18663 1.02909 0.414249 1.11512 0.452693 
0.367981 1.19111 1.02529 0.413718 1.1177 0.453053 
0.326167 1.1365 1.02211 0.427183 1.10747 0.458058 
0.323558 1.13405 1.0166 0.42749 1.10548 0.458862 
0.272289 1.10803 1.03078 0.437801 1.0989 0.462092 
0.24054 1.1095 1.04871 0.441144 1.09735 0.462312 
0.247962 1.11277 1.05066 0.438927 1.09978 0.460336 
0.267098 1.14335 1.06689 0.432602 1.10912 0.457607 
0.275998 1.13921 1.06481 0.430751 1.10976 0.456868 
0.325555 1.17908 1.05599 0.419178 1.12093 0.453199 
0.320995 1.1662 1.04014 0.420505 1.11818 0.453399 
0.33203 1.19467 1.04052 0.414337 1.12225 0.452336 
0.316474 1.1879 1.02851 0.416594 1.11755 0.452976 
0.334461 1.21183 1.03109 0.409024 1.11992 0.451709 
0.32335 1.19765 1.02311 0.413001 1.1184 0.452069 
0.384408 1.25241 1.0361 0.398614 1.13135 0.447877 
0.3907 1.26404 1.04883 0.397279 1.13349 0.447146 
0.390542 1.24688 1.04011 0.400652 1.13037 0.44747 
0.377036 1.25788 1.0478 0.40433 1.1335 0.446617 
0.36913 1.22997 1.05012 0.407434 1.12432 0.448849 
0.343171 1.18584 1.03851 0.416004 1.11458 0.451763 
0.30192 1.12942 1.03563 0.430143 1.10287 0.455276 
0.307812 1.12342 1.04808 0.430616 1.10118 0.455489 
0.335577 1.14406 1.03729 0.423011 1.10439 0.454094 
0.309335 1.13218 1.04002 0.429992 1.10422 0.454834 
0.315323 1.1513 1.04069 0.424889 1.10735 0.453968 
0.322861 1.15657 1.02636 0.422534 1.10876 0.453539 
0.348895 1.20245 1.02424 0.412373 1.12003 0.451331 
0.343095 1.19754 1.03268 0.415336 1.12177 0.451824 
0.350287 1.20479 1.031 0.412168 1.12166 0.452761 
0.314965 1.19023 1.04199 0.420648 1.11697 0.453236 
0.303259 1.19675 1.06027 0.421598 1.12025 0.453642 
0.288885 1.18295 1.04947 0.425738 1.1182 0.454582 
0.276516 1.14045 1.0392 0.432841 1.11005 0.456374 
0.293938 1.13617 1.0345 0.431538 1.11148 0.454882 
0.337363 1.16625 1.03315 0.420262 1.12256 0.453598 
0.335299 1.15883 1.0196 0.420387 1.11868 0.453943 
0.370035 1.17279 1.02966 0.413105 1.1201 0.452152 
0.354931 1.18952 1.05299 0.412694 1.12093 0.452237 
0.360822 1.23469 1.07383 0.404258 1.12768 0.451222 
0.350994 1.2363 1.0807 0.406232 1.12605 0.452066 
0.364163 1.23392 1.07661 0.405785 1.12733 0.452058 
0.357701 1.24572 1.08068 0.405773 1.128 0.451621 
0.359713 1.24464 1.07885 0.406632 1.1271 0.452861 
0.37604 1.23668 1.06404 0.406079 1.12569 0.452326 
0.363646 1.21297 1.05341 0.413345 1.12365 0.453984 
0.375225 1.23174 1.03611 0.408849 1.12616 0.453637 
0.34881 1.22191 1.04167 0.412454 1.12339 0.454703 
0.343236 1.20367 1.01785 0.415491 1.12113 0.454717 
0.341839 1.20996 1.01915 0.415356 1.12359 0.453899 
0.322418 1.17626 1.02024 0.421279 1.1181 0.454657 
0.341594 1.18773 1.03296 0.416998 1.12294 0.452878 
0.330772 1.16335 1.0294 0.422325 1.12152 0.454825 
0.351177 1.17191 1.02617 0.417535 1.12427 0.453503 
0.341076 1.17502 1.03706 0.417386 1.12448 0.454046 
0.347681 1.17981 1.02906 0.414649 1.12283 0.454167 
0.347809 1.20409 1.03471 0.410688 1.12435 0.452205 
0.340878 1.18574 1.03686 0.414552 1.11966 0.452749 
0.331196 1.20631 1.06 0.412858 1.12297 0.452172 
0.312531 1.18623 1.05936 0.41913 1.11869 0.453436 
0.347918 1.24042 1.06541 0.410232 1.12901 0.449064 
0.339827 1.23403 1.07498 0.414756 1.12905 0.449571 
0.381956 1.27961 1.07257 0.401282 1.13648 0.446344 
0.41413 1.30058 1.07033 0.393349 1.1395 0.444155 
0.398611 1.27446 1.07505 0.39937 1.13491 0.445458 
0.401163 1.25074 1.07466 0.40068 1.13006 0.447204 
0.389839 1.24866 1.08072 0.402452 1.12921 0.448946 
0.361657 1.21525 1.0556 0.411036 1.12156 0.453038 
0.312532 1.16236 1.04225 0.42535 1.11246 0.457611 
0.311101 1.15656 1.02195 0.42571 1.11097 0.458691 
0.320207 1.17588 1.01446 0.421429 1.11693 0.458285 
0.300699 1.15033 1.01341 0.426867 1.11274 0.459808 
0.316909 1.17194 1.03179 0.425017 1.12319 0.45705 
0.354062 1.21303 1.03841 0.417436 1.13511 0.453811 
0.389596 1.26887 1.04638 0.403637 1.14517 0.449462 
0.372509 1.27696 1.05491 0.403071 1.14389 0.448448 
0.412814 1.29509 1.05574 0.393188 1.14735 0.446099 
0.391283 1.2763 1.05637 0.397847 1.14152 0.447244 
0.369752 1.2575 1.057 0.402507 1.13569 0.448389 
0.36948 1.21622 1.04866 0.408401 1.13012 0.450599 
0.358455 1.2111 1.04702 0.410913 1.12862 0.451127 
0.323878 1.17342 1.04207 0.419851 1.12028 0.454386 
0.361789 1.20576 1.03401 0.408807 1.12639 0.452217 
0.356949 1.20259 1.02227 0.409392 1.12315 0.452712 
0.34205 1.22425 1.02385 0.410409 1.12531 0.452275 
0.337903 1.20974 1.01873 0.414808 1.1234 0.453519 
0.364234 1.25691 1.02321 0.40604 1.13423 0.45013 
0.32142 1.20638 1.0268 0.419409 1.12145 0.453002 
0.321358 1.19136 1.03406 0.421148 1.11801 0.453211 
0.34884 1.21612 1.05075 0.412912 1.12057 0.451364 
0.338929 1.19544 1.05525 0.418709 1.11663 0.452321 
0.311908 1.18267 1.06014 0.424052 1.112 0.453352 
0.316355 1.2179 1.07497 0.417225 1.11912 0.451886 
0.334285 1.22593 1.0645 0.413545 1.12257 0.451763 
0.296917 1.16643 1.03897 0.429947 1.11454 0.455284 
0.296942 1.15235 1.02563 0.432316 1.113 0.456001 
0.33027 1.15693 1.01218 0.427037 1.11657 0.455714 
0.321518 1.12457 1.00323 0.434246 1.11399 0.45752 
0.333109 1.13692 1.00776 0.430368 1.11726 0.456513 
0.337755 1.17355 1.03404 0.422104 1.12284 0.454527 
0.364707 1.22382 1.05481 0.407535 1.13198 0.452068 
0.31837 1.17173 1.05504 0.4212 1.12237 0.454035 
0.314116 1.15659 1.05079 0.422378 1.1189 0.453908 
0.328721 1.16806 1.05981 0.419309 1.12266 0.452616 
0.354037 1.15645 1.03192 0.417372 1.12106 0.452673 
0.357047 1.1312 1.00952 0.421739 1.1159 0.453204 
0.370081 1.13948 0.99284 0.418895 1.1166 0.452954 
0.383115 1.14775 0.976155 0.41605 1.1173 0.452704 
0.338472 1.12565 0.998185 0.425295 1.10881 0.455186 
0.308237 1.11305 1.03533 0.432241 1.10506 0.456684 
0.285993 1.11218 1.05913 0.436028 1.10604 0.457714 
0.299353 1.13031 1.07169 0.43105 1.10699 0.457132 
0.312712 1.14843 1.08426 0.426071 1.10794 0.45655 
0.314404 1.13931 1.06757 0.427931 1.10724 0.456857 
0.316095 1.13019 1.05088 0.42979 1.10654 0.457163 
0.347822 1.16156 1.04613 0.420489 1.11006 0.455292 
0.318051 1.15472 1.05966 0.426168 1.10955 0.455864 
0.310383 1.17597 1.08744 0.4256 1.11465 0.455072 
0.314633 1.18182 1.07341 0.422678 1.11498 0.454736 
0.318884 1.18768 1.05938 0.419756 1.11531 0.4544 
0.313147 1.18642 1.05174 0.420615 1.11659 0.454533 
0.310181 1.1796 1.04067 0.420902 1.11521 0.455462 
0.332911 1.17967 1.01254 0.416481 1.11603 0.454649 
0.326986 1.19163 1.01876 0.416398 1.12044 0.454792 
0.351328 1.20599 1.01593 0.411345 1.12486 0.453632 
0.333459 1.19943 1.02509 0.413263 1.12264 0.453981 
0.348326 1.18876 1.02601 0.413275 1.12277 0.453255 
0.35857 1.20021 1.02951 0.411017 1.12692 0.452801 
0.398374 1.22378 1.02587 0.4009 1.1286 0.450097 
0.407911 1.24496 1.03127 0.395754 1.13028 0.448695 
0.400845 1.22966 1.03771 0.399953 1.12799 0.449045 
0.41665 1.24667 1.02361 0.395939 1.12992 0.448542 
0.406375 1.25107 1.02713 0.395907 1.12838 0.448409 
0.365735 1.20695 1.03308 0.409395 1.12152 0.451299 
0.369915 1.2108 1.04392 0.409852 1.12296 0.450513 
0.351499 1.1927 1.04867 0.415476 1.11765 0.451512 
0.36068 1.20589 1.05248 0.412481 1.11931 0.450185 
0.337946 1.19111 1.06317 0.417734 1.11607 0.451786 
0.33705 1.20234 1.05986 0.413792 1.11493 0.451898 
0.328745 1.21263 1.05328 0.413623 1.11765 0.452136 
0.333704 1.20176 1.02386 0.416244 1.11788 0.453616 
0.351722 1.22034 1.03393 0.412291 1.12341 0.452879 
0.334591 1.19978 1.03199 0.418162 1.11999 0.454181 
0.357124 1.2032 1.02458 0.414988 1.12491 0.45357 
0.343159 1.18909 1.03168 0.419288 1.12366 0.454018 
0.339839 1.17771 1.02944 0.420236 1.12205 0.453896 
0.285535 1.14215 1.03776 0.430605 1.11438 0.457601 
0.281201 1.12922 1.03381 0.432144 1.11224 0.458802 
0.292552 1.13778 1.03499 0.430259 1.11453 0.457205 
0.280905 1.12804 1.02983 0.432401 1.11216 0.458188 
0.32175 1.18511 1.0477 0.417809 1.12399 0.454171 
0.365684 1.22856 1.04466 0.406425 1.13369 0.44977 
0.421774 1.27242 1.03234 0.393847 1.1425 0.445274 
0.434874 1.29818 1.03562 0.388546 1.14682 0.44381 
0.455592 1.29166 1.03554 0.384379 1.14401 0.443782 
0.453282 1.27099 1.03268 0.38656 1.13732 0.445212 
0.431864 1.25844 1.05134 0.391421 1.13294 0.446739 
0.399474 1.21696 1.05197 0.399917 1.12286 0.449724 
0.392818 1.23684 1.06615 0.397958 1.12428 0.450061 
0.357404 1.21114 1.06163 0.407508 1.11775 0.452357 
0.324139 1.1952 1.06526 0.416391 1.11507 0.455001 
0.309981 1.17112 1.04738 0.422595 1.11008 0.457549 
0.326537 1.19456 1.0425 0.417237 1.11519 0.456197 
0.296814 1.16201 1.04586 0.426993 1.10984 0.457697 
0.343743 1.21738 1.05735 0.415168 1.12443 0.454343 
0.388523 1.26299 1.06069 0.404009 1.13516 0.450641 
0.421754 1.28513 1.05752 0.394559 1.14098 0.447241 
0.390966 1.27459 1.07216 0.403062 1.14003 0.448486 
0.397915 1.25271 1.06146 0.40239 1.13549 0.449022 
0.387617 1.24725 1.07023 0.403918 1.13501 0.450037 
0.37732 1.24179 1.079 0.405446 1.13453 0.451051 
0.341799 1.20448 1.08036 0.414416 1.12567 0.454692 
0.38346 1.23284 1.07305 0.402519 1.13311 0.452452 
0.364159 1.22298 1.07195 0.408539 1.13347 0.45389 
0.359793 1.20101 1.05728 0.40925 1.12601 0.453175 
0.345429 1.18293 1.05008 0.41401 1.12209 0.453637 
0.38622 1.24532 1.04832 0.403438 1.13401 0.449174 
0.37538 1.24397 1.061 0.405643 1.13262 0.448923 
0.411862 1.27799 1.05697 0.393904 1.13696 0.446555 
0.423299 1.29684 1.05499 0.391249 1.14141 0.445342 
0.408288 1.2781 1.05541 0.396007 1.13528 0.446451 
0.405486 1.25139 1.04647 0.397998 1.12987 0.447545 
0.382491 1.21523 1.03423 0.404114 1.11851 0.450463 
0.355945 1.18786 1.03603 0.410772 1.11104 0.452326 
0.308548 1.14406 1.03491 0.424292 1.10061 0.456258 
0.336229 1.16845 1.02118 0.415361 1.10614 0.45361 
0.33332 1.17567 1.02528 0.415378 1.10843 0.452973 
0.326256 1.18505 1.0287 0.418861 1.11317 0.453391 
0.336771 1.19646 1.02155 0.415731 1.11732 0.452729 
0.359617 1.21935 1.03055 0.409496 1.12821 0.451571 
0.336207 1.18748 1.03686 0.4172 1.12122 0.454674 
0.344174 1.20161 1.04245 0.415113 1.12586 0.455034 
0.339604 1.1794 1.03649 0.417525 1.12275 0.455421 
0.35343 1.19069 1.03703 0.414666 1.12748 0.45395 
0.36614 1.18293 1.03546 0.412618 1.12181 0.453703 
0.386474 1.19542 1.03933 0.40762 1.1251 0.452274 
0.368404 1.18296 1.04486 0.411287 1.12153 0.452419 
0.374863 1.17889 1.04383 0.410287 1.12067 0.451636 
0.341645 1.15698 1.06148 0.420329 1.11436 0.4531 
0.311989 1.14872 1.06422 0.426525 1.11214 0.453656 
0.314803 1.16496 1.0652 0.422494 1.11262 0.452201 
0.306947 1.12832 1.05597 0.427419 1.10447 0.453709 
0.318018 1.13868 1.05958 0.424183 1.10512 0.452799 
0.343028 1.17135 1.06518 0.414088 1.11158 0.451095 
0.38331 1.21387 1.0816 0.401137 1.11709 0.449019 
0.391123 1.23187 1.09978 0.398413 1.1199 0.448955 
0.370375 1.24808 1.11157 0.400528 1.12105 0.448488 
0.379702 1.2674 1.11077 0.396165 1.12339 0.448237 
0.37042 1.25874 1.12649 0.399792 1.1228 0.449129 
0.330053 1.19854 1.09185 0.414669 1.11468 0.452004 
0.285751 1.14702 1.0667 0.431178 1.10825 0.454773 
0.287705 1.12913 1.05721 0.435017 1.10734 0.45615 
0.298857 1.14124 1.05037 0.432478 1.11204 0.455201 
0.283617 1.12805 1.03634 0.436804 1.10926 0.456336 
0.303427 1.14821 1.04762 0.429381 1.11324 0.455641 
0.320283 1.14878 1.03282 0.425524 1.11441 0.45513 
0.33714 1.14935 1.01802 0.421667 1.11559 0.45462 
0.298122 1.10956 1.02201 0.433158 1.10878 0.457193 
0.293869 1.08304 1.00005 0.437492 1.10476 0.458026 
0.311683 1.1073 1.00104 0.431592 1.10913 0.455992 
0.291741 1.11378 1.0186 0.431171 1.10981 0.45627 
0.30631 1.13255 1.01876 0.425464 1.11153 0.455073 
0.339879 1.17733 1.03104 0.41591 1.1208 0.452397 
0.350493 1.18495 1.03695 0.412347 1.11956 0.451878 
0.320736 1.17071 1.04241 0.421856 1.11734 0.453854 
0.367177 1.20385 1.03216 0.411857 1.12095 0.450987 
0.350301 1.20816 1.05778 0.414801 1.12271 0.451185 
0.338142 1.18442 1.05117 0.417809 1.11355 0.45261 
0.361059 1.22979 1.06309 0.409462 1.12365 0.450199 
0.351838 1.20664 1.04684 0.411973 1.11769 0.451664 
0.311062 1.16478 1.04631 0.423314 1.11069 0.455585 
0.344244 1.19519 1.03043 0.414152 1.11549 0.45359 
0.319257 1.18446 1.0334 0.420799 1.11538 0.455089 
0.283264 1.1376 1.02411 0.431002 1.10521 0.458413 
0.286003 1.16198 1.04677 0.428108 1.11121 0.456703 
0.3149 1.18355 1.05501 0.42023 1.11657 0.454837 
0.260344 1.11798 1.05615 0.435908 1.10519 0.459397 
0.256839 1.10283 1.04972 0.437069 1.10328 0.459741 
0.31453 1.1452 1.04126 0.426162 1.11571 0.456089 
0.320149 1.13595 1.0434 0.427233 1.11534 0.457492 
0.323319 1.13336 1.03925 0.427603 1.11577 0.457601 
0.360925 1.18497 1.05249 0.415129 1.12778 0.454883 
0.417223 1.24792 1.06752 0.400085 1.14046 0.450294 
0.411212 1.25753 1.08465 0.398916 1.14012 0.449556 
0.450436 1.28657 1.06302 0.387832 1.14417 0.446299 
0.465952 1.31174 1.0621 0.382432 1.14808 0.444492 
0.45691 1.27968 1.04761 0.387643 1.13839 0.445921 
0.447441 1.27545 1.04204 0.390096 1.13704 0.445863 
0.437972 1.27122 1.03647 0.39255 1.13569 0.445805 
0.392921 1.22536 1.03728 0.405401 1.12614 0.449675 
0.340968 1.19416 1.03334 0.417761 1.11909 0.452367 
0.317438 1.19741 1.02955 0.421644 1.11981 0.452549 
0.297625 1.18919 1.03894 0.424976 1.11676 0.454258 
0.266868 1.13723 1.03142 0.43426 1.10553 0.457966 
0.271003 1.13583 1.03366 0.433842 1.10509 0.456955 
0.316357 1.17205 1.04773 0.423092 1.11503 0.454176 
0.319507 1.15811 1.06786 0.425533 1.11353 0.455057 
0.305113 1.14153 1.07146 0.429353 1.11058 0.456687 
0.301662 1.16868 1.09196 0.427221 1.11581 0.456317 
0.311796 1.20348 1.09944 0.422171 1.12591 0.4542 
0.287613 1.18601 1.09983 0.427944 1.12313 0.455029 
0.333223 1.23705 1.09528 0.414332 1.1347 0.450926 
0.374399 1.26304 1.08338 0.405219 1.14249 0.447906 
0.361223 1.23514 1.05938 0.41039 1.13779 0.448773 
0.380269 1.23649 1.04879 0.405568 1.13613 0.448349 
0.384736 1.22197 1.04294 0.403333 1.12929 0.449726 
0.361612 1.18911 1.03597 0.407294 1.11955 0.452376 
0.344242 1.17964 1.04779 0.41094 1.11748 0.453359 
0.369006 1.18622 1.04934 0.406401 1.11852 0.452305 
0.37259 1.20325 1.05695 0.404914 1.12146 0.451433 
0.393503 1.22838 1.06512 0.399677 1.12708 0.449493 
0.369524 1.22305 1.07046 0.406103 1.12653 0.449207 
0.339792 1.19433 1.05701 0.412844 1.1183 0.450587 
0.3413 1.23442 1.06783 0.407926 1.125 0.448611 
0.318182 1.22717 1.0722 0.412868 1.12189 0.44949 
0.286889 1.19046 1.05886 0.42405 1.11402 0.451883 
0.285428 1.18081 1.03937 0.42713 1.11217 0.452606 
0.327558 1.21146 1.03995 0.416809 1.11821 0.451055 
0.350665 1.21113 1.03863 0.412047 1.11869 0.451012 
0.336124 1.19581 1.03562 0.416024 1.11517 0.453108 
0.352325 1.23286 1.05998 0.408689 1.12519 0.452576 
0.383587 1.2733 1.09333 0.397792 1.13536 0.452061 
0.356661 1.23033 1.08607 0.409471 1.12916 0.454921 
0.314256 1.18615 1.07812 0.423553 1.12297 0.45781 
0.309498 1.15696 1.07186 0.428895 1.12079 0.458559 
0.313416 1.14499 1.04777 0.429182 1.11639 0.457413 
0.306065 1.11321 1.02194 0.43461 1.10911 0.457419 
0.325282 1.16106 1.0378 0.424254 1.11801 0.45502 
0.359979 1.21011 1.05435 0.411495 1.12689 0.452592 
0.40407 1.25066 1.06802 0.397038 1.13529 0.449676 
0.414166 1.25886 1.08456 0.393871 1.13962 0.449036 
0.396638 1.24616 1.08846 0.399255 1.14081 0.449759 
0.385217 1.23582 1.07992 0.402457 1.13883 0.450248 
0.369108 1.1996 1.05655 0.408415 1.12976 0.451898 
0.343604 1.1719 1.03606 0.416071 1.12119 0.454035 
0.337184 1.17793 1.02748 0.416086 1.12123 0.454067 
0.345053 1.18473 1.02499 0.413906 1.12007 0.454491 
0.367654 1.19378 1.02444 0.408283 1.11976 0.452674 
0.357226 1.20226 1.05104 0.410485 1.12121 0.452326 
0.379054 1.2149 1.06991 0.406655 1.12425 0.450843 
0.355561 1.17019 1.06864 0.417773 1.11466 0.453051 
0.379418 1.22224 1.08774 0.40546 1.12051 0.449523 
0.370466 1.23316 1.09618 0.405381 1.12096 0.449776 
0.402313 1.25856 1.07527 0.396164 1.12488 0.447881 
0.366669 1.2618 1.07199 0.400307 1.12508 0.44983 
0.357263 1.28863 1.07694 0.397142 1.12928 0.450194 
0.338297 1.26838 1.07464 0.403247 1.12797 0.451309 
0.30769 1.21448 1.05216 0.416397 1.11898 0.454721 
0.273999 1.17255 1.04672 0.428103 1.11186 0.457652 
0.310896 1.18806 1.05513 0.421442 1.11681 0.454356 
0.309751 1.15772 1.05536 0.427702 1.11495 0.455251 
0.330578 1.15867 1.04441 0.422777 1.11515 0.455106 
0.344341 1.1682 1.04037 0.418269 1.11775 0.454478 
0.358105 1.17773 1.03632 0.41376 1.12034 0.45385 
0.359637 1.1896 1.02526 0.412995 1.12292 0.454903 
0.400477 1.24195 1.01961 0.397368 1.12977 0.450725 
0.406159 1.2533 1.02031 0.395591 1.13188 0.449666 
0.423082 1.26153 1.03443 0.391454 1.13476 0.448349 
0.440005 1.26977 1.04856 0.387317 1.13765 0.447032 
0.41485 1.24976 1.04647 0.392656 1.13244 0.446861 
0.418498 1.25525 1.04934 0.393459 1.13469 0.446601 
0.422146 1.26074 1.05221 0.394263 1.13694 0.446342 
0.437492 1.2891 1.05341 0.388338 1.14178 0.445305 
0.452838 1.31746 1.0546 0.382412 1.14662 0.444268 
0.467451 1.31213 1.05068 0.379714 1.14264 0.444739 
0.451995 1.28666 1.04458 0.383491 1.13373 0.446338 
0.430641 1.27989 1.05569 0.389005 1.13007 0.447463 
0.386021 1.23284 1.05654 0.401649 1.11867 0.450798 
0.373317 1.23453 1.06654 0.404324 1.11931 0.450542 
0.331487 1.20079 1.06351 0.415159 1.11508 0.453453 
0.344117 1.21043 1.06679 0.413395 1.12125 0.452439 
0.320544 1.18413 1.05908 0.419649 1.11678 0.45388 
0.335897 1.20174 1.05795 0.41448 1.12032 0.451864 
0.319616 1.19012 1.05562 0.419292 1.11895 0.452759 
0.366528 1.23763 1.06637 0.406957 1.13139 0.448947 
0.358981 1.24177 1.07081 0.407221 1.13344 0.449061 
0.352719 1.21148 1.05036 0.410748 1.12948 0.449711 
0.374855 1.23235 1.05277 0.406295 1.13719 0.447858 
0.378772 1.2145 1.02683 0.404323 1.13133 0.448143 
0.368312 1.19313 1.00543 0.405931 1.12352 0.449149 
0.348896 1.18215 0.995926 0.410421 1.12003 0.450188 
0.366573 1.1881 1.00327 0.405361 1.12035 0.4503 
0.368684 1.19644 1.00045 0.405278 1.12274 0.450005 
0.345363 1.18364 1.01942 0.413707 1.11838 0.451754 
0.36887 1.2052 1.03974 0.410339 1.12423 0.450282 
0.35718 1.18914 1.05382 0.414817 1.11967 0.451205 
0.378295 1.21402 1.04745 0.408987 1.12387 0.450062 
0.349636 1.20172 1.05462 0.414212 1.1185 0.4513 
0.382897 1.24401 1.0559 0.40352 1.12825 0.448115 
0.36933 1.25194 1.05583 0.404625 1.12781 0.448151 
0.362646 1.24285 1.03965 0.406381 1.12465 0.449253 
0.361283 1.25681 1.05668 0.403636 1.12633 0.44833 
0.346339 1.23668 1.04822 0.408706 1.124 0.450124 
0.333726 1.23033 1.05097 0.412362 1.12447 0.451027 
0.321113 1.22399 1.05372 0.416017 1.12494 0.45193 
0.321903 1.21055 1.05518 0.417059 1.12387 0.452331 
0.327065 1.21769 1.05796 0.416441 1.12818 0.452178 
0.321504 1.19181 1.05638 0.420996 1.12531 0.452549 
0.335066 1.17869 1.0425 0.418513 1.12306 0.453083 
0.322612 1.16336 1.04073 0.422391 1.11992 0.454142 
0.348639 1.17523 1.03436 0.417523 1.12416 0.45319 
0.31484 1.12852 1.02914 0.428946 1.11422 0.455725 
0.322397 1.13422 1.03274 0.425253 1.11292 0.456015 
0.291973 1.1197 1.03681 0.433384 1.1094 0.457328 
0.287563 1.10739 1.02875 0.435155 1.10678 0.458116 
0.29828 1.12811 1.03958 0.429367 1.10799 0.456602 
0.315272 1.16446 1.04196 0.423512 1.11568 0.454588 
0.330346 1.17334 1.03754 0.420003 1.1162 0.453969 
0.365953 1.20533 1.05819 0.409699 1.12371 0.451161 
0.366033 1.1999 1.05398 0.410016 1.12046 0.452119 
0.370863 1.22224 1.05594 0.406836 1.12405 0.450661 
0.355553 1.21461 1.05345 0.410727 1.11903 0.451979 
0.364832 1.2312 1.051 0.406639 1.12159 0.450588 
0.333336 1.22 1.03091 0.412007 1.11662 0.452363 
0.34268 1.21563 1.03262 0.410581 1.11757 0.451598 
0.332949 1.22259 1.03407 0.411407 1.11852 0.452355 
0.328511 1.1994 1.03401 0.414916 1.11566 0.453009 
0.336437 1.21527 1.04202 0.411992 1.11976 0.452516 
0.31776 1.19089 1.05328 0.417896 1.11544 0.453585 
0.325863 1.18434 1.05064 0.417745 1.11777 0.452737 
0.308592 1.15501 1.06148 0.424833 1.11651 0.453658 
0.320061 1.15416 1.04374 0.423098 1.11795 0.453407 
0.315957 1.15972 1.04388 0.423501 1.12037 0.452955 
0.328727 1.14282 1.02261 0.426617 1.12072 0.453833 
0.304228 1.15133 1.03987 0.428351 1.12071 0.455397 
0.289689 1.13464 1.03522 0.43163 1.11655 0.45741 
0.311928 1.15693 1.04612 0.423609 1.12036 0.455281 
