0.26313 1.23974 1.08962 0.418066 1.12121 0.456661 
0.181232 1.12187 1.04072 0.438874 1.09913 0.46086 
0.323351 1.23476 1.12868 0.414915 1.13424 0.447733 
0.293609 1.0516 0.973979 0.440716 1.09515 0.457989 
0.47625 1.37534 1.04491 0.373983 1.15746 0.441218 
0.192428 1.06448 1.02857 0.444362 1.08691 0.461996 
0.467726 1.28208 0.992711 0.379925 1.14103 0.445293 
0.251184 1.22103 1.05277 0.422848 1.11227 0.451287 
0.39425 1.2234 0.999918 0.396301 1.11268 0.450941 
0.372948 1.31521 1.01367 0.399882 1.13774 0.444236 
0.239964 1.04738 1.06195 0.439304 1.08385 0.458768 
0.444023 1.33216 1.03825 0.381097 1.14663 0.442641 
0.225644 1.10175 1.04324 0.445756 1.09393 0.457178 
0.435737 1.25841 0.995572 0.394004 1.12757 0.444242 
0.276015 1.16067 1.08414 0.437972 1.11828 0.451796 
0.305736 1.11993 0.997732 0.420495 1.09752 0.457314 
0.353978 1.30316 1.08139 0.398526 1.13926 0.44447 
0.250692 1.04936 1.08743 0.452062 1.08837 0.459619 
0.417992 1.34233 1.07985 0.380848 1.14005 0.442504 
0.233528 1.09428 1.03451 0.45063 1.10565 0.459407 
0.400312 1.25328 1.07699 0.385176 1.12532 0.45386 
0.277952 1.24582 1.04872 0.416678 1.12798 0.451288 
0.271097 1.12246 1.01902 0.426469 1.09001 0.45488 
0.271097 1.12246 1.01902 0.426469 1.09001 0.45488 
0.403323 1.30015 1.04257 0.395591 1.15005 0.445229 
0.238257 1.04476 0.997593 0.448809 1.09642 0.463029 
0.428711 1.26038 1.02673 0.387702 1.13827 0.443672 
0.225864 1.11233 1.07878 0.447413 1.10479 0.452963 
0.345624 1.30191 1.05013 0.398399 1.1381 0.450539 
0.274808 1.06268 0.93619 0.435613 1.09595 0.456802 
0.453724 1.33107 1.05891 0.376979 1.15172 0.444837 
0.270792 1.10161 0.992826 0.443641 1.09934 0.456088 
0.45516 1.30748 1.0501 0.38072 1.13086 0.442643 
0.455166 1.30747 1.0501 0.380722 1.13086 0.442643 
0.369464 1.14966 1.01819 0.410418 1.10831 0.451327 
0.321096 1.28836 1.05773 0.39843 1.12887 0.444414 
0.293492 1.07375 1.00868 0.446749 1.09331 0.455284 
0.460535 1.36897 1.04286 0.378661 1.14634 0.442819 
0.209809 1.09413 1.00709 0.447902 1.09326 0.460428 
0.399232 1.26027 1.0078 0.388117 1.12401 0.445725 
0.240895 1.18052 1.10578 0.429205 1.11252 0.457028 
0.342261 1.2017 0.987453 0.413075 1.10462 0.450733 
0.356257 1.25607 1.10014 0.409952 1.13861 0.448051 
0.356257 1.25607 1.10014 0.409952 1.13861 0.448051 
0.255246 1.07374 0.959983 0.442485 1.09821 0.462098 
0.405471 1.28196 1.04615 0.389127 1.13633 0.443194 
0.436804 1.22656 0.997808 0.402062 1.13286 0.44474 
0.436804 1.22656 0.997808 0.402062 1.13286 0.44474 
0.271371 1.09876 1.02523 0.428554 1.09302 0.458963 
0.271371 1.09876 1.02523 0.428554 1.09302 0.458963 
0.370389 1.35445 1.06639 0.376956 1.14095 0.445642 
0.475285 1.29362 0.958917 0.386544 1.14677 0.440819 
0.47529 1.29362 0.958917 0.386545 1.14678 0.440819 
0.265068 1.17723 1.09009 0.428928 1.11483 0.458366 
0.406199 1.1863 1.00368 0.403623 1.11935 0.450042 
0.333363 1.2661 1.09426 0.402924 1.13368 0.449714 
0.497478 1.36855 1.03712 0.374973 1.15639 0.438388 
0.187316 1.08503 1.0359 0.446381 1.08263 0.458006 
0.476718 1.31281 1.00076 0.377991 1.13688 0.443297 
0.231486 1.18839 1.09037 0.425157 1.10598 0.454582 
0.231486 1.18839 1.09037 0.425157 1.10598 0.454582 
0.329 1.16421 0.997484 0.407286 1.09894 0.454719 
0.215453 1.05272 1.03309 0.449713 1.0785 0.458971 
0.464034 1.35397 1.05528 0.381678 1.14522 0.439821 
0.21818 1.10728 1.05901 0.444178 1.09697 0.462303 
0.416189 1.24607 1.02746 0.391482 1.12506 0.449856 
0.416189 1.24607 1.02746 0.391482 1.12506 0.449856 
0.309173 1.28013 1.01429 0.413274 1.13191 0.449728 
0.36782 1.34314 1.06321 0.39094 1.14019 0.44324 
0.218645 1.02026 1.04572 0.454227 1.09304 0.467042 
0.43581 1.31737 1.0086 0.378672 1.13998 0.444167 
0.43581 1.31737 1.0086 0.378672 1.13998 0.444167 
0.373964 1.18825 0.991471 0.40571 1.11433 0.450722 
0.373964 1.18825 0.991471 0.40571 1.11433 0.450722 
0.227085 1.02686 1.04755 0.438903 1.08566 0.462051 
0.227085 1.02686 1.04755 0.438903 1.08566 0.462051 
0.445813 1.32763 1.04835 0.377966 1.14867 0.440352 
0.247756 1.07436 1.04393 0.448903 1.10233 0.459707 
0.322952 1.25911 1.07619 0.412283 1.13035 0.450042 
0.321083 1.10432 0.971694 0.419954 1.09956 0.458163 
0.382056 1.32602 0.985302 0.386054 1.14215 0.442476 
0.382056 1.32602 0.985302 0.386054 1.14215 0.442476 
0.476584 1.32687 1.11104 0.377912 1.14164 0.440793 
0.476584 1.32687 1.11104 0.377912 1.14164 0.440793 
0.234429 1.16692 1.05966 0.433506 1.10279 0.454341 
0.343622 1.28769 1.03377 0.404162 1.13719 0.447173 
0.272711 1.08179 1.01349 0.434693 1.08989 0.457659 
0.272711 1.08179 1.01349 0.434693 1.08989 0.457659 
0.41541 1.35567 1.04098 0.383837 1.14349 0.44115 
0.199863 1.14221 1.03954 0.441838 1.0853 0.459384 
0.233519 1.13276 1.0256 0.446323 1.10979 0.455679 
0.233519 1.13276 1.0256 0.446323 1.10979 0.455679 
0.34613 1.16795 1.00022 0.406648 1.10788 0.453389 
0.32625 1.28481 1.01045 0.408191 1.13831 0.448038 
0.421442 1.29096 1.04654 0.394428 1.15128 0.446096 
0.21273 1.05026 1.03733 0.451339 1.09603 0.461207 
0.21273 1.05026 1.03733 0.451339 1.09603 0.461207 
0.448493 1.28781 0.989924 0.381009 1.14458 0.448614 
0.239382 1.15797 1.04026 0.433842 1.11349 0.457002 
0.390343 1.19277 1.00716 0.402741 1.11723 0.450059 
0.393309 1.27496 1.1438 0.404263 1.14509 0.450466 
0.326857 1.10287 1.01871 0.42649 1.10372 0.45779 
0.223639 1.06977 0.990163 0.445176 1.09255 0.45809 
0.223639 1.06977 0.990163 0.445176 1.09255 0.45809 
0.445517 1.29065 1.07419 0.381476 1.12997 0.443161 
0.229853 1.16944 1.08393 0.433154 1.10145 0.45224 
0.434339 1.21379 1.04128 0.40005 1.1177 0.449581 
0.306208 1.24964 1.09695 0.406629 1.12591 0.449364 
0.390633 1.35207 1.06211 0.384112 1.13544 0.441274 
0.390633 1.35207 1.06211 0.384112 1.13544 0.441274 
0.222931 1.09602 1.00418 0.448362 1.09372 0.460865 
0.444438 1.30936 1.00994 0.382818 1.13661 0.443685 
0.201651 1.16224 1.04261 0.435096 1.10406 0.459608 
0.349159 1.19147 0.969553 0.409415 1.10943 0.451255 
0.351296 1.27747 1.115 0.40766 1.13766 0.450039 
0.243285 1.04496 1.02499 0.449888 1.09094 0.459422 
0.410322 1.30885 1.07037 0.385568 1.14109 0.44382 
0.172021 1.0628 1.07978 0.44835 1.09407 0.463187 
0.434985 1.23546 0.988374 0.398557 1.13105 0.447013 
0.289086 1.09374 0.95176 0.432 1.09725 0.456393 
0.289086 1.09374 0.95176 0.432 1.09725 0.456393 
0.207231 1.02472 0.988857 0.450563 1.0929 0.465435 
0.207231 1.02472 0.988857 0.450563 1.0929 0.465435 
0.473161 1.3252 1.03229 0.375309 1.14681 0.440885 
0.199945 1.10884 1.09516 0.444067 1.09914 0.455446 
0.393873 1.19335 0.992952 0.402826 1.11699 0.449036 
0.326586 1.28934 1.03602 0.400895 1.13268 0.446384 
0.261159 1.05939 0.97121 0.436287 1.09229 0.461048 
0.492577 1.33232 1.01674 0.379745 1.15593 0.439773 
0.21532 1.08924 1.07879 0.443901 1.0907 0.458409 
0.480414 1.30187 1.04 0.382921 1.13682 0.4403 
0.260075 1.20405 1.09661 0.421719 1.11193 0.452515 
0.366679 1.17615 0.93174 0.40744 1.1077 0.452381 
0.255205 1.07551 1.06689 0.439134 1.08792 0.459214 
0.255205 1.07551 1.06689 0.439134 1.08792 0.459214 
0.482799 1.38054 1.04726 0.377062 1.14887 0.437194 
0.435677 1.27109 1.02039 0.386404 1.12577 0.446717 
0.435677 1.27109 1.02039 0.386404 1.12577 0.446717 
0.315841 1.10073 0.996058 0.429109 1.09882 0.458128 
0.315841 1.10073 0.996058 0.429109 1.09882 0.458128 
0.401399 1.37112 1.0455 0.390964 1.1452 0.440964 
0.200305 1.04313 1.04064 0.453614 1.0846 0.463753 
0.192317 1.10446 1.08167 0.44554 1.09917 0.459534 
0.192317 1.10446 1.08167 0.44554 1.09917 0.459534 
0.392102 1.20468 1.02219 0.4032 1.1201 0.448272 
0.312513 1.30793 1.06547 0.407298 1.13232 0.449552 
0.421941 1.34051 1.01814 0.381356 1.15078 0.44442 
0.195394 1.06948 0.980796 0.448511 1.09182 0.462026 
0.195394 1.06948 0.980796 0.448511 1.09182 0.462026 
0.452143 1.329 1.04789 0.377628 1.14125 0.443207 
0.353926 1.11815 1.00042 0.414096 1.10872 0.45521 
0.353926 1.11815 1.00042 0.414096 1.10872 0.45521 
0.230228 1.03391 1.07144 0.444656 1.0826 0.45903 
0.475139 1.34347 1.0576 0.373983 1.14866 0.43905 
0.475145 1.34347 1.0576 0.373985 1.14867 0.43905 
0.403722 1.18197 1.0392 0.397824 1.11546 0.449649 
0.403722 1.18197 1.0392 0.397824 1.11546 0.449649 
0.320727 1.13009 1.04564 0.418841 1.09595 0.458506 
0.436039 1.39808 1.05754 0.373053 1.14397 0.440137 
0.436039 1.39808 1.05754 0.373053 1.14397 0.440137 
0.447647 1.33743 1.09634 0.373479 1.13266 0.445602 
0.447647 1.33743 1.09634 0.373479 1.13266 0.445602 
0.257249 1.15704 1.04656 0.433881 1.11231 0.454944 
0.382537 1.1927 0.9368 0.404647 1.11454 0.453425 
0.358962 1.32004 1.06049 0.404134 1.13704 0.44565 
0.280595 1.12838 0.992201 0.429262 1.09032 0.458666 
0.181 1.03937 1.06289 0.454179 1.08422 0.460856 
0.180992 1.03938 1.06289 0.454177 1.08422 0.460856 
0.382543 1.27436 1.0115 0.386962 1.1284 0.444509 
0.247178 1.19102 1.02746 0.435712 1.11243 0.456097 
0.365937 1.15461 1.03269 0.413699 1.11122 0.452351 
0.256893 1.27251 1.1054 0.406532 1.12181 0.445995 
0.385546 1.30912 1.0646 0.38262 1.14276 0.444307 
0.385546 1.30912 1.0646 0.38262 1.14276 0.444307 
0.235897 1.07868 0.988938 0.449787 1.0983 0.456748 
0.47176 1.2855 1.06708 0.38275 1.14157 0.445025 
0.413813 1.13781 1.03891 0.40879 1.12027 0.453611 
0.413813 1.13781 1.03891 0.40879 1.12027 0.453611 
0.405808 1.29794 1.04067 0.394715 1.14651 0.44835 
0.347628 1.09334 1.0224 0.434828 1.10554 0.457374 
0.48445 1.32749 1.07822 0.380713 1.1494 0.442993 
0.216212 1.09899 1.08207 0.442105 1.09145 0.457895 
0.3144 1.23056 1.08679 0.41643 1.12763 0.452749 
0.3144 1.23056 1.08679 0.41643 1.12763 0.452749 
0.377916 1.34291 1.06616 0.389787 1.13833 0.445009 
0.262404 1.06185 1.00717 0.450584 1.09288 0.459232 
0.262404 1.06185 1.00717 0.450584 1.09288 0.459232 
0.440359 1.30194 1.07648 0.379851 1.14096 0.447607 
0.215739 1.10911 1.07076 0.445393 1.1037 0.458214 
0.439755 1.22553 1.06345 0.397421 1.12778 0.452424 
0.280905 1.2515 1.07327 0.419209 1.12456 0.451062 
0.390162 1.31813 1.05248 0.385248 1.14026 0.448423 
0.390162 1.31813 1.05248 0.385248 1.14026 0.448423 
0.193428 1.07425 0.975256 0.448357 1.09457 0.461705 
0.451143 1.29398 1.02424 0.383087 1.13879 0.449668 
0.265211 1.18095 1.10775 0.432478 1.11975 0.456259 
0.361936 1.25947 1.08768 0.402469 1.14386 0.450891 
0.361936 1.25947 1.08768 0.402469 1.14386 0.450891 
0.478543 1.29617 1.07187 0.382498 1.15482 0.44491 
0.231651 1.11206 1.03877 0.44501 1.10213 0.457855 
0.231651 1.11206 1.03877 0.44501 1.10213 0.457855 
0.459036 1.27259 1.03229 0.382696 1.13252 0.447331 
0.341029 1.20233 1.10951 0.419521 1.13352 0.456571 
0.395715 1.12952 0.933951 0.416383 1.11779 0.4547 
0.311898 1.09988 1.04041 0.43721 1.10058 0.456861 
0.311898 1.09988 1.04041 0.43721 1.10058 0.456861 
0.46238 1.32232 1.12611 0.379146 1.13877 0.442539 
0.249026 1.15987 1.04053 0.431522 1.10573 0.459965 
0.451361 1.27251 1.04583 0.384992 1.12899 0.449039 
0.326513 1.25203 1.08251 0.412595 1.13098 0.453034 
0.401331 1.31917 1.06688 0.394256 1.14325 0.445974 
0.401331 1.31917 1.06688 0.394256 1.14325 0.445974 
0.277823 1.08208 1.08288 0.440508 1.09856 0.463429 
0.468266 1.31968 1.04675 0.379386 1.14759 0.446 
0.406455 1.2552 1.02259 0.396177 1.12207 0.449293 
0.406455 1.2552 1.02259 0.396177 1.12207 0.449293 
0.277732 1.18393 0.986279 0.428025 1.12963 0.45527 
0.323261 1.11214 1.01742 0.423347 1.10675 0.457859 
0.399704 1.31081 1.08959 0.38647 1.1471 0.447781 
0.268939 1.08471 1.02967 0.446678 1.10438 0.463438 
0.21334 1.09823 1.07462 0.444504 1.10592 0.458908 
0.21334 1.09823 1.07462 0.444504 1.10592 0.458908 
0.386595 1.16717 0.954905 0.404928 1.12101 0.453178 
0.335883 1.2825 1.07892 0.398653 1.13722 0.451901 
0.328299 1.10655 1.04266 0.431842 1.10672 0.458113 
0.445147 1.34698 1.10689 0.375842 1.14606 0.444058 
0.455415 1.28957 1.07959 0.377747 1.13497 0.446092 
0.455415 1.28957 1.07959 0.377747 1.13497 0.446092 
0.253737 1.17715 1.06501 0.423783 1.11561 0.454335 
0.392267 1.31638 1.1351 0.391573 1.1401 0.446183 
0.392267 1.31638 1.1351 0.391573 1.1401 0.446183 
0.293964 1.1035 1.00043 0.432367 1.09634 0.460457 
0.461071 1.34273 1.07369 0.373473 1.14519 0.441699 
0.207946 1.0637 0.996341 0.450221 1.09336 0.46126 
0.491737 1.31374 0.992539 0.381549 1.1407 0.444025 
0.292697 1.2247 1.09618 0.42268 1.12157 0.454772 
0.33681 1.15087 1.05911 0.419526 1.09817 0.453123 
0.393592 1.32191 1.06529 0.39182 1.14487 0.447864 
0.211497 1.0577 1.03765 0.444675 1.08529 0.46047 
0.451357 1.31421 1.00418 0.386761 1.14812 0.444928 
0.205806 1.06628 1.06146 0.454907 1.09906 0.460167 
0.437247 1.27886 0.997947 0.394549 1.13069 0.447352 
0.274972 1.1991 1.09579 0.42595 1.12354 0.453941 
0.331323 1.13214 1.00091 0.418575 1.10763 0.459191 
0.425796 1.29054 1.06816 0.39224 1.15534 0.447294 
0.188934 1.05295 1.03165 0.449955 1.08571 0.463792 
0.501623 1.35225 1.00047 0.375762 1.15515 0.443313 
0.228985 1.1178 1.11024 0.441145 1.10964 0.459654 
0.459662 1.21582 1.0338 0.392676 1.13275 0.454312 
0.354494 1.27557 1.07165 0.400655 1.14191 0.450663 
0.433731 1.35506 1.03567 0.382241 1.14725 0.439008 
0.433731 1.35506 1.03567 0.382241 1.14725 0.439008 
0.475812 1.322 1.0687 0.374758 1.13857 0.442591 
0.229874 1.15293 1.08208 0.430185 1.10694 0.456826 
0.229874 1.15293 1.08208 0.430185 1.10694 0.456826 
0.393619 1.34706 1.14221 0.389453 1.1425 0.447228 
0.393619 1.34706 1.14221 0.389453 1.1425 0.447228 
0.324071 1.14747 0.992276 0.42456 1.09999 0.462071 
0.217002 1.06555 1.03032 0.452067 1.09215 0.460675 
0.217002 1.06555 1.03032 0.452067 1.09215 0.460675 
0.434781 1.30964 0.996319 0.378005 1.13195 0.447014 
0.252499 1.17541 1.092 0.433123 1.11383 0.454322 
0.339443 1.13486 1.01808 0.421614 1.10099 0.454601 
0.390822 1.3191 0.994199 0.403574 1.14707 0.443159 
0.237595 1.07333 1.05841 0.442338 1.08849 0.466577 
0.443347 1.3193 1.09847 0.380673 1.14747 0.44396 
0.219181 1.12016 1.07368 0.439981 1.10502 0.464813 
0.420178 1.22817 1.0056 0.396848 1.12766 0.448115 
0.301972 1.25109 1.10351 0.419228 1.12981 0.452543 
0.316499 1.06474 0.992047 0.433013 1.10255 0.459127 
0.375471 1.291 1.04627 0.394483 1.14622 0.445172 
0.24141 1.0362 1.0578 0.445393 1.09559 0.465369 
0.465204 1.32254 1.07348 0.378581 1.1433 0.440006 
0.23438 1.07654 1.18819 0.449434 1.10253 0.456346 
0.416888 1.185 1.03061 0.400441 1.12137 0.451108 
0.354908 1.30439 1.11053 0.396112 1.13774 0.450717 
0.315134 1.03493 0.972976 0.439177 1.10062 0.4617 
0.472296 1.39579 1.05421 0.369956 1.15412 0.439198 
0.236812 1.09561 1.11237 0.443409 1.09118 0.459366 
0.479045 1.27755 0.970487 0.384875 1.14084 0.443982 
0.295792 1.19933 1.06766 0.424633 1.12117 0.454946 
0.355996 1.15149 1.01151 0.410622 1.10412 0.455015 
0.278497 1.10813 1.0253 0.437737 1.09287 0.460374 
0.278497 1.10813 1.0253 0.437737 1.09287 0.460374 
0.452884 1.32102 1.09828 0.383663 1.14472 0.44182 
0.209361 1.09943 1.07967 0.444647 1.0944 0.46288 
0.328527 1.24879 1.05817 0.42199 1.13653 0.451097 
0.328527 1.24879 1.05817 0.42199 1.13653 0.451097 
0.326132 1.1106 1.02402 0.428504 1.10133 0.459191 
0.419056 1.2996 1.0784 0.400737 1.15103 0.442753 
0.227798 1.0421 1.00477 0.450344 1.09313 0.464271 
0.421464 1.24122 1.0561 0.390418 1.13948 0.447197 
0.22451 1.12836 1.02269 0.444004 1.11109 0.458156 
0.424503 1.19314 1.01748 0.404456 1.12454 0.45408 
0.350226 1.26085 1.11078 0.410932 1.14014 0.448271 
0.268616 1.06408 0.99094 0.4351 1.09509 0.461763 
0.436382 1.27889 1.09211 0.387801 1.15072 0.44541 
0.268189 1.05576 1.0427 0.449644 1.10748 0.460658 
0.47599 1.27558 1.05702 0.382501 1.13947 0.448134 
0.361201 1.11046 0.985831 0.415335 1.10979 0.459282 
0.361201 1.11046 0.985831 0.415335 1.10979 0.459282 
0.37091 1.12628 1.03156 0.42113 1.11212 0.453618 
0.447213 1.36012 1.06925 0.372642 1.1417 0.44122 
0.274021 1.14928 1.05304 0.438199 1.10366 0.457899 
0.274021 1.14928 1.05304 0.438199 1.10366 0.457899 
0.435446 1.24504 1.0377 0.387646 1.12421 0.447076 
0.365863 1.17549 1.0171 0.405756 1.10663 0.455017 
0.365863 1.17549 1.0171 0.405756 1.10663 0.455017 
0.298437 1.09399 1.02787 0.440896 1.09659 0.458326 
0.298437 1.09399 1.02787 0.440896 1.09659 0.458326 
0.295496 1.07362 0.986537 0.429026 1.09917 0.45701 
0.221498 1.09506 1.03255 0.447595 1.09782 0.461377 
0.411696 1.24435 1.05239 0.390541 1.12737 0.450349 
0.236417 1.20409 1.01584 0.430466 1.11454 0.455551 
0.405404 1.16019 1.03998 0.41816 1.11856 0.45512 
0.354819 1.26337 1.06366 0.410132 1.14032 0.44814 
0.282576 1.0671 1.00734 0.440514 1.09978 0.462108 
0.394433 1.30978 1.06177 0.383253 1.14295 0.44789 
0.48372 1.30724 0.995253 0.381696 1.14762 0.446683 
0.257136 1.20987 1.01798 0.424628 1.11824 0.457459 
0.257122 1.20988 1.01798 0.424624 1.11824 0.457459 
0.355191 1.14295 0.935099 0.413373 1.11209 0.449364 
0.359128 1.25089 1.12864 0.402968 1.14102 0.451449 
0.327443 1.08043 0.978664 0.431459 1.10588 0.458028 
0.226621 1.06083 1.03174 0.44967 1.09238 0.458346 
0.226621 1.06083 1.03174 0.44967 1.09238 0.458346 
0.491535 1.33858 0.950148 0.373753 1.14638 0.442699 
0.251258 1.17174 1.11209 0.425946 1.11037 0.457017 
0.368379 1.28858 1.08462 0.396499 1.13719 0.447977 
0.368379 1.28858 1.08462 0.396499 1.13719 0.447977 
0.30552 1.08911 1.02074 0.43525 1.09571 0.456854 
0.459151 1.33719 1.08065 0.384014 1.14477 0.439414 
0.493057 1.31551 1.07094 0.376855 1.13893 0.446878 
0.493056 1.31551 1.07094 0.376855 1.13893 0.446878 
0.268604 1.18523 1.0642 0.426636 1.11866 0.459647 
0.344847 1.31081 1.08459 0.400472 1.13423 0.447864 
0.344847 1.31081 1.08459 0.400472 1.13423 0.447864 
0.262506 1.09523 1.00713 0.440597 1.09111 0.460527 
0.45896 1.34887 1.07063 0.380182 1.14569 0.442236 
0.191806 1.07274 1.06429 0.451545 1.09774 0.461774 
0.377886 1.20601 1.00495 0.401003 1.11946 0.449812 
0.362806 1.23157 1.04148 0.415139 1.14735 0.455443 
0.326756 1.1064 1.02487 0.431499 1.10459 0.459733 
0.453829 1.33223 1.07922 0.38774 1.15361 0.443299 
0.213766 1.04749 1.00533 0.452494 1.09336 0.461864 
0.448461 1.24643 0.997641 0.390467 1.1438 0.445166 
0.423303 1.1982 0.979953 0.400407 1.12512 0.451183 
0.423303 1.1982 0.979953 0.400407 1.12512 0.451183 
0.36659 1.27232 1.0733 0.407457 1.14063 0.44937 
0.359255 1.11016 0.954218 0.425064 1.11037 0.458837 
0.282543 1.21348 1.09788 0.423129 1.11812 0.453197 
0.211035 1.02781 1.08268 0.449798 1.09088 0.462732 
0.465418 1.31232 1.01936 0.378124 1.1376 0.440611 
0.291711 1.17349 1.08931 0.431175 1.11976 0.454632 
0.420739 1.19069 0.989262 0.405468 1.11739 0.452577 
0.258921 1.04882 1.04289 0.440941 1.08651 0.462219 
0.258921 1.04882 1.04289 0.440941 1.08651 0.462219 
0.493886 1.37999 1.08624 0.370487 1.1529 0.441745 
0.415852 1.27239 1.01295 0.389159 1.12214 0.445339 
0.415852 1.27239 1.01295 0.389159 1.12214 0.445339 
0.260966 1.23623 1.1445 0.418243 1.11633 0.456359 
0.414975 1.31276 1.04905 0.401665 1.15196 0.444782 
0.414975 1.31276 1.04905 0.401665 1.15196 0.444782 
0.227753 1.04512 0.982124 0.452198 1.08989 0.461694 
0.473332 1.29256 1.03234 0.394156 1.15391 0.441446 
0.180032 1.00937 1.06641 0.462373 1.09624 0.461644 
0.456623 1.22976 1.02448 0.39133 1.13756 0.450165 
0.306496 1.26231 1.0545 0.417034 1.13397 0.452107 
0.352242 1.09461 0.983011 0.427483 1.10906 0.457537 
0.408674 1.32142 0.987441 0.391571 1.15075 0.44264 
0.219654 1.02436 1.04071 0.449929 1.08964 0.462985 
0.292851 1.14823 1.12076 0.434006 1.11926 0.456233 
0.398456 1.22213 1.06476 0.393709 1.11338 0.452702 
0.398456 1.22213 1.06476 0.393709 1.11338 0.452702 
0.415941 1.32759 1.01619 0.396065 1.15256 0.448275 
0.31732 1.05822 1.02145 0.434723 1.10089 0.46065 
0.442763 1.35037 1.06328 0.373003 1.1489 0.445175 
0.248039 1.07661 0.987186 0.44624 1.09938 0.45831 
0.311723 1.21354 1.07945 0.429145 1.11992 0.453985 
0.311723 1.21354 1.07945 0.429145 1.11992 0.453985 
0.390558 1.18209 0.991025 0.40542 1.11139 0.454598 
0.389606 1.29973 1.12729 0.394963 1.14142 0.44719 
0.27591 1.09354 1.06121 0.434048 1.08974 0.460889 
0.423057 1.33524 1.07578 0.380386 1.14133 0.442087 
0.421722 1.27652 1.06884 0.388276 1.12587 0.444938 
0.281843 1.20234 1.05691 0.429019 1.12302 0.454451 
0.281843 1.20234 1.05691 0.429019 1.12302 0.454451 
0.340636 1.29271 1.0336 0.397974 1.13656 0.448702 
0.340635 1.29271 1.0336 0.397974 1.13656 0.448702 
0.302078 1.05533 0.984821 0.450562 1.10593 0.460873 
0.438628 1.30094 1.09036 0.38571 1.14199 0.446787 
0.255793 1.1164 1.07593 0.445687 1.10983 0.459339 
0.316476 1.20278 1.09094 0.419772 1.13641 0.456983 
0.316476 1.20278 1.09094 0.419772 1.13641 0.456983 
0.319184 1.08741 0.973731 0.428643 1.10413 0.456372 
0.384683 1.30423 1.02166 0.390581 1.14319 0.446556 
0.465977 1.32729 1.01315 0.376717 1.14625 0.445254 
0.282742 1.12961 1.0622 0.437585 1.11932 0.460777 
0.436382 1.18514 1.05151 0.397554 1.12612 0.452686 
0.436381 1.18514 1.05151 0.397554 1.12612 0.452686 
0.378888 1.25304 1.11078 0.404673 1.14489 0.454449 
0.460426 1.32023 1.08334 0.385975 1.15165 0.440889 
0.460426 1.32023 1.08334 0.385975 1.15165 0.440889 
0.281681 1.05007 1.02166 0.451081 1.10226 0.460032 
0.254824 1.12718 1.08389 0.434744 1.11087 0.45851 
0.254824 1.12718 1.08389 0.434744 1.11087 0.45851 
0.366199 1.32749 1.08386 0.398045 1.13483 0.447906 
0.366199 1.32749 1.08386 0.398045 1.13483 0.447906 
0.292742 1.11158 1.02339 0.42783 1.09336 0.457476 
0.435664 1.33847 1.04144 0.381062 1.1429 0.440737 
0.239642 1.07764 1.05308 0.446857 1.1017 0.461736 
0.453271 1.27147 1.02313 0.390325 1.13137 0.444234 
0.355663 1.134 1.0044 0.425173 1.10626 0.45928 
0.355663 1.134 1.0044 0.425173 1.10626 0.45928 
0.226597 1.0654 1.02553 0.448389 1.09175 0.465758 
0.226597 1.0654 1.02553 0.448389 1.09175 0.465758 
0.196921 1.14135 1.09405 0.441883 1.0985 0.460382 
0.196921 1.14135 1.09405 0.441883 1.0985 0.460382 
0.392775 1.15032 1.01412 0.414092 1.1184 0.449402 
0.322273 1.21833 1.1067 0.416762 1.13848 0.452111 
0.271099 1.04471 1.01515 0.439136 1.09494 0.462064 
0.444706 1.34066 1.04994 0.384019 1.15434 0.442037 
0.174125 1.07699 1.01476 0.448515 1.08473 0.461383 
0.447949 1.29264 1.01604 0.383254 1.13878 0.444083 
0.244491 1.1845 1.04668 0.428047 1.11498 0.455312 
0.361034 1.16438 1.02801 0.401286 1.1068 0.455732 
0.389149 1.26973 1.01005 0.403902 1.14673 0.443834 
0.479413 1.35079 1.07971 0.376579 1.14946 0.440426 
0.479413 1.35079 1.07971 0.376579 1.14946 0.440426 
0.243701 1.09871 1.00307 0.444911 1.09939 0.456931 
0.293503 1.2194 1.06647 0.419677 1.12247 0.451468 
0.349618 1.13016 1.02165 0.419426 1.10079 0.454994 
0.349618 1.13016 1.02165 0.419426 1.10079 0.454994 
0.27316 1.06869 1.06532 0.447275 1.09093 0.457995 
0.27316 1.06869 1.06532 0.447275 1.09093 0.457995 
0.432326 1.32262 1.0125 0.381651 1.13855 0.444491 
0.218411 1.07074 1.03532 0.454335 1.09994 0.458694 
0.379559 1.22573 1.02498 0.39391 1.11641 0.450664 
0.310849 1.09506 0.993663 0.435498 1.09798 0.455851 
0.403328 1.29809 1.05472 0.396469 1.14726 0.446957 
0.403327 1.29809 1.05472 0.396468 1.14726 0.446957 
0.25437 1.10697 1.02693 0.438494 1.09937 0.46338 
0.20295 1.15294 1.07993 0.43631 1.09299 0.453035 
0.252321 1.12764 1.08504 0.440248 1.11437 0.45788 
0.331458 1.22912 1.00074 0.417172 1.13701 0.451661 
0.341481 1.08556 1.00339 0.431979 1.1065 0.455917 
0.34148 1.08557 1.00339 0.431979 1.1065 0.455917 
0.420073 1.30335 1.07319 0.379932 1.1484 0.446617 
0.242003 1.09053 1.01729 0.440874 1.09497 0.459607 
0.505139 1.29895 1.05105 0.380764 1.1441 0.442703 
0.265958 1.16918 1.12004 0.429922 1.11067 0.456341 
0.370934 1.31141 1.10757 0.3898 1.14024 0.45084 
0.370934 1.31141 1.10757 0.3898 1.14024 0.45084 
0.307849 1.07862 0.996839 0.438642 1.10142 0.459567 
0.47283 1.358 1.07138 0.380703 1.14744 0.440518 
0.276018 1.16378 1.11088 0.434217 1.10614 0.462539 
0.45257 1.2716 1.03352 0.387035 1.13323 0.448167 
0.308964 1.19286 1.05442 0.426129 1.13001 0.459127 
0.365744 1.17248 0.910369 0.416161 1.11396 0.457836 
0.340751 1.30882 1.09914 0.39873 1.13363 0.445847 
0.248148 1.07258 0.991775 0.449397 1.09485 0.46261 
0.445586 1.30307 1.04006 0.386362 1.14552 0.444077 
0.211859 1.02434 1.05984 0.455747 1.10254 0.462915 
0.461625 1.22985 0.973959 0.394754 1.13815 0.44894 
0.286639 1.18691 1.08138 0.425364 1.12656 0.455582 
0.350173 1.11535 0.975615 0.425447 1.10859 0.455999 
0.395082 1.31863 1.09452 0.385618 1.14655 0.446794 
0.244884 1.04832 1.01983 0.442061 1.0943 0.46352 
0.462266 1.35123 1.00219 0.374949 1.14574 0.43913 
0.251987 1.09514 1.09215 0.444685 1.10312 0.458304 
0.30176 1.21823 1.09132 0.416977 1.12515 0.453113 
0.301759 1.21823 1.09132 0.416977 1.12515 0.453113 
0.421816 1.31928 1.05005 0.39757 1.14591 0.441662 
0.421815 1.31928 1.05005 0.397569 1.14591 0.441662 
0.462631 1.32305 1.08013 0.377314 1.14027 0.442168 
0.46263 1.32305 1.08013 0.377314 1.14027 0.442168 
0.224164 1.08765 1.11491 0.447081 1.10218 0.45963 
0.434575 1.20066 1.04809 0.404122 1.12166 0.45039 
0.365194 1.30887 1.08035 0.406428 1.14168 0.450375 
0.321722 1.15601 0.954531 0.420233 1.10204 0.462627 
0.217007 1.05862 1.01338 0.448883 1.09473 0.465033 
0.217006 1.05862 1.01338 0.448883 1.09473 0.465033 
0.480106 1.2973 1.01064 0.38272 1.15145 0.448359 
0.267653 1.18112 1.07509 0.433616 1.12075 0.45799 
0.402772 1.26407 1.04646 0.410981 1.1543 0.448837 
0.402771 1.26407 1.04646 0.410981 1.1543 0.448837 
0.394676 1.33778 1.05326 0.379889 1.14505 0.443289 
0.394676 1.33778 1.05326 0.379889 1.14505 0.443289 
0.469177 1.27176 1.07925 0.384199 1.13804 0.446245 
0.295117 1.1701 1.04961 0.434279 1.12515 0.454561 
0.295117 1.1701 1.04961 0.434279 1.12515 0.454561 
0.393311 1.13135 1.01156 0.409359 1.11722 0.454338 
0.339552 1.31216 1.04506 0.392449 1.13757 0.44593 
0.296294 1.08336 1.05453 0.428889 1.09634 0.46254 
0.48467 1.33184 1.00932 0.379058 1.15567 0.443716 
0.270915 1.15425 0.990884 0.437206 1.10899 0.457035 
0.318819 1.23961 1.01947 0.414443 1.128 0.452152 
0.318819 1.23961 1.01947 0.414442 1.128 0.452152 
0.427945 1.31925 1.07694 0.38505 1.15051 0.445595 
0.270603 1.07917 1.02722 0.445903 1.09176 0.458079 
0.270603 1.07917 1.02722 0.445903 1.09176 0.458079 
0.45623 1.36337 1.1029 0.373259 1.14079 0.442914 
0.269265 1.13625 1.04197 0.443427 1.1083 0.45694 
0.292838 1.25536 1.10138 0.411768 1.12736 0.450748 
0.292838 1.25536 1.10138 0.411768 1.12736 0.450748 
0.360256 1.11931 0.974889 0.427504 1.10905 0.457464 
0.269389 1.06585 0.975244 0.455269 1.10063 0.460522 
0.269389 1.06585 0.975244 0.455269 1.10063 0.460522 
0.45948 1.27829 1.03415 0.385375 1.14517 0.449313 
0.249075 1.09354 1.0566 0.447812 1.11446 0.45978 
0.41821 1.18108 0.997582 0.408113 1.12543 0.452427 
0.292622 1.24902 1.10662 0.41395 1.12851 0.450593 
0.404148 1.31716 1.07908 0.382427 1.14631 0.448229 
0.227797 1.01784 1.03533 0.453699 1.09712 0.459146 
0.227805 1.01783 1.03533 0.453701 1.09712 0.459146 
0.491235 1.23847 1.04272 0.392766 1.14423 0.445963 
0.4192 1.19093 0.967124 0.404264 1.1205 0.450882 
0.4192 1.19093 0.967124 0.404264 1.1205 0.450882 
0.292965 1.05922 0.951906 0.439477 1.10063 0.457897 
0.292973 1.05921 0.951906 0.439479 1.10063 0.457897 
0.268023 1.12794 1.15287 0.438991 1.10177 0.458372 
0.268023 1.12794 1.15287 0.438991 1.10177 0.458372 
0.307982 1.1866 1.08609 0.423202 1.12538 0.456032 
0.359762 1.14983 1.01474 0.414585 1.10538 0.454987 
0.35977 1.14982 1.01474 0.414587 1.10538 0.454986 
0.276481 1.08235 1.0694 0.448289 1.09828 0.459905 
0.276481 1.08235 1.0694 0.448288 1.09828 0.459905 
0.466617 1.34343 1.06234 0.376695 1.14295 0.446675 
0.210906 1.11562 1.0824 0.44298 1.10286 0.457846 
0.321431 1.25607 1.15367 0.411747 1.13089 0.451027 
0.297732 1.11164 0.999238 0.433678 1.09991 0.458227 
0.297732 1.11164 0.999238 0.433678 1.09991 0.458227 
0.437934 1.33715 1.02417 0.38099 1.14935 0.447338 
0.196077 1.08151 1.02706 0.444417 1.096 0.46249 
0.435082 1.2564 1.01299 0.389643 1.13498 0.446961 
0.268105 1.17145 1.03033 0.433265 1.12196 0.458943 
0.419441 1.18342 0.985098 0.408411 1.122 0.452426 
0.348588 1.30435 1.06997 0.390581 1.13825 0.449086 
0.270414 1.02817 1.03164 0.444477 1.09666 0.458859 
0.4863 1.31365 1.03054 0.37835 1.15572 0.444691 
0.467127 1.28932 1.01211 0.38268 1.13038 0.445421 
0.467127 1.28932 1.01211 0.38268 1.13038 0.445421 
0.313257 1.22784 1.10218 0.411578 1.1268 0.450834 
0.349441 1.11324 0.961137 0.424404 1.1063 0.456343 
0.434922 1.33566 1.04814 0.378192 1.14803 0.444028 
0.26393 1.0687 1.04184 0.450123 1.09609 0.459868 
0.488026 1.30857 1.06631 0.384964 1.13756 0.441491 
0.221173 1.13734 1.12591 0.439699 1.10025 0.455829 
0.395349 1.17918 0.980222 0.409428 1.11462 0.449708 
0.32125 1.26173 1.10157 0.404459 1.13182 0.452034 
0.259452 1.12488 1.0253 0.430413 1.09038 0.460428 
0.446502 1.36 1.03339 0.384116 1.15118 0.442678 
0.245969 1.08301 0.97882 0.452807 1.10139 0.463231 
0.485438 1.27209 1.03058 0.38966 1.14229 0.446025 
0.235596 1.15891 1.09186 0.433813 1.1147 0.458542 
0.372113 1.142 0.988256 0.414544 1.115 0.457376 
0.376682 1.28942 1.06888 0.405615 1.14491 0.444915 
0.229365 1.02613 0.967642 0.457549 1.09332 0.462624 
0.213922 1.09427 1.07214 0.441506 1.10398 0.464547 
0.213922 1.09427 1.07214 0.441506 1.10398 0.464547 
0.428871 1.18483 0.994134 0.405118 1.12645 0.449393 
0.318448 1.24071 1.04309 0.416326 1.13308 0.449831 
0.43359 1.31149 1.05696 0.384588 1.15247 0.442538 
0.43359 1.31149 1.05696 0.384588 1.15247 0.442538 
0.494371 1.31361 1.01055 0.378613 1.14805 0.442071 
0.49437 1.31361 1.01055 0.378613 1.14805 0.442071 
0.422038 1.20812 1.04267 0.395494 1.11902 0.449691 
0.422038 1.20812 1.04267 0.395494 1.11902 0.449691 
0.326503 1.24874 1.15025 0.408892 1.13056 0.450171 
0.33242 1.10619 1.01369 0.421092 1.09763 0.456998 
0.46109 1.41303 1.08145 0.368816 1.15519 0.443753 
0.244965 1.07963 1.02009 0.443243 1.08634 0.461172 
0.255715 1.12838 1.06083 0.439912 1.10563 0.46291 
0.255715 1.12838 1.06083 0.439912 1.10563 0.46291 
0.415199 1.22337 0.989289 0.394304 1.12318 0.450239 
0.312475 1.25027 1.09827 0.417595 1.1284 0.451252 
0.479612 1.35646 1.07752 0.384118 1.1593 0.444402 
0.479612 1.35646 1.07752 0.384118 1.1593 0.444402 
0.421871 1.23906 1.04498 0.392659 1.13474 0.445911 
0.261259 1.1707 1.06248 0.436818 1.1184 0.456463 
0.347219 1.14087 1.04477 0.414238 1.10574 0.453934 
0.428126 1.32916 1.12138 0.391756 1.15689 0.449474 
0.428126 1.32916 1.12138 0.391756 1.15689 0.449474 
0.244266 1.05252 1.0518 0.43751 1.09045 0.464116 
0.469565 1.31247 1.02594 0.377332 1.15558 0.445263 
0.250712 1.09161 1.03926 0.444338 1.10753 0.461126 
0.406298 1.2193 1.04802 0.395315 1.1196 0.445896 
0.356305 1.23876 1.08538 0.415553 1.13732 0.451783 
0.448222 1.36446 1.043 0.384653 1.15001 0.441803 
0.415362 1.30569 1.08935 0.388355 1.14864 0.444008 
0.433122 1.26175 1.01912 0.385643 1.12923 0.449284 
0.463484 1.31353 1.03809 0.382039 1.14186 0.43983 
0.281254 1.14505 1.08749 0.439346 1.10667 0.457328 
0.434209 1.23096 0.998295 0.394608 1.12293 0.447276 
0.30039 1.12487 1.02813 0.418934 1.09188 0.458597 
0.30039 1.12487 1.02813 0.418934 1.09188 0.458597 
0.226497 1.09455 1.03253 0.449637 1.08969 0.459489 
0.419662 1.26702 1.0188 0.394693 1.13435 0.444091 
0.419661 1.26702 1.0188 0.394693 1.13435 0.444091 
0.26507 1.17179 1.04526 0.436346 1.1156 0.46069 
0.352964 1.18192 0.992369 0.403284 1.11263 0.455283 
0.340729 1.20898 1.07753 0.418462 1.14414 0.453701 
0.302608 1.10771 1.05032 0.433213 1.09938 0.459607 
0.459498 1.33767 1.04676 0.384259 1.15753 0.445888 
0.24222 1.06071 1.01545 0.448406 1.10005 0.462625 
0.422093 1.23839 0.995091 0.388991 1.13628 0.44793 
0.404279 1.17016 1.06968 0.408222 1.11582 0.452464 
0.404279 1.17016 1.06968 0.408222 1.11582 0.452464 
0.36915 1.27538 1.07441 0.402596 1.1397 0.446614 
0.274516 1.04036 1.01027 0.443404 1.09572 0.458708 
0.256 1.12884 1.08337 0.439202 1.10473 0.455247 
0.256 1.12884 1.08337 0.439202 1.10473 0.455247 
0.418347 1.25137 1.07457 0.388065 1.11825 0.445189 
0.329873 1.09218 1.02829 0.427222 1.09894 0.454155 
0.329873 1.09218 1.02829 0.427222 1.09894 0.454155 
0.381046 1.2922 1.11135 0.388729 1.13703 0.446727 
0.457413 1.34141 1.16549 0.374445 1.13229 0.444869 
0.457413 1.34141 1.16549 0.374445 1.13229 0.444869 
0.226133 1.17323 1.08721 0.4378 1.10472 0.451821 
0.376506 1.18876 1.0243 0.405404 1.11063 0.452899 
0.334638 1.24891 1.18997 0.406865 1.13406 0.451188 
0.255575 1.04041 0.992276 0.448829 1.09169 0.459246 
0.235905 1.08377 1.03976 0.456994 1.10016 0.458709 
0.235904 1.08377 1.03976 0.456994 1.10016 0.458709 
0.432262 1.24931 0.990094 0.392707 1.13415 0.448154 
0.258439 1.18299 1.11981 0.428496 1.12016 0.456861 
0.354623 1.14119 1.04866 0.411714 1.11156 0.455771 
0.320186 1.08662 0.965766 0.437708 1.10604 0.456156 
0.320186 1.08662 0.965766 0.437708 1.10604 0.456156 
0.237174 1.05039 1.01004 0.450166 1.10008 0.461023 
0.237174 1.05039 1.01004 0.450166 1.10008 0.461023 
0.443693 1.26247 1.05357 0.382214 1.13338 0.445603 
0.220477 1.11902 1.05361 0.435601 1.10948 0.457547 
0.39303 1.1805 0.966553 0.409171 1.11464 0.450168 
0.405022 1.27426 1.0714 0.402397 1.14644 0.447643 
0.290243 1.0885 1.03959 0.432352 1.09384 0.458428 
0.294905 1.19126 1.0809 0.429757 1.1223 0.455487 
0.452682 1.28475 1.00236 0.385606 1.12754 0.443209 
0.308651 1.20203 1.09464 0.423894 1.12341 0.451158 
0.344228 1.15559 1.03833 0.417434 1.10065 0.454768 
0.40483 1.31534 1.09919 0.390621 1.14437 0.446373 
0.248801 1.07549 0.999688 0.44231 1.0925 0.462813 
0.248801 1.07549 0.999688 0.44231 1.0925 0.462813 
0.474558 1.35403 1.01527 0.378088 1.14744 0.441185 
0.219297 1.10198 1.05318 0.450667 1.10009 0.462262 
0.224862 1.081 1.05271 0.441637 1.09353 0.462992 
0.262498 1.19737 1.11301 0.427835 1.12251 0.454265 
0.393288 1.18335 1.04088 0.402924 1.1193 0.45348 
0.201775 1.0262 1.02099 0.456474 1.09053 0.463985 
0.201775 1.0262 1.02099 0.456474 1.09053 0.463985 
0.513314 1.29287 1.01045 0.387103 1.15566 0.444731 
0.290596 1.1511 1.12369 0.433191 1.12069 0.461277 
0.409136 1.17041 1.02012 0.404774 1.12145 0.454027 
0.389805 1.28425 1.08718 0.394102 1.15059 0.450396 
0.483263 1.34095 1.09613 0.381255 1.15392 0.441041 
0.483263 1.34095 1.09613 0.381255 1.15392 0.441041 
0.486714 1.29627 1.01552 0.377773 1.14098 0.444991 
0.486714 1.29627 1.01552 0.377773 1.14098 0.444991 
0.3446 1.12395 1.01476 0.420158 1.10218 0.45754 
0.435917 1.3198 1.06828 0.393521 1.14716 0.440751 
0.435917 1.3198 1.06828 0.393521 1.14716 0.440751 
0.261457 1.067 1.01955 0.442032 1.09322 0.464342 
0.226951 1.14023 0.995825 0.439573 1.10575 0.458452 
0.226951 1.14023 0.995825 0.439573 1.10575 0.458452 
0.336851 1.27866 1.11521 0.41018 1.13191 0.449293 
0.282131 1.06001 1.03071 0.439941 1.09104 0.459289 
0.282131 1.06001 1.03071 0.439941 1.09104 0.459289 
0.453721 1.32136 1.06621 0.385825 1.15543 0.444558 
0.242703 1.0705 1.09646 0.451777 1.09824 0.462858 
0.264877 1.19576 1.13321 0.42928 1.11718 0.45744 
0.264877 1.19576 1.13321 0.42928 1.11718 0.45744 
0.332802 1.23401 1.06813 0.414692 1.14153 0.448705 
0.332802 1.23401 1.06813 0.414692 1.14153 0.448705 
0.470757 1.32571 1.07371 0.383715 1.1561 0.442342 
0.470757 1.32571 1.07371 0.383715 1.1561 0.442342 
0.198994 1.05629 1.01321 0.455136 1.09368 0.461771 
0.428032 1.24076 1.0152 0.390584 1.13324 0.446585 
0.355137 1.1614 1.03885 0.403518 1.10736 0.45559 
0.355137 1.1614 1.03885 0.403518 1.10736 0.45559 
0.383908 1.27833 1.13281 0.401946 1.14577 0.447261 
0.322813 1.08919 1.02096 0.432441 1.09887 0.4565 
0.445951 1.32594 1.05327 0.383147 1.14796 0.442224 
0.459703 1.28705 1.07973 0.377331 1.13545 0.445891 
0.235245 1.13473 1.06554 0.43565 1.10461 0.45416 
0.235245 1.13473 1.06554 0.43565 1.10461 0.45416 
0.330357 1.28966 1.07508 0.407854 1.13238 0.44662 
0.330357 1.28966 1.07508 0.407854 1.13238 0.44662 
0.30324 1.1035 1.01304 0.433243 1.09611 0.457856 
0.22794 1.08648 0.968096 0.45105 1.09535 0.457774 
0.445893 1.288 1.06847 0.384043 1.13481 0.446405 
0.445893 1.288 1.06847 0.384043 1.13481 0.446405 
0.257653 1.21309 1.06001 0.42774 1.11478 0.457099 
0.384247 1.28871 1.13486 0.396566 1.14619 0.455199 
0.384247 1.28871 1.13486 0.396566 1.14619 0.455199 
0.311266 1.07316 1.03214 0.44244 1.10383 0.460705 
0.233864 1.06711 1.02874 0.454452 1.10387 0.460847 
0.233864 1.06711 1.02874 0.454452 1.10387 0.460847 
0.403841 1.22889 1.01439 0.398 1.12418 0.449469 
0.34749 1.12977 1.00571 0.423708 1.1098 0.455229 
0.40735 1.3124 1.11145 0.390657 1.1483 0.448706 
0.40735 1.3124 1.11145 0.390657 1.1483 0.448706 
0.45432 1.26985 1.0971 0.382167 1.14584 0.446269 
0.45432 1.26985 1.0971 0.382167 1.14584 0.446269 
0.259852 1.0663 1.02519 0.450625 1.11574 0.458843 
0.350245 1.2607 1.06876 0.406668 1.1384 0.451154 
0.326802 1.13131 0.994626 0.420449 1.10297 0.456954 
0.326802 1.13131 0.994626 0.420449 1.10297 0.456954 
0.42222 1.30005 1.0542 0.382239 1.14609 0.446429 
0.299197 1.10028 1.01272 0.439727 1.10991 0.460967 
0.463246 1.30595 1.06605 0.378554 1.13686 0.442067 
0.274662 1.17373 1.12761 0.431459 1.11023 0.455212 
0.435945 1.1945 1.08898 0.401296 1.11818 0.449541 
0.304756 1.07651 1.04784 0.437831 1.09813 0.457466 
0.418483 1.36054 1.10824 0.37816 1.13913 0.44333 
0.418483 1.36054 1.10824 0.37816 1.13913 0.44333 
0.433899 1.30074 1.02305 0.385372 1.12984 0.445736 
0.257724 1.21067 1.07258 0.422009 1.11915 0.459287 
0.257724 1.21067 1.07258 0.422009 1.11915 0.459287 
0.323657 1.25926 1.09672 0.408686 1.13259 0.448903 
0.265446 1.09108 0.995864 0.443906 1.0942 0.460393 
0.265446 1.09108 0.995864 0.443906 1.0942 0.460393 
0.442207 1.2882 1.11463 0.388704 1.14391 0.442805 
0.252 1.05898 1.07371 0.45331 1.10985 0.463764 
0.427789 1.26403 1.04198 0.38406 1.1336 0.448176 
0.334264 1.13873 0.97565 0.421363 1.10718 0.457253 
0.334264 1.13873 0.97565 0.421363 1.10718 0.457253 
0.449869 1.34752 1.05931 0.384877 1.15679 0.44807 
0.4562 1.32075 1.04547 0.375176 1.14412 0.442876 
0.4562 1.32075 1.04547 0.375176 1.14412 0.442876 
0.418877 1.17992 1.04626 0.400678 1.1216 0.450669 
0.418877 1.17992 1.04626 0.400678 1.1216 0.450669 
0.324097 1.24745 1.04891 0.411571 1.13075 0.447216 
0.474439 1.3482 1.05981 0.379194 1.15537 0.441577 
0.474439 1.3482 1.05981 0.379194 1.15537 0.441577 
0.495608 1.32173 1.05224 0.371051 1.14581 0.445485 
0.495608 1.32173 1.05224 0.371051 1.14581 0.445485 
0.39716 1.22081 1.0293 0.39808 1.11083 0.449571 
0.39716 1.22081 1.0293 0.39808 1.11083 0.449571 
0.367671 1.31438 1.11535 0.406763 1.13708 0.447204 
0.272505 1.08647 1.0565 0.434274 1.08881 0.46216 
0.43209 1.33015 1.10224 0.384422 1.14897 0.444205 
0.188012 1.05213 1.01418 0.452258 1.0897 0.464124 
0.460306 1.269 1.04569 0.389259 1.14166 0.444499 
0.249809 1.18291 1.07677 0.438036 1.11473 0.454413 
0.349267 1.17451 1.05088 0.408426 1.10651 0.452078 
0.350688 1.27207 1.09057 0.408484 1.14214 0.448678 
0.422572 1.28969 1.06791 0.39058 1.1519 0.445069 
0.422572 1.28969 1.06791 0.39058 1.1519 0.445069 
0.218499 1.03143 0.974511 0.455673 1.09493 0.457661 
0.459947 1.2789 1.06294 0.38616 1.14508 0.442815 
0.370271 1.18283 0.9609 0.398622 1.11285 0.4501 
0.370271 1.18283 0.9609 0.398622 1.11285 0.4501 
0.325492 1.23478 1.02038 0.413027 1.13445 0.450263 
0.306885 1.06115 1.01125 0.430374 1.0965 0.458221 
0.470503 1.32061 1.04881 0.385743 1.15704 0.441339 
0.253667 1.11883 1.05575 0.44077 1.09108 0.458848 
0.487802 1.29063 1.06249 0.381783 1.14207 0.442739 
0.267044 1.1545 1.09079 0.435417 1.11166 0.454876 
0.412459 1.18552 0.979417 0.401223 1.11748 0.452506 
0.32721 1.25913 1.08467 0.411869 1.13021 0.447531 
0.419969 1.33027 1.06214 0.387307 1.13984 0.442923 
0.419969 1.33027 1.06214 0.387307 1.13984 0.442923 
0.233624 1.10907 1.00986 0.444198 1.0959 0.460384 
0.405646 1.25532 1.06461 0.387496 1.12585 0.447888 
0.252488 1.15845 1.04237 0.43722 1.11859 0.456502 
0.356905 1.29854 1.07588 0.405586 1.14217 0.447439 
0.356905 1.29854 1.07588 0.405586 1.14217 0.447439 
0.23757 1.04187 1.01714 0.449408 1.09055 0.462389 
0.431458 1.29106 1.07855 0.384406 1.14743 0.447123 
0.224684 1.02901 1.03445 0.459994 1.10422 0.458356 
0.424717 1.23295 1.00646 0.39317 1.13093 0.450108 
0.294635 1.22193 1.06706 0.424975 1.12646 0.452733 
0.3677 1.10119 0.985297 0.425069 1.11177 0.457627 
0.262464 1.05752 1.05244 0.441524 1.09772 0.459803 
0.262472 1.05752 1.05244 0.441526 1.09773 0.459803 
0.272593 1.16035 1.02679 0.433829 1.11334 0.456674 
0.272585 1.16036 1.02679 0.433827 1.11334 0.456674 
0.421284 1.20481 1.03943 0.396128 1.1178 0.450057 
0.347426 1.23927 1.06436 0.412248 1.13621 0.449734 
0.337842 1.1019 1.03034 0.423981 1.10032 0.456706 
0.45063 1.32031 1.13001 0.382308 1.15089 0.442635 
0.272984 1.13323 1.00576 0.435415 1.09707 0.461465 
0.445431 1.3165 1.04925 0.380228 1.13577 0.442766 
0.270878 1.20111 1.05189 0.431701 1.11111 0.456321 
0.384236 1.18487 1.01809 0.403544 1.11311 0.449755 
0.293149 1.26427 1.02954 0.40915 1.12606 0.451508 
0.319706 1.11142 1.01432 0.428282 1.10181 0.457642 
0.396774 1.3513 1.05651 0.384357 1.14049 0.446548 
0.24869 1.08514 1.0516 0.449245 1.09683 0.459593 
0.423866 1.26423 1.05811 0.388926 1.1336 0.447289 
0.199765 1.14236 1.08584 0.438671 1.10446 0.456852 
0.36022 1.07867 1.00112 0.427527 1.11347 0.453402 
0.310419 1.20466 1.11074 0.419797 1.13421 0.451154 
0.306033 1.08088 0.962884 0.440572 1.10404 0.45834 
0.403347 1.29201 1.05884 0.390941 1.14569 0.445025 
0.263613 1.05788 0.979458 0.45425 1.10617 0.461244 
0.237726 1.12122 1.08745 0.436194 1.11343 0.461219 
0.237726 1.12122 1.08745 0.436194 1.11343 0.461219 
0.417229 1.19234 1.0174 0.400463 1.12308 0.447696 
