-0.590687 ,0.696786 ,-0.406913, -0.88155 
0.806019 ,0.533085 ,-0.257203, -0.0783875 
0.0377043 ,-0.479906 ,-0.876509, 0.119307 
0 ,0 ,0, 1 
-0.590642 ,0.696737 ,-0.407061, -0.873598 
0.806047 ,0.533062 ,-0.257163, -0.0680048 
0.037814 ,-0.480002 ,-0.876452, 0.119309 
0 ,0 ,0, 1 
-0.590645 ,0.696732 ,-0.407065, -0.859093 
0.806042 ,0.533092 ,-0.257116, -0.0534363 
0.0378621 ,-0.479976 ,-0.876464, 0.119283 
0 ,0 ,0, 1 
-0.590527 ,0.69683 ,-0.407068, -0.850226 
0.806133 ,0.532956 ,-0.257115, -0.0440566 
0.0377836 ,-0.479985 ,-0.876463, 0.119289 
0 ,0 ,0, 1 
-0.590563 ,0.696896 ,-0.406905, -0.834864 
0.806113 ,0.532962 ,-0.257164, -0.0313934 
0.0376482 ,-0.479883 ,-0.876524, 0.11924 
0 ,0 ,0, 1 
-0.590504 ,0.696848 ,-0.407073, -0.805683 
0.806148 ,0.532953 ,-0.257071, -0.0138791 
0.0378117 ,-0.479962 ,-0.876474, 0.119255 
0 ,0 ,0, 1 
-0.590602 ,0.696767 ,-0.407068, -0.774574 
0.806073 ,0.533077 ,-0.257053, -0.00262051 
0.037892 ,-0.479942 ,-0.876481, 0.119248 
0 ,0 ,0, 1 
-0.590602 ,0.696863 ,-0.406905, -0.74112 
0.806083 ,0.533016 ,-0.257147, 0.00137133 
0.0376908 ,-0.47987 ,-0.876529, 0.119226 
0 ,0 ,0, 1 
-0.590539 ,0.696877 ,-0.406972, -0.707631 
0.806127 ,0.532961 ,-0.257122, -0.00210973 
0.0377177 ,-0.479911 ,-0.876506, 0.119242 
0 ,0 ,0, 1 
-0.590598 ,0.696861 ,-0.406913, -0.694198 
0.806085 ,0.533014 ,-0.257144, -0.00456992 
0.037697 ,-0.479875 ,-0.876527, 0.119231 
0 ,0 ,0, 1 
-0.590573 ,0.696889 ,-0.406902, -0.676198 
0.806105 ,0.532978 ,-0.257157, -0.0117242 
0.03766 ,-0.479876 ,-0.876528, 0.119227 
0 ,0 ,0, 1 
-0.590605 ,0.696762 ,-0.407073, -0.645485 
0.806071 ,0.533079 ,-0.257054, -0.0276218 
0.0378968 ,-0.479947 ,-0.876479, 0.119253 
0 ,0 ,0, 1 
-0.590502 ,0.696864 ,-0.407049, -0.634201 
0.80615 ,0.532956 ,-0.25706, -0.0332123 
0.0378029 ,-0.479937 ,-0.876488, 0.11924 
0 ,0 ,0, 1 
-0.590597 ,0.696874 ,-0.406893, -0.616945 
0.806087 ,0.533005 ,-0.257158, -0.0446228 
0.0376694 ,-0.479868 ,-0.876532, 0.119218 
0 ,0 ,0, 1 
-0.590625 ,0.696767 ,-0.407035, -0.596238 
0.806057 ,0.53309 ,-0.257073, -0.0610487 
0.0378665 ,-0.479927 ,-0.876491, 0.119245 
0 ,0 ,0, 1 
