-0.664437 ,0.652762 ,-0.363904, -0.89263 
0.747339 ,0.582116 ,-0.32035, -0.0841776 
0.00272179 ,-0.484812 ,-0.874614, 0.118853 
0 ,0 ,0, 1 
-0.664756 ,0.652442 ,-0.363893, -0.892648 
0.747055 ,0.582351 ,-0.320587, -0.08419 
0.00274851 ,-0.484961 ,-0.874532, 0.118903 
0 ,0 ,0, 1 
-0.663661 ,0.653353 ,-0.364257, -0.892561 
0.74803 ,0.581107 ,-0.320572, -0.0842729 
0.00222565 ,-0.485226 ,-0.874386, 0.1189 
0 ,0 ,0, 1 
-0.661371 ,0.655179 ,-0.365142, -0.89248 
0.750057 ,0.578837 ,-0.319943, -0.0841281 
0.00173753 ,-0.485478 ,-0.874247, 0.118738 
0 ,0 ,0, 1 
-0.660948 ,0.65543 ,-0.365457, -0.892523 
0.750429 ,0.578424 ,-0.319815, -0.0840941 
0.0017727 ,-0.485631 ,-0.874162, 0.118735 
0 ,0 ,0, 1 
-0.65919 ,0.656877 ,-0.366034, -0.892417 
0.751976 ,0.576612 ,-0.319456, -0.0840597 
0.00121629 ,-0.48583 ,-0.874052, 0.118671 
0 ,0 ,0, 1 
-0.657816 ,0.657703 ,-0.367022, -0.892495 
0.753177 ,0.575334 ,-0.318928, -0.0839349 
0.00140027 ,-0.486229 ,-0.87383, 0.118736 
0 ,0 ,0, 1 
-0.65691 ,0.658381 ,-0.367429, -0.89244 
0.753968 ,0.574429 ,-0.31869, -0.083905 
0.00124205 ,-0.48638 ,-0.873746, 0.118857 
0 ,0 ,0, 1 
-0.655203 ,0.659611 ,-0.368268, -0.892452 
0.755452 ,0.572716 ,-0.318259, -0.0838337 
0.000985703 ,-0.486733 ,-0.87355, 0.118869 
0 ,0 ,0, 1 
-0.654274 ,0.660152 ,-0.368951, -0.892448 
0.756257 ,0.571873 ,-0.317863, -0.0837482 
0.0011555 ,-0.486992 ,-0.873406, 0.119016 
0 ,0 ,0, 1 
-0.652919 ,0.661083 ,-0.369683, -0.89249 
0.757427 ,0.570521 ,-0.317507, -0.0836838 
0.00101289 ,-0.487314 ,-0.873226, 0.119164 
0 ,0 ,0, 1 
-0.651544 ,0.662027 ,-0.37042, -0.892493 
0.758611 ,0.569174 ,-0.317097, -0.0836085 
0.00090724 ,-0.487607 ,-0.873063, 0.119184 
0 ,0 ,0, 1 
-0.650703 ,0.662536 ,-0.370986, -0.892454 
0.759331 ,0.56842 ,-0.316726, -0.083554 
0.00103381 ,-0.487796 ,-0.872957, 0.119317 
0 ,0 ,0, 1 
-0.649283 ,0.663447 ,-0.371847, -0.892545 
0.760546 ,0.566972 ,-0.316404, -0.0835181 
0.000909233 ,-0.488243 ,-0.872707, 0.119453 
0 ,0 ,0, 1 
-0.648211 ,0.664283 ,-0.372223, -0.892433 
0.76146 ,0.565931 ,-0.316071, -0.0834762 
0.00069141 ,-0.488314 ,-0.872668, 0.119448 
0 ,0 ,0, 1 
-0.647421 ,0.664605 ,-0.373022, -0.89253 
0.762132 ,0.565244 ,-0.315682, -0.0834075 
0.00104468 ,-0.488671 ,-0.872468, 0.119523 
0 ,0 ,0, 1 
-0.646122 ,0.665523 ,-0.373637, -0.892521 
0.763234 ,0.563906 ,-0.315412, -0.0833955 
0.00078193 ,-0.488968 ,-0.872302, 0.119682 
0 ,0 ,0, 1 
-0.645189 ,0.666178 ,-0.374083, -0.892459 
0.764023 ,0.56303 ,-0.315067, -0.0833456 
0.000729035 ,-0.489085 ,-0.872236, 0.119645 
0 ,0 ,0, 1 
-0.644217 ,0.666654 ,-0.374908, -0.892582 
0.764842 ,0.562109 ,-0.314722, -0.0832861 
0.000928128 ,-0.489494 ,-0.872006, 0.119749 
0 ,0 ,0, 1 
-0.643312 ,0.667415 ,-0.375109, -0.892412 
0.765604 ,0.561182 ,-0.314523, -0.0833201 
0.000586929 ,-0.489521 ,-0.871991, 0.119752 
0 ,0 ,0, 1 
-0.642259 ,0.66787 ,-0.376103, -0.892613 
0.766487 ,0.560212 ,-0.314101, -0.0832291 
0.000919155 ,-0.490013 ,-0.871715, 0.119934 
0 ,0 ,0, 1 
-0.641356 ,0.668515 ,-0.376498, -0.892557 
0.767243 ,0.559294 ,-0.313892, -0.083249 
0.000731162 ,-0.490182 ,-0.87162, 0.11992 
0 ,0 ,0, 1 
-0.613402 ,0.688393 ,-0.387108, -0.892501 
0.78977 ,0.534254 ,-0.301389, -0.0823935 
-0.00066007 ,-0.490599 ,-0.871385, 0.119138 
0 ,0 ,0, 1 
-0.609162 ,0.690515 ,-0.390013, -0.891633 
0.793045 ,0.531148 ,-0.298264, -0.0839413 
0.00119879 ,-0.490989 ,-0.871165, 0.120318 
0 ,0 ,0, 1 
-0.63258 ,0.673397 ,-0.382594, -0.893531 
0.774492 ,0.55132 ,-0.310175, -0.0839088 
0.00206091 ,-0.492526 ,-0.870295, 0.12172 
0 ,0 ,0, 1 
-0.608814 ,0.69162 ,-0.388596, -0.891917 
0.793312 ,0.530063 ,-0.299482, -0.0825348 
-0.0011475 ,-0.490606 ,-0.871381, 0.118602 
0 ,0 ,0, 1 
-0.618223 ,0.683344 ,-0.388383, -0.892613 
0.785999 ,0.539019 ,-0.302761, -0.0842834 
0.00245604 ,-0.492443 ,-0.870341, 0.121282 
0 ,0 ,0, 1 
-0.621558 ,0.681174 ,-0.386869, -0.893276 
0.783366 ,0.541537 ,-0.305081, -0.0833839 
0.00169067 ,-0.492686 ,-0.870206, 0.121303 
0 ,0 ,0, 1 
-0.611242 ,0.689579 ,-0.388412, -0.891863 
0.791443 ,0.532173 ,-0.300681, -0.0832265 
-0.000640977 ,-0.491195 ,-0.871049, 0.118931 
0 ,0 ,0, 1 
-0.618911 ,0.682406 ,-0.388936, -0.893029 
0.785456 ,0.539469 ,-0.303367, -0.0837281 
0.00279901 ,-0.493249 ,-0.869884, 0.121428 
0 ,0 ,0, 1 
-0.617098 ,0.684538 ,-0.38807, -0.892684 
0.786886 ,0.537307 ,-0.303499, -0.0831299 
0.000756509 ,-0.492655 ,-0.870224, 0.120841 
0 ,0 ,0, 1 
-0.615126 ,0.686121 ,-0.388405, -0.892283 
0.788429 ,0.53563 ,-0.302458, -0.082901 
0.000519065 ,-0.492279 ,-0.870437, 0.119844 
0 ,0 ,0, 1 
-0.621481 ,0.680583 ,-0.388031, -0.893015 
0.783426 ,0.541436 ,-0.305108, -0.0828788 
0.00244289 ,-0.493612 ,-0.869679, 0.121356 
0 ,0 ,0, 1 
-0.621349 ,0.681167 ,-0.387217, -0.892806 
0.783533 ,0.540889 ,-0.305803, -0.0824767 
0.00113857 ,-0.493408 ,-0.869797, 0.120916 
0 ,0 ,0, 1 
-0.619205 ,0.683077 ,-0.387286, -0.892224 
0.785229 ,0.538934 ,-0.304903, -0.0817329 
0.000449687 ,-0.492906 ,-0.870083, 0.120437 
0 ,0 ,0, 1 
-0.61663 ,0.684463 ,-0.388945, -0.89257 
0.787253 ,0.536612 ,-0.303777, -0.0819073 
0.000788513 ,-0.493516 ,-0.869736, 0.120579 
0 ,0 ,0, 1 
-0.618773 ,0.682667 ,-0.388698, -0.892792 
0.785568 ,0.538709 ,-0.304426, -0.0817458 
0.0015735 ,-0.493719 ,-0.86962, 0.120728 
0 ,0 ,0, 1 
-0.589671 ,0.702842 ,-0.397871, -0.892217 
0.807643 ,0.51248 ,-0.29168, -0.0807748 
-0.00110428 ,-0.493333 ,-0.86984, 0.119517 
0 ,0 ,0, 1 
-0.582974 ,0.70583 ,-0.402426, -0.89189 
0.81249 ,0.507316 ,-0.287211, -0.0824356 
0.00143501 ,-0.494403 ,-0.869231, 0.120859 
0 ,0 ,0, 1 
-0.608157 ,0.688949 ,-0.394328, -0.893376 
0.793814 ,0.529067 ,-0.299913, -0.0824795 
0.00200105 ,-0.495417 ,-0.868653, 0.122068 
0 ,0 ,0, 1 
-0.585435 ,0.705854 ,-0.398794, -0.891698 
0.810718 ,0.508687 ,-0.289783, -0.0808455 
-0.00168335 ,-0.492958 ,-0.870051, 0.118808 
0 ,0 ,0, 1 
-0.594179 ,0.698189 ,-0.399354, -0.892569 
0.80433 ,0.517148 ,-0.292594, -0.0828732 
0.00223911 ,-0.495066 ,-0.868853, 0.121429 
0 ,0 ,0, 1 
-0.599204 ,0.695221 ,-0.397017, -0.892998 
0.800596 ,0.521045 ,-0.295903, -0.0821797 
0.00114582 ,-0.495156 ,-0.868803, 0.121332 
0 ,0 ,0, 1 
-0.58901 ,0.70311 ,-0.398376, -0.891772 
0.808125 ,0.511814 ,-0.291515, -0.0818509 
-0.00107268 ,-0.493643 ,-0.869664, 0.119152 
0 ,0 ,0, 1 
-0.597165 ,0.696044 ,-0.398644, -0.892799 
0.802115 ,0.519667 ,-0.294208, -0.0825529 
0.00238015 ,-0.495449 ,-0.868634, 0.121206 
0 ,0 ,0, 1 
-0.596851 ,0.697106 ,-0.397256, -0.892413 
0.802352 ,0.518888 ,-0.294935, -0.0819615 
0.000530555 ,-0.494772 ,-0.869023, 0.120529 
0 ,0 ,0, 1 
-0.593804 ,0.699458 ,-0.397687, -0.891974 
0.804609 ,0.516019 ,-0.293817, -0.0821013 
-0.000298979 ,-0.494452 ,-0.869205, 0.119457 
0 ,0 ,0, 1 
-0.584608 ,0.704689 ,-0.402054, -0.892484 
0.811316 ,0.508015 ,-0.289287, -0.081852 
0.000392316 ,-0.495312 ,-0.868715, 0.120314 
0 ,0 ,0, 1 
-0.580005 ,0.707562 ,-0.403671, -0.892158 
0.814613 ,0.50415 ,-0.286773, -0.0817274 
0.000600421 ,-0.495165 ,-0.868799, 0.120238 
0 ,0 ,0, 1 
-0.593309 ,0.698848 ,-0.399494, -0.89256 
0.804974 ,0.515639 ,-0.293484, -0.0817425 
0.000894008 ,-0.495709 ,-0.868488, 0.120758 
0 ,0 ,0, 1 
-0.583401 ,0.705871 ,-0.401733, -0.89211 
0.812184 ,0.506613 ,-0.28931, -0.0814418 
-0.000692566 ,-0.495065 ,-0.868856, 0.119718 
0 ,0 ,0, 1 
-0.586671 ,0.703051 ,-0.401916, -0.892374 
0.809825 ,0.509934 ,-0.290088, -0.0819115 
0.00100412 ,-0.495668 ,-0.868512, 0.120374 
0 ,0 ,0, 1 
-0.590377 ,0.700632 ,-0.400712, -0.892537 
0.807127 ,0.513097 ,-0.292023, -0.0816987 
0.00100323 ,-0.495829 ,-0.868419, 0.120658 
0 ,0 ,0, 1 
-0.585717 ,0.704334 ,-0.401061, -0.892001 
0.810516 ,0.508562 ,-0.290567, -0.0817939 
-0.000691859 ,-0.495256 ,-0.868747, 0.119646 
0 ,0 ,0, 1 
-0.589091 ,0.701163 ,-0.401674, -0.892597 
0.808065 ,0.512058 ,-0.291252, -0.0817097 
0.0014652 ,-0.496152 ,-0.868234, 0.120474 
0 ,0 ,0, 1 
-0.589923 ,0.700934 ,-0.400853, -0.892393 
0.807459 ,0.512571 ,-0.292028, -0.0818555 
0.000773084 ,-0.495947 ,-0.868353, 0.120483 
0 ,0 ,0, 1 
-0.588333 ,0.702603 ,-0.400267, -0.891932 
0.808619 ,0.510807 ,-0.291911, -0.082159 
-0.000638755 ,-0.495404 ,-0.868662, 0.11974 
0 ,0 ,0, 1 
-0.590443 ,0.700176 ,-0.40141, -0.89261 
0.807078 ,0.513175 ,-0.292023, -0.0817771 
0.00152615 ,-0.496392 ,-0.868097, 0.120569 
0 ,0 ,0, 1 
-0.590582 ,0.700272 ,-0.40104, -0.892485 
0.806977 ,0.513046 ,-0.292526, -0.0821223 
0.000903689 ,-0.496391 ,-0.868099, 0.120601 
0 ,0 ,0, 1 
-0.590439 ,0.700745 ,-0.400424, -0.892212 
0.807083 ,0.512829 ,-0.292616, -0.0821407 
0.000299785 ,-0.495947 ,-0.868353, 0.120154 
0 ,0 ,0, 1 
-0.591616 ,0.699441 ,-0.400966, -0.892498 
0.806219 ,0.514023 ,-0.292902, -0.0820927 
0.00123812 ,-0.496551 ,-0.868006, 0.120476 
0 ,0 ,0, 1 
-0.591716 ,0.699466 ,-0.400773, -0.892432 
0.806146 ,0.51406 ,-0.293036, -0.0821589 
0.00105256 ,-0.496476 ,-0.86805, 0.120442 
0 ,0 ,0, 1 
-0.591762 ,0.699539 ,-0.400578, -0.892372 
0.806112 ,0.513921 ,-0.293375, -0.0822003 
0.000638177 ,-0.496519 ,-0.868026, 0.120421 
0 ,0 ,0, 1 
-0.592453 ,0.698885 ,-0.400699, -0.892445 
0.805605 ,0.514554 ,-0.293659, -0.0822449 
0.000947623 ,-0.496784 ,-0.867874, 0.120516 
0 ,0 ,0, 1 
-0.592652 ,0.698772 ,-0.400601, -0.892428 
0.805458 ,0.514737 ,-0.29374, -0.0823043 
0.000946819 ,-0.496753 ,-0.867891, 0.120458 
0 ,0 ,0, 1 
-0.59277 ,0.698728 ,-0.400503, -0.892408 
0.805371 ,0.514836 ,-0.293804, -0.0823319 
0.000904838 ,-0.496712 ,-0.867915, 0.120446 
0 ,0 ,0, 1 
-0.593204 ,0.698535 ,-0.400196, -0.892311 
0.805051 ,0.515189 ,-0.294062, -0.0824125 
0.000763892 ,-0.496618 ,-0.867969, 0.120415 
0 ,0 ,0, 1 
-0.593559 ,0.698182 ,-0.400287, -0.892383 
0.80479 ,0.515435 ,-0.294346, -0.082513 
0.000814734 ,-0.496859 ,-0.867831, 0.120467 
0 ,0 ,0, 1 
-0.593788 ,0.698036 ,-0.400202, -0.89237 
0.804621 ,0.51561 ,-0.2945, -0.0825285 
0.000776405 ,-0.496881 ,-0.867818, 0.120496 
0 ,0 ,0, 1 
-0.59421 ,0.697835 ,-0.399925, -0.892275 
0.80431 ,0.515962 ,-0.294736, -0.0825785 
0.000669057 ,-0.496799 ,-0.867865, 0.120458 
0 ,0 ,0, 1 
-0.59458 ,0.69747 ,-0.400014, -0.892344 
0.804036 ,0.516232 ,-0.295007, -0.0826337 
0.000741455 ,-0.497031 ,-0.867732, 0.1205 
0 ,0 ,0, 1 
-0.594834 ,0.69726 ,-0.4, -0.892359 
0.803848 ,0.516449 ,-0.295142, -0.0826111 
0.000788762 ,-0.4971 ,-0.867693, 0.120548 
0 ,0 ,0, 1 
-0.595257 ,0.697082 ,-0.399682, -0.89224 
0.803535 ,0.516795 ,-0.295389, -0.0826581 
0.000643566 ,-0.496991 ,-0.867756, 0.12051 
0 ,0 ,0, 1 
-0.595697 ,0.696672 ,-0.39974, -0.892294 
0.803209 ,0.517152 ,-0.29565, -0.0827204 
0.000755393 ,-0.497193 ,-0.86764, 0.120538 
0 ,0 ,0, 1 
-0.595829 ,0.696532 ,-0.399789, -0.892347 
0.803111 ,0.517246 ,-0.295752, -0.0826725 
0.000788847 ,-0.497293 ,-0.867582, 0.12057 
0 ,0 ,0, 1 
-0.596108 ,0.696434 ,-0.399543, -0.892266 
0.802904 ,0.517418 ,-0.296014, -0.0827017 
0.000576376 ,-0.497251 ,-0.867606, 0.120561 
0 ,0 ,0, 1 
-0.596418 ,0.696287 ,-0.399337, -0.892196 
0.802674 ,0.517649 ,-0.296233, -0.0827069 
0.000452636 ,-0.497216 ,-0.867627, 0.120488 
0 ,0 ,0, 1 
-0.596557 ,0.696132 ,-0.3994, -0.892241 
0.802571 ,0.51777 ,-0.296302, -0.0826453 
0.000532114 ,-0.497307 ,-0.867574, 0.120493 
0 ,0 ,0, 1 
-0.596845 ,0.695809 ,-0.399532, -0.892307 
0.802356 ,0.517982 ,-0.296511, -0.082681 
0.000635372 ,-0.497539 ,-0.867442, 0.120625 
0 ,0 ,0, 1 
-0.597118 ,0.695676 ,-0.399355, -0.892235 
0.802153 ,0.518198 ,-0.296682, -0.0827114 
0.00055047 ,-0.497499 ,-0.867465, 0.120621 
0 ,0 ,0, 1 
-0.597342 ,0.695441 ,-0.39943, -0.892289 
0.801986 ,0.518363 ,-0.296846, -0.082711 
0.000610324 ,-0.497656 ,-0.867374, 0.120671 
0 ,0 ,0, 1 
-0.597642 ,0.695174 ,-0.399447, -0.892312 
0.801763 ,0.518598 ,-0.297039, -0.0827293 
0.000658376 ,-0.497785 ,-0.8673, 0.120716 
0 ,0 ,0, 1 
-0.597939 ,0.695009 ,-0.39929, -0.892251 
0.801542 ,0.518869 ,-0.297164, -0.0827094 
0.000647639 ,-0.497733 ,-0.86733, 0.120676 
0 ,0 ,0, 1 
-0.59826 ,0.694745 ,-0.399268, -0.892258 
0.801302 ,0.519112 ,-0.297386, -0.0827339 
0.000657799 ,-0.497848 ,-0.867264, 0.120706 
0 ,0 ,0, 1 
-0.598299 ,0.694705 ,-0.399278, -0.892265 
0.801273 ,0.519086 ,-0.297509, -0.0827218 
0.000578588 ,-0.49793 ,-0.867217, 0.120726 
0 ,0 ,0, 1 
-0.598488 ,0.694594 ,-0.399189, -0.892228 
0.801132 ,0.519213 ,-0.297667, -0.0827245 
0.000506224 ,-0.497953 ,-0.867204, 0.120727 
0 ,0 ,0, 1 
-0.598724 ,0.694407 ,-0.399159, -0.892217 
0.800955 ,0.51937 ,-0.297869, -0.0827457 
0.00046883 ,-0.49805 ,-0.867148, 0.120752 
0 ,0 ,0, 1 
-0.598927 ,0.694237 ,-0.399151, -0.892227 
0.800804 ,0.519544 ,-0.297971, -0.0827138 
0.000514126 ,-0.498105 ,-0.867117, 0.120766 
0 ,0 ,0, 1 
-0.599189 ,0.694047 ,-0.399088, -0.892203 
0.800607 ,0.519791 ,-0.298069, -0.0826807 
0.000568361 ,-0.498112 ,-0.867112, 0.120759 
0 ,0 ,0, 1 
-0.599212 ,0.694028 ,-0.399087, -0.892198 
0.800591 ,0.519745 ,-0.298195, -0.0826393 
0.000467463 ,-0.498187 ,-0.86707, 0.120779 
0 ,0 ,0, 1 
-0.599424 ,0.693855 ,-0.399069, -0.892186 
0.800431 ,0.519944 ,-0.298274, -0.0826108 
0.000534481 ,-0.49822 ,-0.867051, 0.120783 
0 ,0 ,0, 1 
-0.599763 ,0.69362 ,-0.398968, -0.892151 
0.800178 ,0.520221 ,-0.298473, -0.0826394 
0.000525037 ,-0.498258 ,-0.867029, 0.120781 
0 ,0 ,0, 1 
-0.599732 ,0.693667 ,-0.398932, -0.892126 
0.8002 ,0.520147 ,-0.29854, -0.0825966 
0.000415941 ,-0.498269 ,-0.867022, 0.120785 
0 ,0 ,0, 1 
-0.600011 ,0.693426 ,-0.398932, -0.892119 
0.799991 ,0.520396 ,-0.298666, -0.0825899 
0.000500151 ,-0.498345 ,-0.866979, 0.120807 
0 ,0 ,0, 1 
-0.600459 ,0.69307 ,-0.398877, -0.892093 
0.799655 ,0.520813 ,-0.29884, -0.0826165 
0.000623173 ,-0.498406 ,-0.866944, 0.120807 
0 ,0 ,0, 1 
-0.600362 ,0.693182 ,-0.398829, -0.892068 
0.799728 ,0.520682 ,-0.298873, -0.0825513 
0.000489456 ,-0.498387 ,-0.866954, 0.120793 
0 ,0 ,0, 1 
-0.600475 ,0.69317 ,-0.39868, -0.892 
0.799643 ,0.520702 ,-0.299066, -0.0825598 
0.000289786 ,-0.498383 ,-0.866957, 0.120774 
0 ,0 ,0, 1 
-0.600588 ,0.693051 ,-0.398715, -0.89201 
0.799558 ,0.520787 ,-0.299145, -0.0825333 
0.000322856 ,-0.498459 ,-0.866913, 0.120794 
0 ,0 ,0, 1 
-0.600705 ,0.692934 ,-0.398742, -0.892014 
0.79947 ,0.520885 ,-0.299209, -0.0825053 
0.000366939 ,-0.498519 ,-0.866879, 0.120817 
0 ,0 ,0, 1 
-0.600808 ,0.692837 ,-0.398756, -0.892013 
0.799394 ,0.520919 ,-0.299355, -0.0824991 
0.000315736 ,-0.498618 ,-0.866822, 0.120845 
0 ,0 ,0, 1 
-0.600944 ,0.692778 ,-0.398654, -0.891959 
0.799291 ,0.52103 ,-0.299435, -0.082459 
0.000268395 ,-0.498584 ,-0.866841, 0.120831 
0 ,0 ,0, 1 
-0.601133 ,0.692647 ,-0.398597, -0.891924 
0.799149 ,0.521187 ,-0.299541, -0.0824704 
0.000267292 ,-0.498602 ,-0.866831, 0.120821 
0 ,0 ,0, 1 
-0.601216 ,0.692595 ,-0.398562, -0.891897 
0.799087 ,0.52125 ,-0.299597, -0.082431 
0.000250814 ,-0.498608 ,-0.866828, 0.120793 
0 ,0 ,0, 1 
-0.601313 ,0.692495 ,-0.39859, -0.891902 
0.799014 ,0.52129 ,-0.299722, -0.0824214 
0.000225203 ,-0.498706 ,-0.866771, 0.120821 
0 ,0 ,0, 1 
-0.601513 ,0.692348 ,-0.398542, -0.891869 
0.798863 ,0.52148 ,-0.299793, -0.0823996 
0.00027051 ,-0.49871 ,-0.866769, 0.120792 
0 ,0 ,0, 1 
-0.601611 ,0.69226 ,-0.398548, -0.89186 
0.798789 ,0.521577 ,-0.299823, -0.0823228 
0.000318235 ,-0.498733 ,-0.866756, 0.120786 
0 ,0 ,0, 1 
-0.60169 ,0.692211 ,-0.398512, -0.891832 
0.798729 ,0.521589 ,-0.29996, -0.0823234 
0.000223968 ,-0.498787 ,-0.866725, 0.120773 
0 ,0 ,0, 1 
-0.601767 ,0.692192 ,-0.398431, -0.89178 
0.798672 ,0.521671 ,-0.299971, -0.0822538 
0.000212817 ,-0.498728 ,-0.866758, 0.120711 
0 ,0 ,0, 1 
-0.60191 ,0.692092 ,-0.398387, -0.891747 
0.798564 ,0.521796 ,-0.300042, -0.0822495 
0.000220164 ,-0.498735 ,-0.866754, 0.120693 
0 ,0 ,0, 1 
-0.602112 ,0.691934 ,-0.398358, -0.891723 
0.798412 ,0.521938 ,-0.300199, -0.0822985 
0.000200107 ,-0.498807 ,-0.866713, 0.120701 
0 ,0 ,0, 1 
-0.602211 ,0.691887 ,-0.398289, -0.891674 
0.798337 ,0.522048 ,-0.300206, -0.0822397 
0.000217133 ,-0.498756 ,-0.866742, 0.120652 
0 ,0 ,0, 1 
-0.602259 ,0.691879 ,-0.398231, -0.891629 
0.798301 ,0.522063 ,-0.300276, -0.0822195 
0.000146958 ,-0.498752 ,-0.866745, 0.120628 
0 ,0 ,0, 1 
-0.602377 ,0.691759 ,-0.398261, -0.891627 
0.798212 ,0.522113 ,-0.300426, -0.0822433 
0.000114759 ,-0.498866 ,-0.866679, 0.120678 
0 ,0 ,0, 1 
-0.602421 ,0.691736 ,-0.398233, -0.891589 
0.798178 ,0.522164 ,-0.300426, -0.0821833 
0.000127212 ,-0.498844 ,-0.866692, 0.12067 
0 ,0 ,0, 1 
-0.602448 ,0.691743 ,-0.398182, -0.891534 
0.798158 ,0.522172 ,-0.300465, -0.0821594 
7.51347e-05 ,-0.498827 ,-0.866702, 0.120666 
0 ,0 ,0, 1 
-0.60257 ,0.691631 ,-0.398191, -0.891527 
0.798066 ,0.522225 ,-0.300619, -0.0821747 
2.80429e-05 ,-0.498927 ,-0.866644, 0.120691 
0 ,0 ,0, 1 
-0.602598 ,0.691632 ,-0.398147, -0.891484 
0.798045 ,0.522264 ,-0.300606, -0.0820866 
2.84708e-05 ,-0.498884 ,-0.866669, 0.120658 
0 ,0 ,0, 1 
-0.602683 ,0.691554 ,-0.398154, -0.891462 
0.79798 ,0.522331 ,-0.300661, -0.0820526 
4.46864e-05 ,-0.498922 ,-0.866647, 0.120684 
0 ,0 ,0, 1 
-0.60276 ,0.691511 ,-0.398111, -0.891413 
0.797922 ,0.522358 ,-0.300769, -0.0820694 
-2.86613e-05 ,-0.498953 ,-0.866629, 0.120697 
0 ,0 ,0, 1 
-0.602794 ,0.691484 ,-0.398107, -0.891391 
0.797897 ,0.522393 ,-0.300776, -0.0820073 
-1.39184e-05 ,-0.498954 ,-0.866628, 0.120698 
0 ,0 ,0, 1 
-0.602911 ,0.691413 ,-0.398052, -0.89134 
0.797808 ,0.522496 ,-0.300832, -0.0819836 
-1.83229e-05 ,-0.498944 ,-0.866634, 0.120684 
0 ,0 ,0, 1 
-0.603011 ,0.691338 ,-0.398033, -0.891298 
0.797733 ,0.522558 ,-0.300924, -0.0819887 
-4.54041e-05 ,-0.498984 ,-0.866611, 0.120711 
0 ,0 ,0, 1 
-0.602972 ,0.691376 ,-0.398025, -0.891272 
0.797762 ,0.522507 ,-0.300935, -0.0819238 
-8.85544e-05 ,-0.498985 ,-0.866611, 0.120715 
0 ,0 ,0, 1 
-0.603264 ,0.691123 ,-0.398022, -0.891255 
0.797542 ,0.522805 ,-0.301002, -0.0818864 
5.82022e-05 ,-0.499023 ,-0.866589, 0.120719 
0 ,0 ,0, 1 
-0.603267 ,0.69117 ,-0.397936, -0.891181 
0.797539 ,0.522763 ,-0.301081, -0.0818789 
-7.14038e-05 ,-0.499002 ,-0.866601, 0.120698 
0 ,0 ,0, 1 
-0.603322 ,0.691124 ,-0.397931, -0.891151 
0.797497 ,0.52281 ,-0.301111, -0.0818387 
-6.27364e-05 ,-0.499016 ,-0.866593, 0.120716 
0 ,0 ,0, 1 
-0.603507 ,0.690979 ,-0.397904, -0.891114 
0.797358 ,0.522982 ,-0.301181, -0.0818219 
-1.29109e-05 ,-0.499037 ,-0.866581, 0.120724 
0 ,0 ,0, 1 
-0.60348 ,0.691031 ,-0.397855, -0.891057 
0.797378 ,0.522905 ,-0.301261, -0.0818031 
-0.000140065 ,-0.499046 ,-0.866576, 0.120723 
0 ,0 ,0, 1 
-0.603526 ,0.69101 ,-0.397821, -0.891002 
0.797343 ,0.522959 ,-0.301261, -0.0817509 
-0.000130076 ,-0.499019 ,-0.866591, 0.120728 
0 ,0 ,0, 1 
-0.603625 ,0.690959 ,-0.39776, -0.89094 
0.797269 ,0.523043 ,-0.301311, -0.0817475 
-0.000147921 ,-0.499001 ,-0.866602, 0.120717 
0 ,0 ,0, 1 
-0.603669 ,0.690926 ,-0.397749, -0.8909 
0.797235 ,0.523041 ,-0.301405, -0.0817355 
-0.000209492 ,-0.499048 ,-0.866574, 0.120718 
0 ,0 ,0, 1 
-0.575562 ,0.708933 ,-0.407607, -0.890893 
0.817757 ,0.497889 ,-0.288757, -0.0806549 
-0.0017659 ,-0.499521 ,-0.8663, 0.120062 
0 ,0 ,0, 1 
-0.569345 ,0.711897 ,-0.411156, -0.890226 
0.822098 ,0.493246 ,-0.284362, -0.0819805 
0.000364533 ,-0.499911 ,-0.866077, 0.121296 
0 ,0 ,0, 1 
-0.593736 ,0.69612 ,-0.403601, -0.891733 
0.804659 ,0.514165 ,-0.296914, -0.0817732 
0.000829961 ,-0.50105 ,-0.865418, 0.122391 
0 ,0 ,0, 1 
-0.572094 ,0.711357 ,-0.408264, -0.890333 
0.820185 ,0.4949 ,-0.287002, -0.080099 
-0.00211122 ,-0.499045 ,-0.866574, 0.119657 
0 ,0 ,0, 1 
-0.583391 ,0.702856 ,-0.406999, -0.890809 
0.812191 ,0.505633 ,-0.291001, -0.0820211 
0.00126073 ,-0.500328 ,-0.865835, 0.121933 
0 ,0 ,0, 1 
-0.588816 ,0.69963 ,-0.404737, -0.891414 
0.808267 ,0.509736 ,-0.294744, -0.0810542 
9.69616e-05 ,-0.500686 ,-0.865629, 0.122072 
0 ,0 ,0, 1 
-0.577168 ,0.708059 ,-0.406854, -0.890243 
0.816624 ,0.499431 ,-0.289299, -0.0807023 
-0.00164597 ,-0.499221 ,-0.866473, 0.120211 
0 ,0 ,0, 1 
-0.587046 ,0.700313 ,-0.406126, -0.891132 
0.809552 ,0.508755 ,-0.292907, -0.0817489 
0.00149213 ,-0.50073 ,-0.865602, 0.122267 
0 ,0 ,0, 1 
-0.585566 ,0.702129 ,-0.405127, -0.890788 
0.810624 ,0.506977 ,-0.293023, -0.081054 
-0.000349606 ,-0.49999 ,-0.866031, 0.121579 
0 ,0 ,0, 1 
-0.583182 ,0.703919 ,-0.405459, -0.890317 
0.812341 ,0.504943 ,-0.291778, -0.0807755 
-0.000654514 ,-0.499531 ,-0.866296, 0.120625 
0 ,0 ,0, 1 
-0.589324 ,0.698865 ,-0.40532, -0.891097 
0.807895 ,0.510708 ,-0.29408, -0.0806715 
0.00147798 ,-0.500764 ,-0.865582, 0.122096 
0 ,0 ,0, 1 
-0.587624 ,0.70098 ,-0.404135, -0.890421 
0.809134 ,0.508704 ,-0.294148, -0.0809094 
-0.000606513 ,-0.499848 ,-0.866113, 0.121355 
0 ,0 ,0, 1 
-0.587528 ,0.701137 ,-0.404003, -0.890201 
0.809204 ,0.508791 ,-0.293804, -0.0804857 
-0.000443617 ,-0.499539 ,-0.866292, 0.120895 
0 ,0 ,0, 1 
-0.58977 ,0.698631 ,-0.405076, -0.890959 
0.80757 ,0.511041 ,-0.294394, -0.0803022 
0.00133758 ,-0.500752 ,-0.86559, 0.121941 
0 ,0 ,0, 1 
-0.588615 ,0.700277 ,-0.403912, -0.89038 
0.808413 ,0.509609 ,-0.294563, -0.0805434 
-0.000438478 ,-0.499912 ,-0.866076, 0.121274 
0 ,0 ,0, 1 
-0.589392 ,0.699673 ,-0.403824, -0.890315 
0.807847 ,0.510509 ,-0.294557, -0.0803983 
6.20716e-05 ,-0.499838 ,-0.866119, 0.121188 
0 ,0 ,0, 1 
-0.590447 ,0.698618 ,-0.404111, -0.89046 
0.807076 ,0.511522 ,-0.294914, -0.0804608 
0.000679283 ,-0.500279 ,-0.865864, 0.121568 
0 ,0 ,0, 1 
-0.590016 ,0.699099 ,-0.403908, -0.89036 
0.807391 ,0.511 ,-0.294956, -0.080413 
0.000193824 ,-0.500141 ,-0.865944, 0.121456 
0 ,0 ,0, 1 
-0.590571 ,0.698695 ,-0.403796, -0.890303 
0.806986 ,0.511514 ,-0.295173, -0.0803875 
0.000311065 ,-0.500179 ,-0.865922, 0.121437 
0 ,0 ,0, 1 
-0.591254 ,0.69832 ,-0.403446, -0.890159 
0.806485 ,0.512077 ,-0.295565, -0.0806124 
0.000196753 ,-0.500127 ,-0.865952, 0.121349 
0 ,0 ,0, 1 
-0.591175 ,0.698438 ,-0.403356, -0.890115 
0.806544 ,0.511999 ,-0.29554, -0.0804804 
0.000101331 ,-0.500041 ,-0.866002, 0.121244 
0 ,0 ,0, 1 
-0.59175 ,0.697922 ,-0.403407, -0.89013 
0.806122 ,0.512553 ,-0.295732, -0.0804127 
0.000369185 ,-0.500195 ,-0.865913, 0.121267 
0 ,0 ,0, 1 
-0.592103 ,0.697758 ,-0.403172, -0.890033 
0.805862 ,0.512784 ,-0.296039, -0.0805706 
0.000176433 ,-0.500187 ,-0.865918, 0.12124 
0 ,0 ,0, 1 
-0.592345 ,0.697636 ,-0.403027, -0.889964 
0.805684 ,0.513008 ,-0.296135, -0.0805286 
0.000161789 ,-0.500126 ,-0.865952, 0.121212 
0 ,0 ,0, 1 
-0.592837 ,0.697262 ,-0.402951, -0.889921 
0.805322 ,0.513499 ,-0.296269, -0.080464 
0.000338103 ,-0.500145 ,-0.865942, 0.121206 
0 ,0 ,0, 1 
-0.592886 ,0.697299 ,-0.402815, -0.889849 
0.805286 ,0.5135 ,-0.296364, -0.0804468 
0.00019049 ,-0.500091 ,-0.865973, 0.121155 
0 ,0 ,0, 1 
-0.593118 ,0.697193 ,-0.402657, -0.889763 
0.805116 ,0.513675 ,-0.296525, -0.0804316 
9.92395e-05 ,-0.500059 ,-0.865991, 0.121119 
0 ,0 ,0, 1 
-0.593601 ,0.696839 ,-0.402559, -0.88971 
0.80476 ,0.514132 ,-0.296699, -0.0804143 
0.000217306 ,-0.500083 ,-0.865977, 0.121135 
0 ,0 ,0, 1 
-0.593708 ,0.696771 ,-0.402518, -0.889683 
0.804681 ,0.514209 ,-0.29678, -0.080367 
0.00019041 ,-0.500099 ,-0.865968, 0.121128 
0 ,0 ,0, 1 
-0.59392 ,0.69671 ,-0.402312, -0.889568 
0.804524 ,0.514362 ,-0.296939, -0.0803589 
5.37054e-05 ,-0.500027 ,-0.86601, 0.121042 
0 ,0 ,0, 1 
-0.594386 ,0.696388 ,-0.402179, -0.889494 
0.80418 ,0.514817 ,-0.297084, -0.0803595 
0.000162576 ,-0.500007 ,-0.866021, 0.12103 
0 ,0 ,0, 1 
-0.594341 ,0.696506 ,-0.402043, -0.889413 
0.804213 ,0.514724 ,-0.297154, -0.0803022 
-2.83587e-05 ,-0.499939 ,-0.86606, 0.120944 
0 ,0 ,0, 1 
-0.594644 ,0.69628 ,-0.401986, -0.889369 
0.803989 ,0.514994 ,-0.297294, -0.0802837 
2.06806e-05 ,-0.499976 ,-0.866039, 0.120919 
0 ,0 ,0, 1 
-0.595106 ,0.695886 ,-0.401983, -0.889353 
0.803647 ,0.515467 ,-0.297397, -0.080245 
0.000254241 ,-0.500036 ,-0.866005, 0.120958 
0 ,0 ,0, 1 
-0.595053 ,0.69608 ,-0.401728, -0.889212 
0.803687 ,0.515345 ,-0.297502, -0.0802074 
-5.68863e-05 ,-0.499893 ,-0.866087, 0.120869 
0 ,0 ,0, 1 
-0.595141 ,0.696038 ,-0.401668, -0.889165 
0.803621 ,0.515371 ,-0.297634, -0.0801604 
-0.000156461 ,-0.499923 ,-0.86607, 0.120847 
0 ,0 ,0, 1 
-0.59541 ,0.695851 ,-0.401596, -0.889115 
0.803422 ,0.515607 ,-0.297761, -0.0801102 
-0.000131518 ,-0.499941 ,-0.866059, 0.120881 
0 ,0 ,0, 1 
-0.595527 ,0.695875 ,-0.40138, -0.888982 
0.803336 ,0.515718 ,-0.297803, -0.080075 
-0.000234361 ,-0.499792 ,-0.866145, 0.120776 
0 ,0 ,0, 1 
-0.595644 ,0.695835 ,-0.401274, -0.888904 
0.803248 ,0.51577 ,-0.29795, -0.0800586 
-0.000358879 ,-0.499795 ,-0.866144, 0.120729 
0 ,0 ,0, 1 
-0.595978 ,0.695517 ,-0.401331, -0.8889 
0.803001 ,0.516137 ,-0.297981, -0.0799726 
-0.000108923 ,-0.499859 ,-0.866107, 0.120778 
0 ,0 ,0, 1 
-0.595996 ,0.695547 ,-0.401251, -0.888823 
0.802987 ,0.516098 ,-0.298084, -0.0799447 
-0.000246718 ,-0.499857 ,-0.866108, 0.120761 
0 ,0 ,0, 1 
-0.596115 ,0.695495 ,-0.401166, -0.888729 
0.802899 ,0.516208 ,-0.298131, -0.0798984 
-0.000263857 ,-0.499817 ,-0.866131, 0.120751 
0 ,0 ,0, 1 
-0.596325 ,0.695301 ,-0.40119, -0.888702 
0.802743 ,0.516405 ,-0.29821, -0.0798405 
-0.000169369 ,-0.499882 ,-0.866093, 0.120794 
0 ,0 ,0, 1 
-0.596471 ,0.695227 ,-0.401101, -0.888619 
0.802635 ,0.51652 ,-0.298304, -0.0798083 
-0.000212636 ,-0.499867 ,-0.866102, 0.120771 
0 ,0 ,0, 1 
-0.596576 ,0.695184 ,-0.401018, -0.888524 
0.802556 ,0.516637 ,-0.298311, -0.0797262 
-0.000200305 ,-0.499805 ,-0.866138, 0.120754 
0 ,0 ,0, 1 
-0.596867 ,0.694937 ,-0.401013, -0.888487 
0.80234 ,0.516895 ,-0.298446, -0.0796885 
-0.000119478 ,-0.499882 ,-0.866094, 0.120779 
0 ,0 ,0, 1 
-0.596868 ,0.694979 ,-0.400939, -0.888402 
0.802339 ,0.516877 ,-0.298479, -0.0796142 
-0.000200084 ,-0.499842 ,-0.866117, 0.120765 
0 ,0 ,0, 1 
-0.596925 ,0.69499 ,-0.400835, -0.888291 
0.802297 ,0.516941 ,-0.298483, -0.0795296 
-0.000235126 ,-0.499761 ,-0.866163, 0.120738 
0 ,0 ,0, 1 
-0.597082 ,0.694859 ,-0.400829, -0.888241 
0.80218 ,0.517029 ,-0.298643, -0.0795201 
-0.000274578 ,-0.499852 ,-0.866111, 0.120786 
0 ,0 ,0, 1 
-0.59718 ,0.6948 ,-0.400784, -0.88816 
0.802107 ,0.517139 ,-0.29865, -0.0794352 
-0.000240482 ,-0.49982 ,-0.86613, 0.120799 
0 ,0 ,0, 1 
-0.597176 ,0.694889 ,-0.400638, -0.888041 
0.80211 ,0.517129 ,-0.298659, -0.0793312 
-0.000353559 ,-0.499707 ,-0.866194, 0.120697 
0 ,0 ,0, 1 
-0.597429 ,0.69468 ,-0.400623, -0.887988 
0.801922 ,0.517361 ,-0.298762, -0.0792793 
-0.00027727 ,-0.499757 ,-0.866165, 0.120706 
0 ,0 ,0, 1 
-0.597397 ,0.694745 ,-0.400557, -0.887895 
0.801945 ,0.517315 ,-0.29878, -0.0792293 
-0.000361836 ,-0.499715 ,-0.86619, 0.120713 
0 ,0 ,0, 1 
-0.597598 ,0.694639 ,-0.400442, -0.887793 
0.801796 ,0.517491 ,-0.298875, -0.0791897 
-0.000384549 ,-0.49968 ,-0.86621, 0.120669 
0 ,0 ,0, 1 
-0.597819 ,0.694479 ,-0.40039, -0.887714 
0.801631 ,0.517709 ,-0.29894, -0.0791323 
-0.000322134 ,-0.499677 ,-0.866212, 0.120667 
0 ,0 ,0, 1 
-0.597763 ,0.69456 ,-0.400333, -0.887626 
0.801673 ,0.517631 ,-0.298963, -0.0790681 
-0.000422455 ,-0.499645 ,-0.86623, 0.120653 
0 ,0 ,0, 1 
-0.59781 ,0.694533 ,-0.400308, -0.887551 
0.801638 ,0.517657 ,-0.299012, -0.0789977 
-0.000451623 ,-0.499655 ,-0.866224, 0.120646 
0 ,0 ,0, 1 
-0.597963 ,0.694409 ,-0.400295, -0.887476 
0.801523 ,0.517802 ,-0.299067, -0.0789494 
-0.00040114 ,-0.499677 ,-0.866212, 0.120666 
0 ,0 ,0, 1 
-0.598016 ,0.694343 ,-0.40033, -0.887421 
0.801484 ,0.517846 ,-0.299098, -0.078893 
-0.000367427 ,-0.499723 ,-0.866185, 0.120697 
0 ,0 ,0, 1 
-0.598116 ,0.694253 ,-0.400338, -0.88736 
0.80141 ,0.517955 ,-0.299107, -0.0788081 
-0.000299095 ,-0.499736 ,-0.866178, 0.120684 
0 ,0 ,0, 1 
-0.598144 ,0.694232 ,-0.400333, -0.887281 
0.801389 ,0.517993 ,-0.299097, -0.0787101 
-0.00027309 ,-0.499726 ,-0.866184, 0.120705 
0 ,0 ,0, 1 
-0.598184 ,0.694209 ,-0.400312, -0.887187 
0.801359 ,0.517993 ,-0.299178, -0.0786762 
-0.000333245 ,-0.499757 ,-0.866166, 0.120743 
0 ,0 ,0, 1 
-0.5982 ,0.694224 ,-0.400262, -0.8871 
0.801347 ,0.518012 ,-0.299177, -0.0785718 
-0.00035551 ,-0.499716 ,-0.866189, 0.120721 
0 ,0 ,0, 1 
-0.598147 ,0.694232 ,-0.400327, -0.887038 
0.801386 ,0.51798 ,-0.299127, -0.0784549 
-0.000301941 ,-0.499739 ,-0.866176, 0.120699 
0 ,0 ,0, 1 
-0.598137 ,0.694255 ,-0.400302, -0.886961 
0.801394 ,0.517939 ,-0.299178, -0.0784166 
-0.000373946 ,-0.499749 ,-0.86617, 0.12068 
0 ,0 ,0, 1 
-0.598171 ,0.69432 ,-0.400138, -0.886808 
0.801368 ,0.51796 ,-0.29921, -0.0783662 
-0.000491505 ,-0.499637 ,-0.866235, 0.120623 
0 ,0 ,0, 1 
-0.598068 ,0.694274 ,-0.400373, -0.886821 
0.801446 ,0.517889 ,-0.299125, -0.0782446 
-0.000326247 ,-0.499774 ,-0.866156, 0.120653 
0 ,0 ,0, 1 
-0.598172 ,0.694215 ,-0.40032, -0.886724 
0.801368 ,0.517981 ,-0.299175, -0.0781861 
-0.000333493 ,-0.499761 ,-0.866163, 0.12067 
0 ,0 ,0, 1 
-0.600164 ,0.692609 ,-0.400119, -0.886742 
0.799877 ,0.519792 ,-0.300023, -0.0781533 
0.000179665 ,-0.500109 ,-0.865963, 0.120841 
0 ,0 ,0, 1 
-0.602864 ,0.690682 ,-0.399392, -0.886727 
0.797844 ,0.522111 ,-0.301405, -0.0779814 
0.000351974 ,-0.500358 ,-0.865818, 0.121196 
0 ,0 ,0, 1 
-0.6021 ,0.691576 ,-0.398997, -0.886313 
0.798421 ,0.521322 ,-0.301243, -0.077978 
-0.000326828 ,-0.499945 ,-0.866057, 0.121028 
0 ,0 ,0, 1 
-0.600939 ,0.69241 ,-0.399302, -0.88624 
0.799295 ,0.520329 ,-0.300642, -0.077659 
-0.000399031 ,-0.499827 ,-0.866125, 0.120722 
0 ,0 ,0, 1 
-0.602021 ,0.691264 ,-0.399655, -0.886457 
0.79848 ,0.521528 ,-0.30073, -0.0774525 
0.000547439 ,-0.500162 ,-0.865932, 0.121025 
0 ,0 ,0, 1 
-0.601725 ,0.691875 ,-0.399043, -0.886101 
0.798703 ,0.52107 ,-0.300931, -0.0776066 
-0.00027729 ,-0.499794 ,-0.866144, 0.120742 
0 ,0 ,0, 1 
-0.601483 ,0.692231 ,-0.398791, -0.885886 
0.798885 ,0.520814 ,-0.300891, -0.0775809 
-0.000590269 ,-0.499569 ,-0.866274, 0.120575 
0 ,0 ,0, 1 
-0.601739 ,0.691858 ,-0.399052, -0.885944 
0.798693 ,0.521133 ,-0.300848, -0.0775123 
-0.00018466 ,-0.499752 ,-0.866169, 0.120654 
0 ,0 ,0, 1 
-0.601559 ,0.69215 ,-0.398818, -0.885734 
0.798829 ,0.520925 ,-0.300848, -0.0774984 
-0.000477713 ,-0.499565 ,-0.866276, 0.120514 
0 ,0 ,0, 1 
-0.601332 ,0.692321 ,-0.398863, -0.885663 
0.798999 ,0.520728 ,-0.300736, -0.077345 
-0.000506988 ,-0.499533 ,-0.866295, 0.120491 
0 ,0 ,0, 1 
-0.601292 ,0.692216 ,-0.399105, -0.885664 
0.799029 ,0.520701 ,-0.300704, -0.0773225 
-0.000338041 ,-0.499708 ,-0.866194, 0.12055 
0 ,0 ,0, 1 
-0.601242 ,0.692353 ,-0.398943, -0.885475 
0.799067 ,0.520666 ,-0.300664, -0.0773041 
-0.000449285 ,-0.499554 ,-0.866282, 0.120486 
0 ,0 ,0, 1 
-0.601044 ,0.692472 ,-0.399036, -0.885412 
0.799216 ,0.520485 ,-0.300581, -0.0771645 
-0.000451432 ,-0.499578 ,-0.866269, 0.120513 
0 ,0 ,0, 1 
-0.600849 ,0.692494 ,-0.399291, -0.885391 
0.799363 ,0.520299 ,-0.300514, -0.0771047 
-0.000353109 ,-0.499742 ,-0.866174, 0.120569 
0 ,0 ,0, 1 
-0.600796 ,0.692613 ,-0.399163, -0.885219 
0.799402 ,0.520267 ,-0.300464, -0.0770488 
-0.000434546 ,-0.499609 ,-0.866251, 0.120557 
0 ,0 ,0, 1 
-0.600663 ,0.692737 ,-0.399148, -0.885086 
0.799502 ,0.520144 ,-0.30041, -0.0769727 
-0.000490937 ,-0.499565 ,-0.866276, 0.12054 
0 ,0 ,0, 1 
-0.600449 ,0.692749 ,-0.399448, -0.885097 
0.799663 ,0.519941 ,-0.300334, -0.0769041 
-0.000366749 ,-0.499759 ,-0.866164, 0.120592 
0 ,0 ,0, 1 
-0.600384 ,0.692881 ,-0.399318, -0.884928 
0.799711 ,0.519895 ,-0.300285, -0.0768267 
-0.000458359 ,-0.499625 ,-0.866242, 0.12059 
0 ,0 ,0, 1 
-0.600244 ,0.693009 ,-0.399307, -0.884787 
0.799816 ,0.51977 ,-0.300222, -0.0767455 
-0.00050863 ,-0.499578 ,-0.866269, 0.120571 
0 ,0 ,0, 1 
-0.600049 ,0.693048 ,-0.399532, -0.884756 
0.799963 ,0.519578 ,-0.300162, -0.0766677 
-0.000438647 ,-0.499723 ,-0.866185, 0.120638 
0 ,0 ,0, 1 
-0.599937 ,0.693165 ,-0.399498, -0.884632 
0.800047 ,0.519495 ,-0.300083, -0.0765675 
-0.000469629 ,-0.499648 ,-0.866229, 0.12063 
0 ,0 ,0, 1 
-0.599762 ,0.693282 ,-0.399558, -0.884516 
0.800179 ,0.519347 ,-0.299988, -0.0764751 
-0.000466903 ,-0.499639 ,-0.866233, 0.120602 
0 ,0 ,0, 1 
-0.599536 ,0.693328 ,-0.399816, -0.884502 
0.800348 ,0.519123 ,-0.299923, -0.0763661 
-0.000391189 ,-0.499807 ,-0.866137, 0.120688 
0 ,0 ,0, 1 
-0.599463 ,0.693499 ,-0.399628, -0.884294 
0.800402 ,0.519066 ,-0.299879, -0.0762877 
-0.000532582 ,-0.49963 ,-0.866239, 0.120647 
0 ,0 ,0, 1 
-0.599244 ,0.693551 ,-0.399867, -0.884246 
0.800567 ,0.518893 ,-0.299738, -0.0761771 
-0.000395785 ,-0.499737 ,-0.866177, 0.120679 
0 ,0 ,0, 1 
-0.599077 ,0.693633 ,-0.399974, -0.884169 
0.800691 ,0.518712 ,-0.299719, -0.0761024 
-0.000423483 ,-0.499811 ,-0.866135, 0.120734 
0 ,0 ,0, 1 
-0.598985 ,0.693816 ,-0.399794, -0.883948 
0.80076 ,0.518643 ,-0.299655, -0.0760315 
-0.000555061 ,-0.499628 ,-0.86624, 0.120656 
0 ,0 ,0, 1 
-0.598644 ,0.69388 ,-0.400195, -0.883956 
0.801015 ,0.518361 ,-0.29946, -0.0759082 
-0.000343789 ,-0.499832 ,-0.866122, 0.120705 
0 ,0 ,0, 1 
-0.598471 ,0.694065 ,-0.400133, -0.883808 
0.801144 ,0.518152 ,-0.299477, -0.0758469 
-0.00052669 ,-0.499792 ,-0.866145, 0.12073 
0 ,0 ,0, 1 
-0.598409 ,0.694163 ,-0.400056, -0.883633 
0.801191 ,0.51814 ,-0.299373, -0.0757012 
-0.000527941 ,-0.499669 ,-0.866216, 0.120704 
0 ,0 ,0, 1 
-0.598202 ,0.694223 ,-0.400261, -0.883564 
0.801345 ,0.517976 ,-0.299244, -0.0756095 
-0.000416625 ,-0.499755 ,-0.866166, 0.120705 
0 ,0 ,0, 1 
-0.598073 ,0.694288 ,-0.400341, -0.883482 
0.801442 ,0.517836 ,-0.299227, -0.0755591 
-0.000438725 ,-0.499809 ,-0.866135, 0.120753 
0 ,0 ,0, 1 
-0.597904 ,0.694384 ,-0.400427, -0.883366 
0.801567 ,0.517715 ,-0.299101, -0.0754349 
-0.000383837 ,-0.499803 ,-0.866139, 0.120775 
0 ,0 ,0, 1 
-0.597711 ,0.694502 ,-0.400511, -0.883252 
0.801712 ,0.517533 ,-0.299028, -0.0753491 
-0.000397362 ,-0.499827 ,-0.866125, 0.12075 
0 ,0 ,0, 1 
-0.597578 ,0.694592 ,-0.400553, -0.883135 
0.801811 ,0.517412 ,-0.298972, -0.0752568 
-0.000412409 ,-0.499827 ,-0.866125, 0.1208 
0 ,0 ,0, 1 
-0.597404 ,0.694762 ,-0.400518, -0.882961 
0.801941 ,0.517269 ,-0.298871, -0.0751411 
-0.00046858 ,-0.499738 ,-0.866177, 0.120724 
0 ,0 ,0, 1 
-0.597209 ,0.694811 ,-0.400724, -0.882915 
0.802086 ,0.517096 ,-0.298782, -0.0750208 
-0.000383998 ,-0.49985 ,-0.866112, 0.120743 
0 ,0 ,0, 1 
-0.59704 ,0.694902 ,-0.400818, -0.882816 
0.802212 ,0.516955 ,-0.298687, -0.0748951 
-0.000353475 ,-0.499869 ,-0.866101, 0.120769 
0 ,0 ,0, 1 
-0.596903 ,0.695065 ,-0.400739, -0.882629 
0.802314 ,0.516836 ,-0.298618, -0.0747939 
-0.000442883 ,-0.499764 ,-0.866161, 0.12072 
0 ,0 ,0, 1 
-0.596776 ,0.695149 ,-0.400783, -0.882496 
0.802408 ,0.51671 ,-0.298585, -0.0746923 
-0.000472404 ,-0.499779 ,-0.866153, 0.120752 
0 ,0 ,0, 1 
-0.596579 ,0.695271 ,-0.400864, -0.882377 
0.802554 ,0.516563 ,-0.298445, -0.0745312 
-0.000428478 ,-0.499761 ,-0.866163, 0.120736 
0 ,0 ,0, 1 
-0.596404 ,0.695404 ,-0.400892, -0.88225 
0.802684 ,0.51639 ,-0.298396, -0.0743736 
-0.000489419 ,-0.499755 ,-0.866167, 0.120733 
0 ,0 ,0, 1 
-0.596344 ,0.695465 ,-0.400877, -0.882122 
0.802729 ,0.516341 ,-0.298359, -0.0741487 
-0.000509054 ,-0.49972 ,-0.866187, 0.120732 
0 ,0 ,0, 1 
-0.596239 ,0.695507 ,-0.400961, -0.882003 
0.802807 ,0.516273 ,-0.298266, -0.0739916 
-0.000440441 ,-0.499732 ,-0.86618, 0.120691 
0 ,0 ,0, 1 
-0.596093 ,0.695589 ,-0.401036, -0.881893 
0.802916 ,0.516106 ,-0.298264, -0.0738474 
-0.000492207 ,-0.499791 ,-0.866146, 0.120743 
0 ,0 ,0, 1 
-0.596196 ,0.695553 ,-0.400945, -0.881712 
0.802839 ,0.516237 ,-0.298242, -0.0736713 
-0.000460794 ,-0.499705 ,-0.866196, 0.120727 
0 ,0 ,0, 1 
-0.595844 ,0.695755 ,-0.401117, -0.881628 
0.8031 ,0.515919 ,-0.29809, -0.0734761 
-0.000453853 ,-0.499752 ,-0.866168, 0.120669 
0 ,0 ,0, 1 
-0.595823 ,0.695758 ,-0.401144, -0.881508 
0.803116 ,0.515893 ,-0.298093, -0.0733206 
-0.000453202 ,-0.499775 ,-0.866155, 0.120726 
0 ,0 ,0, 1 
-0.595808 ,0.695785 ,-0.401117, -0.881327 
0.803127 ,0.515918 ,-0.29802, -0.0731511 
-0.000414004 ,-0.499711 ,-0.866192, 0.120722 
0 ,0 ,0, 1 
-0.595536 ,0.695905 ,-0.401314, -0.881247 
0.803328 ,0.515663 ,-0.297919, -0.0730213 
-0.000381148 ,-0.499808 ,-0.866136, 0.120753 
0 ,0 ,0, 1 
-0.595398 ,0.695976 ,-0.401396, -0.881139 
0.803431 ,0.515519 ,-0.297891, -0.0728779 
-0.000397288 ,-0.499858 ,-0.866107, 0.120828 
0 ,0 ,0, 1 
-0.595444 ,0.696017 ,-0.401256, -0.880917 
0.803396 ,0.51559 ,-0.29786, -0.0727625 
-0.000432273 ,-0.499727 ,-0.866183, 0.120768 
0 ,0 ,0, 1 
-0.59528 ,0.696131 ,-0.401302, -0.880792 
0.803519 ,0.515433 ,-0.297804, -0.0726259 
-0.000466254 ,-0.499731 ,-0.866181, 0.1207 
0 ,0 ,0, 1 
-0.595116 ,0.696163 ,-0.401489, -0.880712 
0.80364 ,0.515302 ,-0.297704, -0.0724589 
-0.000362182 ,-0.499821 ,-0.866129, 0.120768 
0 ,0 ,0, 1 
-0.595144 ,0.696236 ,-0.401322, -0.880495 
0.803619 ,0.515321 ,-0.297726, -0.0723772 
-0.000478073 ,-0.4997 ,-0.866198, 0.120705 
0 ,0 ,0, 1 
-0.595007 ,0.69633 ,-0.401362, -0.880363 
0.80372 ,0.515178 ,-0.297701, -0.0722558 
-0.000524933 ,-0.499717 ,-0.866189, 0.120662 
0 ,0 ,0, 1 
-0.594761 ,0.696379 ,-0.401641, -0.880312 
0.803902 ,0.514994 ,-0.297527, -0.0720582 
-0.000348708 ,-0.499838 ,-0.866119, 0.120723 
0 ,0 ,0, 1 
-0.594759 ,0.696505 ,-0.401424, -0.880063 
0.803904 ,0.515002 ,-0.29751, -0.0719564 
-0.000482922 ,-0.499653 ,-0.866226, 0.120678 
0 ,0 ,0, 1 
-0.594699 ,0.69644 ,-0.401627, -0.879981 
0.803948 ,0.514944 ,-0.297489, -0.0718607 
-0.000367555 ,-0.499804 ,-0.866138, 0.120723 
0 ,0 ,0, 1 
-0.594451 ,0.696569 ,-0.40177, -0.879873 
0.804132 ,0.514755 ,-0.29732, -0.0716903 
-0.000290624 ,-0.499818 ,-0.86613, 0.120708 
0 ,0 ,0, 1 
-0.594345 ,0.696764 ,-0.40159, -0.87965 
0.80421 ,0.514622 ,-0.297339, -0.0715751 
-0.000507506 ,-0.499685 ,-0.866207, 0.120682 
0 ,0 ,0, 1 
-0.594227 ,0.696858 ,-0.401601, -0.879459 
0.804297 ,0.514541 ,-0.297243, -0.0714303 
-0.000496231 ,-0.499637 ,-0.866235, 0.120654 
0 ,0 ,0, 1 
-0.594087 ,0.696902 ,-0.40173, -0.879348 
0.8044 ,0.514425 ,-0.297165, -0.0713057 
-0.00043451 ,-0.499694 ,-0.866202, 0.120699 
0 ,0 ,0, 1 
-0.593997 ,0.697002 ,-0.40169, -0.879181 
0.804467 ,0.514337 ,-0.297137, -0.0711963 
-0.000500762 ,-0.499645 ,-0.86623, 0.120689 
0 ,0 ,0, 1 
-0.593832 ,0.697156 ,-0.401666, -0.878995 
0.804589 ,0.51419 ,-0.297062, -0.0710577 
-0.000566071 ,-0.499581 ,-0.866267, 0.120627 
0 ,0 ,0, 1 
-0.593591 ,0.697171 ,-0.401997, -0.878976 
0.804766 ,0.513973 ,-0.296956, -0.0709052 
-0.000413678 ,-0.499784 ,-0.86615, 0.120727 
0 ,0 ,0, 1 
-0.593483 ,0.697372 ,-0.401808, -0.878708 
0.804846 ,0.513848 ,-0.296956, -0.0708423 
-0.000620919 ,-0.499632 ,-0.866238, 0.120691 
0 ,0 ,0, 1 
-0.593261 ,0.697447 ,-0.402007, -0.87862 
0.80501 ,0.513684 ,-0.296794, -0.0706822 
-0.000493592 ,-0.499696 ,-0.866201, 0.120668 
0 ,0 ,0, 1 
-0.593013 ,0.697595 ,-0.402116, -0.878489 
0.805193 ,0.513446 ,-0.296712, -0.0705342 
-0.000520177 ,-0.499735 ,-0.866178, 0.120677 
0 ,0 ,0, 1 
-0.592898 ,0.697767 ,-0.401987, -0.87826 
0.805278 ,0.513341 ,-0.296663, -0.0704225 
-0.000645464 ,-0.499602 ,-0.866255, 0.120635 
0 ,0 ,0, 1 
-0.592635 ,0.697827 ,-0.402269, -0.878197 
0.805471 ,0.513138 ,-0.29649, -0.070256 
-0.000479095 ,-0.499726 ,-0.866183, 0.120651 
0 ,0 ,0, 1 
-0.592475 ,0.698021 ,-0.40217, -0.877972 
0.805589 ,0.512961 ,-0.296476, -0.0701379 
-0.000648731 ,-0.499638 ,-0.866234, 0.120648 
0 ,0 ,0, 1 
-0.592367 ,0.698082 ,-0.402223, -0.877822 
0.805668 ,0.512883 ,-0.296395, -0.0700229 
-0.000615076 ,-0.499632 ,-0.866237, 0.120639 
0 ,0 ,0, 1 
-0.592099 ,0.698125 ,-0.402543, -0.877779 
0.805865 ,0.512655 ,-0.296254, -0.069898 
-0.000456807 ,-0.499807 ,-0.866137, 0.12068 
0 ,0 ,0, 1 
-0.591999 ,0.698366 ,-0.402272, -0.877473 
0.805939 ,0.512546 ,-0.296243, -0.0697997 
-0.000703165 ,-0.499582 ,-0.866266, 0.120636 
0 ,0 ,0, 1 
-0.591695 ,0.698385 ,-0.402685, -0.877464 
0.806162 ,0.512313 ,-0.29604, -0.0695879 
-0.000449391 ,-0.499794 ,-0.866144, 0.120685 
0 ,0 ,0, 1 
-0.591555 ,0.698517 ,-0.402662, -0.877271 
0.806265 ,0.512178 ,-0.295992, -0.0695082 
-0.000521157 ,-0.499748 ,-0.866171, 0.120661 
0 ,0 ,0, 1 
-0.591431 ,0.6987 ,-0.402527, -0.87704 
0.806355 ,0.512063 ,-0.295944, -0.0694017 
-0.000656526 ,-0.49961 ,-0.86625, 0.120626 
0 ,0 ,0, 1 
-0.59109 ,0.698758 ,-0.402926, -0.877002 
0.806605 ,0.511767 ,-0.295774, -0.0692246 
-0.000469845 ,-0.499832 ,-0.866122, 0.120681 
0 ,0 ,0, 1 
-0.590989 ,0.698944 ,-0.402751, -0.876742 
0.806679 ,0.511677 ,-0.295728, -0.0691233 
-0.000618953 ,-0.499663 ,-0.866219, 0.120676 
0 ,0 ,0, 1 
-0.590945 ,0.69896 ,-0.402789, -0.876594 
0.806712 ,0.511645 ,-0.295695, -0.0689491 
-0.000593737 ,-0.499674 ,-0.866213, 0.120664 
0 ,0 ,0, 1 
-0.590808 ,0.699004 ,-0.402914, -0.876454 
0.806812 ,0.511528 ,-0.295624, -0.0687079 
-0.00054059 ,-0.499733 ,-0.866179, 0.12066 
0 ,0 ,0, 1 
-0.590598 ,0.69921 ,-0.402864, -0.876242 
0.806966 ,0.511342 ,-0.295525, -0.0685465 
-0.000632791 ,-0.499634 ,-0.866236, 0.120652 
0 ,0 ,0, 1 
-0.590464 ,0.699232 ,-0.403022, -0.876115 
0.807064 ,0.511251 ,-0.295416, -0.0683177 
-0.000518766 ,-0.499697 ,-0.8662, 0.120673 
0 ,0 ,0, 1 
-0.590413 ,0.699255 ,-0.403056, -0.875959 
0.807101 ,0.511209 ,-0.295387, -0.0681267 
-0.00050485 ,-0.499707 ,-0.866194, 0.120658 
0 ,0 ,0, 1 
-0.590225 ,0.699428 ,-0.403032, -0.875758 
0.807238 ,0.511034 ,-0.295314, -0.0679886 
-0.00058785 ,-0.499644 ,-0.86623, 0.120641 
0 ,0 ,0, 1 
-0.589987 ,0.699489 ,-0.403276, -0.875654 
0.807413 ,0.510817 ,-0.295212, -0.0677712 
-0.000497406 ,-0.499782 ,-0.866151, 0.120707 
0 ,0 ,0, 1 
-0.589878 ,0.699628 ,-0.403194, -0.87543 
0.807492 ,0.510737 ,-0.295133, -0.0675555 
-0.000557238 ,-0.499669 ,-0.866216, 0.120715 
0 ,0 ,0, 1 
-0.589545 ,0.699735 ,-0.403495, -0.875352 
0.807736 ,0.510451 ,-0.294964, -0.067374 
-0.000432127 ,-0.499811 ,-0.866134, 0.120743 
0 ,0 ,0, 1 
-0.589407 ,0.699929 ,-0.40336, -0.875107 
0.807836 ,0.510301 ,-0.294947, -0.0672043 
-0.00060701 ,-0.499692 ,-0.866203, 0.120689 
0 ,0 ,0, 1 
-0.58928 ,0.700006 ,-0.40341, -0.87493 
0.807928 ,0.510225 ,-0.294826, -0.0670166 
-0.000550278 ,-0.499662 ,-0.86622, 0.120695 
0 ,0 ,0, 1 
-0.589111 ,0.700074 ,-0.403541, -0.8748 
0.808052 ,0.510049 ,-0.294792, -0.0668959 
-0.000550453 ,-0.499747 ,-0.866171, 0.120679 
0 ,0 ,0, 1 
-0.589055 ,0.700178 ,-0.403441, -0.874563 
0.808092 ,0.510009 ,-0.294751, -0.0667504 
-0.00061929 ,-0.499642 ,-0.866232, 0.120649 
0 ,0 ,0, 1 
-0.58885 ,0.700152 ,-0.403786, -0.874504 
0.808242 ,0.509892 ,-0.294542, -0.0665532 
-0.000336786 ,-0.499798 ,-0.866142, 0.120719 
0 ,0 ,0, 1 
-0.588693 ,0.70035 ,-0.403671, -0.874245 
0.808356 ,0.509714 ,-0.294535, -0.0664314 
-0.000521012 ,-0.499701 ,-0.866198, 0.1207 
0 ,0 ,0, 1 
-0.588508 ,0.700443 ,-0.40378, -0.874096 
0.808491 ,0.50957 ,-0.294415, -0.066269 
-0.000467145 ,-0.499719 ,-0.866188, 0.120676 
0 ,0 ,0, 1 
-0.588325 ,0.700512 ,-0.403927, -0.873963 
0.808625 ,0.509392 ,-0.294356, -0.0661402 
-0.000442871 ,-0.499802 ,-0.86614, 0.120719 
0 ,0 ,0, 1 
-0.588135 ,0.700703 ,-0.403872, -0.873719 
0.808763 ,0.509222 ,-0.294271, -0.0659967 
-0.000535948 ,-0.499707 ,-0.866194, 0.120697 
0 ,0 ,0, 1 
-0.587897 ,0.700859 ,-0.403947, -0.873531 
0.808935 ,0.509021 ,-0.294146, -0.0658553 
-0.000537286 ,-0.499694 ,-0.866202, 0.120683 
0 ,0 ,0, 1 
-0.587766 ,0.700939 ,-0.404, -0.873373 
0.809031 ,0.508902 ,-0.294089, -0.0657057 
-0.000541786 ,-0.499704 ,-0.866196, 0.120687 
0 ,0 ,0, 1 
-0.587551 ,0.701087 ,-0.404056, -0.873181 
0.809187 ,0.508718 ,-0.293978, -0.0655565 
-0.000553284 ,-0.499684 ,-0.866208, 0.12069 
0 ,0 ,0, 1 
-0.587271 ,0.701203 ,-0.40426, -0.873039 
0.80939 ,0.508466 ,-0.293854, -0.0654168 
-0.000498953 ,-0.499776 ,-0.866154, 0.120733 
0 ,0 ,0, 1 
-0.587096 ,0.701373 ,-0.404221, -0.872819 
0.809517 ,0.508302 ,-0.293787, -0.0652738 
-0.000588259 ,-0.499705 ,-0.866196, 0.120682 
0 ,0 ,0, 1 
-0.586805 ,0.701474 ,-0.404468, -0.872711 
0.809728 ,0.50807 ,-0.293607, -0.0651006 
-0.00046005 ,-0.499799 ,-0.866141, 0.120702 
0 ,0 ,0, 1 
-0.586599 ,0.701638 ,-0.404482, -0.872483 
0.809877 ,0.507882 ,-0.293523, -0.0649895 
-0.000517868 ,-0.49976 ,-0.866164, 0.120716 
0 ,0 ,0, 1 
-0.586392 ,0.701816 ,-0.404473, -0.872272 
0.810027 ,0.507683 ,-0.293451, -0.0648181 
-0.00060481 ,-0.499712 ,-0.866192, 0.120702 
0 ,0 ,0, 1 
-0.586235 ,0.701875 ,-0.404599, -0.872112 
0.810141 ,0.507607 ,-0.293269, -0.0645996 
-0.000461062 ,-0.499706 ,-0.866195, 0.1207 
0 ,0 ,0, 1 
-0.586012 ,0.702001 ,-0.404702, -0.871928 
0.810302 ,0.507383 ,-0.293211, -0.0645242 
-0.000495702 ,-0.499756 ,-0.866166, 0.120717 
0 ,0 ,0, 1 
-0.585719 ,0.702177 ,-0.40482, -0.871751 
0.810514 ,0.507116 ,-0.293088, -0.0643874 
-0.000509215 ,-0.49978 ,-0.866152, 0.12074 
0 ,0 ,0, 1 
-0.585676 ,0.702203 ,-0.404838, -0.871548 
0.810545 ,0.507132 ,-0.292974, -0.064206 
-0.000420429 ,-0.499728 ,-0.866183, 0.120714 
0 ,0 ,0, 1 
-0.585383 ,0.702403 ,-0.404916, -0.871351 
0.810757 ,0.506839 ,-0.292894, -0.0640891 
-0.000502396 ,-0.499743 ,-0.866173, 0.120681 
0 ,0 ,0, 1 
-0.585077 ,0.702553 ,-0.405099, -0.871186 
0.810978 ,0.506578 ,-0.292735, -0.063928 
-0.000447734 ,-0.499799 ,-0.866141, 0.120735 
0 ,0 ,0, 1 
-0.585191 ,0.702509 ,-0.40501, -0.870956 
0.810896 ,0.506733 ,-0.292695, -0.0637157 
-0.000388495 ,-0.499703 ,-0.866197, 0.120698 
0 ,0 ,0, 1 
-0.585093 ,0.702545 ,-0.405089, -0.870797 
0.810966 ,0.506624 ,-0.292688, -0.0634586 
-0.000398649 ,-0.499763 ,-0.866162, 0.120675 
0 ,0 ,0, 1 
-0.584961 ,0.702664 ,-0.405072, -0.870558 
0.811061 ,0.506513 ,-0.292616, -0.063306 
-0.000436788 ,-0.499707 ,-0.866194, 0.120656 
0 ,0 ,0, 1 
-0.58498 ,0.702633 ,-0.405099, -0.870364 
0.811048 ,0.506551 ,-0.292588, -0.0631046 
-0.000379066 ,-0.499713 ,-0.866191, 0.120673 
0 ,0 ,0, 1 
-0.584768 ,0.702711 ,-0.405271, -0.870221 
0.811201 ,0.506347 ,-0.292516, -0.0628417 
-0.000346059 ,-0.49981 ,-0.866135, 0.12066 
0 ,0 ,0, 1 
-0.584798 ,0.702719 ,-0.405212, -0.869986 
0.811179 ,0.506421 ,-0.29245, -0.0626503 
-0.000302386 ,-0.499723 ,-0.866185, 0.120628 
0 ,0 ,0, 1 
-0.584592 ,0.702791 ,-0.405385, -0.869837 
0.811328 ,0.506232 ,-0.292364, -0.0624166 
-0.000252188 ,-0.499814 ,-0.866133, 0.12067 
0 ,0 ,0, 1 
-0.584382 ,0.7029 ,-0.405499, -0.869649 
0.811479 ,0.506037 ,-0.292281, -0.0622065 
-0.000246962 ,-0.499858 ,-0.866108, 0.120728 
0 ,0 ,0, 1 
-0.584209 ,0.702987 ,-0.405596, -0.869474 
0.811603 ,0.505892 ,-0.292189, -0.062045 
-0.000217289 ,-0.499883 ,-0.866093, 0.120741 
0 ,0 ,0, 1 
-0.583983 ,0.703094 ,-0.405738, -0.869321 
0.811766 ,0.505702 ,-0.292064, -0.0617932 
-0.000166635 ,-0.499925 ,-0.866069, 0.120747 
0 ,0 ,0, 1 
-0.583921 ,0.703187 ,-0.405664, -0.869053 
0.81181 ,0.505646 ,-0.292039, -0.0616042 
-0.000235485 ,-0.49985 ,-0.866112, 0.120747 
0 ,0 ,0, 1 
-0.583662 ,0.703395 ,-0.405678, -0.868809 
0.811997 ,0.505412 ,-0.291924, -0.0614551 
-0.000303327 ,-0.499794 ,-0.866144, 0.120703 
0 ,0 ,0, 1 
-0.583429 ,0.703513 ,-0.405809, -0.868659 
0.812164 ,0.505209 ,-0.291811, -0.0611971 
-0.000274649 ,-0.499834 ,-0.866121, 0.120721 
0 ,0 ,0, 1 
-0.583482 ,0.703448 ,-0.405845, -0.868431 
0.812126 ,0.50529 ,-0.291776, -0.0610406 
-0.000180158 ,-0.499843 ,-0.866116, 0.120772 
0 ,0 ,0, 1 
-0.583122 ,0.70368 ,-0.40596, -0.868223 
0.812385 ,0.504958 ,-0.291632, -0.060881 
-0.000223097 ,-0.499852 ,-0.866111, 0.120726 
0 ,0 ,0, 1 
-0.58282 ,0.70392 ,-0.405978, -0.868022 
0.812601 ,0.504669 ,-0.291528, -0.0606501 
-0.000327545 ,-0.499806 ,-0.866137, 0.120701 
0 ,0 ,0, 1 
-0.582801 ,0.703923 ,-0.405999, -0.86779 
0.812615 ,0.504672 ,-0.291486, -0.0604759 
-0.000286954 ,-0.499799 ,-0.866141, 0.120718 
0 ,0 ,0, 1 
-0.582497 ,0.704032 ,-0.406246, -0.867641 
0.812833 ,0.504404 ,-0.29134, -0.0603082 
-0.000200695 ,-0.499915 ,-0.866075, 0.12073 
0 ,0 ,0, 1 
-0.582373 ,0.70415 ,-0.40622, -0.867417 
0.812922 ,0.504298 ,-0.291276, -0.0601106 
-0.000246402 ,-0.499856 ,-0.866108, 0.120708 
0 ,0 ,0, 1 
-0.582336 ,0.70425 ,-0.4061, -0.867123 
0.812948 ,0.504257 ,-0.291273, -0.0599778 
-0.000350154 ,-0.499757 ,-0.866166, 0.120698 
0 ,0 ,0, 1 
-0.582057 ,0.70435 ,-0.406327, -0.866959 
0.813148 ,0.504026 ,-0.291115, -0.0598246 
-0.000247313 ,-0.499849 ,-0.866112, 0.120728 
0 ,0 ,0, 1 
-0.581954 ,0.704464 ,-0.406277, -0.866715 
0.813222 ,0.503944 ,-0.291051, -0.0596522 
-0.000293859 ,-0.499771 ,-0.866157, 0.120686 
0 ,0 ,0, 1 
-0.581754 ,0.704572 ,-0.406374, -0.866511 
0.813365 ,0.503767 ,-0.290958, -0.0594881 
-0.000283133 ,-0.499796 ,-0.866143, 0.120691 
0 ,0 ,0, 1 
-0.581428 ,0.704696 ,-0.406627, -0.866351 
0.813598 ,0.503506 ,-0.290758, -0.0592859 
-0.000157335 ,-0.499886 ,-0.866091, 0.120725 
0 ,0 ,0, 1 
-0.581363 ,0.704835 ,-0.406479, -0.866046 
0.813644 ,0.503436 ,-0.29075, -0.0591624 
-0.000294274 ,-0.49976 ,-0.866164, 0.120681 
0 ,0 ,0, 1 
-0.581215 ,0.704875 ,-0.406621, -0.865865 
0.81375 ,0.503341 ,-0.290618, -0.058956 
-0.000180265 ,-0.499799 ,-0.866141, 0.120669 
0 ,0 ,0, 1 
-0.5809 ,0.705097 ,-0.406686, -0.865612 
0.813975 ,0.503054 ,-0.290484, -0.0587883 
-0.00023462 ,-0.499774 ,-0.866156, 0.120678 
0 ,0 ,0, 1 
-0.580659 ,0.705326 ,-0.406633, -0.865365 
0.814147 ,0.502801 ,-0.290442, -0.0585771 
-0.000400429 ,-0.499706 ,-0.866195, 0.120663 
0 ,0 ,0, 1 
-0.580419 ,0.70545 ,-0.40676, -0.865194 
0.814318 ,0.502588 ,-0.29033, -0.0582529 
-0.000380864 ,-0.499745 ,-0.866172, 0.120633 
0 ,0 ,0, 1 
-0.580289 ,0.705483 ,-0.406889, -0.864999 
0.814411 ,0.502487 ,-0.290244, -0.0580532 
-0.000305777 ,-0.4998 ,-0.866141, 0.120678 
0 ,0 ,0, 1 
-0.58025 ,0.705608 ,-0.406727, -0.864696 
0.814438 ,0.502412 ,-0.290298, -0.0578937 
-0.000492251 ,-0.4997 ,-0.866198, 0.120683 
0 ,0 ,0, 1 
-0.579888 ,0.705707 ,-0.407072, -0.864591 
0.814696 ,0.502141 ,-0.290044, -0.0575784 
-0.000278632 ,-0.499833 ,-0.866122, 0.120663 
0 ,0 ,0, 1 
-0.579841 ,0.705816 ,-0.40695, -0.864296 
0.814729 ,0.502082 ,-0.290052, -0.057431 
-0.000401607 ,-0.499738 ,-0.866177, 0.120668 
0 ,0 ,0, 1 
-0.579806 ,0.705819 ,-0.406996, -0.864063 
0.814755 ,0.50207 ,-0.290001, -0.0572186 
-0.000348194 ,-0.499746 ,-0.866172, 0.120702 
0 ,0 ,0, 1 
-0.579465 ,0.705997 ,-0.407172, -0.863887 
0.814997 ,0.501771 ,-0.289838, -0.0569562 
-0.000317712 ,-0.499795 ,-0.866144, 0.120654 
0 ,0 ,0, 1 
-0.579386 ,0.706135 ,-0.407043, -0.863593 
0.815053 ,0.501689 ,-0.289822, -0.0567939 
-0.000444031 ,-0.499681 ,-0.86621, 0.120642 
0 ,0 ,0, 1 
-0.579237 ,0.70615 ,-0.40723, -0.863402 
0.815159 ,0.501564 ,-0.289741, -0.0565737 
-0.000348366 ,-0.499786 ,-0.866149, 0.120725 
0 ,0 ,0, 1 
-0.578943 ,0.706327 ,-0.407342, -0.863178 
0.815368 ,0.501324 ,-0.289568, -0.0563867 
-0.000319837 ,-0.499777 ,-0.866154, 0.120683 
0 ,0 ,0, 1 
-0.578802 ,0.706447 ,-0.407333, -0.862949 
0.815468 ,0.501187 ,-0.289524, -0.056209 
-0.000383481 ,-0.499744 ,-0.866173, 0.120669 
0 ,0 ,0, 1 
-0.578691 ,0.706472 ,-0.407448, -0.86272 
0.815547 ,0.501136 ,-0.289389, -0.0559659 
-0.00025888 ,-0.49976 ,-0.866164, 0.120706 
0 ,0 ,0, 1 
-0.578503 ,0.706558 ,-0.407565, -0.862509 
0.81568 ,0.500995 ,-0.289258, -0.0557971 
-0.00018932 ,-0.499779 ,-0.866153, 0.120663 
0 ,0 ,0, 1 
-0.578277 ,0.706794 ,-0.407477, -0.862232 
0.815841 ,0.500727 ,-0.289269, -0.0556602 
-0.000418993 ,-0.499714 ,-0.86619, 0.120667 
0 ,0 ,0, 1 
-0.577966 ,0.706843 ,-0.407833, -0.862085 
0.816061 ,0.500519 ,-0.289009, -0.0553931 
-0.000155751 ,-0.499853 ,-0.86611, 0.120745 
0 ,0 ,0, 1 
-0.577788 ,0.707095 ,-0.407649, -0.861739 
0.816187 ,0.500316 ,-0.289003, -0.0553088 
-0.000399073 ,-0.4997 ,-0.866198, 0.120654 
0 ,0 ,0, 1 
-0.577429 ,0.707275 ,-0.407845, -0.861573 
0.816441 ,0.499989 ,-0.288852, -0.0550911 
-0.000379697 ,-0.499773 ,-0.866156, 0.120663 
0 ,0 ,0, 1 
-0.577157 ,0.707365 ,-0.408074, -0.861369 
0.816633 ,0.499796 ,-0.288642, -0.0548499 
-0.0002214 ,-0.499838 ,-0.866119, 0.120723 
0 ,0 ,0, 1 
-0.577038 ,0.707589 ,-0.407855, -0.861031 
0.816717 ,0.49964 ,-0.288674, -0.0547408 
-0.00048192 ,-0.499678 ,-0.866211, 0.12063 
0 ,0 ,0, 1 
-0.576722 ,0.707682 ,-0.40814, -0.860885 
0.816941 ,0.499364 ,-0.28852, -0.0545406 
-0.000370126 ,-0.499821 ,-0.866128, 0.120674 
0 ,0 ,0, 1 
-0.576385 ,0.70786 ,-0.408306, -0.860642 
0.817178 ,0.499088 ,-0.288325, -0.0543455 
-0.000313644 ,-0.499845 ,-0.866115, 0.120726 
0 ,0 ,0, 1 
-0.576257 ,0.708089 ,-0.408091, -0.860305 
0.817268 ,0.498955 ,-0.2883, -0.0542109 
-0.000523066 ,-0.499655 ,-0.866225, 0.120622 
0 ,0 ,0, 1 
-0.575922 ,0.708239 ,-0.408302, -0.860122 
0.817505 ,0.498668 ,-0.288126, -0.0539902 
-0.000454634 ,-0.499727 ,-0.866183, 0.120639 
0 ,0 ,0, 1 
-0.575645 ,0.70834 ,-0.408519, -0.859917 
0.8177 ,0.498429 ,-0.287986, -0.0538358 
-0.000374441 ,-0.499823 ,-0.866127, 0.120724 
0 ,0 ,0, 1 
-0.575575 ,0.708485 ,-0.408364, -0.859605 
0.817748 ,0.498357 ,-0.287972, -0.0536423 
-0.000512888 ,-0.499689 ,-0.866205, 0.120666 
0 ,0 ,0, 1 
-0.575506 ,0.708467 ,-0.408495, -0.859402 
0.817798 ,0.498321 ,-0.287894, -0.0533204 
-0.000401512 ,-0.499751 ,-0.866169, 0.120674 
0 ,0 ,0, 1 
-0.57516 ,0.708642 ,-0.408678, -0.859194 
0.818041 ,0.498006 ,-0.287748, -0.0531084 
-0.00038593 ,-0.499817 ,-0.866131, 0.120731 
0 ,0 ,0, 1 
-0.575108 ,0.70879 ,-0.408494, -0.858856 
0.818077 ,0.497954 ,-0.287735, -0.0529259 
-0.000532688 ,-0.499658 ,-0.866222, 0.120642 
0 ,0 ,0, 1 
-0.575012 ,0.708695 ,-0.408794, -0.858738 
0.818145 ,0.497906 ,-0.287627, -0.0526114 
-0.000299257 ,-0.499841 ,-0.866117, 0.12069 
0 ,0 ,0, 1 
-0.574739 ,0.708922 ,-0.408785, -0.858429 
0.818337 ,0.497639 ,-0.287541, -0.0523769 
-0.000417019 ,-0.499785 ,-0.86615, 0.120735 
0 ,0 ,0, 1 
-0.574563 ,0.709096 ,-0.408729, -0.858132 
0.81846 ,0.4975 ,-0.287433, -0.0521404 
-0.000474814 ,-0.499677 ,-0.866212, 0.120652 
0 ,0 ,0, 1 
-0.574597 ,0.708946 ,-0.408944, -0.85796 
0.818437 ,0.497595 ,-0.287333, -0.0519002 
-0.000214753 ,-0.499795 ,-0.866144, 0.120678 
0 ,0 ,0, 1 
-0.57424 ,0.709208 ,-0.408989, -0.857681 
0.818687 ,0.497235 ,-0.287246, -0.0517052 
-0.000353224 ,-0.499782 ,-0.866151, 0.120742 
0 ,0 ,0, 1 
-0.573873 ,0.709454 ,-0.409079, -0.857455 
0.818944 ,0.496883 ,-0.287118, -0.0514223 
-0.000433028 ,-0.499782 ,-0.866151, 0.120664 
0 ,0 ,0, 1 
-0.57368 ,0.709588 ,-0.409116, -0.85719 
0.819079 ,0.496707 ,-0.287039, -0.0512078 
-0.000468589 ,-0.499767 ,-0.86616, 0.120643 
0 ,0 ,0, 1 
-0.573494 ,0.709628 ,-0.409308, -0.856972 
0.81921 ,0.496557 ,-0.286926, -0.0510148 
-0.000365994 ,-0.49986 ,-0.866106, 0.120772 
0 ,0 ,0, 1 
-0.573215 ,0.709889 ,-0.409247, -0.856657 
0.819405 ,0.496263 ,-0.286878, -0.0508236 
-0.000557386 ,-0.499781 ,-0.866151, 0.120666 
0 ,0 ,0, 1 
-0.572975 ,0.710054 ,-0.409296, -0.856395 
0.819573 ,0.49607 ,-0.286731, -0.0505804 
-0.000555241 ,-0.499738 ,-0.866177, 0.12063 
0 ,0 ,0, 1 
-0.572682 ,0.710167 ,-0.40951, -0.856185 
0.819778 ,0.495835 ,-0.286553, -0.0503444 
-0.000450783 ,-0.499811 ,-0.866134, 0.120707 
0 ,0 ,0, 1 
-0.572459 ,0.710357 ,-0.409492, -0.855892 
0.819933 ,0.495629 ,-0.286464, -0.05016 
-0.000535678 ,-0.499745 ,-0.866173, 0.120598 
0 ,0 ,0, 1 
-0.572208 ,0.710415 ,-0.409741, -0.855697 
0.820108 ,0.495444 ,-0.286281, -0.0499261 
-0.00037455 ,-0.499845 ,-0.866115, 0.120699 
0 ,0 ,0, 1 
-0.571916 ,0.710597 ,-0.409834, -0.855442 
0.820312 ,0.495173 ,-0.286169, -0.0497179 
-0.000411792 ,-0.499856 ,-0.866108, 0.12073 
0 ,0 ,0, 1 
-0.571858 ,0.710637 ,-0.409847, -0.855165 
0.820353 ,0.495147 ,-0.286096, -0.049566 
-0.000376094 ,-0.499825 ,-0.866126, 0.120617 
0 ,0 ,0, 1 
-0.571518 ,0.71086 ,-0.409934, -0.854884 
0.82059 ,0.49482 ,-0.285983, -0.0493791 
-0.000450182 ,-0.499832 ,-0.866122, 0.120709 
0 ,0 ,0, 1 
-0.571124 ,0.711103 ,-0.410061, -0.854634 
0.820864 ,0.494473 ,-0.285795, -0.0491242 
-0.000465696 ,-0.499829 ,-0.866124, 0.120698 
0 ,0 ,0, 1 
-0.570879 ,0.711204 ,-0.410226, -0.854404 
0.821034 ,0.494306 ,-0.285596, -0.0489053 
-0.000340564 ,-0.49985 ,-0.866112, 0.120666 
0 ,0 ,0, 1 
-0.570592 ,0.711358 ,-0.410358, -0.854147 
0.821233 ,0.494045 ,-0.285475, -0.0487007 
-0.000339357 ,-0.49989 ,-0.866089, 0.120779 
0 ,0 ,0, 1 
-0.570327 ,0.711576 ,-0.41035, -0.853854 
0.821418 ,0.493806 ,-0.285358, -0.0484587 
-0.000420451 ,-0.499816 ,-0.866131, 0.120682 
0 ,0 ,0, 1 
-0.57033 ,0.711504 ,-0.41047, -0.853627 
0.821415 ,0.493853 ,-0.285282, -0.0481592 
-0.000266985 ,-0.499872 ,-0.8661, 0.120678 
0 ,0 ,0, 1 
-0.570074 ,0.711666 ,-0.410546, -0.853342 
0.821594 ,0.493629 ,-0.285158, -0.0479122 
-0.000279779 ,-0.499863 ,-0.866105, 0.120754 
0 ,0 ,0, 1 
-0.569781 ,0.711889 ,-0.410565, -0.853055 
0.821796 ,0.493349 ,-0.285057, -0.047672 
-0.000377274 ,-0.499822 ,-0.866128, 0.120655 
0 ,0 ,0, 1 
-0.569592 ,0.712006 ,-0.410625, -0.852779 
0.821928 ,0.493196 ,-0.284943, -0.0474003 
-0.000362445 ,-0.499805 ,-0.866138, 0.120688 
0 ,0 ,0, 1 
-0.569374 ,0.712104 ,-0.410756, -0.852542 
0.822078 ,0.492981 ,-0.28488, -0.0472099 
-0.000368976 ,-0.499877 ,-0.866096, 0.120734 
0 ,0 ,0, 1 
-0.569115 ,0.712315 ,-0.410749, -0.852242 
0.822258 ,0.492769 ,-0.284731, -0.046923 
-0.000414175 ,-0.499786 ,-0.866149, 0.120595 
0 ,0 ,0, 1 
-0.568839 ,0.71242 ,-0.410949, -0.852019 
0.822448 ,0.492533 ,-0.284587, -0.0466549 
-0.000339318 ,-0.499869 ,-0.866101, 0.120702 
0 ,0 ,0, 1 
-0.568584 ,0.712496 ,-0.411171, -0.851805 
0.822625 ,0.492313 ,-0.284456, -0.0464481 
-0.000249168 ,-0.499977 ,-0.866039, 0.120775 
0 ,0 ,0, 1 
-0.568511 ,0.712636 ,-0.41103, -0.851449 
0.822676 ,0.49227 ,-0.284385, -0.0462403 
-0.000325837 ,-0.49982 ,-0.866129, 0.120627 
0 ,0 ,0, 1 
-0.568154 ,0.712786 ,-0.411263, -0.851237 
0.822922 ,0.491949 ,-0.284227, -0.0459908 
-0.000272659 ,-0.499923 ,-0.86607, 0.120742 
0 ,0 ,0, 1 
-0.568067 ,0.712888 ,-0.411207, -0.850909 
0.822982 ,0.491876 ,-0.28418, -0.0457892 
-0.000325782 ,-0.499849 ,-0.866112, 0.120695 
0 ,0 ,0, 1 
-0.567895 ,0.713025 ,-0.411205, -0.850597 
0.823101 ,0.491746 ,-0.284062, -0.0455693 
-0.000335042 ,-0.499781 ,-0.866152, 0.1206 
0 ,0 ,0, 1 
-0.567472 ,0.713107 ,-0.411648, -0.850467 
0.823393 ,0.491372 ,-0.283862, -0.0453136 
-0.000151784 ,-0.500032 ,-0.866007, 0.120801 
0 ,0 ,0, 1 
-0.567345 ,0.713347 ,-0.411406, -0.850048 
0.82348 ,0.491225 ,-0.283864, -0.0451904 
-0.00040105 ,-0.499833 ,-0.866121, 0.120668 
0 ,0 ,0, 1 
-0.567024 ,0.713479 ,-0.411621, -0.849809 
0.823702 ,0.490979 ,-0.283646, -0.0449847 
-0.000278457 ,-0.499887 ,-0.866091, 0.120656 
0 ,0 ,0, 1 
-0.566615 ,0.713602 ,-0.41197, -0.849645 
0.823983 ,0.490633 ,-0.283429, -0.0447109 
-0.00012973 ,-0.500051 ,-0.865996, 0.120749 
0 ,0 ,0, 1 
-0.566544 ,0.713891 ,-0.411567, -0.849132 
0.824031 ,0.490584 ,-0.283372, -0.0445473 
-0.00038842 ,-0.499686 ,-0.866206, 0.120586 
0 ,0 ,0, 1 
-0.566084 ,0.714002 ,-0.412007, -0.84898 
0.824348 ,0.490188 ,-0.283137, -0.0443433 
-0.000199939 ,-0.499917 ,-0.866074, 0.120702 
0 ,0 ,0, 1 
-0.565635 ,0.714248 ,-0.412199, -0.84874 
0.824656 ,0.489791 ,-0.282926, -0.0440955 
-0.000187974 ,-0.499955 ,-0.866052, 0.120703 
0 ,0 ,0, 1 
-0.565505 ,0.714539 ,-0.411871, -0.848281 
0.824744 ,0.489645 ,-0.282921, -0.043965 
-0.000487476 ,-0.499681 ,-0.866209, 0.120605 
0 ,0 ,0, 1 
-0.565116 ,0.714486 ,-0.412498, -0.848233 
0.825012 ,0.489335 ,-0.282677, -0.0436873 
-0.000118638 ,-0.500061 ,-0.86599, 0.120759 
0 ,0 ,0, 1 
-0.564902 ,0.714789 ,-0.412265, -0.847813 
0.825158 ,0.489095 ,-0.282667, -0.0434261 
-0.000410185 ,-0.499863 ,-0.866105, 0.120688 
0 ,0 ,0, 1 
-0.564662 ,0.714958 ,-0.4123, -0.847516 
0.825322 ,0.488907 ,-0.282514, -0.0431888 
-0.000409448 ,-0.499805 ,-0.866138, 0.120673 
0 ,0 ,0, 1 
-0.564367 ,0.715066 ,-0.412518, -0.847272 
0.825524 ,0.488649 ,-0.282368, -0.0429293 
-0.000335114 ,-0.499902 ,-0.866082, 0.120703 
0 ,0 ,0, 1 
-0.564184 ,0.715311 ,-0.412343, -0.84689 
0.825649 ,0.488455 ,-0.28234, -0.0427354 
-0.000549881 ,-0.499742 ,-0.866174, 0.120627 
0 ,0 ,0, 1 
-0.563863 ,0.715413 ,-0.412605, -0.846678 
0.825868 ,0.488215 ,-0.282114, -0.0424213 
-0.000388033 ,-0.499831 ,-0.866123, 0.120697 
0 ,0 ,0, 1 
-0.56364 ,0.715455 ,-0.412837, -0.846437 
0.826021 ,0.488037 ,-0.281975, -0.0421606 
-0.000260706 ,-0.499945 ,-0.866057, 0.120736 
0 ,0 ,0, 1 
-0.563344 ,0.715824 ,-0.412601, -0.846007 
0.826222 ,0.487737 ,-0.281903, -0.0419768 
-0.000551928 ,-0.499708 ,-0.866194, 0.120638 
0 ,0 ,0, 1 
-0.562954 ,0.715844 ,-0.413098, -0.845902 
0.826488 ,0.487467 ,-0.281591, -0.0416394 
-0.000203189 ,-0.499943 ,-0.866058, 0.12073 
0 ,0 ,0, 1 
-0.562937 ,0.716026 ,-0.412805, -0.845428 
0.8265 ,0.487414 ,-0.281648, -0.041536 
-0.000460089 ,-0.499734 ,-0.866179, 0.120631 
0 ,0 ,0, 1 
-0.562519 ,0.716258 ,-0.412972, -0.845168 
0.826784 ,0.487041 ,-0.281459, -0.0412801 
-0.000463495 ,-0.499765 ,-0.866161, 0.120676 
0 ,0 ,0, 1 
-0.562169 ,0.716367 ,-0.413261, -0.84497 
0.827023 ,0.486762 ,-0.28124, -0.0409813 
-0.000311561 ,-0.49988 ,-0.866094, 0.120714 
0 ,0 ,0, 1 
-0.561988 ,0.716624 ,-0.413061, -0.84454 
0.827145 ,0.486562 ,-0.281226, -0.0408517 
-0.000552973 ,-0.499707 ,-0.866194, 0.120599 
0 ,0 ,0, 1 
-0.561707 ,0.716678 ,-0.413349, -0.844349 
0.827336 ,0.486348 ,-0.281035, -0.0406003 
-0.000380224 ,-0.499838 ,-0.866119, 0.120692 
0 ,0 ,0, 1 
-0.561387 ,0.716879 ,-0.413435, -0.844033 
0.827553 ,0.486076 ,-0.280865, -0.0403643 
-0.000385228 ,-0.499814 ,-0.866133, 0.120654 
0 ,0 ,0, 1 
-0.561205 ,0.716988 ,-0.413495, -0.843703 
0.827677 ,0.485937 ,-0.280742, -0.0401582 
-0.000356247 ,-0.499794 ,-0.866144, 0.120666 
0 ,0 ,0, 1 
-0.560821 ,0.71719 ,-0.413664, -0.843433 
0.827937 ,0.485594 ,-0.28057, -0.0399186 
-0.000349575 ,-0.499837 ,-0.866119, 0.1207 
0 ,0 ,0, 1 
-0.560345 ,0.717455 ,-0.41385, -0.843147 
0.828259 ,0.485167 ,-0.280357, -0.0397262 
-0.00035782 ,-0.499871 ,-0.8661, 0.120652 
0 ,0 ,0, 1 
-0.560092 ,0.717723 ,-0.413727, -0.842788 
0.82843 ,0.48493 ,-0.280261, -0.0394679 
-0.000521013 ,-0.499716 ,-0.866189, 0.120613 
0 ,0 ,0, 1 
-0.559688 ,0.717852 ,-0.414051, -0.842556 
0.828703 ,0.484606 ,-0.280015, -0.0392169 
-0.000357743 ,-0.499846 ,-0.866114, 0.120644 
0 ,0 ,0, 1 
-0.559411 ,0.718048 ,-0.414085, -0.842227 
0.828891 ,0.484336 ,-0.279928, -0.0390222 
-0.000445402 ,-0.499826 ,-0.866126, 0.120653 
0 ,0 ,0, 1 
-0.55911 ,0.718264 ,-0.414118, -0.841924 
0.829093 ,0.48406 ,-0.279803, -0.0387033 
-0.000514769 ,-0.499783 ,-0.86615, 0.120645 
0 ,0 ,0, 1 
-0.558694 ,0.718532 ,-0.414213, -0.841571 
0.829373 ,0.483701 ,-0.279595, -0.0384369 
-0.000542591 ,-0.499746 ,-0.866172, 0.1206 
0 ,0 ,0, 1 
-0.558443 ,0.718679 ,-0.414296, -0.841281 
0.829543 ,0.483492 ,-0.279455, -0.0381851 
-0.000530095 ,-0.499736 ,-0.866178, 0.120636 
0 ,0 ,0, 1 
-0.558149 ,0.71881 ,-0.414465, -0.841006 
0.82974 ,0.483241 ,-0.279301, -0.0379051 
-0.00047825 ,-0.49979 ,-0.866146, 0.120675 
0 ,0 ,0, 1 
-0.55767 ,0.719061 ,-0.414676, -0.840714 
0.830063 ,0.482827 ,-0.27906, -0.0376309 
-0.000444609 ,-0.49983 ,-0.866123, 0.120664 
0 ,0 ,0, 1 
-0.55748 ,0.719245 ,-0.414612, -0.840374 
0.83019 ,0.482664 ,-0.278961, -0.0373818 
-0.000522892 ,-0.499722 ,-0.866185, 0.120632 
0 ,0 ,0, 1 
-0.55713 ,0.71939 ,-0.41483, -0.840077 
0.830426 ,0.482392 ,-0.278731, -0.0370692 
-0.000405496 ,-0.499775 ,-0.866155, 0.120624 
0 ,0 ,0, 1 
-0.556724 ,0.719643 ,-0.414937, -0.839755 
0.830697 ,0.482006 ,-0.27859, -0.0369169 
-0.000483314 ,-0.499785 ,-0.86615, 0.12065 
0 ,0 ,0, 1 
-0.556315 ,0.719932 ,-0.414984, -0.839442 
0.830972 ,0.481631 ,-0.278421, -0.0366333 
-0.000574499 ,-0.49973 ,-0.866181, 0.120632 
0 ,0 ,0, 1 
-0.555954 ,0.720128 ,-0.415128, -0.839114 
0.831213 ,0.481342 ,-0.2782, -0.0363481 
-0.000521063 ,-0.499726 ,-0.866183, 0.120584 
0 ,0 ,0, 1 
-0.555579 ,0.720333 ,-0.415273, -0.838832 
0.831464 ,0.480999 ,-0.278043, -0.0361698 
-0.000537551 ,-0.499759 ,-0.866164, 0.120611 
0 ,0 ,0, 1 
-0.555133 ,0.720544 ,-0.415504, -0.838549 
0.831762 ,0.480626 ,-0.277797, -0.0359277 
-0.000462932 ,-0.499815 ,-0.866132, 0.12066 
0 ,0 ,0, 1 
-0.554819 ,0.720779 ,-0.415516, -0.838202 
0.831971 ,0.480339 ,-0.277667, -0.0357114 
-0.000548108 ,-0.499753 ,-0.866168, 0.120621 
0 ,0 ,0, 1 
-0.554414 ,0.72104 ,-0.415604, -0.837861 
0.832241 ,0.479974 ,-0.277489, -0.0355229 
-0.000601636 ,-0.499726 ,-0.866183, 0.120611 
0 ,0 ,0, 1 
-0.554029 ,0.721235 ,-0.41578, -0.837578 
0.832497 ,0.479662 ,-0.277259, -0.0352781 
-0.000535083 ,-0.499745 ,-0.866172, 0.120601 
0 ,0 ,0, 1 
-0.553634 ,0.721427 ,-0.415972, -0.837291 
0.83276 ,0.479318 ,-0.277065, -0.035066 
-0.000499342 ,-0.499797 ,-0.866142, 0.120642 
0 ,0 ,0, 1 
-0.553222 ,0.721656 ,-0.416123, -0.836959 
0.833034 ,0.478958 ,-0.276864, -0.0348695 
-0.000494718 ,-0.499812 ,-0.866134, 0.120669 
0 ,0 ,0, 1 
-0.552836 ,0.721831 ,-0.416331, -0.836702 
0.83329 ,0.478637 ,-0.276649, -0.0345974 
-0.000422559 ,-0.499866 ,-0.866103, 0.120661 
0 ,0 ,0, 1 
-0.552464 ,0.722115 ,-0.416334, -0.836296 
0.833537 ,0.478308 ,-0.276474, -0.0343803 
-0.00051016 ,-0.499772 ,-0.866157, 0.120654 
0 ,0 ,0, 1 
-0.551979 ,0.722402 ,-0.416478, -0.835972 
0.833858 ,0.47787 ,-0.276264, -0.0341737 
-0.000551335 ,-0.499776 ,-0.866155, 0.12061 
0 ,0 ,0, 1 
-0.551375 ,0.722612 ,-0.416915, -0.835797 
0.834257 ,0.477369 ,-0.275923, -0.0337999 
-0.000363137 ,-0.499951 ,-0.866053, 0.120731 
0 ,0 ,0, 1 
-0.551065 ,0.722973 ,-0.416697, -0.835294 
0.834462 ,0.477102 ,-0.275766, -0.033564 
-0.000564266 ,-0.499683 ,-0.866208, 0.120603 
0 ,0 ,0, 1 
-0.550466 ,0.72313 ,-0.417218, -0.835133 
0.834858 ,0.476604 ,-0.275428, -0.033286 
-0.000322764 ,-0.499931 ,-0.866065, 0.120684 
0 ,0 ,0, 1 
-0.550045 ,0.723409 ,-0.417289, -0.834781 
0.835135 ,0.476229 ,-0.275239, -0.0330635 
-0.000385415 ,-0.499886 ,-0.866091, 0.120719 
0 ,0 ,0, 1 
-0.549593 ,0.723772 ,-0.417255, -0.834369 
0.835432 ,0.475816 ,-0.27505, -0.0328307 
-0.000537067 ,-0.499754 ,-0.866167, 0.12066 
0 ,0 ,0, 1 
-0.548941 ,0.723957 ,-0.417792, -0.83419 
0.835861 ,0.475301 ,-0.274635, -0.0325041 
-0.000247212 ,-0.499975 ,-0.86604, 0.120709 
0 ,0 ,0, 1 
-0.548579 ,0.724329 ,-0.417623, -0.833741 
0.836099 ,0.474946 ,-0.274528, -0.0323296 
-0.000500292 ,-0.499774 ,-0.866156, 0.120631 
0 ,0 ,0, 1 
-0.548102 ,0.724572 ,-0.417828, -0.833456 
0.836411 ,0.474536 ,-0.274284, -0.032092 
-0.000464126 ,-0.499812 ,-0.866134, 0.120673 
0 ,0 ,0, 1 
