-0.892847 5.03279e-08 -0.0847465 4.90769e-08 0.975143 
-0.892847 2.0103e-07 -0.0847465 1.96033e-07 0.975143 
-0.892847 4.51683e-07 -0.0847464 4.40455e-07 0.975143 
-0.892847 8.01866e-07 -0.0847464 7.81934e-07 0.975143 
-0.892846 1.25116e-06 -0.0847463 1.22006e-06 0.975143 
-0.892846 1.79914e-06 -0.0847464 1.75441e-06 0.975142 
-0.892846 2.44538e-06 -0.0847461 2.38459e-06 0.975141 
-0.892846 3.18948e-06 -0.0847459 3.11018e-06 0.97514 
-0.892846 4.031e-06 -0.0847458 3.93078e-06 0.975138 
-0.892845 4.96953e-06 -0.0847453 4.84597e-06 0.975136 
-0.892845 6.00466e-06 -0.084745 5.85535e-06 0.975134 
-0.892845 7.13596e-06 -0.0847446 6.9585e-06 0.975131 
-0.892844 8.36303e-06 -0.0847441 8.15502e-06 0.975128 
-0.892843 9.68543e-06 -0.0847435 9.4445e-06 0.975124 
-0.892843 1.11028e-05 -0.0847426 1.08265e-05 0.975119 
-0.892842 1.26146e-05 -0.084742 1.23007e-05 0.975115 
-0.892841 1.42206e-05 -0.0847409 1.38666e-05 0.975109 
-0.89284 1.59202e-05 -0.0847399 1.55238e-05 0.975102 
-0.892839 1.77131e-05 -0.0847389 1.7272e-05 0.975095 
-0.892837 1.95989e-05 -0.0847376 1.91106e-05 0.975087 
-0.892836 2.15771e-05 -0.0847363 2.10394e-05 0.975079 
-0.892834 2.36473e-05 -0.0847346 2.30578e-05 0.975069 
-0.892833 2.58092e-05 -0.0847328 2.51655e-05 0.975059 
-0.892831 2.80623e-05 -0.0847311 2.73621e-05 0.975047 
-0.892829 3.04062e-05 -0.0847292 2.96471e-05 0.975035 
-0.892826 3.28405e-05 -0.0847271 3.20202e-05 0.975022 
-0.892824 3.53648e-05 -0.0847247 3.4481e-05 0.975007 
-0.892822 3.79787e-05 -0.0847223 3.70289e-05 0.974992 
-0.892819 4.06818e-05 -0.0847195 3.96637e-05 0.974975 
-0.892816 4.34736e-05 -0.0847166 4.23849e-05 0.974957 
-0.892813 4.63537e-05 -0.0847136 4.5192e-05 0.974938 
-0.892809 4.93219e-05 -0.0847103 4.80848e-05 0.974918 
-0.892806 5.23776e-05 -0.0847067 5.10627e-05 0.974896 
-0.892802 5.55204e-05 -0.0847031 5.41254e-05 0.974873 
-0.892798 5.875e-05 -0.0846992 5.72724e-05 0.974849 
-0.892794 6.20659e-05 -0.0846951 6.05033e-05 0.974824 
-0.892789 6.54678e-05 -0.0846907 6.38178e-05 0.974796 
-0.892785 6.89552e-05 -0.084686 6.72153e-05 0.974768 
-0.89278 7.25277e-05 -0.0846812 7.06955e-05 0.974738 
-0.892774 7.6185e-05 -0.0846763 7.42581e-05 0.974707 
-0.892769 7.99266e-05 -0.084671 7.79024e-05 0.974673 
-0.892763 8.37522e-05 -0.0846653 8.16281e-05 0.974639 
-0.892757 8.76613e-05 -0.0846595 8.54349e-05 0.974602 
-0.892751 9.16535e-05 -0.0846533 8.93223e-05 0.974564 
-0.892744 9.57285e-05 -0.0846469 9.32898e-05 0.974525 
-0.892738 9.98858e-05 -0.0846404 9.73371e-05 0.974483 
-0.89273 0.000104125 -0.0846332 0.000101464 0.97444 
-0.892723 0.000108446 -0.0846262 0.000105669 0.974395 
-0.892715 0.000112848 -0.0846186 0.000109953 0.974348 
-0.892707 0.000117331 -0.0846108 0.000114315 0.974299 
-0.892699 0.000121894 -0.0846026 0.000118755 0.974249 
-0.89269 0.000126537 -0.084594 0.000123272 0.974196 
-0.892681 0.00013126 -0.0845854 0.000127865 0.974141 
-0.892672 0.000136061 -0.0845763 0.000132535 0.974085 
-0.892662 0.000140942 -0.0845667 0.000137281 0.974026 
-0.892652 0.000145901 -0.0845569 0.000142103 0.973965 
-0.892642 0.000150938 -0.0845468 0.000146999 0.973902 
-0.892631 0.000156053 -0.0845364 0.00015197 0.973837 
-0.89262 0.000161245 -0.0845256 0.000157016 0.97377 
-0.892608 0.000166514 -0.0845142 0.000162135 0.9737 
-0.892596 0.000171859 -0.0845029 0.000167327 0.973629 
-0.892584 0.000177281 -0.084491 0.000172592 0.973555 
-0.892572 0.000182778 -0.0844787 0.00017793 0.973478 
-0.892559 0.00018835 -0.0844659 0.00018334 0.9734 
-0.892545 0.000193997 -0.0844529 0.000188821 0.973319 
-0.892532 0.000199719 -0.0844395 0.000194374 0.973235 
-0.892517 0.000205515 -0.0844258 0.000199997 0.97315 
-0.892503 0.000211385 -0.0844115 0.00020569 0.973061 
-0.892488 0.000217328 -0.0843971 0.000211454 0.97297 
-0.892472 0.000223344 -0.0843821 0.000217286 0.972877 
-0.892456 0.000229433 -0.0843666 0.000223188 0.972781 
-0.89244 0.000235594 -0.0843509 0.000229158 0.972682 
-0.892423 0.000241827 -0.0843345 0.000235196 0.972581 
-0.892406 0.000248131 -0.0843178 0.000241302 0.972477 
-0.892389 0.000254506 -0.0843007 0.000247474 0.972371 
-0.892371 0.000260952 -0.0842831 0.000253714 0.972262 
-0.892352 0.000267469 -0.0842652 0.00026002 0.972149 
-0.892333 0.000274055 -0.0842467 0.000266391 0.972035 
-0.892314 0.000280711 -0.0842279 0.000272828 0.971917 
-0.892294 0.000287436 -0.0842085 0.00027933 0.971797 
-0.892274 0.00029423 -0.0841887 0.000285896 0.971673 
-0.892253 0.000301093 -0.0841686 0.000292526 0.971547 
-0.892231 0.000308023 -0.0841477 0.000299219 0.971418 
-0.89221 0.000315021 -0.0841267 0.000305976 0.971286 
-0.892187 0.000322087 -0.0841049 0.000312795 0.971151 
-0.892165 0.000329219 -0.0840828 0.000319676 0.971013 
-0.892141 0.000336419 -0.0840603 0.000326619 0.970872 
-0.892117 0.000343684 -0.0840372 0.000333623 0.970728 
-0.892093 0.000351015 -0.0840136 0.000340688 0.970581 
-0.892068 0.000358411 -0.0839895 0.000347813 0.97043 
-0.892043 0.000365873 -0.0839647 0.000354998 0.970277 
-0.892017 0.0003734 -0.0839397 0.000362243 0.97012 
-0.891991 0.00038099 -0.0839141 0.000369546 0.96996 
-0.891964 0.000388645 -0.0838881 0.000376907 0.969797 
-0.891936 0.000396364 -0.0838612 0.000384326 0.969631 
-0.891908 0.000404145 -0.0838342 0.000391803 0.969461 
-0.89188 0.00041199 -0.0838066 0.000399337 0.969288 
-0.891851 0.000419897 -0.0837784 0.000406927 0.969112 
-0.891821 0.000427866 -0.0837494 0.000414573 0.968932 
-0.891791 0.000435897 -0.0837202 0.000422275 0.968749 
-0.89176 0.000443989 -0.0836904 0.000430031 0.968562 
-0.891728 0.000452143 -0.0836599 0.000437843 0.968373 
-0.891697 0.000460357 -0.083629 0.000445708 0.968179 
-0.891664 0.000468631 -0.0835976 0.000453627 0.967982 
-0.891631 0.000476966 -0.0835656 0.000461599 0.967782 
-0.891597 0.00048536 -0.0835331 0.000469624 0.967578 
-0.891563 0.000493813 -0.0834999 0.000477701 0.967371 
-0.891528 0.000502326 -0.0834662 0.000485829 0.96716 
-0.891493 0.000510896 -0.0834318 0.000494009 0.966945 
-0.891457 0.000519525 -0.0833969 0.000502239 0.966726 
-0.89142 0.000528212 -0.0833615 0.000510519 0.966504 
-0.891383 0.000536956 -0.0833254 0.000518849 0.966278 
-0.891345 0.000545758 -0.0832889 0.000527229 0.966049 
-0.891306 0.000554616 -0.0832516 0.000535657 0.965816 
-0.891267 0.00056353 -0.0832139 0.000544133 0.965579 
-0.891227 0.000572501 -0.0831754 0.000552657 0.965338 
-0.891187 0.000581527 -0.0831365 0.000561228 0.965094 
-0.891146 0.000590608 -0.0830968 0.000569845 0.964845 
-0.891104 0.000599744 -0.0830568 0.000578509 0.964593 
-0.891062 0.000608935 -0.0830158 0.000587219 0.964337 
-0.891019 0.000618181 -0.0829745 0.000595974 0.964076 
-0.890975 0.00062748 -0.0829325 0.000604773 0.963813 
-0.890931 0.000636833 -0.0828898 0.000613616 0.963544 
-0.890886 0.000646239 -0.0828465 0.000622504 0.963273 
-0.890841 0.000655697 -0.0828028 0.000631435 0.962997 
-0.890794 0.000665209 -0.0827581 0.000640408 0.962717 
-0.890748 0.000674772 -0.082713 0.000649423 0.962433 
-0.8907 0.000684387 -0.0826672 0.00065848 0.962145 
-0.890652 0.000694054 -0.082621 0.000667578 0.961853 
-0.890603 0.000703772 -0.0825738 0.000676717 0.961556 
-0.890553 0.000713541 -0.0825262 0.000685895 0.961256 
-0.890503 0.00072336 -0.0824778 0.000695114 0.960952 
-0.890452 0.000733229 -0.0824287 0.000704371 0.960643 
-0.8904 0.000743148 -0.0823793 0.000713667 0.96033 
-0.890348 0.000753116 -0.0823288 0.000723001 0.960013 
-0.890295 0.000763133 -0.0822779 0.000732372 0.959692 
-0.890241 0.000773199 -0.0822264 0.000741781 0.959366 
-0.890187 0.000783314 -0.082174 0.000751226 0.959036 
-0.890131 0.000793476 -0.0821212 0.000760707 0.958702 
-0.890076 0.000803686 -0.0820675 0.000770223 0.958363 
-0.890019 0.000813943 -0.0820134 0.000779774 0.95802 
-0.889962 0.000824248 -0.0819585 0.00078936 0.957673 
-0.889903 0.000834599 -0.0819029 0.000798979 0.957322 
-0.889845 0.000844996 -0.0818466 0.000808632 0.956966 
-0.889785 0.000855439 -0.0817897 0.000818318 0.956605 
-0.889725 0.000865928 -0.0817321 0.000828036 0.95624 
-0.889664 0.000876463 -0.0816737 0.000837785 0.955871 
-0.889602 0.000887042 -0.0816148 0.000847566 0.955498 
-0.88954 0.000897666 -0.0815551 0.000857378 0.955119 
-0.889477 0.000908334 -0.0814946 0.00086722 0.954736 
-0.889413 0.000919046 -0.0814337 0.000877091 0.954349 
-0.889348 0.000929802 -0.0813719 0.000886992 0.953957 
-0.889282 0.000940601 -0.0813093 0.00089692 0.953561 
-0.889216 0.000951443 -0.0812463 0.000906877 0.95316 
-0.889149 0.000962328 -0.0811824 0.000916862 0.952754 
-0.889081 0.000973255 -0.081118 0.000926873 0.952344 
-0.889013 0.000984224 -0.0810528 0.000936911 0.951929 
-0.888944 0.000995234 -0.0809867 0.000946975 0.95151 
-0.888874 0.00100629 -0.0809202 0.000957064 0.951086 
-0.888803 0.00101738 -0.0808528 0.000967178 0.950657 
-0.888731 0.00102851 -0.0807848 0.000977316 0.950223 
-0.888659 0.00103969 -0.0807161 0.000987478 0.949785 
-0.888586 0.0010509 -0.0806464 0.000997663 0.949341 
-0.888512 0.00106215 -0.0805763 0.00100787 0.948894 
-0.888437 0.00107345 -0.0805053 0.0010181 0.948441 
-0.888361 0.00108478 -0.0804338 0.00102835 0.947984 
-0.888285 0.00109615 -0.0803614 0.00103862 0.947521 
-0.888208 0.00110756 -0.0802884 0.00104892 0.947054 
-0.88813 0.001119 -0.0802147 0.00105923 0.946583 
-0.888051 0.00113049 -0.0801401 0.00106956 0.946106 
-0.887972 0.00114201 -0.0800649 0.00107991 0.945624 
-0.887891 0.00115357 -0.0799888 0.00109028 0.945138 
-0.88781 0.00116517 -0.0799121 0.00110067 0.944646 
-0.887728 0.0011768 -0.0798347 0.00111107 0.94415 
-0.887645 0.00118847 -0.0797566 0.00112149 0.943649 
-0.887562 0.00120017 -0.0796777 0.00113193 0.943143 
-0.887477 0.00121191 -0.0795981 0.00114238 0.942631 
-0.887392 0.00122368 -0.0795177 0.00115285 0.942115 
-0.887306 0.00123549 -0.0794367 0.00116333 0.941594 
-0.887219 0.00124734 -0.0793549 0.00117383 0.941068 
-0.887132 0.00125922 -0.0792724 0.00118434 0.940536 
-0.887043 0.00127113 -0.079189 0.00119486 0.94 
-0.886954 0.00128307 -0.0791051 0.0012054 0.939459 
-0.886863 0.00129505 -0.0790203 0.00121594 0.938912 
-0.886772 0.00130707 -0.0789349 0.0012265 0.938361 
-0.88668 0.00131911 -0.0788488 0.00123707 0.937804 
-0.886588 0.00133119 -0.0787616 0.00124765 0.937242 
-0.886494 0.0013433 -0.0786741 0.00125823 0.936676 
-0.8864 0.00135544 -0.0785856 0.00126883 0.936104 
-0.886304 0.00136761 -0.0784963 0.00127943 0.935527 
-0.886208 0.00137981 -0.0784064 0.00129005 0.934944 
-0.886111 0.00139205 -0.0783158 0.00130067 0.934357 
-0.886013 0.00140431 -0.0782244 0.00131129 0.933764 
-0.885914 0.0014166 -0.0781321 0.00132193 0.933166 
-0.885815 0.00142893 -0.0780394 0.00133257 0.932563 
-0.885714 0.00144128 -0.0779456 0.00134321 0.931955 
-0.885613 0.00145366 -0.0778513 0.00135386 0.931342 
-0.885511 0.00146608 -0.0777562 0.00136451 0.930723 
-0.885408 0.00147852 -0.0776602 0.00137517 0.930099 
-0.885304 0.00149098 -0.0775635 0.00138582 0.929469 
-0.885199 0.00150348 -0.0774662 0.00139649 0.928835 
-0.885093 0.00151601 -0.0773681 0.00140715 0.928195 
-0.884987 0.00152856 -0.0772692 0.00141781 0.927549 
-0.884879 0.00154114 -0.0771695 0.00142848 0.926899 
-0.884771 0.00155374 -0.0770692 0.00143914 0.926243 
-0.884662 0.00156637 -0.0769681 0.00144981 0.925581 
-0.884552 0.00157903 -0.0768662 0.00146047 0.924915 
-0.884441 0.00159172 -0.0767637 0.00147113 0.924243 
-0.884329 0.00160442 -0.0766603 0.00148179 0.923566 
-0.884216 0.00161716 -0.0765561 0.00149245 0.922883 
-0.884103 0.00162992 -0.0764513 0.0015031 0.922194 
-0.883988 0.0016427 -0.0763457 0.00151375 0.921501 
-0.883873 0.00165551 -0.0762394 0.0015244 0.920802 
-0.883756 0.00166834 -0.0761324 0.00153504 0.920098 
-0.883639 0.0016812 -0.0760246 0.00154568 0.919388 
-0.883521 0.00169408 -0.0759158 0.00155631 0.918672 
-0.883402 0.00170699 -0.0758067 0.00156693 0.917951 
-0.883282 0.00171991 -0.0756966 0.00157755 0.917225 
-0.883161 0.00173286 -0.0755857 0.00158815 0.916494 
-0.883039 0.00174583 -0.0754743 0.00159876 0.915756 
-0.882917 0.00175882 -0.075362 0.00160935 0.915013 
-0.882793 0.00177184 -0.0752489 0.00161993 0.914265 
-0.882669 0.00178487 -0.0751353 0.0016305 0.913511 
-0.882543 0.00179793 -0.0750208 0.00164107 0.912752 
-0.882417 0.00181101 -0.0749054 0.00165162 0.911987 
-0.88229 0.00182411 -0.0747894 0.00166216 0.911217 
-0.882161 0.00183723 -0.0746727 0.00167269 0.910441 
-0.882032 0.00185037 -0.0745553 0.0016832 0.909659 
-0.881902 0.00186353 -0.0744371 0.00169371 0.908872 
-0.881772 0.0018767 -0.0743182 0.0017042 0.908079 
-0.88164 0.0018899 -0.0741985 0.00171467 0.907281 
-0.881507 0.00190312 -0.074078 0.00172513 0.906477 
-0.881373 0.00191635 -0.0739569 0.00173558 0.905668 
-0.881239 0.0019296 -0.0738351 0.00174601 0.904853 
-0.881103 0.00194287 -0.0737125 0.00175642 0.904032 
-0.880967 0.00195616 -0.0735892 0.00176682 0.903206 
-0.880829 0.00196947 -0.0734653 0.0017772 0.902374 
-0.880691 0.00198279 -0.0733404 0.00178756 0.901536 
-0.880552 0.00199613 -0.073215 0.0017979 0.900693 
-0.880411 0.00200949 -0.0730888 0.00180822 0.899844 
-0.88027 0.00202286 -0.0729618 0.00181853 0.898989 
-0.880128 0.00203625 -0.0728341 0.00182881 0.898129 
-0.879985 0.00204965 -0.0727058 0.00183908 0.897263 
-0.879841 0.00206307 -0.0725766 0.00184932 0.896391 
-0.879696 0.00207651 -0.0724467 0.00185954 0.895514 
-0.879551 0.00208996 -0.0723163 0.00186974 0.894631 
-0.879404 0.00210342 -0.0721851 0.00187991 0.893742 
-0.879256 0.0021169 -0.0720531 0.00189007 0.892848 
-0.879107 0.00213039 -0.0719204 0.0019002 0.891948 
-0.878958 0.0021439 -0.0717871 0.0019103 0.891042 
-0.878807 0.00215742 -0.071653 0.00192038 0.89013 
-0.878656 0.00217095 -0.0715182 0.00193044 0.889213 
-0.878503 0.00218449 -0.0713827 0.00194046 0.888289 
-0.87835 0.00219805 -0.0712467 0.00195047 0.887361 
-0.878196 0.00221162 -0.0711098 0.00196044 0.886426 
-0.87804 0.00222521 -0.0709721 0.00197039 0.885486 
-0.877884 0.0022388 -0.070834 0.00198031 0.88454 
-0.877727 0.00225241 -0.0706949 0.0019902 0.883588 
-0.877569 0.00226603 -0.0705551 0.00200006 0.88263 
-0.87741 0.00227966 -0.0704148 0.0020099 0.881667 
-0.87725 0.00229329 -0.0702739 0.0020197 0.880698 
-0.877089 0.00230694 -0.0701321 0.00202947 0.879723 
-0.876927 0.0023206 -0.0699897 0.00203921 0.878742 
-0.876764 0.00233428 -0.0698467 0.00204892 0.877755 
-0.8766 0.00234795 -0.0697028 0.0020586 0.876763 
-0.876435 0.00236164 -0.0695585 0.00206824 0.875765 
-0.876269 0.00237534 -0.0694134 0.00207786 0.874761 
-0.876103 0.00238905 -0.0692675 0.00208744 0.873751 
-0.875935 0.00240277 -0.0691211 0.00209698 0.872736 
-0.875766 0.00241649 -0.0689739 0.00210649 0.871714 
-0.875596 0.00243022 -0.0688262 0.00211596 0.870687 
-0.875426 0.00244396 -0.0686778 0.0021254 0.869654 
-0.875254 0.00245771 -0.0685286 0.0021348 0.868615 
-0.875082 0.00247147 -0.0683788 0.00214417 0.867571 
-0.874908 0.00248523 -0.0682284 0.0021535 0.86652 
-0.874734 0.002499 -0.0680774 0.00216279 0.865464 
-0.874558 0.00251277 -0.0679256 0.00217204 0.864401 
-0.874382 0.00252655 -0.0677732 0.00218126 0.863333 
-0.874205 0.00254034 -0.0676202 0.00219043 0.86226 
-0.874026 0.00255414 -0.0674667 0.00219957 0.86118 
-0.873847 0.00256793 -0.0673123 0.00220867 0.860094 
-0.873667 0.00258174 -0.0671573 0.00221772 0.859003 
-0.873486 0.00259555 -0.0670018 0.00222674 0.857906 
-0.873304 0.00260936 -0.0668458 0.00223571 0.856803 
-0.87312 0.00262318 -0.0666888 0.00224464 0.855694 
-0.872936 0.002637 -0.0665313 0.00225353 0.854579 
-0.872751 0.00265083 -0.0663733 0.00226237 0.853458 
-0.872565 0.00266466 -0.0662147 0.00227117 0.852331 
-0.872378 0.00267849 -0.0660554 0.00227993 0.851199 
-0.87219 0.00269233 -0.0658955 0.00228864 0.850061 
-0.872001 0.00270617 -0.065735 0.00229731 0.848917 
-0.871811 0.00272001 -0.0655739 0.00230594 0.847766 
-0.87162 0.00273386 -0.0654121 0.00231451 0.846611 
-0.871429 0.00274771 -0.0652498 0.00232304 0.845449 
-0.871236 0.00276155 -0.0650869 0.00233153 0.844281 
-0.871042 0.00277541 -0.0649235 0.00233997 0.843108 
-0.870847 0.00278926 -0.0647593 0.00234836 0.841928 
-0.870651 0.00280311 -0.0645948 0.0023567 0.840743 
-0.870455 0.00281697 -0.0644293 0.00236499 0.839552 
-0.870257 0.00283082 -0.0642636 0.00237323 0.838355 
-0.870058 0.00284468 -0.0640973 0.00238143 0.837152 
-0.869859 0.00285853 -0.0639302 0.00238957 0.835943 
-0.869658 0.00287239 -0.0637627 0.00239767 0.834729 
-0.869457 0.00288624 -0.0635945 0.00240571 0.833509 
-0.869254 0.0029001 -0.0634259 0.0024137 0.832282 
-0.869051 0.00291395 -0.0632566 0.00242164 0.83105 
-0.868846 0.00292781 -0.0630869 0.00242953 0.829812 
-0.868641 0.00294166 -0.0629165 0.00243736 0.828568 
-0.868434 0.00295551 -0.0627455 0.00244515 0.827318 
-0.868227 0.00296936 -0.0625741 0.00245287 0.826062 
-0.868019 0.00298321 -0.0624021 0.00246055 0.824801 
-0.867809 0.00299705 -0.0622297 0.00246817 0.823533 
-0.867599 0.00301089 -0.0620567 0.00247574 0.82226 
-0.867388 0.00302473 -0.0618831 0.00248325 0.820981 
-0.867176 0.00303857 -0.0617091 0.0024907 0.819696 
-0.866962 0.0030524 -0.0615343 0.0024981 0.818405 
-0.866748 0.00306623 -0.0613592 0.00250544 0.817108 
-0.866533 0.00308006 -0.0611836 0.00251273 0.815805 
-0.866317 0.00309388 -0.0610074 0.00251996 0.814497 
-0.8661 0.0031077 -0.0608308 0.00252713 0.813182 
-0.865882 0.00312151 -0.0606536 0.00253424 0.811863 
-0.865663 0.00313532 -0.0604762 0.00254129 0.810537 
-0.865443 0.00314913 -0.060298 0.00254829 0.809204 
-0.865222 0.00316293 -0.0601192 0.00255522 0.807867 
-0.865 0.00317672 -0.0599402 0.0025621 0.806523 
-0.864778 0.00319051 -0.0597606 0.00256892 0.805174 
-0.864554 0.0032043 -0.0595805 0.00257567 0.803818 
-0.864329 0.00321807 -0.0594 0.00258237 0.802457 
-0.864103 0.00323184 -0.059219 0.002589 0.80109 
-0.863876 0.00324561 -0.0590376 0.00259557 0.799717 
-0.863649 0.00325937 -0.0588556 0.00260208 0.798339 
-0.86342 0.00327312 -0.0586732 0.00260853 0.796954 
-0.863191 0.00328686 -0.0584906 0.00261491 0.795564 
-0.86296 0.0033006 -0.0583073 0.00262123 0.794168 
-0.862728 0.00331433 -0.0581235 0.00262749 0.792766 
-0.862496 0.00332805 -0.0579393 0.00263368 0.791358 
-0.862262 0.00334176 -0.0577548 0.00263981 0.789944 
-0.862028 0.00335547 -0.0575698 0.00264587 0.788525 
-0.861793 0.00336917 -0.0573844 0.00265187 0.7871 
-0.861556 0.00338286 -0.0571984 0.0026578 0.785669 
-0.861319 0.00339653 -0.0570123 0.00266367 0.784232 
-0.861081 0.00341021 -0.0568256 0.00266947 0.782789 
-0.860842 0.00342387 -0.0566386 0.00267521 0.781341 
-0.860602 0.00343752 -0.056451 0.00268087 0.779887 
-0.86036 0.00345116 -0.0562631 0.00268647 0.778427 
-0.860118 0.00346479 -0.0560749 0.00269201 0.776961 
-0.859875 0.00347841 -0.0558863 0.00269747 0.775489 
-0.859631 0.00349202 -0.0556972 0.00270287 0.774012 
-0.859387 0.00350562 -0.055508 0.0027082 0.772529 
-0.859141 0.00351921 -0.0553183 0.00271346 0.77104 
-0.858894 0.00353279 -0.055128 0.00271864 0.769546 
-0.858646 0.00354636 -0.0549374 0.00272376 0.768045 
-0.858397 0.00355992 -0.0547466 0.00272882 0.76654 
-0.858148 0.00357346 -0.0545555 0.00273379 0.765028 
-0.857897 0.00358699 -0.0543641 0.0027387 0.76351 
-0.857646 0.00360051 -0.0541722 0.00274354 0.761987 
-0.857393 0.00361402 -0.0539799 0.00274831 0.760457 
-0.85714 0.00362751 -0.0537873 0.002753 0.758923 
-0.856885 0.003641 -0.0535946 0.00275763 0.757382 
-0.85663 0.00365447 -0.0534014 0.00276218 0.755836 
-0.856374 0.00366792 -0.0532077 0.00276666 0.754285 
-0.856116 0.00368136 -0.053014 0.00277106 0.752727 
-0.855858 0.00369479 -0.0528199 0.00277539 0.751163 
-0.855599 0.00370821 -0.0526255 0.00277965 0.749595 
-0.855339 0.00372161 -0.0524306 0.00278384 0.74802 
-0.855078 0.003735 -0.0522358 0.00278795 0.746439 
-0.854816 0.00374837 -0.0520403 0.00279199 0.744853 
-0.854553 0.00376173 -0.0518448 0.00279595 0.743262 
-0.854289 0.00377507 -0.0516489 0.00279984 0.741665 
-0.854025 0.0037884 -0.0514527 0.00280365 0.740061 
-0.853759 0.00380171 -0.0512564 0.00280738 0.738453 
-0.853492 0.00381501 -0.0510597 0.00281104 0.736839 
-0.853225 0.00382829 -0.0508628 0.00281463 0.735219 
-0.852957 0.00384155 -0.0506657 0.00281814 0.733593 
-0.852687 0.0038548 -0.0504685 0.00282157 0.731962 
-0.852417 0.00386804 -0.0502708 0.00282492 0.730325 
-0.852146 0.00388125 -0.0500728 0.0028282 0.728683 
-0.851874 0.00389445 -0.0498749 0.0028314 0.727035 
-0.8516 0.00390764 -0.0496765 0.00283453 0.725381 
-0.851326 0.0039208 -0.049478 0.00283757 0.723722 
-0.851052 0.00393395 -0.0492792 0.00284054 0.722057 
-0.850776 0.00394708 -0.0490802 0.00284343 0.720387 
-0.850499 0.0039602 -0.0488811 0.00284624 0.718711 
-0.850221 0.00397329 -0.0486817 0.00284897 0.71703 
-0.849943 0.00398637 -0.0484824 0.00285162 0.715343 
-0.849663 0.00399943 -0.0482825 0.00285419 0.71365 
-0.849383 0.00401247 -0.0480828 0.00285669 0.711952 
-0.849101 0.00402549 -0.0478827 0.0028591 0.710249 
-0.848819 0.0040385 -0.0476824 0.00286144 0.70854 
-0.848536 0.00405148 -0.0474821 0.00286369 0.706825 
-0.848252 0.00406444 -0.0472816 0.00286586 0.705105 
-0.847967 0.00407739 -0.0470808 0.00286795 0.70338 
-0.847681 0.00409032 -0.0468802 0.00286997 0.701649 
-0.847394 0.00410322 -0.0466792 0.00287189 0.699912 
-0.847107 0.00411611 -0.046478 0.00287374 0.69817 
-0.846818 0.00412898 -0.0462767 0.00287551 0.696422 
-0.846529 0.00414182 -0.0460754 0.0028772 0.69467 
-0.846238 0.00415465 -0.0458738 0.0028788 0.692911 
-0.845947 0.00416745 -0.0456722 0.00288032 0.691147 
-0.845655 0.00418023 -0.0454707 0.00288176 0.689378 
-0.845362 0.004193 -0.0452689 0.00288312 0.687604 
-0.845068 0.00420574 -0.045067 0.00288439 0.685824 
-0.844773 0.00421846 -0.0448652 0.00288559 0.684038 
-0.844477 0.00423116 -0.0446631 0.0028867 0.682248 
-0.844181 0.00424383 -0.0444611 0.00288772 0.680451 
-0.843883 0.00425649 -0.0442588 0.00288866 0.67865 
-0.843585 0.00426912 -0.0440566 0.00288952 0.676843 
-0.843285 0.00428173 -0.0438542 0.0028903 0.675031 
-0.842985 0.00429431 -0.0436518 0.00289099 0.673213 
-0.842684 0.00430688 -0.0434495 0.00289159 0.67139 
-0.842382 0.00431942 -0.043247 0.00289212 0.669562 
-0.84208 0.00433194 -0.0430446 0.00289256 0.667728 
-0.841776 0.00434443 -0.0428422 0.00289291 0.66589 
-0.841471 0.0043569 -0.0426397 0.00289318 0.664046 
-0.841166 0.00436935 -0.042437 0.00289337 0.662196 
-0.84086 0.00438177 -0.0422347 0.00289346 0.660341 
-0.840552 0.00439417 -0.042032 0.00289348 0.658481 
-0.840244 0.00440655 -0.0418296 0.00289341 0.656616 
-0.839936 0.0044189 -0.0416271 0.00289325 0.654746 
-0.839626 0.00443122 -0.0414244 0.00289301 0.65287 
-0.839315 0.00444353 -0.0412219 0.00289269 0.650989 
-0.839004 0.0044558 -0.0410195 0.00289227 0.649103 
-0.838691 0.00446805 -0.0408171 0.00289178 0.647212 
-0.838378 0.00448028 -0.0406147 0.00289119 0.645315 
-0.838064 0.00449248 -0.0404123 0.00289052 0.643413 
-0.837749 0.00450466 -0.04021 0.00288977 0.641506 
-0.837433 0.00451681 -0.0400077 0.00288892 0.639595 
-0.837117 0.00452893 -0.0398055 0.002888 0.637677 
-0.836799 0.00454103 -0.0396033 0.00288698 0.635755 
-0.836481 0.0045531 -0.0394013 0.00288588 0.633828 
-0.836162 0.00456514 -0.0391995 0.00288469 0.631895 
-0.835842 0.00457716 -0.0389976 0.00288342 0.629958 
-0.835521 0.00458915 -0.0387957 0.00288206 0.628015 
-0.8352 0.00460112 -0.038594 0.00288061 0.626067 
-0.834877 0.00461305 -0.0383925 0.00287907 0.624114 
-0.834554 0.00462496 -0.038191 0.00287745 0.622157 
-0.83423 0.00463685 -0.0379895 0.00287574 0.620194 
-0.833905 0.0046487 -0.0377883 0.00287395 0.618226 
-0.833579 0.00466053 -0.0375873 0.00287206 0.616253 
-0.833252 0.00467233 -0.0373863 0.00287009 0.614275 
-0.832925 0.0046841 -0.0371853 0.00286803 0.612292 
-0.832596 0.00469584 -0.0369846 0.00286589 0.610304 
-0.832267 0.00470756 -0.0367842 0.00286366 0.608311 
-0.831937 0.00471924 -0.0365838 0.00286134 0.606313 
-0.831607 0.0047309 -0.0363835 0.00285893 0.60431 
-0.831275 0.00474253 -0.0361835 0.00285643 0.602302 
-0.830943 0.00475413 -0.0359838 0.00285385 0.60029 
-0.830609 0.0047657 -0.0357841 0.00285118 0.598272 
-0.830275 0.00477724 -0.0355846 0.00284842 0.596249 
-0.829941 0.00478875 -0.0353853 0.00284558 0.594222 
-0.829605 0.00480023 -0.0351862 0.00284265 0.59219 
-0.829269 0.00481168 -0.0349874 0.00283963 0.590153 
-0.828931 0.0048231 -0.0347886 0.00283652 0.588111 
-0.828593 0.00483449 -0.0345903 0.00283332 0.586064 
-0.828254 0.00484585 -0.0343921 0.00283004 0.584012 
-0.827915 0.00485718 -0.034194 0.00282667 0.581956 
