1.44948e+07 240571 6.4466e+06 -178033 -2.1152e+06 24874 
1.43126e+07 222125 6.37505e+06 -172818 -2.0616e+06 -20358 
1.45018e+07 312367 6.51446e+06 -173201 -2.11318e+06 27464 
1.42636e+07 118028 6.33822e+06 -177008 -2.08281e+06 -21510 
1.44761e+07 318176 6.45851e+06 -169569 -2.1194e+06 28741 
1.44916e+07 158743 6.29071e+06 -169094 -2.07009e+06 -20418 
1.45794e+07 141380 6.46866e+06 -177171 -2.11599e+06 26545 
1.43631e+07 254979 6.30875e+06 -170349 -2.07463e+06 -15674 
1.43569e+07 332866 6.1877e+06 -172231 -2.1067e+06 13501 
1.42791e+07 323209 6.24749e+06 -169425 -2.07751e+06 -11489 
1.45212e+07 202718 6.39353e+06 -180548 -2.09786e+06 7308 
1.43477e+07 318967 6.18129e+06 -180799 -2.09426e+06 -3735 
1.43548e+07 386977 6.31617e+06 -171839 -2.08396e+06 3236 
1.44496e+07 354498 6.18531e+06 -182415 -2.09726e+06 8542 
1.43158e+07 255829 6.16476e+06 -169274 -2.08414e+06 -9664 
1.43293e+07 433837 6.17639e+06 -176401 -2.10237e+06 22094 
1.42201e+07 377168 6.20404e+06 -156200 -2.07285e+06 -15839 
1.44031e+07 286850 6.21548e+06 -184803 -2.10584e+06 15046 
1.42886e+07 184909 6.11685e+06 -170806 -2.06977e+06 -20020 
1.45067e+07 362133 6.26779e+06 -175814 -2.1136e+06 20536 
1.42078e+07 363764 6.17202e+06 -165470 -2.07364e+06 -18250 
1.45574e+07 268852 6.17484e+06 -183074 -2.11404e+06 25520 
1.43378e+07 234766 6.05193e+06 -171194 -2.06701e+06 -25184 
1.54086e+07 2.41773e+06 6.03655e+06 -41948 -1.97031e+06 25305 
1.0583e+07 -1.45369e+06 7.40382e+06 -252761 -1.84416e+06 -30571 
1.79459e+07 585827 5.34684e+06 -156104 -2.26283e+06 76117 
1.33765e+07 2.01335e+06 7.11156e+06 -159472 -2.04319e+06 -4918 
1.42851e+07 -1.20913e+06 6.75738e+06 -177515 -2.10643e+06 -10523 
1.62079e+07 -155712 4.99951e+06 -221471 -2.17106e+06 -10953 
1.32055e+07 839552 6.84685e+06 -137021 -2.11558e+06 35698 
1.33572e+07 508980 5.7016e+06 -198486 -2.08945e+06 11970 
1.48064e+07 457991 5.54051e+06 -195629 -2.10285e+06 -16027 
1.41397e+07 892300 7.05921e+06 -154806 -2.07095e+06 17964 
1.4807e+07 341916 5.60684e+06 -167459 -2.05315e+06 -30710 
1.42967e+07 -147764 6.59517e+06 -182667 -2.09077e+06 24566 
1.44913e+07 930124 6.17302e+06 -157302 -2.06429e+06 -23291 
1.41196e+07 237676 6.36453e+06 -163176 -2.09605e+06 26713 
1.4e+07 533334 6.21959e+06 -180009 -2.06335e+06 -22769 
1.8092e+07 -1.59358e+06 5.95778e+06 25341 -1.97098e+06 45148 
8.98615e+06 2.40625e+06 6.41663e+06 -168604 -2.05843e+06 16930 
1.68329e+07 1.06218e+06 5.456e+06 -170020 -2.20852e+06 -34626 
1.37687e+07 1.67815e+06 6.73786e+06 -165247 -2.10082e+06 50786 
1.23095e+07 801995 6.28642e+06 -157751 -1.97994e+06 15328 
1.61023e+07 -533257 5.17564e+06 -227542 -2.16816e+06 -899 
1.37311e+07 807277 6.63321e+06 -165688 -2.0449e+06 -27656 
1.35946e+07 188670 5.95564e+06 -189456 -2.08422e+06 28485 
1.48485e+07 233253 5.49004e+06 -182531 -2.07176e+06 -36853 
1.3646e+07 1.05122e+06 7.04453e+06 -153265 -2.08053e+06 31148 
1.56305e+07 486075 5.36364e+06 -170991 -2.12112e+06 -56228 
1.28964e+07 647051 6.57679e+06 -189069 -2.08385e+06 10487 
1.58274e+07 1.28109e+06 5.81099e+06 -172845 -2.13628e+06 -36901 
1.44173e+07 -459862 6.04654e+06 -180804 -2.07434e+06 -13019 
1.33536e+07 972155 6.27752e+06 -199510 -2.07357e+06 19753 
1.50344e+07 302971 5.5054e+06 -175273 -2.09737e+06 -8967 
1.36987e+07 604065 6.46622e+06 -171554 -2.09082e+06 26518 
1.39886e+07 453474 5.94858e+06 -178170 -2.05015e+06 -23591 
1.50215e+07 73849 5.76697e+06 -182961 -2.1262e+06 17443 
1.38173e+07 542657 6.40442e+06 -159905 -2.04541e+06 -21140 
1.44419e+07 97168 5.93699e+06 -182775 -2.06638e+06 -22072 
1.43364e+07 700624 6.43428e+06 -169494 -2.10567e+06 18849 
1.43364e+07 700624 6.43428e+06 -169494 -2.10567e+06 18849 
1.44826e+07 390739 6.0672e+06 -184679 -2.08173e+06 -8505 
1.44226e+07 314526 6.1226e+06 -175384 -2.08677e+06 916 
1.43664e+07 312271 6.11758e+06 -175167 -2.07856e+06 -6592 
1.45119e+07 376557 6.25785e+06 -181885 -2.10787e+06 16797 
1.45119e+07 376557 6.25785e+06 -181885 -2.10787e+06 16797 
1.42187e+07 369486 6.10304e+06 -169912 -2.05888e+06 -17880 
1.44613e+07 378207 6.25646e+06 -177377 -2.11363e+06 24000 
1.42888e+07 404097 6.0889e+06 -166659 -2.06743e+06 -20293 
1.44388e+07 357129 6.24397e+06 -173027 -2.10946e+06 26120 
1.43201e+07 355319 6.05402e+06 -180713 -2.06731e+06 -15669 
1.4424e+07 326128 6.24398e+06 -168344 -2.10869e+06 19700 
1.44206e+07 410179 6.08749e+06 -179578 -2.07805e+06 -8481 
1.44199e+07 284728 6.26569e+06 -167708 -2.09975e+06 9261 
1.43935e+07 417385 6.2149e+06 -175135 -2.0906e+06 5680 
1.43608e+07 323911 6.10759e+06 -165543 -2.08204e+06 -1868 
1.44354e+07 360267 6.26415e+06 -187670 -2.1008e+06 14456 
1.43287e+07 335938 6.16296e+06 -165890 -2.07566e+06 -9142 
1.44702e+07 392629 6.25613e+06 -185292 -2.10761e+06 19731 
1.43387e+07 279884 6.07654e+06 -169221 -2.06818e+06 -17878 
1.44618e+07 390210 6.24854e+06 -175008 -2.10875e+06 21312 
1.42972e+07 359732 6.07809e+06 -167702 -2.06826e+06 -20165 
1.44772e+07 377421 6.26183e+06 -170528 -2.11272e+06 22939 
1.43103e+07 345715 6.04059e+06 -168221 -2.06912e+06 -21851 
1.44452e+07 312397 6.28447e+06 -168849 -2.10631e+06 20414 
1.43051e+07 312859 6.07638e+06 -177930 -2.07372e+06 -14474 
1.44509e+07 341154 6.25676e+06 -161989 -2.10386e+06 14372 
1.43156e+07 427269 6.20154e+06 -173399 -2.07954e+06 -4609 
1.44006e+07 365791 6.20552e+06 -163598 -2.09825e+06 3921 
1.4447e+07 421550 6.22582e+06 -181385 -2.09388e+06 3475 
1.43118e+07 292140 6.20632e+06 -164850 -2.08198e+06 -4071 
1.43736e+07 456551 6.22082e+06 -170492 -2.09062e+06 9664 
1.43174e+07 330548 6.17811e+06 -163061 -2.07577e+06 -18264 
1.44534e+07 400709 6.2102e+06 -172826 -2.10465e+06 14383 
1.42943e+07 312270 6.0891e+06 -162718 -2.06717e+06 -21115 
1.44731e+07 416632 6.3424e+06 -167199 -2.11156e+06 18273 
1.43149e+07 353687 6.0871e+06 -163862 -2.06762e+06 -22142 
1.44468e+07 404515 6.30976e+06 -172607 -2.11222e+06 20633 
1.42622e+07 369626 6.09246e+06 -174129 -2.06362e+06 -20182 
1.4439e+07 394244 6.24809e+06 -161375 -2.10655e+06 15129 
1.42996e+07 381660 6.16017e+06 -172411 -2.06469e+06 -19334 
1.43764e+07 342233 6.22751e+06 -162857 -2.09015e+06 5577 
1.43561e+07 419889 6.19109e+06 -172050 -2.07437e+06 -8344 
1.43563e+07 340559 6.16038e+06 -163956 -2.08162e+06 -3578 
1.44399e+07 400993 6.24636e+06 -175414 -2.08474e+06 -107 
1.43518e+07 337368 6.17894e+06 -161457 -2.0794e+06 -12068 
1.44747e+07 484621 6.18114e+06 -167860 -2.09829e+06 6995 
1.43028e+07 359244 6.14122e+06 -159940 -2.06998e+06 -17559 
1.44855e+07 425023 6.29623e+06 -168467 -2.10494e+06 15998 
1.4305e+07 424985 6.10473e+06 -155640 -2.06239e+06 -21126 
1.44664e+07 351094 6.35904e+06 -170082 -2.10749e+06 20177 
1.43044e+07 447901 6.09676e+06 -165470 -2.06118e+06 -23171 
1.45266e+07 403280 6.32281e+06 -175498 -2.10784e+06 16575 
1.43088e+07 398582 6.13362e+06 -174066 -2.06317e+06 -22606 
1.4521e+07 374632 6.32842e+06 -165817 -2.10654e+06 16647 
1.43755e+07 394083 6.11252e+06 -176693 -2.0683e+06 -16202 
1.44567e+07 297558 6.34136e+06 -171462 -2.09685e+06 13871 
1.43483e+07 391773 6.21414e+06 -179235 -2.06592e+06 -11130 
1.43945e+07 331558 6.24086e+06 -163000 -2.08945e+06 3545 
1.43549e+07 451248 6.15315e+06 -168889 -2.0796e+06 -3633 
1.43862e+07 353033 6.22034e+06 -162588 -2.08381e+06 -3434 
1.44453e+07 413572 6.23814e+06 -173174 -2.09225e+06 6619 
1.4376e+07 357548 6.18234e+06 -165056 -2.07983e+06 -10699 
1.44661e+07 431886 6.28258e+06 -170685 -2.10324e+06 15838 
1.43247e+07 397077 6.17952e+06 -162073 -2.0663e+06 -15770 
1.4489e+07 416872 6.40158e+06 -172685 -2.10863e+06 21378 
1.43415e+07 391454 6.14499e+06 -167238 -2.06519e+06 -18801 
1.45086e+07 424118 6.36334e+06 -171212 -2.11195e+06 22708 
1.43215e+07 402711 6.19517e+06 -168103 -2.06418e+06 -19243 
1.44882e+07 389270 6.36104e+06 -164265 -2.11136e+06 18800 
1.43367e+07 447176 6.1427e+06 -168290 -2.06877e+06 -12602 
1.43926e+07 358868 6.32012e+06 -158902 -2.0961e+06 12622 
1.72195e+07 -1.76336e+06 6.13641e+06 -128799 -2.10049e+06 18484 
1.03392e+07 785041 7.59821e+06 -120572 -2.02838e+06 48881 
1.8619e+07 -282544 5.6544e+06 -226840 -2.30092e+06 29236 
1.37229e+07 1.10553e+06 6.39949e+06 -197254 -2.02364e+06 -19919 
1.21163e+07 938918 6.08401e+06 -178001 -1.98487e+06 29578 
1.663e+07 -149610 5.79448e+06 -140712 -2.14164e+06 -8597 
1.35419e+07 926610 6.88525e+06 -163117 -2.0836e+06 44173 
1.43816e+07 -848756 5.64853e+06 -179534 -2.04883e+06 -23869 
1.51946e+07 88645 5.55936e+06 -201859 -2.15535e+06 10254 
1.37951e+07 985413 6.86946e+06 -154281 -2.05195e+06 -26039 
1.51339e+07 72919 5.72126e+06 -175102 -2.14922e+06 22533 
1.43397e+07 -68242 5.8959e+06 -187637 -2.07084e+06 -20259 
1.41539e+07 778034 6.80726e+06 -146804 -2.09734e+06 27976 
1.46126e+07 603122 5.67672e+06 -178260 -2.06381e+06 -20728 
1.43734e+07 438242 6.42458e+06 -164387 -2.09484e+06 17872 
1.41885e+07 604850 6.17757e+06 -183815 -2.06832e+06 -4226 
1.45109e+07 300612 6.12514e+06 -179733 -2.10025e+06 6089 
1.44084e+07 366658 6.11901e+06 -176640 -2.09273e+06 3701 
1.44111e+07 441747 6.14594e+06 -162723 -2.09232e+06 -50 
1.43651e+07 365693 6.18663e+06 -174168 -2.09714e+06 5131 
1.43201e+07 341680 6.17454e+06 -167263 -2.08305e+06 -6332 
1.44959e+07 425847 6.20791e+06 -171978 -2.10409e+06 12697 
1.42252e+07 403294 6.07989e+06 -163816 -2.06778e+06 -15938 
1.44102e+07 394552 6.22718e+06 -169854 -2.10318e+06 20943 
1.43013e+07 455450 6.07708e+06 -165303 -2.06414e+06 -19328 
1.44751e+07 371792 6.326e+06 -171088 -2.10861e+06 22942 
1.42837e+07 433882 6.09277e+06 -165881 -2.06486e+06 -17456 
1.44774e+07 410809 6.28812e+06 -167948 -2.11429e+06 21920 
1.43106e+07 345893 6.08636e+06 -172367 -2.07373e+06 -17065 
1.44305e+07 419787 6.32853e+06 -162318 -2.10663e+06 20025 
1.43333e+07 397396 6.12284e+06 -168122 -2.07888e+06 -19090 
1.44604e+07 345999 6.29406e+06 -163661 -2.10832e+06 13794 
1.43352e+07 437553 6.10924e+06 -167080 -2.07769e+06 -13617 
1.43617e+07 370213 6.29448e+06 -162119 -2.09128e+06 7803 
1.43278e+07 424795 6.19644e+06 -174974 -2.07927e+06 -8393 
1.43508e+07 409331 6.19832e+06 -155803 -2.08566e+06 1375 
1.4386e+07 445113 6.23523e+06 -169585 -2.09001e+06 3537 
1.43278e+07 379456 6.25005e+06 -162387 -2.07907e+06 -7327 
1.43866e+07 397285 6.26832e+06 -172570 -2.09079e+06 3162 
1.4301e+07 394402 6.13618e+06 -163876 -2.0715e+06 -16426 
1.44452e+07 386653 6.2311e+06 -166149 -2.10318e+06 9703 
1.43006e+07 385445 6.15867e+06 -163942 -2.07006e+06 -17323 
1.44565e+07 365001 6.28238e+06 -166587 -2.10191e+06 13538 
1.43146e+07 398642 6.19624e+06 -164182 -2.06734e+06 -18918 
1.44914e+07 431032 6.3137e+06 -164854 -2.10449e+06 16331 
1.43217e+07 467926 6.13887e+06 -163730 -2.06401e+06 -21265 
1.44921e+07 351496 6.29056e+06 -171304 -2.09864e+06 16742 
1.43487e+07 402040 6.20858e+06 -173059 -2.06767e+06 -18884 
1.44246e+07 337058 6.33613e+06 -166214 -2.09801e+06 12467 
1.43702e+07 435938 6.1066e+06 -166142 -2.07193e+06 -15068 
1.44546e+07 437974 6.24576e+06 -159524 -2.09181e+06 5785 
1.43584e+07 469627 6.20258e+06 -162036 -2.0763e+06 -9815 
1.44552e+07 415401 6.23767e+06 -160216 -2.09147e+06 1039 
1.44156e+07 403134 6.2326e+06 -170080 -2.08797e+06 -1731 
1.43721e+07 353876 6.23406e+06 -162552 -2.07745e+06 -6413 
1.44702e+07 362960 6.27774e+06 -171249 -2.09445e+06 8297 
1.43512e+07 487662 6.21265e+06 -160451 -2.07469e+06 -12180 
1.44965e+07 369505 6.3511e+06 -174340 -2.10569e+06 15615 
1.42921e+07 411723 6.23143e+06 -165559 -2.05862e+06 -19588 
1.44861e+07 427257 6.3409e+06 -172889 -2.10771e+06 20162 
1.43274e+07 367071 6.19045e+06 -162405 -2.06292e+06 -16960 
1.43981e+07 421910 6.26834e+06 -163099 -2.09779e+06 17218 
1.42924e+07 380985 6.27173e+06 -169434 -2.06305e+06 -18322 
1.45184e+07 384804 6.327e+06 -163625 -2.10031e+06 18023 
1.44076e+07 374834 6.18771e+06 -169782 -2.07576e+06 -14910 
1.44297e+07 453452 6.28548e+06 -164243 -2.09322e+06 10449 
1.44012e+07 415536 6.23179e+06 -163370 -2.07543e+06 -9489 
1.44616e+07 416542 6.21144e+06 -165784 -2.09343e+06 4203 
1.42424e+07 329488 6.42817e+06 -168517 -2.08081e+06 3118 
1.46886e+07 348206 6.24085e+06 -160945 -2.09834e+06 3240 
1.43265e+07 249846 6.26261e+06 -174309 -2.09795e+06 12807 
1.41819e+07 528618 6.45603e+06 -164297 -2.08265e+06 -4140 
1.46136e+07 410220 6.03787e+06 -169300 -2.10904e+06 15502 
1.4321e+07 332275 6.25081e+06 -163780 -2.07024e+06 -11315 
1.43657e+07 473106 6.3393e+06 -176500 -2.10642e+06 21993 
1.44112e+07 343677 6.17224e+06 -165737 -2.07311e+06 -16247 
1.44209e+07 376518 6.36803e+06 -171944 -2.10197e+06 21319 
1.43391e+07 423243 6.23017e+06 -163547 -2.07027e+06 -17399 
1.45735e+07 360912 6.31446e+06 -173748 -2.10952e+06 24517 
1.42735e+07 339404 6.1442e+06 -166706 -2.06832e+06 -17181 
1.45587e+07 399543 6.30627e+06 -172672 -2.10639e+06 21375 
1.43695e+07 353348 6.23239e+06 -169349 -2.07128e+06 -12201 
1.44326e+07 308572 6.33497e+06 -175902 -2.0983e+06 15697 
1.43272e+07 474164 6.01138e+06 -168661 -2.07884e+06 -10937 
1.44437e+07 393658 6.25668e+06 -167034 -2.10286e+06 8927 
1.43508e+07 352166 6.23317e+06 -177107 -2.08198e+06 -2803 
1.43911e+07 353333 6.23082e+06 -167500 -2.08874e+06 4792 
1.44465e+07 449594 6.17936e+06 -167646 -2.09616e+06 5757 
1.44008e+07 349806 6.2393e+06 -156801 -2.08908e+06 -3059 
1.44631e+07 320764 6.30854e+06 -169834 -2.09854e+06 11473 
1.4391e+07 340613 6.17832e+06 -167000 -2.07613e+06 -10577 
1.45086e+07 439400 6.35214e+06 -170521 -2.11407e+06 19469 
1.42943e+07 421011 6.15688e+06 -167323 -2.07408e+06 -15954 
1.45392e+07 401965 6.33393e+06 -174249 -2.11167e+06 19635 
1.43855e+07 239970 6.09638e+06 -174992 -2.07455e+06 -19094 
1.45405e+07 381240 6.25529e+06 -170503 -2.1085e+06 21665 
1.42948e+07 363542 6.06567e+06 -169655 -2.06818e+06 -18615 
1.44903e+07 436101 6.19538e+06 -171587 -2.11453e+06 22109 
1.43163e+07 438283 6.12443e+06 -161395 -2.07404e+06 -17928 
1.43954e+07 371986 6.2571e+06 -167121 -2.10948e+06 18201 
1.43429e+07 407064 6.07137e+06 -167281 -2.07398e+06 -15665 
1.44034e+07 420896 6.24114e+06 -159619 -2.10494e+06 12503 
1.43947e+07 361886 6.16144e+06 -171906 -2.08406e+06 -6745 
1.43384e+07 395057 6.13846e+06 -161431 -2.09273e+06 4562 
1.44593e+07 415819 6.20844e+06 -174947 -2.09868e+06 3616 
1.43677e+07 370501 6.14979e+06 -163068 -2.08876e+06 -3220 
1.44733e+07 473664 6.23179e+06 -170196 -2.09659e+06 8897 
1.43355e+07 347508 6.12696e+06 -167926 -2.07531e+06 -17799 
1.4467e+07 496867 6.23724e+06 -174135 -2.10278e+06 13875 
1.43287e+07 333681 6.06848e+06 -164245 -2.07199e+06 -18731 
1.45401e+07 418127 6.20271e+06 -172524 -2.11348e+06 16242 
1.42926e+07 340594 6.0085e+06 -165583 -2.06659e+06 -23570 
1.44826e+07 383795 6.23085e+06 -174473 -2.11305e+06 20557 
1.42813e+07 407840 6.01948e+06 -168976 -2.06725e+06 -23326 
1.4461e+07 468235 6.23996e+06 -167553 -2.11002e+06 21130 
1.44021e+07 352604 6.04965e+06 -171662 -2.07121e+06 -21100 
1.45406e+07 448518 6.20545e+06 -164055 -2.11544e+06 16752 
1.42796e+07 429920 6.04835e+06 -167314 -2.06582e+06 -16316 
1.44824e+07 372784 6.1703e+06 -168693 -2.10646e+06 8223 
1.43547e+07 527898 6.10251e+06 -163291 -2.07117e+06 -15461 
1.44717e+07 398539 6.22355e+06 -162538 -2.09592e+06 2008 
1.44239e+07 386067 6.15086e+06 -179674 -2.08218e+06 -4872 
1.43836e+07 388940 6.11242e+06 -164109 -2.0864e+06 -4121 
1.44171e+07 438847 6.1661e+06 -171636 -2.09433e+06 3300 
1.44209e+07 367327 6.1234e+06 -158434 -2.07316e+06 -13917 
1.44516e+07 462560 6.24793e+06 -173158 -2.09304e+06 9958 
1.43061e+07 342000 6.07596e+06 -166984 -2.06683e+06 -18404 
1.45287e+07 411488 6.17953e+06 -174733 -2.10368e+06 10976 
1.42728e+07 353916 6.07587e+06 -168715 -2.06303e+06 -21417 
1.45131e+07 511981 6.21986e+06 -173427 -2.10885e+06 15723 
1.43582e+07 436308 6.10283e+06 -170001 -2.07e+06 -23183 
1.45153e+07 419506 6.20991e+06 -175847 -2.11476e+06 18183 
1.42861e+07 556641 6.06948e+06 -164690 -2.05944e+06 -20388 
1.45983e+07 424738 6.1247e+06 -169488 -2.11656e+06 14413 
1.43614e+07 356566 6.03594e+06 -175734 -2.06966e+06 -17150 
1.44097e+07 365027 6.16618e+06 -166696 -2.0931e+06 7295 
1.43887e+07 487725 5.9961e+06 -170095 -2.073e+06 -10345 
1.43257e+07 396592 6.20111e+06 -164578 -2.08314e+06 -1210 
1.44284e+07 461509 6.13114e+06 -172082 -2.08552e+06 -1961 
1.43646e+07 402891 6.144e+06 -165846 -2.07412e+06 -10476 
1.4535e+07 430633 6.10706e+06 -172501 -2.10045e+06 9087 
1.44703e+07 335505 6.13526e+06 -170466 -2.07197e+06 -17860 
1.45183e+07 480339 6.20158e+06 -178352 -2.10942e+06 15370 
1.44557e+07 285649 6.00009e+06 -169597 -2.06612e+06 -23741 
1.44788e+07 415675 6.27552e+06 -174503 -2.10641e+06 18499 
1.42265e+07 452828 5.99372e+06 -168941 -2.05842e+06 -19574 
1.44884e+07 516453 6.21363e+06 -170507 -2.10633e+06 18786 
1.43531e+07 401526 5.99032e+06 -166981 -2.06522e+06 -17428 
1.44393e+07 386232 6.19669e+06 -164347 -2.10989e+06 13655 
1.44401e+07 369009 6.01636e+06 -170735 -2.07706e+06 -13976 
1.44899e+07 349703 6.16014e+06 -162011 -2.10108e+06 7843 
1.43795e+07 433537 6.06077e+06 -177589 -2.07877e+06 -1284 
1.44652e+07 384120 6.15062e+06 -163867 -2.09101e+06 5811 
1.44858e+07 419786 6.14715e+06 -180443 -2.09288e+06 4730 
1.43771e+07 373348 6.07534e+06 -168187 -2.08662e+06 -905 
1.44385e+07 514177 6.06885e+06 -174738 -2.09123e+06 8754 
1.43388e+07 361394 6.06191e+06 -169167 -2.08291e+06 -5081 
1.4469e+07 383404 6.13749e+06 -178326 -2.09618e+06 9782 
1.4403e+07 353960 6.09157e+06 -164616 -2.08363e+06 -10054 
1.44467e+07 522813 6.10563e+06 -168708 -2.10974e+06 14777 
1.4374e+07 385466 6.0437e+06 -157941 -2.0727e+06 -13456 
1.46554e+07 288453 6.20993e+06 -176837 -2.12142e+06 17000 
1.4406e+07 377411 6.03423e+06 -164846 -2.07183e+06 -14650 
1.44538e+07 497820 6.16391e+06 -166934 -2.11026e+06 19383 
1.43898e+07 375480 5.98546e+06 -167551 -2.06777e+06 -17574 
1.44217e+07 454910 6.16242e+06 -173724 -2.11578e+06 21352 
1.4422e+07 338290 5.96747e+06 -179137 -2.07604e+06 -18869 
1.45179e+07 351177 6.15804e+06 -176477 -2.10871e+06 18382 
1.43675e+07 387168 5.96983e+06 -168670 -2.07044e+06 -17467 
1.44937e+07 383913 6.0673e+06 -174018 -2.10691e+06 13481 
1.42995e+07 431770 5.97711e+06 -168066 -2.07211e+06 -15590 
1.44995e+07 368821 6.00177e+06 -165457 -2.10763e+06 10421 
1.43594e+07 383893 5.95249e+06 -164396 -2.08169e+06 -11257 
1.44095e+07 429779 6.09253e+06 -164499 -2.09899e+06 7851 
1.44029e+07 431130 6.01786e+06 -172061 -2.07422e+06 -9000 
1.44069e+07 455868 6.01052e+06 -163284 -2.09455e+06 916 
1.43351e+07 426960 6.01833e+06 -177940 -2.08973e+06 -1610 
1.43853e+07 542723 5.95766e+06 -163782 -2.08153e+06 -5710 
1.44063e+07 464023 6.05069e+06 -173208 -2.0931e+06 5368 
1.43766e+07 443611 6.03322e+06 -166935 -2.07671e+06 -6328 
1.44572e+07 494924 6.02759e+06 -173023 -2.09531e+06 6488 
1.44021e+07 419536 5.98883e+06 -164760 -2.0766e+06 -15518 
1.44878e+07 448088 6.19191e+06 -174921 -2.10541e+06 12938 
1.44595e+07 246609 5.97901e+06 -174232 -2.0713e+06 -21982 
1.45087e+07 370816 6.10415e+06 -182048 -2.10922e+06 15872 
1.43544e+07 288452 5.9461e+06 -176821 -2.06698e+06 -22137 
1.44976e+07 402010 6.15207e+06 -175671 -2.1052e+06 17764 
1.43247e+07 429469 5.93218e+06 -170717 -2.06311e+06 -22402 
1.44881e+07 419152 6.07834e+06 -176124 -2.10776e+06 18059 
1.443e+07 385860 6.0215e+06 -173548 -2.07067e+06 -21423 
1.45655e+07 443490 6.05571e+06 -173632 -2.10833e+06 14353 
1.4337e+07 452805 6.0035e+06 -179441 -2.05872e+06 -19850 
1.45058e+07 419526 5.99355e+06 -171293 -2.09952e+06 9133 
1.43884e+07 434282 5.95552e+06 -176918 -2.07996e+06 -9046 
1.44256e+07 417943 6.04713e+06 -169600 -2.09506e+06 5319 
1.44432e+07 373884 6.07392e+06 -182808 -2.08602e+06 -2407 
1.45386e+07 306133 6.00824e+06 -174828 -2.0861e+06 -2364 
1.45154e+07 492069 6.0988e+06 -180635 -2.1061e+06 6513 
1.43816e+07 434905 6.06683e+06 -172640 -2.07874e+06 -8375 
1.44823e+07 504297 6.05626e+06 -188491 -2.10681e+06 12765 
1.44258e+07 397949 6.02713e+06 -173699 -2.07272e+06 -15467 
1.45215e+07 502141 6.15303e+06 -180261 -2.1127e+06 22567 
1.43323e+07 396319 5.93945e+06 -174034 -2.06848e+06 -17202 
1.46242e+07 379480 6.07196e+06 -186383 -2.12015e+06 24426 
1.42921e+07 416588 5.89863e+06 -173161 -2.06558e+06 -19235 
1.44636e+07 469074 6.10238e+06 -183260 -2.11312e+06 24764 
1.43816e+07 335858 5.93522e+06 -180491 -2.0749e+06 -17954 
1.44546e+07 402188 6.12646e+06 -175973 -2.11245e+06 20499 
1.43854e+07 404012 5.96383e+06 -175535 -2.07935e+06 -12528 
1.45471e+07 372810 6.07744e+06 -181244 -2.10797e+06 14515 
1.42595e+07 517902 5.91387e+06 -170383 -2.07596e+06 -8494 
1.452e+07 398276 6.11065e+06 -186359 -2.10269e+06 10646 
1.43912e+07 400045 5.94239e+06 -176379 -2.08287e+06 -8055 
1.43802e+07 397379 5.99305e+06 -175228 -2.09301e+06 6500 
1.44441e+07 480384 5.95228e+06 -181108 -2.09453e+06 480 
1.4404e+07 338963 6.02647e+06 -174704 -2.09454e+06 2759 
1.44739e+07 408742 5.98218e+06 -181324 -2.10388e+06 7388 
1.43663e+07 397278 5.968e+06 -170441 -2.08254e+06 -8174 
1.44077e+07 499353 6.00339e+06 -188051 -2.09894e+06 12615 
1.4337e+07 415846 5.86582e+06 -171704 -2.07869e+06 -11661 
1.45513e+07 404814 6.05392e+06 -188794 -2.10804e+06 12652 
1.42427e+07 428415 5.92826e+06 -175194 -2.07775e+06 -15566 
1.45406e+07 433780 5.93804e+06 -178909 -2.11343e+06 17995 
1.43388e+07 403473 5.89359e+06 -168769 -2.07131e+06 -20440 
1.44202e+07 473885 6.04129e+06 -183255 -2.10876e+06 17844 
1.43463e+07 366875 5.81929e+06 -171107 -2.0715e+06 -22815 
1.45003e+07 316640 6.08017e+06 -179595 -2.11125e+06 19454 
1.43834e+07 411601 5.86568e+06 -174406 -2.07283e+06 -20660 
1.44679e+07 339797 5.91505e+06 -178248 -2.10769e+06 14455 
1.43273e+07 527036 5.82927e+06 -182391 -2.07355e+06 -18896 
1.4384e+07 427938 6.01632e+06 -173115 -2.09896e+06 7311 
1.44159e+07 381176 5.86837e+06 -186076 -2.0877e+06 -8367 
1.43195e+07 313627 5.9445e+06 -173135 -2.08211e+06 -1495 
1.44335e+07 490515 5.94378e+06 -185010 -2.09236e+06 -3367 
1.43835e+07 383594 5.91863e+06 -176242 -2.08739e+06 -4550 
1.44118e+07 482750 5.98209e+06 -178654 -2.09196e+06 3430 
1.44223e+07 284031 5.92461e+06 -172895 -2.07361e+06 -18512 
1.44332e+07 519455 5.94294e+06 -186670 -2.10329e+06 10051 
1.43757e+07 414389 5.92824e+06 -179083 -2.0742e+06 -18967 
1.44956e+07 473570 6.10309e+06 -183769 -2.1089e+06 15516 
1.43035e+07 398670 5.88069e+06 -177781 -2.06393e+06 -23543 
1.45575e+07 435815 5.98739e+06 -182994 -2.11214e+06 15166 
1.42907e+07 510325 5.87849e+06 -175439 -2.0586e+06 -22271 
1.44551e+07 340738 5.93449e+06 -181461 -2.10863e+06 17515 
1.42857e+07 413967 5.84705e+06 -178673 -2.06306e+06 -21478 
1.449e+07 411297 5.9998e+06 -179121 -2.10965e+06 15759 
1.44399e+07 495112 5.74159e+06 -183237 -2.06854e+06 -15635 
1.45138e+07 368696 6.03679e+06 -180022 -2.09601e+06 7943 
1.43611e+07 455028 5.89122e+06 -186834 -2.07845e+06 -7245 
1.44577e+07 282852 5.86418e+06 -177709 -2.09058e+06 -569 
1.44381e+07 485168 5.96481e+06 -188446 -2.08727e+06 6110 
1.4346e+07 380026 5.93511e+06 -178732 -2.08288e+06 -6102 
1.45496e+07 465359 5.9796e+06 -192592 -2.09802e+06 11689 
1.43583e+07 419957 5.93081e+06 -178327 -2.07501e+06 -13978 
1.45445e+07 478152 5.92425e+06 -188706 -2.11048e+06 16570 
1.43115e+07 381438 5.85814e+06 -174358 -2.06695e+06 -16222 
1.45222e+07 429129 5.97619e+06 -184787 -2.10867e+06 19178 
1.44515e+07 418885 5.74453e+06 -183003 -2.07437e+06 -16985 
1.4446e+07 393147 6.01826e+06 -184773 -2.10971e+06 22274 
1.43979e+07 346327 5.80862e+06 -183142 -2.06933e+06 -13667 
1.4421e+07 321691 5.931e+06 -176589 -2.0999e+06 14849 
1.44283e+07 462816 5.97736e+06 -185852 -2.08149e+06 -5486 
1.4415e+07 434446 5.89269e+06 -177083 -2.09551e+06 4095 
1.44732e+07 400504 5.76653e+06 -186633 -2.0938e+06 779 
1.43926e+07 555707 5.95187e+06 -181613 -2.09263e+06 1380 
1.45379e+07 459170 5.89983e+06 -182036 -2.09773e+06 8074 
1.43401e+07 309444 5.79835e+06 -171295 -2.07497e+06 -10673 
1.45404e+07 504210 5.92415e+06 -191778 -2.11224e+06 13786 
1.43403e+07 283417 5.82434e+06 -181109 -2.07349e+06 -13455 
1.45182e+07 530328 5.91465e+06 -183120 -2.11615e+06 17513 
1.42593e+07 335939 5.83754e+06 -183964 -2.07602e+06 -16370 
1.45867e+07 399649 5.86293e+06 -181557 -2.11507e+06 20739 
1.42923e+07 420868 5.96072e+06 -178661 -2.0748e+06 -14125 
1.4516e+07 379366 5.94298e+06 -178826 -2.11354e+06 20097 
1.43856e+07 398850 5.80466e+06 -184400 -2.06932e+06 -16282 
1.44557e+07 494261 5.93371e+06 -183217 -2.1116e+06 14557 
1.44691e+07 232812 5.77842e+06 -180480 -2.07958e+06 -14712 
1.45418e+07 447315 5.8777e+06 -170511 -2.10853e+06 12915 
1.44787e+07 438527 5.81912e+06 -178195 -2.08561e+06 -12373 
1.44137e+07 345528 5.84264e+06 -182305 -2.09556e+06 5894 
1.44101e+07 470135 5.81985e+06 -187379 -2.08649e+06 -1339 
1.44274e+07 339115 5.89545e+06 -180169 -2.08785e+06 -1012 
1.45453e+07 448880 5.80231e+06 -187546 -2.09796e+06 5111 
1.43208e+07 441364 5.83036e+06 -178681 -2.08481e+06 -11877 
1.45539e+07 351029 5.89367e+06 -190012 -2.10751e+06 13739 
1.42873e+07 466069 5.92462e+06 -182471 -2.07075e+06 -14753 
1.43732e+07 500585 5.85894e+06 -182740 -2.10692e+06 14702 
1.43873e+07 453840 5.63455e+06 -174390 -2.07246e+06 -21526 
1.44883e+07 498292 5.8892e+06 -181662 -2.10862e+06 14143 
1.43666e+07 296118 5.8736e+06 -178786 -2.06233e+06 -20702 
1.45169e+07 492487 5.91378e+06 -182046 -2.10448e+06 10488 
1.43746e+07 443872 5.8288e+06 -179930 -2.0689e+06 -16987 
1.45722e+07 374500 5.92067e+06 -175593 -2.10281e+06 6812 
1.43968e+07 399195 5.84008e+06 -191719 -2.08103e+06 -13262 
1.43789e+07 341268 5.91212e+06 -177868 -2.0935e+06 587 
1.44167e+07 531992 5.75615e+06 -187151 -2.08677e+06 -8658 
1.44157e+07 307658 5.83956e+06 -170795 -2.0893e+06 -2229 
1.4616e+07 425057 5.88826e+06 -188112 -2.09226e+06 1419 
1.43788e+07 439824 5.81751e+06 -172249 -2.07661e+06 -12999 
1.44981e+07 551651 5.7936e+06 -187557 -2.10077e+06 7794 
1.43502e+07 481486 5.82618e+06 -175886 -2.07057e+06 -17664 
1.45367e+07 408174 5.99348e+06 -193767 -2.1116e+06 16360 
1.43331e+07 428371 5.84783e+06 -185431 -2.06675e+06 -19390 
1.46323e+07 400527 6.01157e+06 -187781 -2.11539e+06 20123 
1.43313e+07 330986 5.7173e+06 -190539 -2.05992e+06 -22732 
1.45307e+07 404861 5.90888e+06 -186162 -2.1083e+06 18295 
1.43888e+07 470312 5.76151e+06 -188709 -2.06885e+06 -15509 
1.44559e+07 452042 5.9473e+06 -183382 -2.09902e+06 14162 
1.433e+07 392724 5.74212e+06 -192924 -2.07831e+06 -12348 
1.44499e+07 427391 5.86966e+06 -182335 -2.1012e+06 8487 
1.45341e+07 411340 5.86094e+06 -197614 -2.09058e+06 -7243 
1.44978e+07 446632 5.81898e+06 -172886 -2.0897e+06 3175 
1.44928e+07 480340 5.85628e+06 -190712 -2.09392e+06 743 
1.43803e+07 260743 5.79454e+06 -183848 -2.08481e+06 -3737 
1.45141e+07 426428 5.95012e+06 -189092 -2.10676e+06 16206 
1.43938e+07 366705 5.77729e+06 -178714 -2.07462e+06 -10369 
1.44455e+07 431671 5.95442e+06 -195744 -2.10598e+06 15329 
1.45327e+07 360883 5.71395e+06 -179974 -2.08479e+06 -17362 
1.45132e+07 571744 5.81523e+06 -192702 -2.11875e+06 18442 
1.43094e+07 428176 5.70434e+06 -179990 -2.07044e+06 -15825 
1.44723e+07 331814 5.90101e+06 -186478 -2.10991e+06 20245 
1.43769e+07 297802 5.75769e+06 -183660 -2.07743e+06 -16134 
1.45116e+07 462962 5.86534e+06 -181075 -2.12337e+06 22271 
1.43313e+07 455674 5.73212e+06 -179370 -2.07683e+06 -16644 
