-0.00405306 0.0632326 0.09707 -0.00647547 -0.00998388 0.00687863 
-0.0445137 0.122552 0.179954 -0.0105013 -0.0205887 0.00421649 
-0.0479196 0.19952 0.290939 -0.0205128 -0.0300304 0.0117075 
-0.0997018 0.237242 0.366887 -0.0185263 -0.0483524 0.00855096 
-0.108923 0.314763 0.467018 -0.0278571 -0.0607824 0.0162299 
-0.111834 0.296864 0.436686 -0.0200925 -0.0524411 0.0070431 
-0.0605142 0.278806 0.456463 -0.0155924 -0.0472844 0.0169946 
-0.0897319 0.265591 0.416284 -0.0103916 -0.0484696 0.00792089 
-0.0721979 0.306669 0.387228 -0.0219873 -0.0475459 0.0154 
-0.11254 0.305626 0.346163 -0.021142 -0.0515603 0.00683224 
-0.10694 0.312187 0.367971 -0.0258192 -0.0554792 0.012491 
-0.154018 0.345629 0.311652 -0.0363511 -0.0655551 0.00602837 
-0.155997 0.369897 0.314326 -0.0443414 -0.0680497 0.00993038 
-0.137582 0.371951 0.315117 -0.0470795 -0.0603863 0.00919016 
-0.130934 0.356484 0.299683 -0.0420377 -0.0595183 0.00955482 
-0.169251 0.400665 0.257397 -0.054565 -0.0721937 0.012277 
-0.194948 0.410257 0.263093 -0.0527704 -0.0760017 0.00958194 
-0.185754 0.388291 0.24404 -0.0482643 -0.0773692 0.0119366 
-0.21793 0.352488 0.231404 -0.0345845 -0.0818918 0.00559686 
-0.179903 0.371931 0.253029 -0.0423098 -0.0759765 0.012245 
-0.204397 0.355896 0.253289 -0.0351374 -0.0779117 0.00376627 
-0.137018 0.332405 0.248476 -0.0331168 -0.0649787 0.0127721 
-0.15216 0.319709 0.217048 -0.0260518 -0.0617278 0.00446922 
0.0722513 0.764023 0.202254 -0.139539 0.0286516 0.0190572 
-0.710278 0.396333 0.432014 -0.0426304 -0.164389 -0.00347215 
0.0342282 0.439852 0.267482 -0.0523007 0.0324094 0.0253114 
-0.199351 0.785347 0.456749 -0.158499 -0.0278857 0.0182239 
-0.206344 0.493425 0.599616 -0.0700847 -0.038891 0.0193211 
-0.049245 -0.021573 0.392381 0.0582675 -0.0284619 0.0110816 
0.476358 0.435988 0.281607 -0.060734 0.0827911 0.0338289 
-0.438513 0.417533 0.3543 -0.064424 -0.170073 0.00903522 
-0.15546 0.106708 0.0399468 0.0299391 -0.091272 0.0086607 
-0.183409 0.525599 0.101105 -0.0977668 -0.0933337 0.0164609 
-0.460925 0.621793 0.224457 -0.11881 -0.157615 0.0094697 
-0.246209 0.424847 0.173821 -0.0654809 -0.0849018 0.00888219 
-0.0193458 0.507779 0.268839 -0.0845203 -0.00925275 0.00525463 
-0.155122 0.461549 0.434873 -0.0657173 -0.0515115 0.0117633 
-0.188413 0.390176 0.266707 -0.04618 -0.0593155 0.00279911 
0.469049 0.00157636 0.337746 0.113354 0.162969 0.0241823 
-0.590729 0.508597 0.304189 -0.0425553 -0.162928 0.0119198 
-0.12613 0.535848 0.160312 -0.0517699 -0.0450662 0.0158488 
-0.195304 0.821916 0.236133 -0.142961 -0.0681945 0.0214501 
-0.530006 0.872903 0.25106 -0.154756 -0.156695 0.0250184 
-0.931728 1.08611 0.0939819 -0.270172 -0.321155 0.0118931 
0.0178233 0.766272 0.137328 -0.1698 -0.0207961 0.0133714 
-0.62649 0.58884 0.238804 -0.119386 -0.198771 0.0165891 
-0.414349 0.300783 -0.0112886 -0.0292096 -0.124832 0.000131038 
-0.148189 0.350394 0.140466 -0.0458462 -0.0623083 0.00703894 
-0.240023 0.551968 0.179367 -0.0983305 -0.0820034 -0.00404157 
-0.409199 0.519532 0.168301 -0.0926946 -0.142753 0.00122116 
0.0355173 0.737575 0.139624 -0.157422 -0.0134199 -0.00480345 
-0.0487532 0.597122 0.251966 -0.1145 -0.0410866 -0.00196797 
-0.10632 0.58053 0.0990093 -0.11658 -0.0568775 -0.00509548 
-0.227484 0.543772 0.127441 -0.106274 -0.0902639 0.00258465 
-0.0661605 0.534507 0.10571 -0.0995968 -0.0409341 0.00781815 
-0.431712 0.367655 0.133986 -0.0487047 -0.13862 0.00475191 
-0.313343 0.474794 0.0778458 -0.0820165 -0.111462 0.0130239 
-0.219803 0.388047 0.103711 -0.0472305 -0.076652 0.00553886 
-0.335909 0.345179 0.191004 -0.0364452 -0.107455 0.00114752 
-0.210113 0.3648 0.184437 -0.0420982 -0.0708761 0.0013684 
-0.139856 0.41332 0.282097 -0.0568683 -0.0605304 0.0110474 
-0.245097 0.475084 0.343066 -0.0774124 -0.0850762 0.00484441 
-0.125388 0.429267 0.28681 -0.0654091 -0.0554264 0.0105428 
-0.140427 0.471696 0.323266 -0.0776833 -0.0627969 0.0136943 
-0.104364 0.405668 0.288675 -0.0590223 -0.051742 0.0133549 
-0.0697775 0.340613 0.253527 -0.0406396 -0.0411115 0.0130115 
-0.122991 0.336149 0.260816 -0.0363842 -0.0532688 0.0104245 
-0.114989 0.348373 0.287882 -0.0409788 -0.056295 0.0152153 
-0.13076 0.366591 0.282231 -0.0449231 -0.0589788 0.0123802 
-0.145798 0.362637 0.279494 -0.0418768 -0.0639891 0.0140296 
-0.184397 0.357908 0.239004 -0.0396447 -0.0677418 0.00701076 
-0.143299 0.348511 0.267609 -0.0367675 -0.0649792 0.015003 
-0.151692 0.354707 0.233927 -0.0387199 -0.0602927 0.00843644 
-0.125508 0.330364 0.269553 -0.0317627 -0.0587504 0.0145427 
-0.134383 0.341671 0.264166 -0.0356775 -0.0577347 0.0104056 
-0.126485 0.335058 0.275069 -0.0307165 -0.0582604 0.0132306 
-0.124716 0.341712 0.279202 -0.0367262 -0.0561395 0.0122473 
-0.143254 0.326386 0.294569 -0.0293889 -0.0615639 0.011786 
-0.133367 0.347446 0.292956 -0.0395029 -0.0600206 0.0141334 
-0.144693 0.319636 0.265459 -0.0292452 -0.0589199 0.00911354 
-0.124444 0.332287 0.293999 -0.0354891 -0.0580791 0.014086 
-0.151761 0.331324 0.257278 -0.0307356 -0.059934 0.00680081 
-0.121892 0.338979 0.277419 -0.0343388 -0.0580978 0.0136477 
-0.153842 0.32913 0.234578 -0.0272897 -0.0601704 0.00485963 
-0.132482 0.334983 0.276537 -0.0296078 -0.0613425 0.0128288 
-0.163987 0.319066 0.242361 -0.024765 -0.064015 0.00517114 
-0.13355 0.314951 0.278325 -0.022805 -0.0617888 0.01245 
-0.166065 0.324361 0.266588 -0.0261912 -0.0652795 0.00657662 
-0.148138 0.327979 0.299803 -0.0268394 -0.0656754 0.0119853 
-0.147957 0.349423 0.288294 -0.0359337 -0.06306 0.00872748 
-0.146575 0.344877 0.314514 -0.0322389 -0.0644357 0.0107989 
-0.161941 0.367643 0.307505 -0.0409981 -0.06657 0.00979236 
-0.16173 0.348051 0.302962 -0.0327298 -0.0657191 0.0069495 
-0.151281 0.354684 0.304099 -0.0366784 -0.0637246 0.00921697 
-0.181591 0.332499 0.276944 -0.0256396 -0.0677378 0.00377445 
-0.149403 0.357145 0.304304 -0.0342014 -0.0637148 0.00880562 
-0.161501 0.336384 0.277667 -0.0260207 -0.0627463 0.00216771 
-0.135758 0.350891 0.304162 -0.0328302 -0.0621129 0.0103668 
-0.174194 0.344413 0.280766 -0.0307609 -0.0658232 0.00291956 
-0.145712 0.360488 0.312748 -0.0359563 -0.0649415 0.0106348 
-0.180746 0.353197 0.276474 -0.0342478 -0.0663369 0.00261925 
-0.168476 0.350577 0.304746 -0.0335971 -0.0671581 0.00830664 
-0.186732 0.353427 0.281141 -0.0340792 -0.0651736 0.00229258 
-0.168135 0.347333 0.294885 -0.0303161 -0.0630151 0.00581948 
-0.168013 0.348544 0.294619 -0.0335031 -0.0586102 0.00278147 
-0.157483 0.339462 0.298499 -0.0285177 -0.0582733 0.00431689 
-0.137892 0.367662 0.289386 -0.0382539 -0.0536983 0.00502085 
-0.148605 0.355352 0.279514 -0.0318456 -0.056122 0.002967 
-0.122769 0.3722 0.30671 -0.0383868 -0.0528387 0.00731596 
-0.149855 0.376853 0.278468 -0.0355291 -0.0566994 0.00278985 
-0.1271 0.379562 0.314508 -0.0385714 -0.055386 0.00955026 
-0.161274 0.372271 0.297601 -0.0355859 -0.0585851 0.00303259 
-0.11666 0.38087 0.33404 -0.0418712 -0.0523712 0.0104884 
-0.15213 0.375418 0.301614 -0.040864 -0.0549521 0.0022774 
-0.109134 0.365318 0.346369 -0.0403103 -0.05055 0.01033 
-0.127592 0.373658 0.297214 -0.0436186 -0.0482076 0.00286642 
-0.0973146 0.343391 0.346248 -0.035959 -0.0461268 0.0104892 
-0.133096 0.341005 0.324564 -0.035679 -0.0488379 0.00447183 
-0.116197 0.327436 0.346106 -0.0294907 -0.0489134 0.00984217 
-0.149542 0.342568 0.311162 -0.0344043 -0.0537781 0.0054449 
-0.147472 0.334332 0.332741 -0.029279 -0.0563552 0.00797715 
-0.14986 0.357383 0.312185 -0.0365908 -0.05606 0.00663259 
-0.144521 0.350444 0.305879 -0.0314982 -0.0571254 0.00674825 
-0.130076 0.370405 0.314283 -0.039409 -0.0554036 0.0095107 
-0.136196 0.359499 0.319598 -0.0346943 -0.0546944 0.00694034 
-0.1157 0.372159 0.355907 -0.0411577 -0.0534394 0.0122431 
-0.13641 0.367656 0.337324 -0.038319 -0.0544173 0.00686425 
-0.109967 0.380879 0.373576 -0.0441697 -0.0527574 0.0139663 
-0.139172 0.375049 0.356091 -0.0415979 -0.053999 0.00653966 
-0.106602 0.373489 0.392395 -0.0420165 -0.0530031 0.0138666 
-0.137282 0.379501 0.340648 -0.0423553 -0.0543463 0.00671056 
-0.129705 0.372255 0.376096 -0.0388882 -0.0582968 0.0130676 
0.41325 -0.0665445 0.331461 0.10782 0.114594 0.0166545 
-0.381762 0.00686393 0.613836 0.090578 -0.129384 0.0204171 
0.441451 -0.127565 0.47255 0.122067 0.0918939 0.0323817 
0.320908 0.00217886 0.52502 0.0748488 0.0627356 0.0301103 
-0.131544 0.116434 0.478808 0.0357434 -0.0567696 0.0283036 
-0.252485 0.440224 0.409824 -0.0673153 -0.102465 0.0232522 
0.389063 0.46902 0.266955 -0.0830005 0.0885973 0.0307749 
-0.455766 0.354354 0.266597 -0.0375872 -0.126114 0.00852938 
-0.16432 0.152178 0.0978777 0.0271324 -0.0599495 0.0171605 
0.173529 0.16136 0.255038 0.0269598 0.0316577 0.0104493 
-0.124127 0.204922 0.240935 0.00657743 -0.0632022 0.0130711 
0.0325218 0.00774515 0.0420259 0.0661482 -0.0102587 0.00106663 
-0.010479 0.331955 0.274438 -0.0320578 -0.0348847 0.012776 
-0.12655 0.434276 0.298239 -0.0597612 -0.0531424 0.00567943 
-0.0130322 0.326237 0.208457 -0.0266949 -0.0255243 0.0153064 
-0.200168 0.431974 0.300095 -0.0628116 -0.0686449 0.00814481 
-0.164983 0.504839 0.346467 -0.0847106 -0.0637827 0.0142936 
-0.115633 0.423427 0.208316 -0.0633297 -0.0465253 0.00960656 
-0.154986 0.390829 0.302347 -0.0512177 -0.0651517 0.0130346 
-0.156588 0.376013 0.254934 -0.0479183 -0.0658358 0.0103779 
-0.130731 0.323506 0.254254 -0.0281223 -0.0606556 0.00998445 
-0.133755 0.348484 0.270848 -0.0346243 -0.0624709 0.0114145 
-0.170613 0.35589 0.262979 -0.0342797 -0.0689929 0.00705489 
-0.170572 0.346424 0.279242 -0.0329469 -0.0712518 0.0111968 
-0.183197 0.364299 0.257374 -0.0365008 -0.0684855 0.00624626 
-0.152616 0.370525 0.287549 -0.0396054 -0.0641709 0.0125361 
-0.194988 0.372287 0.264432 -0.0386367 -0.0694827 0.00596718 
-0.1445 0.37383 0.306055 -0.0404851 -0.0631899 0.0142009 
-0.164858 0.364276 0.277789 -0.0376205 -0.0635103 0.0062822 
-0.139054 0.35727 0.328007 -0.0354726 -0.064208 0.0144456 
-0.167603 0.362572 0.28727 -0.0360121 -0.0669749 0.00570227 
-0.132559 0.345156 0.327433 -0.0306204 -0.0649015 0.0123048 
-0.160908 0.350601 0.291601 -0.0316895 -0.0662674 0.00486211 
-0.150854 0.355667 0.333109 -0.0317624 -0.0668645 0.00999672 
-0.171881 0.356795 0.306618 -0.0343022 -0.0678227 0.00405078 
-0.168536 0.35918 0.321716 -0.0327819 -0.0682136 0.00820212 
-0.183803 0.379279 0.309791 -0.040113 -0.0692621 0.00607419 
-0.186209 0.368022 0.337744 -0.0359968 -0.0704356 0.00724052 
-0.1813 0.373488 0.332482 -0.0397328 -0.0687653 0.00640858 
-0.186796 0.367509 0.320373 -0.0354786 -0.068861 0.00469644 
-0.168109 0.363161 0.32682 -0.0362631 -0.066535 0.00657942 
-0.185082 0.351092 0.311587 -0.0311535 -0.0677834 0.002116 
-0.159111 0.348093 0.318114 -0.0311391 -0.0642467 0.00660594 
-0.173658 0.348445 0.30365 -0.0293833 -0.064031 0.00200467 
-0.135392 0.355734 0.339176 -0.0323262 -0.0588374 0.00909297 
-0.159999 0.37195 0.320753 -0.0366927 -0.0586183 0.00267605 
-0.121801 0.365344 0.347024 -0.0364284 -0.0525026 0.00994492 
-0.143468 0.372774 0.332252 -0.0398626 -0.0523644 0.0032246 
-0.121509 0.360435 0.360244 -0.0367603 -0.0517737 0.00971332 
-0.146086 0.361679 0.31867 -0.0368649 -0.0527185 0.00312507 
-0.119621 0.355816 0.339976 -0.0344572 -0.0500966 0.00884364 
-0.14655 0.379512 0.322339 -0.0398086 -0.0539687 0.00332483 
-0.1254 0.382443 0.328008 -0.0382277 -0.052121 0.00760139 
-0.127324 0.395873 0.307177 -0.0429407 -0.0505909 0.00481688 
-0.127053 0.379554 0.332616 -0.0374299 -0.0517577 0.00645575 
-0.124201 0.364706 0.338923 -0.0351946 -0.0514225 0.00690911 
-0.125716 0.36837 0.340906 -0.0360517 -0.0515857 0.00643849 
-0.117433 0.359125 0.363629 -0.0362714 -0.0519656 0.00940617 
-0.142111 0.360754 0.363446 -0.0358778 -0.0538375 0.00552487 
-0.11909 0.375309 0.384883 -0.0427917 -0.0527979 0.0112222 
-0.147476 0.375978 0.367513 -0.0410111 -0.0552995 0.00580633 
-0.138013 0.362768 0.378686 -0.0375418 -0.0570177 0.01173 
-0.178739 0.365041 0.362824 -0.0370689 -0.0611772 0.00442842 
-0.133581 0.359637 0.38195 -0.0352344 -0.0554562 0.0125038 
-0.1496 0.349286 0.351235 -0.0309653 -0.053903 0.00522312 
-0.129112 0.366536 0.370256 -0.0369918 -0.0536477 0.0110717 
-0.128477 0.365194 0.362984 -0.0365321 -0.0489347 0.00573043 
-0.093904 0.371748 0.351249 -0.037718 -0.044112 0.0107169 
-0.148023 0.359768 0.372012 -0.0352249 -0.0573408 0.0069581 
-0.0915819 0.353977 0.382908 -0.0317913 -0.0442202 0.0112827 
-0.112348 0.313176 0.37838 -0.0209461 -0.0516525 0.0112456 
-0.154869 0.33519 0.423577 -0.0286353 -0.0667367 0.0118867 
-0.125163 0.334399 0.388589 -0.028628 -0.0603159 0.0145305 
-0.110855 0.336144 0.352432 -0.0277362 -0.0534649 0.0118483 
-0.175219 0.361415 0.371953 -0.0390228 -0.0753954 0.0149137 
-0.158391 0.380576 0.353652 -0.0430752 -0.0650353 0.0094344 
-0.112174 0.351102 0.335506 -0.0351031 -0.0542523 0.0149603 
-0.167173 0.353838 0.37389 -0.0353047 -0.0639769 0.00768521 
-0.116467 0.359587 0.386608 -0.0392664 -0.0560042 0.0155402 
-0.135312 0.333109 0.347437 -0.0284878 -0.0540556 0.00730792 
-0.105628 0.344016 0.374397 -0.0336512 -0.051562 0.0152796 
-0.115816 0.339268 0.347335 -0.0312945 -0.0484647 0.00841507 
-0.0973456 0.316548 0.368171 -0.0269023 -0.0483926 0.0151407 
-0.14648 0.338889 0.307733 -0.0321188 -0.0573195 0.00754518 
-0.11245 0.349669 0.33027 -0.0358597 -0.053682 0.0132708 
-0.154251 0.34044 0.315508 -0.0336549 -0.0618239 0.00784132 
-0.149933 0.340266 0.315292 -0.0332314 -0.0639579 0.0112948 
-0.147113 0.368346 0.284244 -0.0399912 -0.062463 0.00950883 
-0.132542 0.343656 0.329722 -0.0304572 -0.0602041 0.0111282 
-0.128552 0.328803 0.340253 -0.0264991 -0.0581537 0.0116008 
-0.120546 0.326415 0.329326 -0.0235887 -0.0544059 0.0101358 
-0.0969786 0.343608 0.353603 -0.0299016 -0.0522227 0.0134771 
-0.127362 0.337646 0.349247 -0.027915 -0.0573156 0.00870622 
-0.0998097 0.348094 0.368164 -0.0349273 -0.0532987 0.013664 
-0.115276 0.331897 0.325756 -0.0303291 -0.0531053 0.00725448 
-0.0853756 0.339777 0.341291 -0.0337081 -0.0502899 0.0141363 
-0.128327 0.324708 0.283938 -0.0280627 -0.0542464 0.00587605 
-0.0891165 0.327809 0.291591 -0.0299859 -0.0500797 0.0140142 
-0.133531 0.334801 0.249848 -0.029074 -0.0562466 0.00596711 
-0.131606 0.361248 0.281967 -0.0362125 -0.0628152 0.0136074 
-0.170924 0.366361 0.245213 -0.0366978 -0.0680349 0.00566163 
-0.149026 0.377594 0.280443 -0.0386757 -0.0687279 0.0122338 
-0.168214 0.362778 0.27364 -0.0340023 -0.0686126 0.00612778 
-0.163712 0.354071 0.276481 -0.0313157 -0.0709557 0.0106321 
-0.150876 0.362738 0.266806 -0.0354771 -0.064714 0.00793209 
-0.145995 0.35552 0.282436 -0.0325701 -0.0662285 0.0104421 
-0.132123 0.366145 0.280525 -0.0379929 -0.060192 0.00996363 
-0.143903 0.363234 0.273648 -0.0361954 -0.0620988 0.00758284 
-0.118327 0.38374 0.293321 -0.0454215 -0.0561972 0.00989834 
-0.144681 0.367537 0.265198 -0.0378288 -0.0589547 0.00499382 
-0.11019 0.377111 0.275753 -0.0428595 -0.0531396 0.00938895 
-0.146352 0.350478 0.231104 -0.0330036 -0.0582217 0.00227072 
-0.116984 0.35782 0.251833 -0.036883 -0.0566764 0.0103655 
-0.154078 0.340018 0.20828 -0.0297022 -0.0609527 0.00233998 
-0.127548 0.366845 0.242625 -0.0392269 -0.0604401 0.0108132 
-0.155117 0.353772 0.211994 -0.0345558 -0.0604567 0.0029107 
-0.105343 0.375332 0.251399 -0.0415249 -0.0548456 0.0117453 
-0.145856 0.384326 0.215034 -0.0424494 -0.057898 0.00389895 
-0.105609 0.377354 0.245174 -0.0405944 -0.0532906 0.0106882 
-0.126875 0.389354 0.217645 -0.0431495 -0.0520305 0.00316571 
-0.112881 0.398375 0.252522 -0.0446097 -0.05279 0.00802113 
-0.136378 0.386047 0.241512 -0.0437199 -0.053443 0.00332048 
-0.115767 0.378064 0.254203 -0.0407339 -0.0511635 0.00598026 
-0.128698 0.391109 0.253461 -0.0454093 -0.0527947 0.00490453 
-0.115491 0.359112 0.257572 -0.0344494 -0.0490726 0.00519558 
-0.11952 0.371942 0.262433 -0.0406613 -0.0497879 0.00680919 
-0.142786 0.36295 0.247556 -0.0351133 -0.0539367 0.00374692 
-0.113728 0.367508 0.260949 -0.0388406 -0.0483548 0.00716901 
-0.142803 0.350825 0.242727 -0.03278 -0.0511039 0.00175235 
-0.124288 0.379695 0.262056 -0.0450878 -0.0525469 0.00808979 
-0.143155 0.374684 0.232898 -0.0425021 -0.0536821 0.00118914 
-0.101734 0.390542 0.259482 -0.0495868 -0.0504175 0.00913866 
-0.150108 0.419423 0.237559 -0.0563591 -0.0566219 0.00240946 
-0.0852038 0.433594 0.247322 -0.0610862 -0.0470165 0.0105001 
-0.115641 0.402508 0.21054 -0.0513183 -0.04851 0.00334881 
-0.105366 0.388115 0.223287 -0.0463094 -0.0499818 0.00949266 
-0.130808 0.401729 0.180543 -0.0488779 -0.0493575 0.00353897 
-0.122991 0.369807 0.206818 -0.039178 -0.0517961 0.00728798 
-0.157011 0.377152 0.208111 -0.0420181 -0.0562701 0.00361661 
-0.15654 0.386512 0.229667 -0.0432545 -0.057138 0.00501389 
-0.131394 0.399526 0.217906 -0.0483484 -0.0506503 0.00577384 
-0.115153 0.369111 0.245719 -0.0392393 -0.0455114 0.00430208 
-0.0765919 0.385758 0.245873 -0.0472212 -0.0386717 0.00821497 
-0.0709296 0.350421 0.219757 -0.0353026 -0.0328655 0.00372255 
-0.048156 0.353011 0.246041 -0.0381861 -0.032331 0.00982789 
-0.109875 0.357413 0.223394 -0.0385629 -0.0431554 0.00332322 
-0.106146 0.39348 0.23914 -0.0500933 -0.0489527 0.0109127 
-0.139402 0.377898 0.196783 -0.0423786 -0.0502919 0.0038322 
-0.142719 0.398036 0.236092 -0.0481552 -0.0603176 0.0113875 
-0.150423 0.388667 0.184281 -0.0437924 -0.05656 0.0047373 
-0.0978192 0.368245 0.217448 -0.0364238 -0.048781 0.0107813 
-0.119424 0.351596 0.186915 -0.0322229 -0.0498721 0.00638841 
-0.0969979 0.34816 0.218948 -0.0309355 -0.0481823 0.011306 
-0.0876389 0.354797 0.209081 -0.0361111 -0.041787 0.0096809 
-0.100138 0.355613 0.220908 -0.0360115 -0.0476931 0.0121375 
-0.110286 0.388336 0.202749 -0.0485924 -0.0488045 0.0123806 
-0.118585 0.37393 0.202964 -0.0423903 -0.0522333 0.0114298 
-0.117775 0.37376 0.200354 -0.0451956 -0.0529996 0.0122331 
-0.134403 0.360647 0.189209 -0.0377706 -0.0562981 0.00898433 
-0.120562 0.39058 0.195244 -0.0473436 -0.0566136 0.012477 
-0.133318 0.364858 0.190203 -0.0358483 -0.0568831 0.00771728 
-0.0698648 0.350257 0.219813 -0.0331846 -0.044854 0.0128675 
-0.0823389 0.348973 0.19921 -0.029821 -0.0437798 0.00781136 
-0.0720313 0.377662 0.213726 -0.0394754 -0.0459611 0.0140004 
-0.083285 0.348098 0.189749 -0.0296598 -0.0409581 0.00720934 
-0.0740401 0.362142 0.213403 -0.0375257 -0.0468052 0.0143753 
-0.120749 0.372105 0.164914 -0.0404844 -0.0520969 0.00665615 
-0.0984996 0.366911 0.189647 -0.0414997 -0.0526351 0.0135206 
-0.115833 0.344819 0.150808 -0.0344122 -0.0498784 0.00579653 
-0.0951393 0.346509 0.167173 -0.0364476 -0.0513096 0.0122858 
-0.119464 0.341723 0.130202 -0.0333392 -0.0499918 0.00455367 
-0.103927 0.347744 0.137111 -0.0325834 -0.0514782 0.010648 
-0.135694 0.354245 0.0960244 -0.0316762 -0.0557958 0.00434805 
-0.127238 0.362873 0.120503 -0.0338635 -0.0589997 0.00957158 
-0.145251 0.372239 0.11066 -0.036285 -0.0580575 0.00489668 
-0.123851 0.377087 0.117326 -0.0369355 -0.0558699 0.00850386 
-0.156581 0.388765 0.120609 -0.0431373 -0.062582 0.00574211 
-0.15124 0.420483 0.121672 -0.052981 -0.0608846 0.00710677 
-0.151862 0.427193 0.113385 -0.0567236 -0.0598532 0.00664161 
-0.156959 0.429768 0.116411 -0.056544 -0.0619726 0.0071242 
-0.146723 0.437605 0.119811 -0.060994 -0.0589363 0.00841619 
-0.133354 0.43615 0.113893 -0.0578244 -0.0520787 0.00579915 
-0.112682 0.417269 0.160716 -0.054733 -0.0506504 0.00968362 
-0.101892 0.373769 0.146388 -0.0411047 -0.0428225 0.00409561 
-0.0753541 0.359181 0.160591 -0.0397344 -0.0410842 0.00879207 
-0.0957118 0.317811 0.144337 -0.0273054 -0.0417146 0.00255818 
-0.0763211 0.314079 0.177114 -0.0287456 -0.0415518 0.00944166 
-0.108701 0.3101 0.125315 -0.0259914 -0.0429508 0.00192971 
-0.102701 0.344436 0.145281 -0.0374045 -0.0484861 0.0102164 
-0.118329 0.347254 0.128863 -0.03638 -0.0455864 0.00257122 
-0.0761765 0.37829 0.150767 -0.0457628 -0.0407583 0.0105982 
-0.108341 0.388484 0.121034 -0.0493298 -0.0413776 0.00271967 
-0.0720623 0.386555 0.133274 -0.0489967 -0.0373496 0.00948432 
-0.0920845 0.389689 0.108647 -0.0498181 -0.0379239 0.00382327 
-0.0931071 0.396171 0.113734 -0.0511269 -0.0431488 0.00919757 
-0.117545 0.382243 0.117382 -0.0486393 -0.0463779 0.00544702 
-0.0771161 0.352787 0.1184 -0.0384905 -0.0391774 0.00929286 
-0.0752946 0.367277 0.139462 -0.045178 -0.0400437 0.00887856 
-0.0768581 0.367546 0.161641 -0.0446908 -0.0404162 0.00899532 
-0.0653997 0.384752 0.163505 -0.053893 -0.0391846 0.0107335 
-0.0688961 0.389607 0.154123 -0.0534722 -0.0375652 0.00810499 
-0.0724348 0.428987 0.182977 -0.067284 -0.0441633 0.0132785 
-0.108911 0.409792 0.151133 -0.0595303 -0.0478998 0.00794944 
-0.060294 0.398702 0.152161 -0.0588127 -0.0409371 0.0150727 
-0.0982418 0.381235 0.120592 -0.0498565 -0.0444131 0.008078 
-0.0905861 0.395456 0.135644 -0.0564253 -0.0501819 0.0163066 
-0.118751 0.362335 0.0920027 -0.0455121 -0.0511972 0.00764366 
-0.0946294 0.363721 0.129283 -0.0468128 -0.0526346 0.0155063 
-0.142417 0.368568 0.10769 -0.0458857 -0.0593399 0.00752587 
-0.0918861 0.359962 0.143366 -0.0452607 -0.0521637 0.0148819 
-0.132771 0.36964 0.105714 -0.0452364 -0.0573366 0.00775884 
-0.105093 0.382076 0.140829 -0.0507672 -0.0544164 0.0139104 
-0.117728 0.381646 0.104016 -0.0502371 -0.0522496 0.00803322 
-0.118791 0.380326 0.109857 -0.0498371 -0.0553482 0.0118174 
-0.139302 0.401869 0.0848084 -0.0562445 -0.0589495 0.00887164 
-0.110496 0.366152 0.107287 -0.0461918 -0.0537565 0.0112849 
-0.119583 0.368187 0.081626 -0.0454923 -0.0566966 0.0105269 
-0.12461 0.367637 0.0867459 -0.0441983 -0.0582368 0.0104352 
-0.119013 0.388085 0.0887833 -0.0532039 -0.0576806 0.0118507 
-0.140057 0.375029 0.0715774 -0.0470071 -0.0610235 0.0090707 
-0.110704 0.388307 0.077005 -0.0540592 -0.0545432 0.0115081 
-0.156707 0.392127 0.0662866 -0.0538952 -0.0636947 0.00634304 
-0.121886 0.399492 0.0602571 -0.0578205 -0.0589103 0.012071 
-0.135841 0.380296 0.0383086 -0.0476577 -0.0576303 0.00516734 
-0.11925 0.391815 0.0734527 -0.0540386 -0.0586457 0.0113513 
-0.16036 0.384282 0.0264966 -0.0475288 -0.0639586 0.00368213 
-0.109153 0.361975 0.0568522 -0.041802 -0.0547629 0.0112192 
-0.140454 0.357321 0.042505 -0.0392601 -0.0563836 0.00305491 
-0.114861 0.344764 0.0466939 -0.0372667 -0.0556483 0.0102923 
-0.133786 0.355562 0.00419402 -0.0399283 -0.0542831 0.0027654 
-0.126071 0.367555 0.0437257 -0.0446089 -0.0575899 0.00896018 
-0.143172 0.380662 0.00125042 -0.0494636 -0.0579907 0.00325338 
-0.156088 0.361209 0.0169339 -0.0433061 -0.0639883 0.00680532 
-0.162763 0.391108 0.0228197 -0.0541206 -0.0630563 0.00332967 
-0.151641 0.362523 0.0406316 -0.0441506 -0.0624384 0.00617486 
-0.145969 0.373459 0.0338012 -0.0486016 -0.0592212 0.00553585 
-0.14455 0.353886 0.0451328 -0.0399739 -0.0560274 0.00340883 
-0.121909 0.395163 0.0447552 -0.0556246 -0.0531547 0.0062552 
-0.133207 0.379971 0.0416297 -0.0496314 -0.0530553 0.00289773 
-0.110532 0.39778 0.0786295 -0.0572069 -0.050468 0.00730769 
-0.132407 0.381053 0.0582987 -0.0515194 -0.051602 0.00153264 
-0.105434 0.411436 0.0708383 -0.0632337 -0.0509186 0.00879699 
-0.133778 0.409334 0.058107 -0.0601689 -0.0508016 0.00195245 
-0.118424 0.394624 0.0593451 -0.0560449 -0.0528658 0.00936404 
-0.160701 0.382771 0.00809807 -0.0506421 -0.056652 0.00135023 
-0.123418 0.385253 0.0319439 -0.0519983 -0.0542385 0.00970786 
-0.14704 0.397146 -0.0172352 -0.0551414 -0.0526365 0.00331283 
-0.102436 0.368843 0.0144126 -0.0475867 -0.0463108 0.00976584 
-0.121 0.391588 0.00582409 -0.0556889 -0.0460529 0.00470645 
-0.0863278 0.365233 0.00932561 -0.0472752 -0.0407055 0.00917968 
-0.0967001 0.379975 0.00234739 -0.0536759 -0.0394415 0.00720265 
-0.115367 0.356832 0.0411244 -0.046018 -0.0483981 0.00873052 
-0.108152 0.376156 0.0296912 -0.0544473 -0.0464702 0.00968676 
-0.108618 0.369092 0.0376374 -0.0506333 -0.0459784 0.00829176 
-0.0913261 0.408165 0.0496451 -0.0652471 -0.0446026 0.0121743 
-0.116368 0.38736 0.0283439 -0.0556275 -0.0482777 0.00725933 
-0.0808485 0.39713 0.0365884 -0.0600114 -0.0423454 0.0128308 
-0.100522 0.387878 -0.0104506 -0.0545814 -0.0435083 0.00678717 
-0.0830174 0.382644 0.00696635 -0.0544511 -0.0450583 0.0142334 
-0.112253 0.356187 -0.0161066 -0.0447408 -0.0458659 0.00765112 
-0.0905879 0.344367 -0.00160739 -0.0416633 -0.0457381 0.0140773 
-0.109465 0.351095 -0.00136614 -0.0439905 -0.0462247 0.00894053 
-0.116572 0.353972 0.0284003 -0.0440993 -0.052864 0.0130804 
-0.111063 0.35542 -0.0219337 -0.0442748 -0.0476578 0.00886083 
-0.11199 0.397228 0.00675503 -0.0574587 -0.0527827 0.012104 
-0.0884682 0.424628 0.000574827 -0.067067 -0.0449348 0.0112142 
-0.106105 0.394086 -0.0353039 -0.0541062 -0.048953 0.00976829 
-0.0808832 0.407957 -0.0289633 -0.0614807 -0.044426 0.0121137 
-0.107591 0.384519 -0.0173901 -0.0531726 -0.048809 0.00878382 
-0.0824707 0.379498 -0.0248651 -0.0518006 -0.0455868 0.0123059 
-0.137903 0.354548 -0.0371479 -0.0442055 -0.0585716 0.00655079 
-0.0886545 0.372731 -0.0243155 -0.052126 -0.0512139 0.0135782 
-0.138342 0.356237 -0.017101 -0.0444173 -0.0593561 0.00725619 
-0.102879 0.375244 0.00673383 -0.0502363 -0.0563889 0.0145356 
-0.129716 0.349258 -0.0154441 -0.0420459 -0.0553052 0.00727796 
-0.0904274 0.380907 0.00380039 -0.0520757 -0.0502081 0.0141583 
-0.11398 0.347274 -0.0129467 -0.0410966 -0.0503997 0.00656522 
-0.064408 0.352731 -0.029648 -0.0409593 -0.0414869 0.0126488 
-0.0720844 0.364642 -0.054466 -0.0442475 -0.0381563 0.00612719 
-0.0665561 0.353886 -0.0468168 -0.0405545 -0.0417124 0.0105711 
-0.0760627 0.349408 -0.0697902 -0.0396776 -0.0395283 0.007245 
-0.0841901 0.370545 -0.0463139 -0.0465535 -0.0438767 0.0100031 
-0.0837002 0.371004 -0.0614774 -0.0499053 -0.0415146 0.00845272 
-0.115082 0.37151 -0.0591934 -0.050192 -0.0512198 0.00814759 
-0.0869006 0.372623 -0.0489937 -0.0522144 -0.0448304 0.0100869 
-0.11158 0.371908 -0.0280958 -0.051277 -0.0495456 0.00708129 
-0.122501 0.404299 -0.0354542 -0.0618567 -0.0567395 0.0102744 
-0.154087 0.405292 -0.0690055 -0.059103 -0.0613512 0.00454414 
-0.120851 0.416836 -0.0573301 -0.0634689 -0.0557472 0.010248 
-0.158211 0.405733 -0.0612745 -0.0576915 -0.058413 0.00281017 
-0.112122 0.410974 -0.0634186 -0.0592239 -0.0506906 0.0084846 
-0.11189 0.399696 -0.0694835 -0.0550437 -0.0429776 0.00208362 
-0.0746227 0.383581 -0.0121178 -0.0509754 -0.0377011 0.0081365 
-0.0931345 0.363945 -0.022046 -0.0466939 -0.0379277 0.00230145 
-0.0906319 0.372926 -0.0143146 -0.0494292 -0.0434225 0.00664437 
-0.110815 0.380779 -0.0458118 -0.0525075 -0.0460233 0.00260123 
-0.102838 0.353618 -0.0437064 -0.0421842 -0.0476072 0.00549737 
-0.0943639 0.363919 -0.0502979 -0.0478308 -0.0427914 0.00459095 
-0.0979849 0.372015 -0.0547952 -0.0464194 -0.0430157 0.00464456 
-0.0743222 0.414176 -0.0785479 -0.0612763 -0.036901 0.00664203 
-0.0876236 0.404068 -0.0645397 -0.0560332 -0.0379174 0.00460908 
-0.0634454 0.424263 -0.0338089 -0.0673594 -0.0349717 0.00875893 
-0.11982 0.424881 -0.0418692 -0.0669139 -0.0475152 0.00387003 
-0.0690338 0.416948 -0.0030145 -0.0680356 -0.0395689 0.0111043 
-0.102544 0.372906 -0.0183261 -0.0546137 -0.0418203 0.00430658 
-0.0665522 0.357738 -0.00187475 -0.0521197 -0.038169 0.0118753 
-0.0961513 0.370111 -0.0482368 -0.0543911 -0.0386313 0.00519167 
-0.0716641 0.374785 -0.0283085 -0.055707 -0.0375179 0.0122471 
-0.132234 0.373273 -0.0822279 -0.0555625 -0.0487849 0.00496084 
-0.108559 0.392559 -0.0517599 -0.060367 -0.0497912 0.011625 
-0.107908 0.393826 -0.0613326 -0.0629315 -0.0459853 0.00653346 
-0.0860539 0.389033 -0.0498049 -0.0584135 -0.0433681 0.0105244 
-0.0787208 0.394697 -0.0680095 -0.0614208 -0.0399397 0.0079692 
-0.068469 0.36813 -0.0574253 -0.0514106 -0.0380908 0.00966612 
-0.0554898 0.367868 -0.0412921 -0.0528901 -0.0352294 0.0113754 
-0.0835795 0.358895 -0.0579956 -0.0460796 -0.0407519 0.010334 
-0.0938254 0.35567 -0.0307733 -0.0499963 -0.0473879 0.0126119 
-0.0859593 0.331973 -0.0593519 -0.04004 -0.0429216 0.00895354 
-0.0592307 0.394075 -0.0551581 -0.0613516 -0.0413512 0.0141006 
-0.0999809 0.394252 -0.104216 -0.0589556 -0.0465865 0.00716704 
-0.0842598 0.387307 -0.0794905 -0.0586486 -0.0488579 0.0134521 
-0.0978056 0.360498 -0.118817 -0.0473124 -0.0471712 0.00682498 
-0.101924 0.380777 -0.0884618 -0.0542906 -0.0563604 0.0148173 
-0.138513 0.357743 -0.105188 -0.0441772 -0.0593534 0.00719215 
