-0.0202653 0.316163 0.48535 -0.0323774 -0.0499194 0.0343932 
-0.202303 0.296599 0.414421 -0.0201292 -0.0530244 -0.0133107 
-0.0170294 0.384841 0.554924 -0.0500575 -0.0472083 0.0374549 
-0.258911 0.188605 0.379737 0.00993258 -0.0916098 -0.0157826 
-0.0461053 0.387608 0.500656 -0.0466538 -0.0621503 0.0383946 
-0.0348211 0.226669 0.333689 0.0064454 -0.00821265 -0.0115407 
0.0542959 0.206308 0.513307 0.0023712 -0.0272408 0.0364469 
-0.163118 0.318767 0.354028 -0.0240536 -0.0531343 -0.00791378 
-0.171241 0.393995 0.23446 -0.0480458 -0.0869917 0.0216129 
-0.247814 0.382393 0.295332 -0.0424271 -0.0822222 -0.00444416 
-0.00682138 0.259473 0.442727 -0.0169406 -0.0278069 0.0167532 
-0.181095 0.373517 0.231716 -0.0502883 -0.0776201 0.0041337 
-0.173016 0.440106 0.367397 -0.0640054 -0.0656077 0.0115963 
-0.0791667 0.404265 0.238416 -0.0617361 -0.0486744 0.0179118 
-0.214574 0.305059 0.218159 -0.0172181 -0.0778825 -0.00262086 
-0.198405 0.48038 0.231298 -0.0795772 -0.0911838 0.0303641 
-0.309578 0.421477 0.260196 -0.0413149 -0.0966602 -0.00934168 
-0.127048 0.330273 0.27213 -0.0414753 -0.0724449 0.0233697 
-0.240044 0.225252 0.175238 0.00666313 -0.0712877 -0.013787 
-0.0244381 0.402274 0.326282 -0.0558446 -0.0483061 0.0306197 
-0.320875 0.400206 0.232598 -0.0437152 -0.10086 -0.0120294 
0.0273147 0.304019 0.236134 -0.0312123 -0.0319952 0.0356877 
-0.202759 0.266795 0.114988 -0.00614983 -0.0561899 -0.0181448 
0.882014 2.44682 0.10127 -0.560774 0.380609 0.0591527 
-3.93709 -1.43618 1.47508 0.428699 -1.01351 -0.0820268 
3.40166 0.6178 -0.590065 -0.0920667 0.883134 0.131888 
-1.14058 2.03149 1.18247 -0.562202 -0.333471 0.000250172 
-0.237727 -1.19281 0.829321 0.43592 -0.111216 -0.0126588 
1.66751 -0.128171 -0.934906 0.0809872 0.432754 0.0179552 
-1.30907 0.851628 0.921215 -0.166309 -0.457246 0.0317094 
-1.1727 0.525528 -0.226601 -0.110516 -0.381187 0.00792007 
0.274685 0.477367 -0.389294 -0.0903862 0.0605349 -0.00162245 
-0.37747 0.901642 1.13511 -0.20261 -0.121525 0.0263423 
0.279932 0.352798 -0.318145 -0.0242267 0.111348 -0.0170008 
-0.235495 -0.133102 0.668034 0.100335 -0.0936803 0.0287719 
-0.0383806 0.940191 0.248489 -0.205714 -0.00294173 -0.0102178 
-0.404198 0.246213 0.440875 0.00362883 -0.150759 0.0309207 
-0.543922 0.544777 0.294283 -0.104923 -0.160544 -0.0184784 
3.56724 -1.5902 0.037048 0.773443 1.22277 0.0899151 
-5.53438 2.402 0.500252 -0.679212 -1.72317 -0.0325408 
2.28461 1.07644 -0.470897 -0.251787 0.586365 0.00942728 
-0.750068 1.67656 0.81998 -0.452327 -0.266401 0.0589273 
-2.21743 0.799713 0.368916 -0.163898 -0.603049 -0.000637144 
1.55863 -0.524143 -0.748341 0.196363 0.400477 0.0242888 
-0.786629 0.80279 0.716984 -0.177349 -0.221373 -0.0251492 
-0.936957 0.189284 0.0364811 0.00028092 -0.303508 0.0255156 
0.310637 0.236271 -0.430483 -0.00144502 0.103295 -0.0233628 
-0.886629 1.04777 1.12769 -0.247081 -0.290432 0.0339023 
1.09946 0.483727 -0.553835 -0.0660585 0.302001 -0.0311137 
-1.63251 0.640608 0.661655 -0.149169 -0.52512 0.00116441 
1.28663 1.2795 -0.106905 -0.323355 0.343156 -0.00460746 
-0.110715 -0.465993 0.131227 0.213164 -0.0350383 -0.0091854 
-1.17446 0.964807 0.362905 -0.257481 -0.369387 0.0182648 
0.493642 0.299936 -0.411675 -0.014529 0.135069 0.00728693 
-0.825894 0.594285 0.553 -0.115782 -0.278471 0.0273319 
-0.541132 0.445242 0.0344729 -0.0688948 -0.145272 -0.0199387 
0.481132 0.0697002 -0.149473 0.0466045 0.100749 0.0321743 
-0.706764 0.531073 0.492231 -0.0835508 -0.195335 -0.0191602 
-0.0868855 0.0855944 0.0247876 0.0393974 -0.0189468 -0.0146698 
-0.196914 0.692392 0.520166 -0.144047 -0.0955751 0.0284363 
-0.18985 0.68784 0.522774 -0.142746 -0.0935437 0.0284563 
-0.0450738 0.378522 0.15537 -0.056116 -0.0219807 0.00115943 
-0.108219 0.301989 0.210951 -0.0235342 -0.0470855 0.00933199 
-0.162077 0.297737 0.207068 -0.0219736 -0.0557993 0.00108744 
-0.0166008 0.362253 0.347213 -0.0507424 -0.0403007 0.0267394 
-0.0169168 0.362565 0.347034 -0.0508317 -0.0403912 0.0267391 
-0.31114 0.356201 0.191815 -0.0348392 -0.082767 -0.0117757 
-0.0682102 0.363108 0.346279 -0.0465069 -0.0622167 0.0332862 
-0.240932 0.388828 0.178816 -0.0416952 -0.0692184 -0.013088 
-0.0917899 0.342482 0.333526 -0.035511 -0.0653523 0.0349864 
-0.209913 0.338923 0.144582 -0.0396714 -0.0591547 -0.00835515 
-0.105652 0.309212 0.33484 -0.0204529 -0.0689536 0.0281854 
-0.110175 0.394089 0.177868 -0.0562693 -0.0387844 0.000453526 
-0.110009 0.267114 0.356949 -0.00690891 -0.061507 0.0174434 
-0.136169 0.399019 0.306591 -0.0550852 -0.0602737 0.0143007 
-0.17042 0.305857 0.199097 -0.0148661 -0.0617832 0.0057701 
-0.0968091 0.342478 0.355504 -0.0505014 -0.0583491 0.0232686 
-0.202864 0.317464 0.254706 -0.0195828 -0.0659066 -0.00185299 
-0.0605714 0.372412 0.34888 -0.057479 -0.0537903 0.0291807 
-0.192801 0.25997 0.169111 -0.00379677 -0.0547704 -0.0107986 
-0.069174 0.369112 0.341795 -0.0460858 -0.0575789 0.0306323 
-0.233395 0.337661 0.171897 -0.0267337 -0.0676238 -0.0131573 
-0.0535171 0.35574 0.355413 -0.0375986 -0.0567256 0.0323813 
-0.220322 0.323168 0.134674 -0.0222336 -0.0641532 -0.0147595 
-0.0860029 0.289235 0.378906 -0.0153875 -0.060631 0.0290472 
-0.226697 0.289525 0.170914 -0.0218718 -0.0709416 -0.00765598 
-0.0812092 0.317089 0.351719 -0.0169335 -0.0564925 0.0232371 
-0.216092 0.402791 0.296729 -0.0545296 -0.0741791 0.00301434 
-0.130691 0.341255 0.300747 -0.0254748 -0.0661328 0.0122837 
-0.0850945 0.396455 0.321362 -0.0608589 -0.0475541 0.0127583 
-0.21979 0.266795 0.302013 -0.00339767 -0.07782 0.00270131 
-0.158038 0.43092 0.316675 -0.0607296 -0.067164 0.0182042 
-0.215038 0.304832 0.274013 -0.0131882 -0.0699244 -0.0112 
-0.0784444 0.37442 0.306429 -0.0452177 -0.0561603 0.023621 
-0.236645 0.285526 0.185589 -0.00566477 -0.0676204 -0.0144543 
-0.0588509 0.390027 0.438811 -0.0462067 -0.0577049 0.0278572 
-0.218528 0.327112 0.183494 -0.0198259 -0.0623213 -0.0149854 
-0.0863212 0.377369 0.406489 -0.047236 -0.0667577 0.0297953 
-0.270624 0.342029 0.189445 -0.0348709 -0.0747116 -0.013615 
-0.0942368 0.365903 0.345503 -0.0316418 -0.063212 0.0241218 
-0.234022 0.353573 0.25744 -0.0376645 -0.0646818 -0.0122204 
-0.157174 0.314008 0.324854 -0.0165721 -0.0664272 0.0134516 
-0.177604 0.391623 0.288462 -0.0496468 -0.0568352 -0.000275032 
-0.17764 0.311557 0.258167 -0.0160551 -0.0639193 0.00401949 
-0.0936262 0.371957 0.34417 -0.0475771 -0.0411873 0.00893172 
-0.181373 0.308164 0.276844 -0.0127372 -0.0629974 -0.00454329 
-0.0592146 0.45501 0.279285 -0.0652534 -0.0435523 0.0169714 
-0.231171 0.330073 0.239104 -0.0176052 -0.0689538 -0.0105443 
-0.0484593 0.395799 0.394146 -0.0487609 -0.0475028 0.0257643 
-0.229056 0.395217 0.202962 -0.0332889 -0.0604908 -0.0136988 
-0.0675981 0.321714 0.457045 -0.0279487 -0.0564302 0.0292587 
-0.230087 0.418554 0.194747 -0.0503259 -0.0595482 -0.015617 
-0.00809977 0.373068 0.421299 -0.0490315 -0.0378839 0.0267347 
-0.225807 0.368535 0.232017 -0.0437251 -0.0604075 -0.0152906 
-0.0140771 0.344719 0.426739 -0.0305205 -0.0384802 0.0265639 
-0.159887 0.363415 0.211268 -0.0444898 -0.0447184 -0.00805894 
-0.0787024 0.267216 0.43992 -0.0120281 -0.0491438 0.0224968 
-0.187005 0.36114 0.312875 -0.0476318 -0.0514394 -0.00335207 
-0.141315 0.300691 0.339729 -0.0127833 -0.0607853 0.0115611 
-0.180799 0.420375 0.252017 -0.0550886 -0.0628036 0.0045776 
-0.149536 0.322235 0.319165 -0.0188632 -0.0576039 0.0046023 
-0.0906445 0.382472 0.337138 -0.0485873 -0.0476678 0.0157741 
-0.160307 0.326445 0.281344 -0.0221688 -0.0567666 -0.00277378 
-0.0690935 0.400498 0.38175 -0.052337 -0.0521761 0.0253733 
-0.211399 0.365847 0.278592 -0.0315154 -0.0592577 -0.00827419 
-0.047053 0.385533 0.500713 -0.05118 -0.0513288 0.031116 
-0.194197 0.359959 0.24422 -0.0343937 -0.0525572 -0.0111201 
-0.0280902 0.392557 0.462605 -0.0514225 -0.0484673 0.0327366 
-0.215123 0.37135 0.294323 -0.0394781 -0.0583842 -0.01176 
-0.0485483 0.358046 0.460112 -0.0336084 -0.054278 0.0283606 
-0.200453 0.415593 0.24198 -0.0528738 -0.0580451 -0.00466429 
-0.15631 0.32373 0.421457 -0.0170581 -0.0723095 0.020665 
2.68668 -1.80144 0.239434 0.682117 0.815986 0.0506713 
-4.19018 0.738392 1.70619 -0.125687 -1.27827 0.00705276 
4.06751 -0.314098 -0.246317 0.123837 1.05211 0.0881839 
-0.803165 1.06431 0.504331 -0.288965 -0.203836 -0.0160217 
-2.41857 0.895006 0.190399 -0.212585 -0.669836 0.0116316 
2.08198 -0.18249 -0.105485 0.166824 0.587506 0.0254142 
-0.982439 0.882368 0.991847 -0.204113 -0.322961 0.0446666 
-0.156634 -0.887424 -0.248109 0.350904 -0.021442 -0.0230439 
0.654067 0.0534321 -0.339264 0.0346328 0.126985 0.0271339 
-0.729326 0.940913 0.976198 -0.213448 -0.2118 -0.0219242 
0.593697 0.0353194 -0.175997 0.0649116 0.113207 0.038523 
-0.199195 -0.103515 -0.00269873 0.0937411 -0.0582431 -0.0153557 
-0.371638 0.733624 0.913951 -0.140126 -0.144573 0.0355027 
0.0737133 0.565039 -0.220256 -0.103884 0.0356965 -0.00834873 
-0.161738 0.400719 0.527286 -0.0481165 -0.0737093 0.0262109 
-0.341981 0.564004 0.282192 -0.115672 -0.102396 0.00271488 
-0.0232725 0.260807 0.229162 -0.015754 -0.033932 0.0153881 
-0.124887 0.326567 0.223194 -0.0332219 -0.0582857 0.0120677 
-0.12305 0.402046 0.249902 -0.0433242 -0.0574355 0.00879122 
-0.169749 0.326642 0.290218 -0.0316194 -0.0771298 0.0129276 
-0.212694 0.301469 0.278795 -0.0166921 -0.0764951 0.000747657 
-0.0383935 0.385696 0.312132 -0.0482638 -0.0430086 0.0225382 
-0.309176 0.363597 0.183849 -0.0314989 -0.0908956 -0.00973021 
-0.122847 0.354716 0.331216 -0.0366602 -0.0687301 0.0295008 
-0.232874 0.416016 0.180881 -0.0493888 -0.0632984 -0.0118251 
-0.0597916 0.332598 0.429668 -0.0322156 -0.0549219 0.0321966 
-0.25025 0.394508 0.196543 -0.0434201 -0.0695674 -0.0103061 
-0.0567372 0.371314 0.391964 -0.0407409 -0.0594316 0.0314382 
-0.224636 0.306941 0.18989 -0.0223372 -0.0703323 -0.0100925 
-0.103855 0.380987 0.431969 -0.0386493 -0.0667869 0.0289918 
-0.202538 0.359107 0.225983 -0.0349128 -0.0687561 -0.01152 
-0.075029 0.307431 0.39736 -0.0164616 -0.0592008 0.0227067 
-0.198482 0.398539 0.212806 -0.0460867 -0.0662608 -0.0057754 
-0.174365 0.332272 0.397428 -0.0227013 -0.0733181 0.0155805 
-0.20899 0.386628 0.299514 -0.0513485 -0.0715779 -0.0007379 
-0.185817 0.371028 0.301471 -0.0273111 -0.0707104 0.00923671 
-0.151362 0.407929 0.337735 -0.0531172 -0.0644436 0.012067 
-0.210509 0.342253 0.352572 -0.0255056 -0.0721282 5.62396e-05 
-0.149821 0.359602 0.371118 -0.0413816 -0.0649666 0.0114208 
-0.236472 0.356733 0.238969 -0.0300772 -0.072056 -0.00929861 
-0.0923801 0.349288 0.333707 -0.0312339 -0.0590808 0.0186516 
-0.236227 0.347584 0.26157 -0.027569 -0.0706854 -0.0102501 
-0.0806575 0.327257 0.385206 -0.0254338 -0.0544449 0.0225059 
-0.222555 0.361364 0.298798 -0.0326025 -0.0638879 -0.0115855 
-0.0451422 0.393177 0.416598 -0.0447917 -0.0460879 0.0261429 
-0.215413 0.430369 0.241593 -0.0530665 -0.0579856 -0.0134329 
-0.0452358 0.31455 0.392925 -0.0262477 -0.0401068 0.0260942 
-0.188994 0.36441 0.311345 -0.0426045 -0.0537536 -0.0110956 
-0.112762 0.29967 0.438758 -0.0170911 -0.0609347 0.0208581 
-0.168027 0.399396 0.208732 -0.0453146 -0.0508117 -0.00679833 
-0.0830861 0.401054 0.348119 -0.0410282 -0.0448764 0.0151599 
-0.179879 0.433029 0.304743 -0.0530045 -0.0594671 -0.00149983 
-0.0832447 0.379065 0.339688 -0.0347002 -0.044515 0.0102872 
-0.122384 0.366821 0.334602 -0.0406561 -0.0532843 0.00693549 
-0.166672 0.317801 0.335926 -0.0177603 -0.0566455 0.00139604 
-0.0688257 0.326812 0.379654 -0.0298518 -0.0432007 0.0174267 
-0.187456 0.45135 0.314658 -0.0572902 -0.0602827 -0.00385293 
-0.0418278 0.332843 0.453307 -0.0357984 -0.0464148 0.0251256 
-0.245773 0.374967 0.333688 -0.0386883 -0.0626438 -0.012471 
-0.0515666 0.390576 0.443111 -0.0523299 -0.0514473 0.0298826 
-0.210756 0.330156 0.292803 -0.020949 -0.0557087 -0.00965263 
-0.140139 0.385299 0.37052 -0.0399435 -0.0688739 0.0257655 
-0.245462 0.344206 0.374 -0.033434 -0.0672123 -0.0113823 
-0.0199809 0.347946 0.429315 -0.0295157 -0.0340385 0.0279057 
-0.131664 0.338822 0.289539 -0.0309842 -0.0436814 -0.00652063 
-0.108317 0.416408 0.387907 -0.0510817 -0.0544324 0.0195904 
-0.136959 0.378586 0.334158 -0.0376448 -0.0453087 -0.000941011 
-0.0725991 0.376977 0.315324 -0.0393636 -0.0430992 0.0135499 
-0.290574 0.288045 0.533132 -0.0170502 -0.100182 0.00911185 
0.15054 0.309871 0.34402 -0.013816 0.0219215 0.0151025 
-0.212149 0.212402 0.365265 0.00314428 -0.0915941 0.0194049 
-0.349563 0.488654 0.560141 -0.0760912 -0.120729 0.00226441 
0.0759318 0.373022 0.140388 -0.0393268 -0.0109956 0.0267691 
-0.219035 0.296772 0.352345 -0.0125913 -0.0659271 -0.00429954 
-0.17128 0.436227 0.441628 -0.0702488 -0.0877309 0.0304298 
-0.128008 0.308204 0.273757 -0.0171177 -0.0397938 -0.00799175 
-0.118476 0.341286 0.46941 -0.0362307 -0.0668143 0.0298941 
-0.199064 0.386698 0.332309 -0.0403348 -0.0596183 -0.00960658 
0.0344909 0.325522 0.415936 -0.0324 -0.0260635 0.0349756 
-0.265501 0.303835 0.24577 -0.0163557 -0.0779882 -0.0107318 
0.020411 0.362741 0.408559 -0.042935 -0.0273258 0.0318666 
-0.169419 0.317542 0.334102 -0.0244471 -0.0513275 -0.0044285 
-0.10671 0.273098 0.436486 -0.0183737 -0.0592581 0.0240213 
-0.211183 0.437229 0.113745 -0.0584828 -0.0706979 -0.00300179 
-0.0953514 0.357734 0.358456 -0.0350598 -0.0598009 0.0178962 
-0.188594 0.316594 0.334749 -0.0319113 -0.068035 0.00471935 
-0.147827 0.316675 0.333025 -0.0223295 -0.0619977 0.0128391 
-0.0926082 0.413499 0.281244 -0.0521727 -0.0517836 0.0150913 
-0.138332 0.313776 0.341137 -0.0108129 -0.0594033 0.00509513 
-0.0754007 0.283472 0.411108 -0.0152692 -0.049549 0.0202592 
-0.14856 0.304655 0.280118 -0.0173593 -0.0492956 -0.00260586 
-0.0299923 0.402637 0.454409 -0.0538939 -0.0510817 0.0295459 
-0.244525 0.383689 0.259463 -0.0422399 -0.0772485 -0.00876326 
-0.000570371 0.366017 0.435724 -0.045874 -0.0393185 0.0298841 
-0.152735 0.202487 0.199063 0.00772189 -0.0485823 -0.0117885 
0.000944212 0.344056 0.357797 -0.0342546 -0.0352186 0.031803 
-0.244751 0.32729 0.167643 -0.0256667 -0.070864 -0.0117551 
-0.0484702 0.399196 0.29773 -0.0518559 -0.056415 0.0319276 
-0.222644 0.400974 0.227009 -0.0413148 -0.070153 -0.0103514 
-0.143109 0.334724 0.359655 -0.0279703 -0.0814255 0.0264131 
-0.195645 0.369622 0.174027 -0.0366813 -0.061317 -0.00792604 
-0.135263 0.383455 0.343796 -0.0355561 -0.0743291 0.0211056 
-0.144407 0.325115 0.263713 -0.0284889 -0.0558384 0.00139765 
-0.200136 0.35744 0.241212 -0.0278821 -0.0818687 0.0121704 
-0.0789288 0.37806 0.311281 -0.0487772 -0.0502168 0.0129129 
-0.171239 0.33353 0.252177 -0.0221461 -0.0688894 0.00462392 
-0.0659021 0.43658 0.334243 -0.0626702 -0.0441466 0.0187133 
-0.20331 0.310561 0.229327 -0.0195012 -0.0653727 -0.0105063 
-0.0722562 0.459969 0.339577 -0.0740128 -0.0523606 0.0237479 
-0.210695 0.297043 0.170667 -0.0108136 -0.064004 -0.0116097 
0.00121352 0.381401 0.30495 -0.0472994 -0.039814 0.0265996 
-0.246711 0.303418 0.110997 -0.0133908 -0.0695571 -0.0168778 
-0.0564687 0.34727 0.332973 -0.0388984 -0.0576465 0.0299678 
-0.257729 0.370958 0.121814 -0.0381085 -0.0737419 -0.0163798 
-0.0780425 0.431179 0.342389 -0.0584375 -0.0614412 0.0307564 
-0.136635 0.316035 0.151799 -0.0239439 -0.0398966 -0.012913 
0.0021629 0.411215 0.308021 -0.0482363 -0.0415019 0.027295 
-0.259038 0.392244 0.151145 -0.0435207 -0.0729085 -0.00926377 
-0.056491 0.336096 0.272515 -0.0288336 -0.050705 0.0175662 
-0.184374 0.49118 0.204744 -0.0712131 -0.0551405 -0.00685582 
-0.0666673 0.361139 0.326183 -0.0312447 -0.0436941 0.011364 
-0.11532 0.349577 0.252972 -0.0437874 -0.044767 0.00379175 
-0.155983 0.352326 0.214599 -0.0285906 -0.0615112 0.00403512 
-0.121149 0.401322 0.268808 -0.0522104 -0.0588607 0.0121876 
-0.118335 0.331193 0.225298 -0.016414 -0.0365301 -0.00540057 
-0.0868138 0.425289 0.350489 -0.0623039 -0.0472705 0.0194321 
-0.231648 0.304621 0.178584 -0.0160477 -0.0655111 -0.0115196 
-0.0106964 0.375117 0.281565 -0.0472269 -0.0336016 0.0211456 
-0.266523 0.317906 0.1777 -0.0219076 -0.0726062 -0.0148958 
-0.0257598 0.47554 0.32194 -0.0779528 -0.0437452 0.0262866 
-0.18115 0.400235 0.204699 -0.0493753 -0.0529464 -0.0150711 
-0.0245403 0.383911 0.311504 -0.0514716 -0.0491883 0.028228 
-0.252567 0.519521 0.171951 -0.0810881 -0.0646232 -0.0125004 
0.0579978 0.388763 0.226514 -0.0455431 -0.0245794 0.0255573 
-0.177948 0.320108 0.13803 -0.0291135 -0.0512127 -0.00946972 
-0.129774 0.328274 0.268434 -0.0243309 -0.0603056 0.0156481 
-0.151748 0.451979 0.0977834 -0.0643138 -0.0460666 -0.00154047 
-0.213484 0.35991 0.303329 -0.0325886 -0.0768163 0.00624464 
-0.112101 0.425487 0.232977 -0.0597438 -0.0469491 0.00720044 
-0.175592 0.366913 0.245813 -0.0352953 -0.0555526 -0.0024833 
-0.00404269 0.39334 0.209629 -0.0498006 -0.0278667 0.0194479 
-0.0705463 0.299907 0.236848 -0.0187683 -0.0203724 -0.00889926 
-0.0206779 0.443143 0.304098 -0.0724977 -0.0426177 0.0258091 
-0.0837891 0.248803 0.102398 -0.000151299 -0.017918 -0.0152617 
-0.0617242 0.379862 0.377233 -0.0497123 -0.0528802 0.0280434 
-0.312638 0.415349 0.0963943 -0.0516846 -0.0819886 -0.0130755 
-0.0519004 0.480241 0.315575 -0.0764206 -0.0493589 0.029048 
-0.186958 0.365234 0.092317 -0.0339239 -0.0493137 -0.00959324 
-0.100377 0.349496 0.29894 -0.0290346 -0.0680467 0.0225147 
-0.100243 0.333017 0.118179 -0.0278983 -0.0340923 -0.00520748 
-0.0496181 0.313236 0.262231 -0.0148416 -0.0430933 0.0171444 
-0.159924 0.396997 0.162909 -0.0554161 -0.0548146 0.00708369 
-0.0748272 0.348052 0.252481 -0.0274867 -0.0408647 0.0149949 
-0.0535823 0.382684 0.249607 -0.0549127 -0.0360704 0.014389 
-0.162738 0.337096 0.177314 -0.0274005 -0.0636228 0.00707535 
-0.100359 0.476852 0.171436 -0.0777462 -0.0486502 0.0183602 
-0.201416 0.324964 0.163983 -0.0244053 -0.0719586 0.00232976 
-0.0707814 0.347203 0.23943 -0.0415132 -0.0446961 0.0190115 
-0.136721 0.317119 0.193881 -0.017788 -0.0525628 -0.00185509 
-0.0935349 0.486761 0.207489 -0.0752656 -0.0652001 0.0245388 
-0.164138 0.348243 0.14623 -0.0202695 -0.0499977 -0.00543849 
0.115851 0.251959 0.312035 -0.0110868 -0.0118134 0.028081 
-0.133152 0.340784 0.136416 -0.0246951 -0.0393251 -0.00626936 
-0.0851828 0.460565 0.26646 -0.0660601 -0.0634694 0.02909 
-0.149803 0.338938 0.087602 -0.0261874 -0.0401852 -0.0094164 
-0.117914 0.418465 0.2645 -0.0595993 -0.0792331 0.0303915 
-0.117694 0.301775 0.0695943 -0.02588 -0.0382716 -0.0105149 
-0.021904 0.314811 0.260079 -0.0297717 -0.042016 0.0280529 
-0.171848 0.350105 0.0722672 -0.0306225 -0.0496859 -0.00953043 
-0.0463363 0.347389 0.169424 -0.0363644 -0.0473414 0.0230298 
-0.239538 0.394535 0.0796464 -0.0440574 -0.0726444 -0.00826899 
-0.0400074 0.331879 0.104141 -0.0221008 -0.0457033 0.0199568 
-0.180741 0.347318 0.0546438 -0.0252359 -0.0636039 -0.00344691 
-0.129566 0.393243 0.194661 -0.0415589 -0.0657058 0.0165872 
-0.136402 0.394221 0.120205 -0.048472 -0.0426302 -0.000344709 
-0.132537 0.418777 0.112976 -0.0473098 -0.0617064 0.00976688 
-0.203658 0.390265 0.120559 -0.0531101 -0.0792635 0.00614805 
-0.154036 0.50591 0.0599572 -0.0744542 -0.0551171 0.0033764 
-0.132674 0.426792 0.153228 -0.060272 -0.060549 0.0142614 
-0.161888 0.407098 0.135337 -0.0475739 -0.0532272 0.00206823 
-0.0813599 0.457959 0.129973 -0.0695595 -0.0465247 0.0162269 
-0.13681 0.382992 0.0909705 -0.0372622 -0.0449753 -0.00693716 
-0.0506774 0.411502 0.294071 -0.0589971 -0.0479758 0.0227987 
-0.0787229 0.209295 0.0815873 0.00786915 -0.0214094 -0.0136786 
-0.0292002 0.334154 0.206352 -0.0407225 -0.0445356 0.0255506 
-0.183148 0.25111 0.0487029 -0.00741426 -0.049677 -0.0149426 
-0.0398569 0.364335 0.254858 -0.0444633 -0.0441613 0.0274803 
-0.212575 0.391607 0.0350756 -0.0452259 -0.0549705 -0.014761 
-0.0487252 0.380974 0.181418 -0.0491967 -0.049086 0.0277549 
-0.107342 0.348242 0.124261 -0.0356 -0.0300373 -0.0126754 
0.0276158 0.406292 0.158224 -0.054328 -0.0255363 0.0251925 
-0.200677 0.415307 0.106193 -0.0622985 -0.0472579 -0.0119125 
-0.031183 0.381958 0.0962745 -0.0435604 -0.0348303 0.0190622 
-0.148836 0.396647 0.0582856 -0.0533038 -0.0519574 -0.000550342 
-0.112455 0.380654 0.149695 -0.0421436 -0.0561619 0.014196 
-0.094576 0.336649 0.17646 -0.0418904 -0.0416818 0.00643976 
0.0014694 0.268028 0.111283 -0.0115546 -0.0112554 0.00731662 
-0.0220757 0.454406 0.201585 -0.0769976 -0.0391622 0.0169907 
-0.156654 0.397991 0.169184 -0.0508679 -0.0538195 3.34534e-05 
-0.0551626 0.466687 0.159015 -0.0881547 -0.050004 0.0228871 
-0.112058 0.360923 0.129548 -0.0397862 -0.0335848 -0.00670293 
-0.0162242 0.464927 0.255554 -0.0806138 -0.0442461 0.0331842 
-0.204458 0.358433 0.0423635 -0.0382291 -0.0578448 -0.00965464 
0.0864329 0.342539 0.174325 -0.0472797 -0.019006 0.0356499 
-0.244902 0.379353 0.00116849 -0.0433737 -0.0673839 -0.0120865 
-0.073779 0.432027 0.204808 -0.0726303 -0.0624285 0.03444 
-0.157047 0.299322 0.0373485 -0.0260478 -0.049323 -0.0101304 
-0.083852 0.365362 0.228763 -0.0447323 -0.0650317 0.0296584 
-0.152503 0.366774 0.0663633 -0.0426446 -0.0525324 -0.0042521 
0.00775048 0.336323 0.179545 -0.0402487 -0.0315027 0.0246936 
-0.278202 0.480417 0.016552 -0.0725087 -0.0882929 -0.00117531 
-0.0186591 0.361502 0.212922 -0.0537014 -0.0347221 0.0206271 
-0.147024 0.363211 0.0446964 -0.0420822 -0.054198 0.000272739 
-0.157818 0.360175 0.095569 -0.0406444 -0.0680251 0.0146688 
-0.0948045 0.444041 0.0543027 -0.072286 -0.0495094 0.00996485 
-0.134176 0.301831 0.128943 -0.022245 -0.062328 0.0108909 
-0.0640925 0.371675 0.084619 -0.050204 -0.0494227 0.0168374 
-0.172159 0.360461 0.070296 -0.0356121 -0.0618987 -0.000185999 
-0.129835 0.462417 0.105756 -0.0856723 -0.0652442 0.0217462 
-0.200024 0.378761 -0.0317271 -0.0413023 -0.0662237 -0.00393493 
0.012591 0.368221 0.156081 -0.0575053 -0.0299268 0.0230779 
-0.294111 0.390772 0.0310271 -0.049384 -0.0951801 -0.00898798 
0.00194895 0.39729 0.0401485 -0.0552385 -0.0379764 0.0284538 
-0.199611 0.366436 -0.00398648 -0.0348582 -0.0588444 -0.0127721 
-0.117067 0.436357 0.143994 -0.0732068 -0.0713008 0.0269849 
-0.192961 0.330553 -0.0787 -0.0249564 -0.0564915 -0.0152679 
-0.0380731 0.279238 0.182805 -0.0207499 -0.0492012 0.0286972 
-0.154558 0.374022 -0.0315877 -0.0425292 -0.0460799 -0.0123675 
-0.0716465 0.303652 0.0169582 -0.0248913 -0.0551679 0.023415 
-0.21169 0.490344 -0.0685058 -0.0865147 -0.064475 -0.0106498 
-0.154387 0.390521 0.118958 -0.0483593 -0.0730253 0.015706 
-0.12358 0.34477 -0.0295709 -0.0450236 -0.0512054 0.000163177 
-0.219134 0.276757 0.0468295 -0.0117414 -0.0760677 0.00539222 
-0.105023 0.453148 0.0463872 -0.0789638 -0.0505082 0.00603675 
-0.156083 0.347419 0.0205538 -0.0366646 -0.0613854 0.00357616 
-0.126027 0.445198 0.0848066 -0.0706144 -0.0569395 0.0125109 
-0.116482 0.246906 0.0270871 -0.00188512 -0.035236 -0.0104719 
-0.105931 0.483144 0.0449413 -0.0899948 -0.0617046 0.0196241 
-0.16151 0.377187 0.0307596 -0.0489982 -0.0500111 -0.0107506 
-0.0427079 0.436464 0.205553 -0.0745421 -0.0484487 0.025626 
-0.235403 0.361565 -0.0168475 -0.0421767 -0.0626095 -0.0163643 
0.0183806 0.398821 0.0897853 -0.0604564 -0.0318191 0.0258499 
-0.247649 0.472636 -0.0187156 -0.0746712 -0.0611198 -0.0145986 
-0.0847409 0.303637 0.0369502 -0.0283779 -0.0603319 0.0263073 
-0.254093 0.377196 -0.050682 -0.0475285 -0.0673798 -0.0144431 
-0.0489893 0.373975 0.102382 -0.0489576 -0.0505421 0.0254238 
-0.0997275 0.458287 -0.15611 -0.076172 -0.0238089 -0.00612526 
-0.0246304 0.331117 0.139523 -0.0368977 -0.0294914 0.0176665 
-0.177562 0.417364 -0.00599236 -0.0688887 -0.0590426 0.00101036 
-0.0807301 0.245422 -0.0331744 -0.00546023 -0.0406426 0.00792303 
-0.100851 0.447685 0.0674905 -0.080961 -0.044222 0.0155386 
-0.193061 0.342571 0.0377748 -0.0378822 -0.0685919 0.00151411 
0.0114434 0.42774 0.0823576 -0.0790445 -0.019852 0.0224477 
-0.17989 0.382042 0.0337386 -0.0498185 -0.0565837 -0.00596463 
0.00572802 0.44079 0.026864 -0.0785295 -0.0337634 0.0273355 
-0.226061 0.343659 -0.0390154 -0.0328627 -0.0625976 -0.00903602 
-0.015463 0.391417 0.078997 -0.0598016 -0.0389301 0.0293713 
-0.0869229 0.381483 -0.152837 -0.0518945 -0.0256664 -0.00777029 
-0.0923683 0.355872 0.120823 -0.0491674 -0.0643342 0.0312664 
-0.140451 0.308506 -0.0885007 -0.0299778 -0.0378011 -0.00557578 
-0.117734 0.284557 0.0334806 -0.0174753 -0.0619589 0.0230949 
-0.109847 0.425055 0.0802033 -0.0714372 -0.0413627 0.0036874 
-0.12246 0.395872 -0.00400491 -0.0524387 -0.0588633 0.0129288 
-0.0648217 0.363111 -0.130847 -0.0500448 -0.0383031 0.0101688 
-0.145087 0.517543 0.0549432 -0.0958977 -0.0634254 0.01064 
-0.000125291 0.421558 0.00257957 -0.0655165 -0.0227197 0.0186458 
-0.198029 0.272348 -0.0991904 -0.00663316 -0.0614533 -0.00354189 
0.00364762 0.465223 0.0276979 -0.0893114 -0.0362286 0.0246561 
-0.198361 0.245925 -0.0729805 -0.00850408 -0.0602181 -0.00648081 
-0.019486 0.492435 0.017568 -0.0890378 -0.0473142 0.0282502 
-0.277284 0.29681 -0.0588344 -0.0275408 -0.087644 -0.0101296 
0.0482112 0.363264 -0.0350285 -0.0462361 -0.024665 0.0315951 
-0.244792 0.38275 0.0637702 -0.0507675 -0.0769391 -0.00695393 
-0.0210448 0.340961 0.0461938 -0.0375994 -0.0453825 0.0299161 
-0.15367 0.362504 -0.0933215 -0.0480855 -0.0418955 -0.00803777 
-0.0808418 0.455054 0.0373879 -0.0776898 -0.0621584 0.0242723 
-0.0695537 0.1951 -0.118764 0.00865937 -0.0256228 -0.00637055 
0.00306984 0.410037 -0.0197359 -0.0500811 -0.0323754 0.0234641 
-0.0594265 0.400516 -0.0778962 -0.0540403 -0.0287291 -0.00269214 
-0.126028 0.308722 -0.0550759 -0.0296206 -0.0596763 0.0141817 
-0.128375 0.432665 -0.0774791 -0.0733054 -0.0512377 0.00764187 
-0.11019 0.300785 -0.00138226 -0.0257201 -0.0473652 0.00742007 
0.00551922 0.412331 -0.0955534 -0.0668402 -0.0205649 0.0157121 
-0.216336 0.403045 -0.0664765 -0.0554738 -0.0772551 -0.00421781 
0.0148796 0.314289 -0.00407744 -0.0397327 -0.0277294 0.0238784 
-0.251774 0.429091 0.0270109 -0.0686182 -0.0748133 -0.00738631 
-0.164791 0.462739 -0.0381744 -0.0786185 -0.0833351 0.0233855 
-0.152415 0.417298 -0.26331 -0.0530718 -0.043623 -0.012939 
-0.0501541 0.460763 -0.00809944 -0.0773034 -0.0492355 0.0243014 
-0.17192 0.258773 -0.0237998 -0.0108457 -0.0410582 -0.0133107 
-0.0213326 0.455294 0.0162907 -0.0762802 -0.036201 0.0209858 
-0.163627 0.406351 -0.0684989 -0.0577177 -0.0447702 -0.00861937 
0.0339205 0.336721 0.0235186 -0.0327301 -0.0172405 0.0173253 
-0.142713 0.362586 -0.0577404 -0.0558959 -0.0503687 -0.00487384 
-0.159407 0.30368 0.0148571 -0.0245222 -0.0685323 0.00840389 
-0.122247 0.494559 -0.141195 -0.0916716 -0.0492047 0.00077011 
-0.123744 0.270546 -0.0579721 -0.00610138 -0.0526899 0.00586136 
0.0762915 0.388226 -0.00943905 -0.0609629 0.00683834 0.0127932 
-0.160818 0.403066 -0.0802267 -0.0488388 -0.05149 -0.0046058 
-0.0410931 0.514485 -0.103907 -0.0988067 -0.0379586 0.0183913 
-0.188754 0.444018 -0.071154 -0.0654564 -0.0542867 -0.00939465 
-0.00285319 0.371517 0.095682 -0.0627323 -0.0379613 0.0266106 
-0.205579 0.391318 -0.0497406 -0.0587352 -0.0558793 -0.0116513 
0.0931108 0.363403 0.114047 -0.0544474 -0.0117589 0.0315656 
-0.208646 0.294275 -0.180465 -0.0316974 -0.0492155 -0.0155974 
-0.00879342 0.368179 0.0111028 -0.052986 -0.0360303 0.028449 
-0.150849 0.433378 -0.136128 -0.0740896 -0.0402727 -0.00680756 
-0.0831438 0.41469 0.0499007 -0.0653147 -0.0503123 0.0236257 
-0.209738 0.355841 -0.15555 -0.0537246 -0.0680939 -0.00486551 
-0.09027 0.390709 -0.0281248 -0.0557202 -0.0542467 0.0177236 
-0.00553997 0.374511 -0.0367608 -0.0658085 -0.0170006 0.00299113 
-0.0415779 0.409415 -0.0784895 -0.0514995 -0.0271868 0.0131471 
-0.0464781 0.443008 -0.0411225 -0.0803514 -0.0331706 0.0108497 
-0.158479 0.223005 -0.102629 -0.00367338 -0.0588492 0.00361909 
-0.0253743 0.3894 0.052541 -0.0631175 -0.0399401 0.0262702 
-0.145988 0.329647 -0.120278 -0.0317562 -0.0446128 -0.002216 
-0.0928075 0.39329 0.0576224 -0.0710833 -0.0603668 0.0245367 
-0.00714767 0.324522 -0.184016 -0.0305695 -0.010839 -0.00744229 
-0.0248356 0.533514 -0.0816601 -0.110232 -0.0509971 0.0293546 
-0.229125 0.390287 -0.192748 -0.0511374 -0.0661166 -0.00839781 
-0.0673829 0.294922 0.00334895 -0.0302214 -0.0559702 0.0292095 
-0.160537 0.259246 -0.139012 -0.014402 -0.0519329 -0.00859905 
-0.0277371 0.425916 -0.0322376 -0.0654607 -0.056785 0.0325196 
-0.207784 0.418345 -0.165289 -0.0596646 -0.0659625 -0.00877143 
