0.000216186 -0.000959247 -0.00314675 0.0138837 -0.0109155 -0.0460931 
0.000198305 -0.000987418 -0.00309726 0.0137897 -0.01077 -0.0456656 
0.000285566 -0.000859782 -0.00309976 0.0131926 -0.0109144 -0.0471267 
0.000366807 -0.000695117 -0.00326162 0.0126226 -0.0110557 -0.0501801 
0.000323653 -0.000876434 -0.00326484 0.0125269 -0.0109077 -0.050744 
0.000429213 -0.000708647 -0.00332859 0.0119507 -0.0111326 -0.0530805 
0.000351608 -0.000879288 -0.00326433 0.0117666 -0.0106838 -0.0549066 
0.000405848 -0.000793189 -0.00314327 0.0115265 -0.0106709 -0.0561074 
0.000394166 -0.000585251 -0.00313126 0.0110522 -0.01056 -0.0583656 
0.000397027 -0.000702277 -0.00298408 0.0109706 -0.0102341 -0.0595948 
0.000355005 -0.00053712 -0.00283631 0.0106068 -0.0100681 -0.0613826 
0.000351489 -0.000488654 -0.00281639 0.0102933 -0.00990177 -0.0631954 
0.000389993 -0.000351653 -0.00268291 0.0102354 -0.00966248 -0.0643013 
0.000298083 -0.000454821 -0.0025467 0.00978945 -0.00937813 -0.0661677 
0.000409186 -0.000313953 -0.00255238 0.00956694 -0.00947155 -0.0675722 
0.00031203 -0.000378296 -0.00247707 0.00954777 -0.008936 -0.0686087 
0.000319958 -0.000168651 -0.00231773 0.00911699 -0.00886927 -0.0703076 
0.000381291 -7.9304e-05 -0.00235537 0.00898182 -0.00881062 -0.0715258 
0.000256419 -0.000158705 -0.00225083 0.00880855 -0.00833488 -0.0727941 
0.000424922 2.89753e-05 -0.00224798 0.0085302 -0.00854662 -0.0739717 
0.000223339 -0.00011728 -0.00206598 0.0083927 -0.00791145 -0.0753437 
0.000277221 -3.5122e-05 -0.0020804 0.00811834 -0.00789833 -0.0765154 
0.000331163 0.00103025 -0.00286185 0.00661357 -0.00859848 -0.112404 
0.00119764 0.00189687 -0.00168213 0.00770296 -0.00705987 -0.117766 
-0.000702202 -0.000385426 -0.000280045 0.0072721 -0.00504983 -0.0878849 
0.000909507 0.00185878 -0.00339834 0.00621442 -0.00893072 -0.118179 
0.000211477 0.00146361 -0.000718251 0.00758675 -0.00492875 -0.106272 
-0.000454009 -0.00330997 -0.000697345 0.00683818 -0.00520937 -0.102012 
0.00095582 -0.00172739 -0.00306872 0.0061673 -0.00807848 -0.115094 
-0.000212789 -0.00811337 -0.000571795 0.00723487 -0.00400161 -0.10537 
0.000128865 0.00158363 -0.00115898 0.00614372 -0.00587141 -0.107661 
0.000525832 -0.0121965 -0.00215616 0.00624162 -0.00636095 -0.110155 
-0.000209033 -0.00867205 -0.000643976 0.00669816 -0.00391205 -0.102062 
-3.8147e-06 0.000472739 -0.00108363 0.00587446 -0.00495228 -0.102216 
0.00057447 -5.60731e-05 -0.0015628 0.00573076 -0.00584927 -0.104934 
0.000224113 0.000111908 -0.00142071 0.00551423 -0.00510713 -0.108197 
-2.6226e-06 0.000990398 -0.00127233 0.00595703 -0.00440559 -0.105461 
0.000567913 0.00259876 -0.00248331 0.00411775 -0.00658479 -0.141965 
0.000889957 0.00334244 -0.00114074 0.00524752 -0.00402558 -0.150226 
-0.000601113 0.00123542 6.76215e-05 0.00497259 -0.00268794 -0.118857 
0.0010705 0.00383437 -0.00319216 0.00393432 -0.007299 -0.147148 
0.000193894 0.0031671 -0.000571169 0.00539315 -0.00288576 -0.136315 
-0.000240624 -0.00133231 -0.000667818 0.00450306 -0.00350117 -0.130033 
0.000979006 5.7973e-05 -0.00284826 0.00390926 -0.00629435 -0.142679 
-5.50151e-05 -0.00113149 -0.000794239 0.00521861 -0.00244772 -0.132538 
0.000324547 0.00106085 -0.00147115 0.00431707 -0.00424487 -0.132906 
0.000755966 -0.00652949 -0.00254324 0.00391441 -0.00507092 -0.136673 
0.000238836 -0.0016594 -0.00168563 0.0037791 -0.0038905 -0.148035 
0.000557601 0.00166233 -0.00176172 0.00403675 -0.00389802 -0.153673 
0.000147462 0.0011038 -0.00124203 0.00388616 -0.003196 -0.137219 
0.000588715 0.00110345 -0.00228219 0.00312677 -0.00480921 -0.149443 
0.000316083 0.00191271 -0.00162613 0.00398832 -0.0031779 -0.145389 
0.000144124 -0.000302851 -0.00134166 0.00387432 -0.0030269 -0.140776 
0.000670373 0.00317792 -0.00235446 0.00299198 -0.00463547 -0.146505 
6.53863e-05 0.000584103 -0.0015265 0.00398485 -0.00244718 -0.142309 
0.000259399 0.00111768 -0.0015166 0.00361012 -0.00307353 -0.141248 
0.000710011 0.0027229 -0.00226007 0.00292989 -0.00446602 -0.14318 
2.13385e-05 0.000721641 -0.00143062 0.00385482 -0.00219353 -0.140538 
0.000134349 0.00155998 -0.00139924 0.00338059 -0.00259708 -0.140332 
0.000396073 0.00100878 -0.00184556 0.00324923 -0.00337855 -0.140472 
9.85265e-05 0.000298828 -0.00152449 0.00351766 -0.00223711 -0.138977 
0.000152171 0.00160142 -0.0015578 0.00343218 -0.0024233 -0.138815 
0.000199318 0.00105818 -0.00157865 0.00308415 -0.00265398 -0.138718 
0.000113308 0.000621408 -0.00148392 0.0031236 -0.002219 -0.137821 
0.00011766 0.00117598 -0.0015416 0.00314604 -0.00224613 -0.137532 
0.000123978 0.00101895 -0.00155365 0.00314505 -0.00230964 -0.137343 
0.000206113 0.00101189 -0.00158527 0.00310814 -0.00248274 -0.136759 
0.000119328 0.000845753 -0.00153325 0.00296762 -0.0022373 -0.136273 
0.000117958 0.000836253 -0.00150405 0.00292173 -0.00224187 -0.135942 
0.000197113 0.000742793 -0.00154188 0.00290204 -0.00238331 -0.135369 
0.000112474 0.000573374 -0.00150003 0.00278427 -0.00213161 -0.13486 
8.14199e-05 0.000464037 -0.00145216 0.00276904 -0.00203989 -0.134493 
0.000183046 0.000544809 -0.00149006 0.00274077 -0.00222974 -0.133914 
0.000112593 0.000309765 -0.00146195 0.0026753 -0.00197871 -0.133313 
4.16636e-05 0.000248462 -0.00143028 0.00262625 -0.0018691 -0.133094 
0.000105143 0.000372276 -0.00143903 0.0024956 -0.00204298 -0.13269 
0.000156462 0.000182986 -0.00151249 0.00242796 -0.00215375 -0.132247 
9.26256e-05 0.000193439 -0.00150728 0.00242054 -0.00202204 -0.132015 
6.3777e-06 0.000178307 -0.00137492 0.00232637 -0.00175134 -0.131595 
5.91874e-05 6.56024e-05 -0.00137933 0.00229201 -0.00184145 -0.131193 
-1.53184e-05 -1.88649e-05 -0.00132915 0.00222011 -0.0016642 -0.13085 
-5.87702e-05 8.72985e-05 -0.00128375 0.00216029 -0.00151922 -0.130412 
-1.9908e-05 3.47719e-05 -0.00132436 0.00219114 -0.00157138 -0.129975 
-4.79221e-05 -7.80895e-05 -0.00129374 0.00211297 -0.00146338 -0.129506 
-7.78437e-05 -2.38493e-05 -0.00127374 0.00199144 -0.00144305 -0.129387 
-6.3777e-05 -1.86414e-05 -0.00127343 0.00191936 -0.00146986 -0.129081 
-7.62343e-05 -4.68343e-05 -0.0012485 0.00181836 -0.0014087 -0.128713 
-0.000109613 -0.000153497 -0.00123405 0.00181188 -0.00133097 -0.128386 
-0.000110328 -9.15751e-05 -0.00124135 0.00184755 -0.00128873 -0.127982 
-0.000129282 -0.00018435 -0.00122081 0.00171508 -0.00128913 -0.127877 
-0.00014317 -0.000207722 -0.00121701 0.00174134 -0.0012163 -0.127532 
-0.000133634 -0.000138268 -0.00121913 0.00170583 -0.00118873 -0.127028 
-0.00013572 -0.000146791 -0.00121495 0.00161436 -0.00124989 -0.126984 
-0.00015533 -0.000102893 -0.00119348 0.00162154 -0.00112815 -0.126552 
-0.000156343 -0.000124238 -0.0011935 0.00167006 -0.000994732 -0.125906 
-0.0001598 -0.000198804 -0.00120711 0.00158207 -0.00109803 -0.12594 
-0.000120103 -9.13739e-05 -0.00122581 0.00143319 -0.0012313 -0.125709 
-0.000159442 -0.000133067 -0.00120559 0.00140148 -0.00114315 -0.125476 
-0.000193477 -0.000171013 -0.00118311 0.00139014 -0.0010619 -0.125237 
-0.000222147 -0.000208765 -0.00115518 0.00127712 -0.00100845 -0.125015 
-0.00019902 -0.000194833 -0.00116932 0.00126639 -0.00106872 -0.124748 
-0.000195146 -0.000200771 -0.00117924 0.00125191 -0.00105332 -0.124413 
-0.000200689 -0.000136234 -0.00120699 0.00123526 -0.00105919 -0.12421 
-0.000237644 -0.000174329 -0.00117943 0.00114251 -0.000990092 -0.123987 
-0.000237942 -0.000192501 -0.00120787 0.00117361 -0.000956538 -0.123633 
-0.000262976 -0.00029666 -0.00121427 0.00119318 -0.0009059 -0.123405 
-0.000268936 -0.000230968 -0.00122682 0.00108095 -0.000919781 -0.123199 
-0.000251472 -0.000221059 -0.00128905 0.00111625 -0.000978268 -0.122994 
-0.000254631 -0.000310689 -0.00130694 0.00111657 -0.000967259 -0.122703 
-0.000266731 -0.000184797 -0.00129851 0.00104724 -0.000916903 -0.122338 
-0.000254393 -0.000180744 -0.00134758 0.0010988 -0.000950973 -0.122099 
-0.000246525 -0.000191376 -0.00137156 0.00104871 -0.0010005 -0.121923 
-0.00028193 -0.000229321 -0.00132217 0.000938019 -0.000920565 -0.121656 
-0.000282466 -0.00030984 -0.00133003 0.000963968 -0.000931813 -0.12148 
-0.000266552 -0.000231288 -0.00133351 0.000937666 -0.000981342 -0.121324 
-0.00029999 -0.000342332 -0.00130928 0.000826611 -0.000923903 -0.121046 
-0.000297129 -0.000344336 -0.00134228 0.000859403 -0.000961687 -0.120885 
-0.000316441 -0.000368074 -0.00131569 0.000842665 -0.00091716 -0.120649 
-0.000308335 -0.000372685 -0.00130287 0.000763602 -0.000937649 -0.120422 
-0.00032866 -0.000470541 -0.00130214 0.000774172 -0.000927383 -0.120246 
-0.000321507 -0.000321999 -0.00131615 0.000778254 -0.000938963 -0.119965 
-0.000322998 -0.000333294 -0.00128899 0.000727552 -0.000921332 -0.119703 
-0.000341058 -0.000425711 -0.00128499 0.000694331 -0.00094909 -0.119613 
-0.000368893 -0.000395276 -0.00128116 0.000777667 -0.000820369 -0.119106 
-0.000340402 -0.000371523 -0.00130211 0.000694794 -0.000923133 -0.118959 
-0.000356376 -0.00046663 -0.00128428 0.000690471 -0.000904768 -0.118744 
-0.000366032 -0.000418067 -0.00127647 0.000712888 -0.000854207 -0.118365 
-0.000357032 -0.000410981 -0.00127713 0.000609529 -0.000929253 -0.11825 
-0.000350177 -0.000410616 -0.00127229 0.00063695 -0.000946042 -0.11804 
-0.000337243 -0.000409782 -0.00128287 0.000637026 -0.000973649 -0.117762 
-0.000347257 -0.000426456 -0.00128161 0.000554381 -0.00097182 -0.11755 
-0.000390053 0.000468589 -0.00193796 -0.00101221 -0.00155103 -0.152195 
0.000226378 0.00115114 -0.000704199 0.000347519 0.000151493 -0.159618 
-0.00133312 -0.00101275 0.000390641 -0.000147226 0.00146321 -0.12947 
1.47223e-05 0.000913866 -0.00234331 -0.000934572 -0.00219286 -0.15594 
-0.00051409 0.00118676 -6.70254e-05 0.000727281 0.00109876 -0.141934 
-0.00117284 0.000460342 7.23153e-05 -0.000434831 0.000670397 -0.135069 
-5.62072e-05 0.00181913 -0.00178932 -0.000698237 -0.00174238 -0.149233 
-0.00100052 -0.00837722 0.000266865 0.000604744 0.00160543 -0.13691 
-0.000712514 -9.34303e-06 -0.000420503 -0.000261147 -0.000233162 -0.138562 
-0.000298321 -0.00349656 -0.0013752 -0.000157343 -0.000835653 -0.141321 
-0.00113511 -0.00435197 9.63882e-05 0.000566691 0.00162725 -0.133557 
-0.000517666 -0.000280321 -0.000645064 -0.000353114 -0.00052408 -0.135477 
-0.000356138 -0.000192851 -0.00110545 8.81938e-07 -0.000693728 -0.135411 
-0.00117379 -0.00100127 -5.86808e-05 0.000467858 0.00152639 -0.132448 
-0.000655413 0.000963792 -0.000725642 -0.00027145 -0.000359458 -0.133688 
-0.000650942 -0.000432029 -0.000811912 0.000168083 -0.00010413 -0.132533 
-0.000857949 -0.000390306 -0.000432335 0.000314162 0.000683625 -0.131031 
-0.0008201 0.000717543 -0.000543699 4.44836e-05 0.000249067 -0.131368 
-0.000826538 -3.75584e-05 -0.000563085 0.000106156 0.00035811 -0.130481 
-0.000746131 7.02664e-05 -0.00065136 5.68088e-05 0.000238791 -0.129431 
-0.000766754 0.000232823 -0.000755683 4.7683e-05 0.000100987 -0.129324 
-0.000847757 0.000129201 -0.000733241 0.000138718 0.000409678 -0.128403 
-0.000816762 -1.00136e-05 -0.000759728 -3.14906e-06 0.000278616 -0.127755 
-0.000814974 -0.000252873 -0.000788495 3.02959e-05 0.00021589 -0.127242 
-0.000839472 -0.000231907 -0.000794224 0.00015176 0.00034558 -0.126416 
-0.000836313 -8.43853e-05 -0.000845499 7.82451e-05 0.000203353 -0.126138 
-0.000819266 -0.000304729 -0.000880994 3.20047e-05 0.000116406 -0.12563 
-0.000836551 -0.000350386 -0.000865251 0.000104699 0.000213555 -0.124807 
-0.000880003 -0.000404589 -0.000872441 7.21253e-05 0.000210502 -0.124449 
-0.00083667 -0.000451282 -0.000958413 2.0922e-05 5.86825e-05 -0.123958 
-0.000835359 -0.000480026 -0.00097008 0.000119315 0.000110872 -0.123147 
-0.000827491 -0.000478014 -0.0010557 2.33915e-05 -7.20413e-05 -0.122971 
-0.000857234 -0.000523925 -0.00108052 3.34775e-05 -7.69871e-06 -0.122358 
-0.000916362 -0.000607438 -0.00104212 0.000168398 0.000195088 -0.121545 
-0.000850677 -0.00062339 -0.00113134 3.57917e-05 -0.000131221 -0.121371 
-0.000880003 -0.000745527 -0.00115328 -6.28111e-05 -0.000168729 -0.121017 
-0.000906885 -0.000783481 -0.00111921 -5.70707e-05 -0.000136739 -0.120437 
-0.000852168 -0.000601858 -0.00122406 -2.56025e-05 -0.000334381 -0.120042 
-0.000852287 -0.000765964 -0.00127087 -0.000122962 -0.000412202 -0.119644 
-0.000927746 -0.000856139 -0.00122243 2.13782e-05 -0.000195073 -0.118974 
-0.000931263 -0.000792585 -0.00123908 -8.29824e-05 -0.000285229 -0.118695 
-0.000918686 -0.000873059 -0.00124884 -6.61591e-05 -0.000331992 -0.118288 
-0.00097388 -0.000942603 -0.001206 -4.26118e-05 -0.000212927 -0.117764 
-0.000973284 -0.000877105 -0.00122932 -6.42338e-05 -0.000254533 -0.117317 
-0.000962257 -0.000955485 -0.00124619 -8.80577e-06 -0.000301461 -0.116918 
-0.00100958 -0.00102025 -0.00122148 -3.77722e-06 -0.000181565 -0.116284 
-0.00100929 -0.000950329 -0.0012345 -3.61838e-05 -0.000268471 -0.11601 
-0.00098455 -0.00102151 -0.00126206 -2.85225e-06 -0.000362876 -0.115662 
-0.0010215 -0.000989512 -0.00121399 -0.000100613 -0.000307688 -0.115188 
-0.00102884 -0.00101285 -0.00120064 -5.05567e-05 -0.000314324 -0.114783 
-0.000997603 -0.000919119 -0.00130258 -5.40918e-05 -0.000486355 -0.114504 
-0.00103444 -0.000973083 -0.00129387 -3.27146e-05 -0.000392968 -0.113902 
-0.00103176 -0.000975199 -0.0012873 -6.59851e-05 -0.000485126 -0.113651 
-0.00102091 -0.000981085 -0.00133132 -5.75611e-05 -0.000530574 -0.113107 
-0.00103378 -0.00102011 -0.001333 -7.48622e-06 -0.00049314 -0.112536 
-0.00103843 -0.00103103 -0.0013474 -6.11117e-05 -0.000585561 -0.112307 
-0.00105751 -0.0010584 -0.0013545 -9.07796e-05 -0.000595651 -0.111946 
-0.00107688 -0.00109748 -0.00133449 -6.81997e-05 -0.000543943 -0.11145 
-0.00111651 -0.00114409 -0.00130296 -7.68656e-05 -0.000481082 -0.111076 
-0.00115222 -0.00119264 -0.00131567 -3.36468e-05 -0.000426237 -0.110641 
-0.00116992 -0.00122256 -0.00129487 -6.36324e-06 -0.000418371 -0.110293 
-0.00117362 -0.00123252 -0.00125698 -7.56088e-05 -0.000429441 -0.109926 
-0.0011853 -0.00125641 -0.00127921 -6.28811e-05 -0.000479471 -0.109587 
-0.0012235 -0.00129894 -0.00130054 -3.83426e-05 -0.000425345 -0.10933 
-0.00124651 -0.00118215 -0.00131965 -0.00010151 -0.000462156 -0.109017 
-0.00119489 -0.0012956 -0.0013773 -0.000108759 -0.000637101 -0.108646 
-0.00131041 -0.00125659 -0.00134683 -8.33638e-05 -0.000409597 -0.108444 
-0.00131625 -0.00121044 -0.00133023 -7.96648e-05 -0.000425391 -0.107979 
-0.00143838 -0.00146279 -0.0011586 5.73552e-05 0.000211639 -0.105153 
-0.0015282 -0.0016323 -0.000804298 3.82462e-06 0.000543464 -0.101433 
-0.00121921 -0.0011913 -0.000971779 -0.000210222 -0.000258236 -0.102047 
-0.00125355 -0.00120185 -0.00127838 -0.000178154 -0.00040931 -0.103154 
-0.00157779 -0.00151451 -0.000975087 0.000300047 0.000494836 -0.101449 
-0.00132984 -0.000765733 -0.00125789 -6.0472e-05 -0.000360138 -0.101467 
-0.00122398 -0.0011524 -0.00142484 -0.000134122 -0.000760432 -0.101413 
-0.00139189 -0.00102551 -0.00134618 4.19256e-05 -0.000338295 -0.100735 
-0.00129271 -0.00047978 -0.00148592 -4.49632e-05 -0.00069178 -0.100598 
-0.00133389 -0.00114095 -0.00150894 -4.40337e-05 -0.000738852 -0.100516 
-0.0014478 -0.00147734 -0.00144999 -4.33529e-05 -0.000475993 -0.100197 
-0.00137234 -0.00126708 -0.00151446 -1.55401e-05 -0.00068322 -0.0998881 
-0.00142425 -0.00147501 -0.00148736 -3.4934e-05 -0.000663564 -0.0997615 
-0.00151879 -0.00141738 -0.00143138 -8.05871e-05 -0.000455265 -0.0996272 
-0.00146252 -0.00137299 -0.00144262 -4.55467e-05 -0.000624832 -0.0993113 
-0.0014472 -0.00151758 -0.00145978 -5.65182e-05 -0.000700018 -0.0990935 
-0.00157642 -0.00148991 -0.00140773 -0.000104528 -0.000448193 -0.0989729 
-0.00152612 -0.00137305 -0.00140987 -7.60029e-05 -0.000626022 -0.0986629 
-0.0015049 -0.00143491 -0.00142872 -8.03413e-05 -0.000699715 -0.0984439 
-0.00159472 -0.00152483 -0.00136161 -0.000133057 -0.000526812 -0.098291 
-0.00159305 -0.0015238 -0.00136953 -0.000101962 -0.000612986 -0.0980299 
-0.00159889 -0.00154375 -0.00139792 -9.37269e-05 -0.000618831 -0.0978449 
-0.00170922 -0.00164151 -0.00131229 -0.000159058 -0.000421472 -0.0977199 
-0.00162506 -0.00157195 -0.00135318 -0.000137636 -0.000669224 -0.0973991 
-0.00170255 -0.00164842 -0.00132062 -0.000111143 -0.000486799 -0.0972598 
-0.00175261 -0.00170025 -0.00126614 -0.000187283 -0.000438342 -0.0970504 
-0.00165874 -0.00147419 -0.00134365 -0.0001546 -0.000684623 -0.0967443 
-0.00179434 -0.00160146 -0.00129486 -0.000141858 -0.000368385 -0.0967465 
-0.0017761 -0.00158915 -0.00127037 -0.000253896 -0.000520191 -0.0965341 
-0.00173092 -0.00155909 -0.00129625 -0.000164043 -0.000631198 -0.0961815 
-0.00179291 -0.00177663 -0.00129531 -0.000141988 -0.000483047 -0.0960047 
-0.00184256 -0.00167431 -0.00124739 -0.000198661 -0.000449146 -0.0957288 
-0.00185943 -0.00169873 -0.00122537 -0.000151764 -0.000419851 -0.0954979 
-0.0018791 -0.00172396 -0.00124992 -0.000179947 -0.000407008 -0.0952953 
-0.00189596 -0.00174506 -0.00120025 -0.000191602 -0.000416631 -0.0950125 
-0.00185812 -0.00171509 -0.00127605 -0.000169944 -0.000531624 -0.0947786 
-0.00194812 -0.00179853 -0.00125665 -0.000187013 -0.000377628 -0.0945666 
-0.0019865 -0.00183778 -0.00123094 -0.000177338 -0.000341367 -0.0943193 
-0.00193799 -0.00187631 -0.00128017 -0.000169968 -0.000491521 -0.094028 
-0.00194407 -0.00289846 -0.0012477 -0.000204024 -0.000496682 -0.0937201 
-0.00196594 -0.00285244 -0.00126423 -0.000156877 -0.000485034 -0.0934969 
-0.00197977 -0.00279867 -0.00126731 -0.00019947 -0.00052943 -0.0932421 
-0.00199413 -0.00282263 -0.00126766 -0.000189589 -0.000572651 -0.0928411 
-0.00201809 -0.00285485 -0.00130904 -0.000145105 -0.000518762 -0.0924931 
-0.00205147 -0.00281841 -0.00125717 -0.000229037 -0.00049802 -0.0921919 
-0.00201571 -0.00273265 -0.00127278 -0.000141616 -0.000555496 -0.0915767 
-0.00207734 -0.00264628 -0.00133144 -0.000171158 -0.000508513 -0.091525 
-0.0021044 -0.00253545 -0.00127429 -0.000187643 -0.000487381 -0.0910571 
-0.00207102 -0.00244861 -0.00127844 -0.000110178 -0.000520515 -0.0905778 
-0.00213993 -0.00243953 -0.00124659 -0.000155929 -0.000412436 -0.0904151 
-0.00218111 -0.00241507 -0.00117219 -0.000204764 -0.000378079 -0.0900825 
-0.00210941 -0.00222375 -0.00123176 -0.000136342 -0.000517796 -0.0895165 
-0.00213647 -0.00218188 -0.00130004 -0.000165846 -0.000535558 -0.0892096 
-0.00220847 -0.00218176 -0.00123219 -0.000151108 -0.000388691 -0.088897 
-0.00214535 -0.00213971 -0.00129459 -0.000153284 -0.000570111 -0.0883431 
-0.00216687 -0.00216936 -0.0013376 -0.000201971 -0.000584673 -0.0879902 
-0.00227195 -0.00227328 -0.00127713 -0.000153109 -0.000365167 -0.0877691 
-0.00217861 -0.00205883 -0.001322 -0.000123278 -0.000615416 -0.087241 
-0.00225371 -0.0023615 -0.00127699 -0.000143429 -0.000407242 -0.0867816 
-0.00230402 -0.0023383 -0.00129157 -9.42472e-05 -0.000345832 -0.0865526 
-0.00224 -0.00214659 -0.00131828 -0.000165985 -0.000602381 -0.0861426 
-0.00220901 -0.00220922 -0.00134555 -0.000122631 -0.000638325 -0.0857434 
-0.00225943 -0.00218656 -0.0013011 -0.00011628 -0.000548103 -0.0853677 
-0.00225455 -0.00212194 -0.0013113 -0.000132604 -0.00063363 -0.0849267 
-0.00223106 -0.0021108 -0.00137256 -0.000137814 -0.000731561 -0.0845744 
-0.0023759 -0.00224239 -0.00127261 -0.000165941 -0.000453802 -0.0843135 
-0.0022729 -0.0021651 -0.00130875 -0.000217647 -0.000720441 -0.0838831 
-0.00235039 -0.00223651 -0.00133214 -0.000165015 -0.000582882 -0.0835914 
-0.00238633 -0.00220469 -0.00132255 -0.000214341 -0.000564181 -0.0833263 
-0.00232559 -0.00201271 -0.00136506 -0.000215729 -0.000762876 -0.0828933 
-0.00243139 -0.00218197 -0.00134853 -0.000175989 -0.000546706 -0.082639 
-0.00237572 -0.00200179 -0.0013518 -0.000245369 -0.000731723 -0.0822544 
-0.00239569 -0.00202484 -0.0013611 -0.000215143 -0.000715834 -0.0818007 
-0.00252497 -0.00214882 -0.00131951 -0.00021768 -0.000459445 -0.0815414 
-0.00239146 -0.00204249 -0.00136448 -0.000248183 -0.000816214 -0.0810698 
-0.00255561 -0.00218624 -0.00131517 -0.00020301 -0.000466258 -0.0808465 
-0.00253683 -0.00225033 -0.00133928 -0.000225826 -0.000552936 -0.0804174 
-0.00248134 -0.00213823 -0.0013741 -0.00023321 -0.000761101 -0.0799628 
-0.00262022 -0.0033281 -0.00131895 -0.000246654 -0.000444777 -0.0797743 
-0.00253695 -0.00312589 -0.00132376 -0.000242628 -0.00068954 -0.0792837 
-0.00256789 -0.0033084 -0.00133648 -0.00023073 -0.000664186 -0.078719 
-0.00260711 -0.00335417 -0.00133979 -0.00023169 -0.000577704 -0.0782648 
-0.00257462 -0.00318928 -0.00134829 -0.000233284 -0.000724309 -0.0778979 
-0.00262916 -0.00339406 -0.00132667 -0.000189429 -0.000596299 -0.0774324 
-0.00265497 -0.00328288 -0.00134231 -0.000185657 -0.000578831 -0.0768592 
-0.00263733 -0.00313689 -0.00135922 -0.000206164 -0.000686945 -0.0764522 
-0.00271755 -0.00313768 -0.0012933 -0.000233813 -0.000506446 -0.0761037 
-0.00267923 -0.00297296 -0.00128485 -0.000200192 -0.000645688 -0.0755903 
-0.0027867 -0.00285208 -0.00125712 -0.000204192 -0.000438932 -0.0753506 
-0.00272834 -0.00281317 -0.00131143 -0.000256763 -0.000654904 -0.0748649 
-0.00273991 -0.00262063 -0.00130521 -0.000190754 -0.000647229 -0.0743612 
-0.00279838 -0.00260421 -0.00132051 -0.000251909 -0.000570089 -0.0739069 
-0.00275213 -0.00250662 -0.00135109 -0.000231392 -0.000707716 -0.0733062 
-0.00288361 -0.00255707 -0.00128092 -0.000120502 -0.000391827 -0.0728881 
-0.00281626 -0.00251053 -0.00129958 -0.000196521 -0.00059355 -0.0724046 
-0.00285995 -0.00255765 -0.00132432 -0.000167013 -0.00054412 -0.0719527 
-0.00292128 -0.00261803 -0.00128061 -0.000207557 -0.000453276 -0.0714934 
-0.00287175 -0.00243928 -0.00130328 -0.000213718 -0.000596579 -0.0710386 
-0.00287932 -0.00253003 -0.00131737 -0.000205847 -0.000609078 -0.070638 
-0.00291812 -0.00249888 -0.00131311 -0.000216297 -0.000603258 -0.0701017 
-0.00292391 -0.00251384 -0.00131026 -0.000211606 -0.000628232 -0.0696656 
-0.00298023 -0.00256525 -0.00126741 -0.000234756 -0.000510479 -0.0693044 
-0.00295979 -0.00255636 -0.0013181 -0.0002547 -0.000630424 -0.0688097 
-0.00305223 -0.00249454 -0.00129762 -0.000220797 -0.000465496 -0.0684537 
-0.00302613 -0.00248123 -0.00128394 -0.000239148 -0.000536299 -0.067988 
-0.0030182 -0.00248165 -0.00129808 -0.000273568 -0.000633951 -0.0675198 
-0.00306106 -0.00252733 -0.00130009 -0.00015656 -0.000550454 -0.066985 
-0.00308144 -0.00247715 -0.00128251 -0.000219241 -0.000526415 -0.0665275 
-0.00310981 -0.00257542 -0.0012601 -0.000247296 -0.000512533 -0.0661516 
-0.00311387 -0.0025896 -0.00128571 -0.000140085 -0.000506153 -0.0654633 
-0.00312376 -0.0033703 -0.00131937 -0.000216337 -0.000541835 -0.0650797 
-0.00316739 -0.00348137 -0.00126458 -0.000212557 -0.000457513 -0.0647067 
-0.00314701 -0.00355493 -0.00130182 -9.84811e-05 -0.000508517 -0.0638112 
-0.00319767 -0.00353612 -0.00132524 -0.000149052 -0.000459775 -0.0631726 
-0.00316983 -0.00359551 -0.001344 -0.00014012 -0.000534118 -0.0625719 
-0.00318801 -0.00362638 -0.00132728 -9.84674e-05 -0.0004938 -0.0617806 
-0.00325835 -0.00361818 -0.00133987 -0.000140557 -0.000385121 -0.0612695 
-0.0032379 -0.00347671 -0.00137165 -4.51829e-05 -0.000437716 -0.0604543 
-0.00330359 -0.00360808 -0.00133019 -6.90827e-05 -0.000324352 -0.0599275 
-0.0033316 -0.00349588 -0.00127165 -9.60889e-05 -0.000280706 -0.0594001 
-0.00337386 -0.00339752 -0.00125922 -9.01075e-05 -0.000239816 -0.0588219 
-0.00343937 -0.00345566 -0.00125346 -7.94459e-05 -0.00017047 -0.0583061 
-0.00338972 -0.00328628 -0.00125326 -8.21025e-05 -0.000280505 -0.0575819 
-0.00336617 -0.00313313 -0.00129662 -9.71798e-05 -0.000372733 -0.0570968 
-0.00343645 -0.00319375 -0.00127892 -0.000102412 -0.000318774 -0.056575 
-0.00343037 -0.00299253 -0.00122824 -3.38262e-05 -0.000252965 -0.0556964 
-0.00344521 -0.00300808 -0.00127364 -7.44414e-05 -0.000270712 -0.0553212 
-0.00346869 -0.00302999 -0.00129908 -0.0001257 -0.000376092 -0.05487 
-0.00346112 -0.00282505 -0.00128184 -8.84442e-05 -0.000358173 -0.0540657 
-0.00353777 -0.00288902 -0.00127041 -0.000100596 -0.000199583 -0.053608 
-0.00354046 -0.00290096 -0.00129213 -9.61534e-05 -0.000281224 -0.0529235 
-0.00347465 -0.00286137 -0.00130174 -0.000109703 -0.000435437 -0.0521281 
-0.00353873 -0.00291659 -0.00127158 -9.23191e-05 -0.000288105 -0.0516255 
-0.00352472 -0.00291513 -0.00131399 -7.55723e-05 -0.000387704 -0.0509013 
-0.00355124 -0.00287181 -0.00130934 -8.46125e-05 -0.000358129 -0.0502908 
-0.00362307 -0.00300185 -0.00127496 -4.63797e-05 -0.000200018 -0.0498315 
-0.0035497 -0.00295429 -0.00131918 -6.87269e-05 -0.000398218 -0.0490461 
-0.00360209 -0.00398385 -0.0013313 -4.87312e-06 -0.000293638 -0.0483587 
-0.00358415 -0.00390483 -0.00132225 -3.1232e-05 -0.000349325 -0.0478708 
-0.00357187 -0.00376081 -0.00133668 -0.000117107 -0.000511483 -0.0472868 
-0.00363773 -0.0038845 -0.00136705 -0.000128475 -0.000463969 -0.046698 
-0.00368005 -0.00385623 -0.00132171 -0.000106363 -0.000368415 -0.045969 
-0.00361556 -0.0038176 -0.00131735 -0.00018704 -0.000572207 -0.0451219 
-0.00374907 -0.00378093 -0.00133685 -0.00010771 -0.000321651 -0.0446676 
-0.00369459 -0.00361069 -0.00133193 -0.000141278 -0.000482585 -0.0438218 
-0.00370216 -0.00348828 -0.00129829 -0.000104165 -0.000443203 -0.0429571 
-0.00376886 -0.0036098 -0.00134581 -0.000113833 -0.000379424 -0.0424617 
-0.0037179 -0.00337018 -0.00135833 -0.000136736 -0.000560668 -0.0416399 
-0.00377029 -0.00341689 -0.00127538 -0.000132356 -0.000406346 -0.0408997 
-0.00379157 -0.00343712 -0.00131684 -0.00010372 -0.00039733 -0.0403326 
-0.00380856 -0.00324514 -0.00133146 -0.00013232 -0.00046593 -0.0395721 
-0.00382608 -0.00333778 -0.00129449 -4.31759e-05 -0.000377153 -0.0387704 
-0.0038631 -0.00323212 -0.00133663 -9.47309e-07 -0.000317491 -0.0380576 
-0.00383502 -0.00321361 -0.00133319 -0.00014131 -0.000514439 -0.0373876 
-0.00393772 -0.00329482 -0.00125545 -2.51121e-05 -0.000228627 -0.0368152 
-0.00384223 -0.00301891 -0.00134613 -0.00011657 -0.000515152 -0.0360754 
-0.00392783 -0.00301367 -0.00133689 -0.000150907 -0.000436056 -0.0355523 
-0.00397652 -0.00305329 -0.00127679 -6.80559e-05 -0.000281618 -0.0349177 
-0.00389117 -0.00292769 -0.00137008 -0.000169193 -0.000584629 -0.0340901 
-0.00400025 -0.00314792 -0.00132575 -0.00017708 -0.000384895 -0.0334988 
-0.0040127 -0.00302102 -0.00127374 -0.000147717 -0.000329565 -0.0329271 
-0.00393194 -0.0029686 -0.00137752 -0.000187586 -0.000630462 -0.0320954 
-0.00400609 -0.00414178 -0.00136144 -0.000182054 -0.0005223 -0.0315122 
-0.00405836 -0.0040472 -0.00127571 -0.00018297 -0.000385063 -0.0308525 
-0.00400597 -0.00401934 -0.00133391 -0.00020402 -0.000591827 -0.0299337 
-0.00406331 -0.00420068 -0.00132622 -0.000155978 -0.000468726 -0.0290102 
-0.00411618 -0.00417159 -0.00126875 -0.000188419 -0.000397725 -0.0284188 
-0.00404018 -0.00419358 -0.00135805 -0.000200349 -0.000631765 -0.0274628 
-0.00418431 -0.00430288 -0.00130965 -0.000135223 -0.000323785 -0.0265554 
-0.00413913 -0.00413452 -0.00126498 -0.000192679 -0.00044561 -0.02586 
-0.0041073 -0.00397857 -0.00134837 -0.000166817 -0.000580584 -0.0250391 
-0.00420052 -0.00412377 -0.0013225 -3.59106e-05 -0.000317648 -0.0239585 
-0.00418854 -0.00370193 -0.00125784 -0.000139994 -0.000410383 -0.0233483 
-0.0042305 -0.00379997 -0.00133605 -0.000205053 -0.000456938 -0.0227468 
-0.00423378 -0.00380331 -0.00135696 -0.000224312 -0.000491376 -0.0219259 
-0.00428432 -0.00370372 -0.00122767 -0.000203266 -0.000344805 -0.0210915 
-0.00424057 -0.00367483 -0.00133375 -0.00030674 -0.000529392 -0.0203658 
-0.00424939 -0.00353801 -0.00137012 -0.00027598 -0.000569073 -0.0195869 
-0.00431103 -0.00358283 -0.00129288 -0.000240358 -0.000439452 -0.018867 
-0.00429177 -0.00343946 -0.00140174 -0.00026562 -0.000550623 -0.0180562 
-0.00437081 -0.00362336 -0.00130097 -0.000201607 -0.000362892 -0.0172743 
-0.0043909 -0.00356777 -0.00126974 -0.000239818 -0.000373641 -0.0165364 
-0.00438958 -0.0035031 -0.00138327 -0.000190131 -0.000382186 -0.0155094 
-0.00438482 -0.00350006 -0.00129057 -0.000255662 -0.000418087 -0.0148194 
-0.00441271 -0.00345235 -0.00130162 -0.000266207 -0.000430319 -0.0141899 
-0.00446123 -0.00440356 -0.00133352 -0.000178667 -0.000337576 -0.0133728 
-0.00448358 -0.00441785 -0.00122134 -0.000204107 -0.000299565 -0.0126015 
-0.00447112 -0.00427774 -0.00131829 -0.000221914 -0.000415388 -0.0117988 
-0.00452596 -0.00432223 -0.00132225 -0.000133235 -0.000274846 -0.0106632 
-0.0045225 -0.00418479 -0.00124611 -0.000137998 -0.000290518 -0.00983895 
-0.00451869 -0.00417923 -0.0013453 -0.000190889 -0.000385169 -0.0090523 
-0.00452667 -0.00418574 -0.0013117 -0.000167813 -0.000392555 -0.008135 
-0.00457454 -0.00400529 -0.001266 -0.000221398 -0.000327479 -0.00724596 
-0.00456041 -0.00393165 -0.0014054 -0.000198427 -0.000439676 -0.00640182 
-0.00462461 -0.00395835 -0.00129765 -0.000192199 -0.000317862 -0.00557264 
-0.00469798 -0.00387585 -0.00122487 -0.000189633 -0.000163761 -0.00471352 
-0.00463134 -0.00383878 -0.00137257 -0.000149426 -0.000356256 -0.00362615 
-0.00470865 -0.0037362 -0.00125801 -0.00017334 -0.00022861 -0.00287857 
-0.00467044 -0.00358514 -0.00130519 -0.000169006 -0.000328375 -0.00179757 
-0.00465035 -0.00356898 -0.00139955 -0.000131913 -0.000398607 -0.000813001 
-0.0048117 -0.00366665 -0.00119904 -0.000145934 -5.57244e-05 -0.000129713 
-0.004686 -0.00345551 -0.00133181 -0.000221335 -0.000385793 0.000920967 
-0.00474143 -0.00348071 -0.00134449 -0.000155437 -0.000265474 0.00173984 
-0.0048725 -0.00356036 -0.00125059 -0.000140185 -2.49698e-05 0.00245928 
-0.00465459 -0.00328603 -0.00141403 -0.000115836 -0.000518243 0.00359445 
-0.00479937 -0.00344284 -0.00129843 -0.000110674 -0.00019239 0.00426207 
-0.00485671 -0.00446605 -0.0012968 -0.000125795 -0.000149154 0.0049498 
-0.00469637 -0.00422306 -0.00139517 -0.00019565 -0.000578638 0.0060313 
-0.00494725 -0.00450107 -0.00124145 -0.000137854 -8.25818e-06 0.00680244 
-0.00482792 -0.00429427 -0.00131246 -0.000250342 -0.000361519 0.0077932 
-0.00483131 -0.0042932 -0.0013273 -0.000212649 -0.000416047 0.00875858 
-0.00488955 -0.00445178 -0.00129654 -0.000214383 -0.000281167 0.00966159 
-0.00481015 -0.00414566 -0.00137331 -0.000289137 -0.000554332 0.0107072 
-0.00490201 -0.00419213 -0.00130329 -0.000212348 -0.000379135 0.011592 
-0.00496536 -0.00409318 -0.00126401 -0.000180625 -0.000198538 0.0125998 
-0.00484127 -0.00401119 -0.00136155 -0.000270169 -0.000587531 0.0135266 
-0.00504267 -0.00413151 -0.00127032 -0.000132275 -0.000167569 0.0143455 
-0.0048759 -0.00389061 -0.00136948 -0.000211078 -0.000511637 0.0156206 
-0.0049234 -0.0037819 -0.00132351 -0.000234635 -0.000483022 0.0164176 
-0.00503492 -0.00395913 -0.00128637 -0.000182578 -0.000287724 0.0173016 
-0.00491446 -0.00375688 -0.00140126 -0.000272863 -0.000587859 0.0183973 
-0.00503361 -0.00395001 -0.00130822 -0.000213262 -0.000366003 0.0193773 
-0.00502938 -0.0039325 -0.00134645 -0.000202129 -0.000392125 0.0203164 
-0.00501186 -0.00372608 -0.0013341 -0.000165401 -0.000395367 0.0214281 
-0.00505471 -0.00392304 -0.00129967 -0.000187984 -0.00034952 0.0223029 
-0.00508285 -0.0038107 -0.0013484 -0.000216948 -0.000320926 0.0230715 
-0.0050388 -0.00464878 -0.00138725 -0.000254889 -0.000560234 0.0241157 
-0.00512213 -0.00467759 -0.00135585 -0.00020142 -0.000344863 0.0249837 
-0.0051105 -0.00466703 -0.00134668 -0.000261976 -0.000412646 0.0260109 
-0.00512487 -0.00464997 -0.0013551 -0.000293403 -0.000491609 0.027016 
-0.00508946 -0.00461848 -0.00140014 -0.000293591 -0.000542598 0.0278887 
-0.00511897 -0.0045027 -0.00136388 -0.000277414 -0.000544994 0.0289659 
-0.00516361 -0.00450827 -0.00132474 -0.000268549 -0.000464085 0.0299971 
-0.00519282 -0.00451332 -0.00133643 -0.000266063 -0.000406592 0.030812 
-0.0051741 -0.00440846 -0.00136796 -0.000264382 -0.000553353 0.0319806 
-0.00519997 -0.00435379 -0.00137623 -0.000199346 -0.000438309 0.0329631 
-0.00520122 -0.00422063 -0.00135021 -0.00027109 -0.000471131 0.033885 
-0.00521266 -0.00419683 -0.00136779 -0.000313837 -0.000573561 0.0348088 
-0.00520921 -0.00411956 -0.00141612 -0.000267023 -0.000548096 0.0357968 
-0.00525373 -0.00392949 -0.00138902 -0.000302251 -0.000524312 0.0367752 
-0.0052973 -0.00395089 -0.00134046 -0.000274485 -0.000429791 0.037673 
-0.00527728 -0.0037847 -0.00137908 -0.000308011 -0.000535866 0.0387369 
-0.00526446 -0.0037683 -0.0013895 -0.000337079 -0.000590377 0.0396969 
-0.00531042 -0.00379164 -0.0013988 -0.000293527 -0.000535403 0.0406879 
-0.00535411 -0.00459677 -0.00135805 -0.000295838 -0.00046564 0.0416734 
-0.00535226 -0.00463746 -0.00133116 -0.000301771 -0.000448078 0.0426445 
-0.00542682 -0.0047108 -0.00133922 -0.000274506 -0.000356564 0.0436535 
-0.00535309 -0.00459263 -0.00134636 -0.000290812 -0.000495157 0.0446847 
-0.00536299 -0.00459314 -0.00139048 -0.000328679 -0.000512825 0.0455882 
-0.00552124 -0.00464401 -0.00126901 -0.000277736 -0.000240617 0.0463543 
-0.00535345 -0.00448452 -0.00139654 -0.000283854 -0.000609676 0.0474803 
-0.00552797 -0.0045441 -0.00131558 -0.000231699 -0.000238289 0.0482649 
-0.00551236 -0.00452027 -0.00128092 -0.000257468 -0.000315524 0.0492712 
-0.00543773 -0.00422786 -0.00133998 -0.000305774 -0.000525176 0.0502464 
-0.00559694 -0.00426664 -0.00129093 -0.000194646 -0.000155235 0.0509871 
-0.00548697 -0.00413674 -0.00136876 -0.000288055 -0.000485133 0.0520829 
-0.00554061 -0.00419831 -0.0013266 -0.000280593 -0.000428925 0.0530474 
