0 0 -0.00152814
0 0 -0.00154394
0 0 -0.0013333
0 0 -0.00131343
0 0 -0.00152861
0 0 -0.00139537
0 0 -0.00169058
0 0 -0.00163408
0 0 -0.0014973
0 0 -0.00169942
0 0 -0.00159834
0 0 -0.00162474
0 0 -0.0015417
0 0 -0.00168015
0 0 -0.00158034
0 0 -0.00171284
0 0 -0.00151403
0 0 -0.00147354
0 0 -0.00161148
0 0 -0.00138844
0 0 -0.00162444
0 0 -0.0015207
0 0 -0.00130912
0 0 0.00110711
0 0 -0.00120586
0 0 -0.000333451
0 0 0.00102238
0 0 -0.00464833
0 0 -0.00322039
0 0 -0.00910182
0 0 0
0 0 -0.0140058
0 0 -0.0105
0 0 -0.0017537
0 0 -0.00302237
0 0 -0.00267588
0 0 -0.00195453
0 0 -0.0013125
0 0 0.0010968
0 0 -0.000961386
0 0 8.9407e-06
0 0 0.00137495
0 0 -0.00381205
0 0 -0.00274444
0 0 -0.00322548
0 0 -0.00161803
0 0 -0.00906137
0 0 -0.00443354
0 0 -0.00122891
0 0 -0.00176452
0 0 -0.00205734
0 0 -0.000769742
0 0 -0.00318956
0 0 0.000395514
0 0 -0.00227283
0 0 -0.00158371
0 0 0.000335172
0 0 -0.00203766
0 0 -0.000843361
0 0 -0.00136474
0 0 -0.00211141
0 0 -0.000730656
0 0 -0.0012202
0 0 -0.00159964
0 0 -0.000972629
0 0 -0.00108863
0 0 -0.0010014
0 0 -0.00105277
0 0 -0.00103234
0 0 -0.00106079
0 0 -0.00115949
0 0 -0.00127572
0 0 -0.00113157
0 0 -0.00128759
0 0 -0.00137978
0 0 -0.00120915
0 0 -0.0013753
0 0 -0.00140794
0 0 -0.00136853
0 0 -0.00143152
0 0 -0.00149658
0 0 -0.00135197
0 0 -0.00140355
0 0 -0.00147087
0 0 -0.00140696
0 0 -0.00137694
0 0 -0.00136148
0 0 -0.00147692
0 0 -0.00142449
0 0 -0.00153453
0 0 -0.00156166
0 0 -0.00143859
0 0 -0.00146431
0 0 -0.00140108
0 0 -0.00136899
0 0 -0.00148166
0 0 -0.00133812
0 0 -0.00137819
0 0 -0.00141515
0 0 -0.00142992
0 0 -0.00142629
0 0 -0.00139031
0 0 -0.0013343
0 0 -0.00135055
0 0 -0.00135858
0 0 -0.00150689
0 0 -0.00140743
0 0 -0.00143341
0 0 -0.00149305
0 0 -0.00128321
0 0 -0.00130259
0 0 -0.00129727
0 0 -0.00127495
0 0 -0.00137809
0 0 -0.00128575
0 0 -0.00134306
0 0 -0.00139417
0 0 -0.00141232
0 0 -0.00136013
0 0 -0.00147907
0 0 -0.00131281
0 0 -0.00127713
0 0 -0.00139168
0 0 -0.00135536
0 0 -0.0012954
0 0 -0.00138599
0 0 -0.00130916
0 0 -0.00127502
0 0 -0.00128067
0 0 -0.00123604
0 0 -0.00121708
0 0 -0.00135429
0 0 0.000702932
0 0 -0.00161881
0 0 -0.00131588
0 0 0.000930004
0 0 -0.000711836
0 0 0.00034751
0 0 -0.00874952
0 0 -0.00102282
0 0 -0.00473449
0 0 -0.00563904
0 0 -0.00127384
0 0 -0.00155374
0 0 -0.00248881
0 0 -0.000224829
0 0 -0.00170744
0 0 -0.0015443
0 0 -0.000424601
0 0 -0.00114473
0 0 -0.000751026
0 0 -0.000658743
0 0 -0.000767432
0 0 -0.000685625
0 0 -0.000906758
0 0 -0.000885852
0 0 -0.000690348
0 0 -0.000859797
0 0 -0.000856213
0 0 -0.000890389
0 0 -0.000877157
0 0 -0.000836536
0 0 -0.000822306
0 0 -0.000816502
0 0 -0.000867732
0 0 -0.000849754
0 0 -0.000946552
0 0 -0.000961676
0 0 -0.000741526
0 0 -0.000847392
0 0 -0.000948392
0 0 -0.0008367
0 0 -0.000886805
0 0 -0.000936791
0 0 -0.000825368
0 0 -0.000907026
0 0 -0.000929885
0 0 -0.000853881
0 0 -0.000928611
0 0 -0.000824273
0 0 -0.000849985
0 0 -0.000776947
0 0 -0.000798956
0 0 -0.000766195
0 0 -0.00072623
0 0 -0.000736676
0 0 -0.000724532
0 0 -0.000734821
0 0 -0.000733733
0 0 -0.000747465
0 0 -0.000791013
0 0 -0.000828281
0 0 -0.000780731
0 0 -0.000816725
0 0 -0.00088343
0 0 -0.00071118
0 0 -0.000780709
0 0 -0.000768192
0 0 -0.000684515
0 0 -0.000872985
0 0 -0.00111718
0 0 -0.000581332
0 0 -0.000812076
0 0 -0.0012316
0 0 -0.000228323
0 0 -0.000539578
0 0 -0.000379443
0 0 0.000254892
0 0 -0.000456229
0 0 -0.000710949
0 0 -0.000414357
0 0 -0.000656255
0 0 -0.000552058
0 0 -0.000456616
0 0 -0.00056947
0 0 -0.000501648
0 0 -0.000353023
0 0 -0.000386052
0 0 -0.00044287
0 0 -0.000430644
0 0 -0.000430658
0 0 -0.000524275
0 0 -0.00041949
0 0 -0.000492059
0 0 -0.000503257
0 0 -0.000232093
0 0 -0.000366002
0 0 -0.000297569
0 0 -0.00029508
0 0 -0.000485316
0 0 -0.000313632
0 0 -0.000341795
0 0 -0.000331752
0 0 -0.000323385
0 0 -0.00028646
0 0 -0.000366956
0 0 -0.000408016
0 0 -0.000422813
0 0 -0.00142115
0 0 -0.00141005
0 0 -0.00138685
0 0 -0.00150802
0 0 -0.00156902
0 0 -0.00154759
0 0 -0.00150811
0 0 -0.0014865
0 0 -0.00139992
0 0 -0.00135059
0 0 -0.00133865
0 0 -0.00132428
0 0 -0.0011142
0 0 -0.00107421
0 0 -0.00110562
0 0 -0.00100919
0 0 -0.00102337
0 0 -0.00118719
0 0 -0.000936408
0 0 -0.00119567
0 0 -0.00120316
0 0 -0.000986323
0 0 -0.00105287
0 0 -0.00101304
0 0 -0.000915349
0 0 -0.00089974
0 0 -0.00104001
0 0 -0.000881273
0 0 -0.000967756
0 0 -0.000937991
0 0 -0.000711329
0 0 -0.000899877
0 0 -0.000690062
0 0 -0.000679716
0 0 -0.000779465
0 0 -0.000621654
0 0 -0.000826787
0 0 -0.000819549
0 0 -0.000662141
0 0 -0.0018767
0 0 -0.00162286
0 0 -0.00182598
0 0 -0.00195863
0 0 -0.00180008
0 0 -0.00207821
0 0 -0.00200192
0 0 -0.00183707
0 0 -0.00189785
0 0 -0.00179077
0 0 -0.00169279
0 0 -0.00166428
0 0 -0.00149949
0 0 -0.00144331
0 0 -0.0013301
0 0 -0.00141593
0 0 -0.00132886
0 0 -0.00137549
0 0 -0.00140132
0 0 -0.00120182
0 0 -0.00126951
0 0 -0.00122244
0 0 -0.00122089
0 0 -0.00124575
0 0 -0.0012128
0 0 -0.0011567
0 0 -0.00108614
0 0 -0.00108946
0 0 -0.00118433
0 0 -0.00103982
0 0 -0.00110459
0 0 -0.00112916
0 0 -0.00185528
0 0 -0.00195552
0 0 -0.00206893
0 0 -0.00213427
0 0 -0.00217268
0 0 -0.00223082
0 0 -0.00231075
0 0 -0.00218569
0 0 -0.00237506
0 0 -0.00229686
0 0 -0.00218336
0 0 -0.00231611
0 0 -0.00215821
0 0 -0.001976
0 0 -0.0021158
0 0 -0.00189209
0 0 -0.00188766
0 0 -0.0019604
0 0 -0.00174922
0 0 -0.00179977
0 0 -0.00182799
0 0 -0.00173908
0 0 -0.00176523
0 0 -0.00175345
0 0 -0.001691
0 0 -0.00183946
0 0 -0.0017312
0 0 -0.00278266
0 0 -0.0026863
0 0 -0.00256813
0 0 -0.00283005
0 0 -0.00281529
0 0 -0.00274955
0 0 -0.00284111
0 0 -0.00263075
0 0 -0.00253279
0 0 -0.00272846
0 0 -0.0024626
0 0 -0.00254035
0 0 -0.00255841
0 0 -0.00235444
0 0 -0.00249989
0 0 -0.00237244
0 0 -0.00230005
0 0 -0.00245722
0 0 -0.00207411
0 0 -0.00209479
0 0 -0.00218331
0 0 -0.00197417
0 0 -0.00220184
0 0 -0.00207688
0 0 -0.00196539
0 0 -0.00316562
0 0 -0.00303129
0 0 -0.00300251
0 0 -0.00331096
0 0 -0.00329897
0 0 -0.00330796
0 0 -0.00353628
0 0 -0.00340652
0 0 -0.00329087
0 0 -0.00347999
0 0 -0.00305644
0 0 -0.00324053
0 0 -0.00326126
0 0 -0.00315738
0 0 -0.00312204
0 0 -0.0030304
0 0 -0.00311327
0 0 -0.00295596
0 0 -0.00317528
0 0 -0.00312909
0 0 -0.00301727
0 0 -0.00300214
0 0 -0.0030099
0 0 -0.00398067
0 0 -0.00399966
0 0 -0.00390189
0 0 -0.00404581
0 0 -0.00395499
0 0 -0.00398939
0 0 -0.00406711
0 0 -0.00387615
0 0 -0.00388878
0 0 -0.00398262
0 0 -0.00390574
0 0 -0.00387519
0 0 -0.00382084
0 0 -0.00366982
0 0 -0.00367191
0 0 -0.00382378
0 0 -0.00353399
0 0 -0.00356296
0 0 -0.00371462
0 0 -0.00340186
0 0 -0.00356062
0 0 -0.00462942
0 0 -0.00431473
0 0 -0.00466797
0 0 -0.00452001
0 0 -0.0045539
0 0 -0.00476954
0 0 -0.00445482
0 0 -0.00461309
0 0 -0.00457234
0 0 -0.00447138
0 0 -0.00472675
0 0 -0.00438661
0 0 -0.00433137
0 0 -0.00460485
0 0 -0.00432957
0 0 -0.00457167
0 0 -0.00458775
0 0 -0.00438499
0 0 -0.00461914
0 0 -0.00449678
0 0 -0.00539092
0 0 -0.00546844
0 0 -0.00545034
0 0 -0.00555001
0 0 -0.0055829
0 0 -0.00551708
0 0 -0.00560082
0 0 -0.00567805
0 0 -0.00562065
0 0 -0.00567707
0 0 -0.00549477
0 0 -0.00555305
0 0 -0.0055598
0 0 -0.00534698
0 0 -0.00540951
0 0 -0.00525859
0 0 -0.00523001
0 0 -0.00529777
0 0 -0.00611458
0 0 -0.00615154
0 0 -0.00629694
0 0 -0.00619611
0 0 -0.00620356
0 0 -0.00642867
0 0 -0.00630583
0 0 -0.00644428
0 0 -0.00644412
0 0 -0.00618578
0 0 -0.00635277
0 0 -0.00619921
0 0 -0.00630031
