-0.457543 ,0.816385 ,-0.352378, -0.876427 
0.887743 ,0.441982 ,-0.128706, -0.07666 
0.0506712 ,-0.37171 ,-0.926965, 0.117203 
0 ,0 ,0, 1 
-0.457571 ,0.816378 ,-0.352358, -0.872278 
0.887728 ,0.442012 ,-0.128704, -0.0711335 
0.0506757 ,-0.371689 ,-0.926973, 0.117191 
0 ,0 ,0, 1 
-0.457596 ,0.816441 ,-0.352179, -0.867207 
0.88772 ,0.442027 ,-0.128709, -0.0661298 
0.0505894 ,-0.371533 ,-0.927041, 0.117161 
0 ,0 ,0, 1 
-0.457583 ,0.816417 ,-0.352252, -0.862336 
0.887724 ,0.442023 ,-0.128694, -0.0616709 
0.0506352 ,-0.37159 ,-0.927015, 0.117173 
0 ,0 ,0, 1 
-0.457475 ,0.816435 ,-0.352351, -0.857256 
0.88778 ,0.44191 ,-0.128696, -0.0566734 
0.0506354 ,-0.371686 ,-0.926977, 0.117183 
0 ,0 ,0, 1 
-0.457518 ,0.816405 ,-0.352364, -0.851582 
0.887756 ,0.441957 ,-0.128698, -0.0525158 
0.0506599 ,-0.371695 ,-0.926972, 0.117195 
0 ,0 ,0, 1 
-0.4575 ,0.81644 ,-0.352306, -0.846812 
0.887768 ,0.441932 ,-0.128702, -0.0479921 
0.050618 ,-0.371647 ,-0.926993, 0.117185 
0 ,0 ,0, 1 
-0.457564 ,0.816393 ,-0.352331, -0.840805 
0.887732 ,0.442008 ,-0.128691, -0.0434336 
0.0506707 ,-0.37166 ,-0.926985, 0.117184 
0 ,0 ,0, 1 
-0.457445 ,0.816527 ,-0.352175, -0.836187 
0.887802 ,0.441861 ,-0.128711, -0.0394462 
0.0505166 ,-0.37154 ,-0.927042, 0.117153 
0 ,0 ,0, 1 
-0.457532 ,0.816394 ,-0.35237, -0.830461 
0.887748 ,0.441977 ,-0.128689, -0.0354333 
0.0506784 ,-0.371695 ,-0.92697, 0.117199 
0 ,0 ,0, 1 
-0.457554 ,0.816389 ,-0.352354, -0.825581 
0.887737 ,0.441996 ,-0.128695, -0.0304471 
0.0506742 ,-0.371683 ,-0.926976, 0.117184 
0 ,0 ,0, 1 
-0.45759 ,0.816451 ,-0.352164, -0.819884 
0.887724 ,0.442014 ,-0.128722, -0.02646 
0.0505665 ,-0.371526 ,-0.927044, 0.118148 
0 ,0 ,0, 1 
-0.457455 ,0.81652 ,-0.352178, -0.814154 
0.887797 ,0.441868 ,-0.128722, -0.0224574 
0.0505124 ,-0.371547 ,-0.927039, 0.118156 
0 ,0 ,0, 1 
-0.457467 ,0.816436 ,-0.352358, -0.807838 
0.887783 ,0.44191 ,-0.128675, -0.0194268 
0.0506556 ,-0.371682 ,-0.926977, 0.118191 
0 ,0 ,0, 1 
-0.457482 ,0.816426 ,-0.352361, -0.802272 
0.887775 ,0.441924 ,-0.128684, -0.0154294 
0.0506555 ,-0.371688 ,-0.926975, 0.118188 
0 ,0 ,0, 1 
-0.457608 ,0.816426 ,-0.352199, -0.795733 
0.887713 ,0.442042 ,-0.128708, -0.0124523 
0.0506063 ,-0.371549 ,-0.927033, 0.118161 
0 ,0 ,0, 1 
-0.457606 ,0.816438 ,-0.352173, -0.789545 
0.887715 ,0.442034 ,-0.128718, -0.00845294 
0.0505825 ,-0.371531 ,-0.927041, 0.118154 
0 ,0 ,0, 1 
-0.457535 ,0.816396 ,-0.352363, -0.783478 
0.887746 ,0.441981 ,-0.128683, -0.00643154 
0.050681 ,-0.371686 ,-0.926974, 0.118188 
0 ,0 ,0, 1 
-0.457511 ,0.816414 ,-0.352352, -0.776088 
0.887759 ,0.441955 ,-0.128684, -0.00401398 
0.0506638 ,-0.371678 ,-0.926978, 0.118185 
0 ,0 ,0, 1 
-0.457543 ,0.816439 ,-0.352251, -0.770046 
0.887746 ,0.441974 ,-0.128708, -0.00202722 
0.0506035 ,-0.371599 ,-0.927013, 0.118168 
0 ,0 ,0, 1 
-0.457604 ,0.816432 ,-0.352189, -0.76302 
0.887716 ,0.442029 ,-0.128727, -0.000922036 
0.050581 ,-0.371549 ,-0.927034, 0.118157 
0 ,0 ,0, 1 
-0.457444 ,0.816474 ,-0.3523, -0.756109 
0.887798 ,0.441876 ,-0.12869, -0.000899335 
0.0506005 ,-0.37164 ,-0.926997, 0.118186 
0 ,0 ,0, 1 
-0.457593 ,0.816437 ,-0.352193, -0.749309 
0.887722 ,0.44202 ,-0.12872, -0.00131057 
0.0505846 ,-0.371551 ,-0.927034, 0.118157 
0 ,0 ,0, 1 
-0.457596 ,0.816442 ,-0.352178, -0.742492 
0.887721 ,0.44202 ,-0.128724, -0.00316541 
0.0505739 ,-0.371539 ,-0.927039, 0.118156 
0 ,0 ,0, 1 
-0.457561 ,0.816383 ,-0.352358, -0.735732 
0.887732 ,0.442009 ,-0.128686, -0.00577446 
0.0506884 ,-0.371681 ,-0.926976, 0.118191 
0 ,0 ,0, 1 
-0.45742 ,0.816458 ,-0.352368, -0.728667 
0.887808 ,0.441859 ,-0.128678, -0.00838998 
0.0506364 ,-0.371695 ,-0.926973, 0.118195 
0 ,0 ,0, 1 
-0.457545 ,0.816444 ,-0.352239, -0.722316 
0.887746 ,0.441975 ,-0.128708, -0.0109434 
0.050598 ,-0.371588 ,-0.927018, 0.118164 
0 ,0 ,0, 1 
-0.457597 ,0.816442 ,-0.352176, -0.715926 
0.88772 ,0.442022 ,-0.128723, -0.0130224 
0.0505742 ,-0.371537 ,-0.92704, 0.118155 
0 ,0 ,0, 1 
-0.457463 ,0.816469 ,-0.352287, -0.709321 
0.887788 ,0.441895 ,-0.128693, -0.0160132 
0.0505997 ,-0.371629 ,-0.927002, 0.11817 
0 ,0 ,0, 1 
-0.457515 ,0.816415 ,-0.352346, -0.703164 
0.887758 ,0.441957 ,-0.128687, -0.0185014 
0.0506593 ,-0.371674 ,-0.92698, 0.11819 
0 ,0 ,0, 1 
-0.457413 ,0.816468 ,-0.352356, -0.696716 
0.887812 ,0.441851 ,-0.128676, -0.0204981 
0.050629 ,-0.371684 ,-0.926978, 0.118191 
0 ,0 ,0, 1 
-0.457564 ,0.816387 ,-0.352347, -0.689193 
0.887731 ,0.44201 ,-0.128687, -0.0210074 
0.0506824 ,-0.371672 ,-0.92698, 0.118181 
0 ,0 ,0, 1 
-0.457442 ,0.816528 ,-0.352178, -0.683117 
0.887803 ,0.441858 ,-0.128712, -0.0220073 
0.0505158 ,-0.371543 ,-0.92704, 0.118158 
0 ,0 ,0, 1 
-0.457411 ,0.816469 ,-0.352355, -0.675697 
0.887813 ,0.441848 ,-0.128678, -0.0229989 
0.050626 ,-0.371684 ,-0.926978, 0.118191 
0 ,0 ,0, 1 
-0.457461 ,0.816516 ,-0.352181, -0.668825 
0.887793 ,0.441878 ,-0.128714, -0.0240146 
0.0505243 ,-0.371545 ,-0.927039, 0.118157 
0 ,0 ,0, 1 
-0.457609 ,0.816441 ,-0.352162, -0.662485 
0.887714 ,0.442037 ,-0.128715, -0.0255106 
0.0505802 ,-0.37152 ,-0.927046, 0.118149 
0 ,0 ,0, 1 
-0.457596 ,0.81643 ,-0.352205, -0.655009 
0.887719 ,0.442028 ,-0.128709, -0.0268376 
0.0506022 ,-0.371556 ,-0.92703, 0.118163 
0 ,0 ,0, 1 
-0.457442 ,0.816477 ,-0.352296, -0.648249 
0.887799 ,0.441872 ,-0.128694, -0.0289337 
0.050594 ,-0.371638 ,-0.926998, 0.118181 
0 ,0 ,0, 1 
-0.45747 ,0.816454 ,-0.352312, -0.641922 
0.887783 ,0.441904 ,-0.128692, -0.0315423 
0.0506173 ,-0.371649 ,-0.926992, 0.118179 
0 ,0 ,0, 1 
-0.457446 ,0.816522 ,-0.352187, -0.634862 
0.887801 ,0.441863 ,-0.128712, -0.0339534 
0.0505222 ,-0.37155 ,-0.927037, 0.118164 
0 ,0 ,0, 1 
-0.457415 ,0.816469 ,-0.352349, -0.627936 
0.887811 ,0.441852 ,-0.12868, -0.0371292 
0.0506231 ,-0.37168 ,-0.92698, 0.118185 
0 ,0 ,0, 1 
-0.457553 ,0.816386 ,-0.352362, -0.621944 
0.887736 ,0.442002 ,-0.128681, -0.040126 
0.0506908 ,-0.371683 ,-0.926975, 0.118189 
0 ,0 ,0, 1 
-0.457511 ,0.816409 ,-0.352364, -0.615945 
0.887759 ,0.441955 ,-0.128685, -0.0431298 
0.0506699 ,-0.371689 ,-0.926973, 0.118191 
0 ,0 ,0, 1 
-0.457458 ,0.816439 ,-0.352363, -0.610539 
0.887788 ,0.441898 ,-0.128684, -0.0465772 
0.0506459 ,-0.371691 ,-0.926974, 0.118192 
0 ,0 ,0, 1 
-0.457494 ,0.816482 ,-0.352217, -0.604476 
0.887774 ,0.441916 ,-0.128713, -0.0515989 
0.050558 ,-0.371575 ,-0.927025, 0.118166 
0 ,0 ,0, 1 
-0.457479 ,0.816385 ,-0.352461, -0.599216 
0.887774 ,0.441919 ,-0.128703, -0.0552242 
0.0506881 ,-0.371785 ,-0.926934, 0.118249 
0 ,0 ,0, 1 
-0.457601 ,0.81631 ,-0.352478, -0.593221 
0.887708 ,0.442055 ,-0.128694, -0.0601443 
0.0507604 ,-0.371788 ,-0.926929, 0.118248 
0 ,0 ,0, 1 
-0.457488 ,0.816376 ,-0.352469, -0.588221 
0.88777 ,0.441928 ,-0.128704, -0.0654939 
0.0506953 ,-0.371792 ,-0.926931, 0.118243 
0 ,0 ,0, 1 
