-0.646342 ,0.733164 ,-0.211453, -0.805759 
0.762023 ,0.634549 ,-0.129105, -0.0533644 
0.039522 ,-0.244578 ,-0.968824, 0.127289 
0 ,0 ,0, 1 
-0.646306 ,0.733198 ,-0.211444, -0.803119 
0.762056 ,0.634508 ,-0.129117, -0.0520052 
0.0394944 ,-0.244581 ,-0.968824, 0.127285 
0 ,0 ,0, 1 
-0.646313 ,0.733142 ,-0.211619, -0.799071 
0.762043 ,0.634523 ,-0.129113, -0.0497301 
0.0396193 ,-0.244711 ,-0.968786, 0.127305 
0 ,0 ,0, 1 
-0.646311 ,0.733137 ,-0.211643, -0.794753 
0.762044 ,0.634522 ,-0.129114, -0.0469156 
0.0396342 ,-0.244729 ,-0.968781, 0.127296 
0 ,0 ,0, 1 
-0.646315 ,0.73317 ,-0.211515, -0.79111 
0.762045 ,0.634523 ,-0.129105, -0.0453207 
0.0395548 ,-0.244627 ,-0.96881, 0.127287 
0 ,0 ,0, 1 
-0.646281 ,0.733199 ,-0.211517, -0.789088 
0.762074 ,0.634492 ,-0.129091, -0.0439265 
0.0395567 ,-0.244621 ,-0.968812, 0.127282 
0 ,0 ,0, 1 
-0.646325 ,0.733182 ,-0.211441, -0.78571 
0.762039 ,0.63453 ,-0.129107, -0.0420715 
0.0395072 ,-0.244571 ,-0.968826, 0.12726 
0 ,0 ,0, 1 
-0.646284 ,0.733215 ,-0.211455, -0.781365 
0.762074 ,0.63449 ,-0.129095, -0.0393159 
0.039512 ,-0.244576 ,-0.968825, 0.127271 
0 ,0 ,0, 1 
-0.646313 ,0.733166 ,-0.211536, -0.776952 
0.762046 ,0.634523 ,-0.1291, -0.0381046 
0.039573 ,-0.244639 ,-0.968806, 0.127285 
0 ,0 ,0, 1 
-0.646303 ,0.733165 ,-0.211572, -0.773741 
0.762053 ,0.634513 ,-0.129106, -0.0361535 
0.0395891 ,-0.24467 ,-0.968798, 0.127281 
0 ,0 ,0, 1 
-0.646288 ,0.733212 ,-0.211452, -0.769398 
0.76207 ,0.634494 ,-0.129095, -0.0340381 
0.0395111 ,-0.244574 ,-0.968825, 0.127268 
0 ,0 ,0, 1 
-0.646284 ,0.733207 ,-0.211481, -0.764913 
0.762073 ,0.634489 ,-0.129106, -0.032317 
0.0395215 ,-0.244603 ,-0.968818, 0.12727 
0 ,0 ,0, 1 
-0.646187 ,0.733301 ,-0.211454, -0.762138 
0.762158 ,0.634387 ,-0.129106, -0.0315662 
0.0394706 ,-0.244588 ,-0.968823, 0.127269 
0 ,0 ,0, 1 
-0.646272 ,0.733208 ,-0.211517, -0.758805 
0.762082 ,0.634479 ,-0.129103, -0.0307718 
0.0395438 ,-0.244628 ,-0.96881, 0.127269 
0 ,0 ,0, 1 
-0.646303 ,0.733148 ,-0.211628, -0.756409 
0.762051 ,0.634517 ,-0.129098, -0.0296663 
0.0396332 ,-0.244708 ,-0.968787, 0.127285 
0 ,0 ,0, 1 
-0.646279 ,0.733193 ,-0.211546, -0.75345 
0.762075 ,0.634489 ,-0.129098, -0.0290494 
0.0395696 ,-0.244647 ,-0.968804, 0.127278 
0 ,0 ,0, 1 
-0.646273 ,0.733197 ,-0.211549, -0.750385 
0.76208 ,0.634481 ,-0.129105, -0.0276442 
0.0395647 ,-0.244654 ,-0.968803, 0.127278 
0 ,0 ,0, 1 
-0.646289 ,0.73321 ,-0.211456, -0.74776 
0.762069 ,0.634493 ,-0.129108, -0.026458 
0.0395038 ,-0.244585 ,-0.968823, 0.127269 
0 ,0 ,0, 1 
-0.646219 ,0.733224 ,-0.211621, -0.744637 
0.762124 ,0.634429 ,-0.129099, -0.0260817 
0.0396001 ,-0.244708 ,-0.968788, 0.127288 
0 ,0 ,0, 1 
-0.646209 ,0.733234 ,-0.211617, -0.741245 
0.762132 ,0.634421 ,-0.129087, -0.0250787 
0.039603 ,-0.244698 ,-0.96879, 0.127286 
0 ,0 ,0, 1 
-0.646328 ,0.733172 ,-0.211469, -0.737387 
0.762035 ,0.634534 ,-0.12911, -0.0251023 
0.0395248 ,-0.244594 ,-0.96882, 0.127281 
0 ,0 ,0, 1 
-0.646173 ,0.7333 ,-0.2115, -0.73445 
0.762168 ,0.634375 ,-0.129106, -0.0245921 
0.0394965 ,-0.244623 ,-0.968813, 0.12727 
0 ,0 ,0, 1 
-0.646305 ,0.733177 ,-0.211523, -0.730038 
0.762053 ,0.634513 ,-0.129103, -0.0243445 
0.0395589 ,-0.244632 ,-0.968809, 0.12728 
0 ,0 ,0, 1 
-0.646301 ,0.733155 ,-0.211613, -0.726696 
0.762053 ,0.634514 ,-0.129097, -0.0238549 
0.0396231 ,-0.244696 ,-0.96879, 0.127287 
0 ,0 ,0, 1 
-0.646261 ,0.7332 ,-0.211577, -0.722118 
0.762089 ,0.63447 ,-0.129101, -0.023358 
0.0395819 ,-0.244674 ,-0.968797, 0.12728 
0 ,0 ,0, 1 
-0.646303 ,0.733143 ,-0.211645, -0.71864 
0.762051 ,0.634519 ,-0.129094, -0.0233553 
0.0396487 ,-0.244718 ,-0.968783, 0.127289 
0 ,0 ,0, 1 
-0.646258 ,0.73324 ,-0.211447, -0.714456 
0.762096 ,0.634462 ,-0.129102, -0.0233584 
0.0394923 ,-0.244577 ,-0.968825, 0.127265 
0 ,0 ,0, 1 
-0.64625 ,0.733205 ,-0.211592, -0.710451 
0.762098 ,0.634464 ,-0.129084, -0.0239608 
0.0396024 ,-0.244675 ,-0.968796, 0.127277 
0 ,0 ,0, 1 
-0.646237 ,0.733261 ,-0.21144, -0.706977 
0.762115 ,0.634439 ,-0.129101, -0.0239757 
0.0394812 ,-0.244571 ,-0.968827, 0.127258 
0 ,0 ,0, 1 
-0.646277 ,0.73321 ,-0.211494, -0.702619 
0.762078 ,0.634485 ,-0.129095, -0.0250564 
0.039536 ,-0.244607 ,-0.968816, 0.127265 
0 ,0 ,0, 1 
-0.646234 ,0.733222 ,-0.211579, -0.698567 
0.762112 ,0.634446 ,-0.129091, -0.0268898 
0.0395829 ,-0.24467 ,-0.968798, 0.127283 
0 ,0 ,0, 1 
-0.64627 ,0.733173 ,-0.211641, -0.694256 
0.762079 ,0.634485 ,-0.129091, -0.0279652 
0.0396365 ,-0.244715 ,-0.968785, 0.127287 
0 ,0 ,0, 1 
-0.646203 ,0.733233 ,-0.211639, -0.689856 
0.762136 ,0.634417 ,-0.129085, -0.0292709 
0.0396184 ,-0.244713 ,-0.968786, 0.12729 
0 ,0 ,0, 1 
-0.646173 ,0.733314 ,-0.211447, -0.686181 
0.762169 ,0.634375 ,-0.129099, -0.0305002 
0.039467 ,-0.244579 ,-0.968826, 0.12726 
0 ,0 ,0, 1 
-0.646289 ,0.733159 ,-0.211632, -0.683289 
0.762062 ,0.634506 ,-0.129088, -0.0316458 
0.0396398 ,-0.244705 ,-0.968787, 0.127284 
0 ,0 ,0, 1 
-0.646182 ,0.733281 ,-0.211536, -0.679669 
0.762159 ,0.634386 ,-0.129104, -0.0333004 
0.0395259 ,-0.244649 ,-0.968806, 0.12727 
0 ,0 ,0, 1 
-0.646165 ,0.733271 ,-0.211622, -0.675283 
0.76217 ,0.634377 ,-0.129082, -0.0333421 
0.0395966 ,-0.2447 ,-0.96879, 0.127283 
0 ,0 ,0, 1 
-0.646274 ,0.733182 ,-0.211596, -0.670487 
0.762077 ,0.634489 ,-0.129088, -0.0346695 
0.0396106 ,-0.244679 ,-0.968795, 0.127288 
0 ,0 ,0, 1 
-0.646272 ,0.733172 ,-0.211638, -0.666343 
0.762077 ,0.634486 ,-0.129096, -0.0351701 
0.0396318 ,-0.244715 ,-0.968785, 0.127287 
0 ,0 ,0, 1 
-0.646191 ,0.733274 ,-0.211533, -0.660195 
0.762151 ,0.634398 ,-0.129095, -0.0356819 
0.0395337 ,-0.24464 ,-0.968808, 0.127277 
0 ,0 ,0, 1 
-0.646212 ,0.733229 ,-0.211627, -0.656232 
0.76213 ,0.634424 ,-0.129092, -0.0356712 
0.0396072 ,-0.244708 ,-0.968788, 0.127279 
0 ,0 ,0, 1 
-0.646159 ,0.733272 ,-0.211635, -0.65232 
0.762174 ,0.634371 ,-0.129087, -0.0357332 
0.0395994 ,-0.244714 ,-0.968786, 0.127294 
0 ,0 ,0, 1 
-0.6462 ,0.733291 ,-0.211447, -0.647199 
0.762147 ,0.634403 ,-0.129095, -0.0363772 
0.0394781 ,-0.244575 ,-0.968826, 0.127263 
0 ,0 ,0, 1 
-0.646155 ,0.733273 ,-0.211645, -0.640283 
0.762178 ,0.634368 ,-0.129084, -0.0364936 
0.0396069 ,-0.244719 ,-0.968785, 0.127287 
0 ,0 ,0, 1 
-0.646177 ,0.733261 ,-0.211622, -0.634031 
0.76216 ,0.634389 ,-0.129084, -0.0377083 
0.0395988 ,-0.244701 ,-0.96879, 0.127287 
0 ,0 ,0, 1 
-0.646311 ,0.733148 ,-0.211603, -0.628735 
0.762044 ,0.634527 ,-0.129087, -0.0389381 
0.0396283 ,-0.244681 ,-0.968794, 0.127404 
0 ,0 ,0, 1 
-0.646301 ,0.73315 ,-0.211627, -0.624031 
0.762052 ,0.634518 ,-0.129086, -0.0401385 
0.0396418 ,-0.244699 ,-0.968788, 0.127401 
0 ,0 ,0, 1 
-0.646178 ,0.733264 ,-0.211609, -0.620894 
0.76216 ,0.634388 ,-0.129091, -0.0422342 
0.0395847 ,-0.244696 ,-0.968791, 0.127398 
0 ,0 ,0, 1 
-0.646185 ,0.733304 ,-0.211446, -0.61733 
0.76216 ,0.634383 ,-0.129112, -0.0447657 
0.0394597 ,-0.244586 ,-0.968824, 0.127974 
0 ,0 ,0, 1 
-0.646218 ,0.733221 ,-0.211634, -0.613479 
0.762124 ,0.634429 ,-0.129097, -0.0467859 
0.0396097 ,-0.244716 ,-0.968785, 0.128001 
0 ,0 ,0, 1 
-0.646191 ,0.733286 ,-0.211489, -0.60934 
0.762152 ,0.634397 ,-0.129092, -0.0499745 
0.0395069 ,-0.244605 ,-0.968818, 0.12798 
0 ,0 ,0, 1 
-0.64616 ,0.733269 ,-0.211645, -0.606242 
0.762173 ,0.634373 ,-0.129086, -0.0522418 
0.0396068 ,-0.244721 ,-0.968784, 0.128 
0 ,0 ,0, 1 
-0.646146 ,0.733282 ,-0.211644, -0.602181 
0.762186 ,0.634358 ,-0.129087, -0.0561039 
0.0396002 ,-0.244721 ,-0.968785, 0.128 
0 ,0 ,0, 1 
