16.0416;-11.2958;1.2408;5.0477;6.6852;-0.27481;0.1937;0.011901;-0.01817;-0.15854;0.23777;16.0416;-11.2958;1.2408;5.0477;6.6852;-0.27481;0.1937;0.011901;-0.01817;-0.15854;0.23777;15.9948;-11.359;1.131;5.0749;6.6707;-0.27122;0.19185;0.01154;-0.017213;-0.15757;0.23563;

15.9948;-11.359;1.131;5.0749;6.6707;-0.27122;0.19185;0.01154;-0.017213;-0.15757;0.23563;

15.9768;-11.3613;1.1835;5.0825;6.6643;-0.26889;0.19083;0.011354;-0.016464;-0.15677;0.23438;

15.871;-11.6051;1.2197;5.2099;6.6225;-0.25477;0.21571;0.011444;-0.017213;-0.1807;0.26587;

15.4455;-12.7053;0.78158;5.78;6.4507;-0.17481;0.29562;0.0069586;-0.012045;-0.25994;0.36753;

15.5582;-11.564;1.4156;5.2621;6.542;-0.23447;0.30797;0.0049688;-0.01532;-0.26884;0.38236;

15.3384;-11.5327;1.9292;5.2627;6.458;-0.23474;0.31515;0.0051;-0.015546;-0.27431;0.39106;

14.9351;-13.5038;4.0942;6.4531;6.2716;-3.4641;46343.6543;-907.8406;11186.2757;-9721.0605;-46343.1067;

15.3384;-11.5327;1.9292;5.2627;6.458;-0.23474;0.31515;0.0051;-0.015546;-0.27431;0.39106;

15.3384;-11.5327;1.9292;5.1228;6.3581;0.2665;0.31485;-0.022817;0.021816;-0.27406;0.39137;

15.3017;-11.6756;1.476;5.2063;6.3656;0.25375;0.31708;-0.022763;0.021525;-0.27583;0.39408;

15.3008;-11.5662;1.2303;5.1567;6.3778;0.62545;3118.0215;-92.5016;6.1241;-860.1391;-3117.3097;

14.7665;-10.3161;2.2966;4.7265;5.9839;-0.22038;0.23634;0.029711;0.0061189;-0.19715;0.29084;

15.081;-10.5431;1.8258;4.4969;6.0535;0.45578;15993.8636;-380.81;284.6868;-4411.2696;-15993.2549;

14.783;-10.324;2.2691;4.4681;5.9338;0.32632;297.071;-5.887;6.603;-82.0678;-296.5391;

15.3008;-11.5662;1.2303;5.1567;6.3778;0.62545;3118.0215;-92.5016;6.1241;-860.1391;-3117.3097;

15.1656;-11.4485;1.6525;5.1043;6.3399;0.66744;0.2806;-0.0018603;0.018673;-0.2317;0.34492;

15.624;-11.5242;1.4607;5.1418;6.5513;0.69179;0.27508;-6.6254e-05;0.017206;-0.22822;0.33841;

15.624;-11.5242;1.4607;5.1418;6.5513;0.69179;0.27508;-6.6254e-05;0.017206;-0.22822;0.33841;

14.5918;-3.909;-1.6966;2.0738;7.0989;0.31798;0.33433;-0.0067389;0.0096354;-0.32694;0.43707;

14.5356;-3.7254;-0.6231;1.9724;7.0522;0.32487;0.33239;-0.0063363;0.0092905;-0.32658;0.43502;

14.2057;-3.3668;1.2023;1.8027;6.9881;0.4188;0.3375;-0.0021065;0.0119;-0.32902;0.44154;

14.0866;-3.4158;1.0997;1.8388;6.9097;0.42739;0.32505;-0.0010172;0.012769;-0.32114;0.42661;

14.0866;-3.4158;1.0997;1.8388;6.9097;0.42739;0.32505;-0.0010172;0.012769;-0.32114;0.42661;

14.0866;-3.4158;1.0997;1.8388;6.9097;0.42739;0.32505;-0.0010172;0.012769;-0.32114;0.42661;

14.2821;-3.7759;2.925;2.0278;6.994;0.4104;0.33285;0.00029541;0.015275;-0.31827;0.43353;

14.6119;-4.0701;2.0266;2.2206;7.2254;0.43226;0.36392;-0.0047786;0.01906;-0.35537;0.47639;

14.3222;-4.1648;5.3841;1.9584;6.8817;0.43707;0.20624;0.013304;-0.0128;-0.19904;0.26884;

14.3222;-4.1648;5.3841;1.9584;6.8817;0.43707;0.20624;0.013304;-0.0128;-0.19904;0.26884;

14.3222;-4.1648;5.3841;1.9584;6.8817;0.43707;0.20624;0.013304;-0.0128;-0.19904;0.26884;

14.6861;-4.5229;1.4759;2.394;7.2393;0.37153;0.36905;-0.00022402;0.012194;-0.35853;0.4824;
