-0.99202, 0.123988 ,-0.0228885, -0.410116 
0.123999, 0.992282 ,0.000927518, -0.00676838 
0.0228269, -0.00191804 ,-0.999738, 0.278591 
0, 0 ,0, 1 
-0.99202, 0.123988 ,-0.0228867, -0.410115 
0.123999, 0.992282 ,0.000927456, -0.0067684 
0.022825, -0.00191787 ,-0.999738, 0.278591 
0, 0 ,0, 1 
-0.99202, 0.123988 ,-0.0228867, -0.410115 
0.123999, 0.992282 ,0.000927456, -0.0067684 
0.022825, -0.00191787 ,-0.999738, 0.278591 
0, 0 ,0, 1 
-0.99202, 0.123988 ,-0.0228867, -0.410115 
0.123999, 0.992282 ,0.000927456, -0.0067684 
0.022825, -0.00191787 ,-0.999738, 0.278591 
0, 0 ,0, 1 
-0.99202, 0.123988 ,-0.0228867, -0.410115 
0.123999, 0.992282 ,0.000927456, -0.0067684 
0.022825, -0.00191787 ,-0.999738, 0.278591 
0, 0 ,0, 1 
-0.99202, 0.123988 ,-0.0228867, -0.410115 
0.123999, 0.992282 ,0.000927456, -0.0067684 
0.022825, -0.00191787 ,-0.999738, 0.278591 
0, 0 ,0, 1 
-0.99202, 0.123988 ,-0.0228867, -0.410115 
0.123999, 0.992282 ,0.000927456, -0.0067684 
0.022825, -0.00191787 ,-0.999738, 0.278591 
0, 0 ,0, 1 
-0.99202, 0.123988 ,-0.0228867, -0.410115 
0.123999, 0.992282 ,0.000927456, -0.0067684 
0.022825, -0.00191787 ,-0.999738, 0.278591 
0, 0 ,0, 1 
-0.99202, 0.123988 ,-0.0228867, -0.410115 
0.123999, 0.992282 ,0.000927456, -0.0067684 
0.022825, -0.00191787 ,-0.999738, 0.278591 
0, 0 ,0, 1 
-0.99202, 0.123988 ,-0.0228867, -0.410115 
0.123999, 0.992282 ,0.000927456, -0.0067684 
0.022825, -0.00191787 ,-0.999738, 0.278591 
0, 0 ,0, 1 
-0.99202, 0.123988 ,-0.0228867, -0.410115 
0.123999, 0.992282 ,0.000927456, -0.0067684 
0.022825, -0.00191787 ,-0.999738, 0.278591 
0, 0 ,0, 1 
-0.99202, 0.123988 ,-0.0228867, -0.410115 
0.123999, 0.992282 ,0.000927456, -0.0067684 
0.022825, -0.00191787 ,-0.999738, 0.278591 
0, 0 ,0, 1 
-0.99202, 0.123988 ,-0.0228867, -0.410115 
0.123999, 0.992282 ,0.000927456, -0.0067684 
0.022825, -0.00191787 ,-0.999738, 0.278591 
0, 0 ,0, 1 
-0.99202, 0.123988 ,-0.0228867, -0.410115 
0.123999, 0.992282 ,0.000927456, -0.0067684 
0.022825, -0.00191787 ,-0.999738, 0.278591 
0, 0 ,0, 1 
-0.99202, 0.123988 ,-0.0228867, -0.410115 
0.123999, 0.992282 ,0.000927456, -0.0067684 
0.022825, -0.00191787 ,-0.999738, 0.278591 
0, 0 ,0, 1 
-0.99202, 0.123988 ,-0.0228867, -0.410115 
0.123999, 0.992282 ,0.000927456, -0.0067684 
0.022825, -0.00191787 ,-0.999738, 0.278591 
0, 0 ,0, 1 
-0.99202, 0.123988 ,-0.0228867, -0.410115 
0.123999, 0.992282 ,0.000927456, -0.0067684 
0.022825, -0.00191787 ,-0.999738, 0.278591 
0, 0 ,0, 1 
-0.99202, 0.123988 ,-0.0228867, -0.410115 
0.123999, 0.992282 ,0.000927456, -0.0067684 
0.022825, -0.00191787 ,-0.999738, 0.278591 
0, 0 ,0, 1 
-0.99202, 0.123988 ,-0.0228867, -0.410115 
0.123999, 0.992282 ,0.000927456, -0.0067684 
0.022825, -0.00191787 ,-0.999738, 0.278591 
0, 0 ,0, 1 
-0.99202, 0.123986 ,-0.0228867, -0.410115 
0.123998, 0.992282 ,0.000927427, -0.00676893 
0.022825, -0.00191787 ,-0.999738, 0.278591 
0, 0 ,0, 1 
-0.99202, 0.123988 ,-0.0228867, -0.410115 
0.123999, 0.992282 ,0.000927456, -0.0067684 
0.022825, -0.00191787 ,-0.999738, 0.278591 
0, 0 ,0, 1 
-0.99202, 0.123988 ,-0.0228867, -0.410115 
0.123999, 0.992282 ,0.000927456, -0.0067684 
0.022825, -0.00191787 ,-0.999738, 0.278591 
0, 0 ,0, 1 
-0.99202, 0.123986 ,-0.0228867, -0.410115 
0.123998, 0.992282 ,0.000927427, -0.00676893 
0.022825, -0.00191787 ,-0.999738, 0.278591 
0, 0 ,0, 1 
-0.99202, 0.123988 ,-0.0228867, -0.410115 
0.123999, 0.992282 ,0.000927456, -0.0067684 
0.022825, -0.00191787 ,-0.999738, 0.278591 
0, 0 ,0, 1 
-0.99202, 0.123988 ,-0.0228867, -0.410115 
0.123999, 0.992282 ,0.000927456, -0.0067684 
0.022825, -0.00191787 ,-0.999738, 0.278591 
0, 0 ,0, 1 
-0.99202, 0.123988 ,-0.0228867, -0.410115 
0.123999, 0.992282 ,0.000927456, -0.0067684 
0.022825, -0.00191787 ,-0.999738, 0.278591 
0, 0 ,0, 1 
-0.99202, 0.123988 ,-0.0228867, -0.410115 
0.123999, 0.992282 ,0.000927456, -0.0067684 
0.022825, -0.00191787 ,-0.999738, 0.278591 
0, 0 ,0, 1 
-0.99202, 0.123988 ,-0.0228867, -0.410115 
0.123999, 0.992282 ,0.000927456, -0.0067684 
0.022825, -0.00191787 ,-0.999738, 0.278591 
0, 0 ,0, 1 
-0.99202, 0.123988 ,-0.0228867, -0.410115 
0.123999, 0.992282 ,0.000927456, -0.0067684 
0.022825, -0.00191787 ,-0.999738, 0.278591 
0, 0 ,0, 1 
-0.99202, 0.123988 ,-0.0228867, -0.410115 
0.123999, 0.992282 ,0.000927456, -0.0067684 
0.022825, -0.00191787 ,-0.999738, 0.278591 
0, 0 ,0, 1 
-0.99202, 0.123988 ,-0.0228867, -0.410115 
0.123999, 0.992282 ,0.000927456, -0.0067684 
0.022825, -0.00191787 ,-0.999738, 0.278591 
0, 0 ,0, 1 
-0.99202, 0.123988 ,-0.0228867, -0.410115 
0.123999, 0.992282 ,0.000927456, -0.0067684 
0.022825, -0.00191787 ,-0.999738, 0.278591 
0, 0 ,0, 1 
-0.99202, 0.123988 ,-0.0228867, -0.410115 
0.123999, 0.992282 ,0.000927456, -0.0067684 
0.022825, -0.00191787 ,-0.999738, 0.278591 
0, 0 ,0, 1 
-0.99202, 0.123988 ,-0.0228867, -0.410115 
0.123999, 0.992282 ,0.000927456, -0.0067684 
0.022825, -0.00191787 ,-0.999738, 0.278591 
0, 0 ,0, 1 
-0.99202, 0.123986 ,-0.0228867, -0.410115 
0.123998, 0.992282 ,0.000927427, -0.00676893 
0.022825, -0.00191787 ,-0.999738, 0.278591 
0, 0 ,0, 1 
-0.99202, 0.123988 ,-0.0228867, -0.410115 
0.123999, 0.992282 ,0.000927456, -0.0067684 
0.022825, -0.00191787 ,-0.999738, 0.278591 
0, 0 ,0, 1 
-0.99202, 0.123988 ,-0.0228867, -0.410115 
0.123999, 0.992282 ,0.000927456, -0.0067684 
0.022825, -0.00191787 ,-0.999738, 0.278591 
0, 0 ,0, 1 
-0.99202, 0.123988 ,-0.0228867, -0.410115 
0.123999, 0.992282 ,0.000927456, -0.0067684 
0.022825, -0.00191787 ,-0.999738, 0.278591 
0, 0 ,0, 1 
-0.99202, 0.123988 ,-0.0228867, -0.410115 
0.123999, 0.992282 ,0.000927456, -0.0067684 
0.022825, -0.00191787 ,-0.999738, 0.278591 
0, 0 ,0, 1 
-0.99202, 0.123988 ,-0.0228867, -0.410115 
0.123999, 0.992282 ,0.000927456, -0.0067684 
0.022825, -0.00191787 ,-0.999738, 0.278591 
0, 0 ,0, 1 
-0.99202, 0.123988 ,-0.0228867, -0.410115 
0.123999, 0.992282 ,0.000927456, -0.0067684 
0.022825, -0.00191787 ,-0.999738, 0.278591 
0, 0 ,0, 1 
-0.99202, 0.123988 ,-0.0228867, -0.410115 
0.123999, 0.992282 ,0.000927456, -0.0067684 
0.022825, -0.00191787 ,-0.999738, 0.278591 
0, 0 ,0, 1 
-0.99202, 0.123986 ,-0.0228867, -0.410115 
0.123998, 0.992282 ,0.000927427, -0.00676893 
0.022825, -0.00191787 ,-0.999738, 0.278591 
0, 0 ,0, 1 
-0.99202, 0.123988 ,-0.0228867, -0.410115 
0.123999, 0.992282 ,0.000927456, -0.0067684 
0.022825, -0.00191787 ,-0.999738, 0.278591 
0, 0 ,0, 1 
-0.99202, 0.123988 ,-0.0228867, -0.410115 
0.123999, 0.992282 ,0.000927456, -0.0067684 
0.022825, -0.00191787 ,-0.999738, 0.278591 
0, 0 ,0, 1 
-0.99202, 0.123988 ,-0.0228867, -0.410115 
0.123999, 0.992282 ,0.000927456, -0.0067684 
0.022825, -0.00191787 ,-0.999738, 0.278591 
0, 0 ,0, 1 
-0.99202, 0.123986 ,-0.0228867, -0.410115 
0.123998, 0.992282 ,0.000927427, -0.00676893 
0.022825, -0.00191787 ,-0.999738, 0.278591 
0, 0 ,0, 1 
-0.99202, 0.123988 ,-0.0228867, -0.410115 
0.123999, 0.992282 ,0.000927456, -0.0067684 
0.022825, -0.00191787 ,-0.999738, 0.278591 
0, 0 ,0, 1 
-0.99202, 0.123986 ,-0.0228867, -0.410115 
0.123998, 0.992282 ,0.000927427, -0.00676893 
0.022825, -0.00191787 ,-0.999738, 0.278591 
0, 0 ,0, 1 
-0.99202, 0.123986 ,-0.0228867, -0.410115 
0.123998, 0.992282 ,0.000927427, -0.00676893 
0.022825, -0.00191787 ,-0.999738, 0.278591 
0, 0 ,0, 1 
-0.99202, 0.123988 ,-0.0228867, -0.410115 
0.123999, 0.992282 ,0.000927456, -0.0067684 
0.022825, -0.00191787 ,-0.999738, 0.278591 
0, 0 ,0, 1 
-0.99202, 0.123988 ,-0.0228867, -0.410115 
0.123999, 0.992282 ,0.000927456, -0.0067684 
0.022825, -0.00191787 ,-0.999738, 0.278591 
0, 0 ,0, 1 
-0.99202, 0.123988 ,-0.0228867, -0.410115 
0.123999, 0.992282 ,0.000927456, -0.0067684 
0.022825, -0.00191787 ,-0.999738, 0.278591 
0, 0 ,0, 1 
-0.99202, 0.123988 ,-0.0228867, -0.410115 
0.123999, 0.992282 ,0.000927456, -0.0067684 
0.022825, -0.00191787 ,-0.999738, 0.278591 
0, 0 ,0, 1 
-0.99202, 0.123988 ,-0.0228867, -0.410115 
0.123999, 0.992282 ,0.000927456, -0.0067684 
0.022825, -0.00191787 ,-0.999738, 0.278591 
0, 0 ,0, 1 
-0.99202, 0.123988 ,-0.0228867, -0.410115 
0.123999, 0.992282 ,0.000927456, -0.0067684 
0.022825, -0.00191787 ,-0.999738, 0.278591 
0, 0 ,0, 1 
-0.99202, 0.123988 ,-0.0228867, -0.410115 
0.123999, 0.992282 ,0.000927456, -0.0067684 
0.022825, -0.00191787 ,-0.999738, 0.278591 
0, 0 ,0, 1 
-0.99202, 0.123988 ,-0.0228867, -0.410115 
0.123999, 0.992282 ,0.000927456, -0.0067684 
0.022825, -0.00191787 ,-0.999738, 0.278591 
0, 0 ,0, 1 
-0.99202, 0.123988 ,-0.0228849, -0.410114 
0.123999, 0.992282 ,0.000927399, -0.00676843 
0.0228233, -0.00191771 ,-0.999738, 0.278591 
0, 0 ,0, 1 
-0.99202, 0.123988 ,-0.0228867, -0.410115 
0.123999, 0.992282 ,0.000927456, -0.0067684 
0.022825, -0.00191787 ,-0.999738, 0.278591 
0, 0 ,0, 1 
-0.99202, 0.123988 ,-0.0228849, -0.410114 
0.123999, 0.992282 ,0.000927399, -0.00676843 
0.0228233, -0.00191771 ,-0.999738, 0.278591 
0, 0 ,0, 1 
-0.99202, 0.123986 ,-0.0228849, -0.410114 
0.123998, 0.992282 ,0.000927369, -0.00676896 
0.0228233, -0.00191771 ,-0.999738, 0.278591 
0, 0 ,0, 1 
-0.99202, 0.123986 ,-0.0228849, -0.410114 
0.123998, 0.992282 ,0.000927369, -0.00676896 
0.0228233, -0.00191771 ,-0.999738, 0.278591 
0, 0 ,0, 1 
-0.99202, 0.123988 ,-0.0228849, -0.410114 
0.123999, 0.992282 ,0.000927399, -0.00676843 
0.0228233, -0.00191771 ,-0.999738, 0.278591 
0, 0 ,0, 1 
-0.99202, 0.123988 ,-0.0228849, -0.410114 
0.123999, 0.992282 ,0.000927399, -0.00676843 
0.0228233, -0.00191771 ,-0.999738, 0.278591 
0, 0 ,0, 1 
-0.99202, 0.123988 ,-0.0228849, -0.410114 
0.123999, 0.992282 ,0.000927399, -0.00676843 
0.0228233, -0.00191771 ,-0.999738, 0.278591 
0, 0 ,0, 1 
-0.99202, 0.123988 ,-0.0228849, -0.410114 
0.123999, 0.992282 ,0.000927399, -0.00676843 
0.0228233, -0.00191771 ,-0.999738, 0.278591 
0, 0 ,0, 1 
-0.99202, 0.123986 ,-0.0228849, -0.410114 
0.123998, 0.992282 ,0.000927369, -0.00676896 
0.0228233, -0.00191771 ,-0.999738, 0.278591 
0, 0 ,0, 1 
-0.99202, 0.123988 ,-0.0228849, -0.410114 
0.123999, 0.992282 ,0.000927399, -0.00676843 
0.0228233, -0.00191771 ,-0.999738, 0.278591 
0, 0 ,0, 1 
-0.99202, 0.123988 ,-0.0228849, -0.410114 
0.123999, 0.992282 ,0.000927399, -0.00676843 
0.0228233, -0.00191771 ,-0.999738, 0.278591 
0, 0 ,0, 1 
-0.99202, 0.123988 ,-0.0228849, -0.410114 
0.123999, 0.992282 ,0.000927399, -0.00676843 
0.0228233, -0.00191771 ,-0.999738, 0.278591 
0, 0 ,0, 1 
-0.99202, 0.123986 ,-0.0228849, -0.410114 
0.123998, 0.992282 ,0.000927369, -0.00676896 
0.0228233, -0.00191771 ,-0.999738, 0.278591 
0, 0 ,0, 1 
-0.99202, 0.123988 ,-0.0228849, -0.410114 
0.123999, 0.992282 ,0.000927399, -0.00676843 
0.0228233, -0.00191771 ,-0.999738, 0.278591 
0, 0 ,0, 1 
-0.99202, 0.123988 ,-0.0228849, -0.410114 
0.123999, 0.992282 ,0.000927399, -0.00676843 
0.0228233, -0.00191771 ,-0.999738, 0.278591 
0, 0 ,0, 1 
-0.99202, 0.123988 ,-0.0228849, -0.410114 
0.123999, 0.992282 ,0.000927399, -0.00676843 
0.0228233, -0.00191771 ,-0.999738, 0.278591 
0, 0 ,0, 1 
-0.99202, 0.123988 ,-0.0228849, -0.410114 
0.123999, 0.992282 ,0.000927399, -0.00676843 
0.0228233, -0.00191771 ,-0.999738, 0.278591 
0, 0 ,0, 1 
-0.99202, 0.123988 ,-0.0228849, -0.410114 
0.123999, 0.992282 ,0.000927399, -0.00676843 
0.0228233, -0.00191771 ,-0.999738, 0.278591 
0, 0 ,0, 1 
-0.99202, 0.123988 ,-0.0228849, -0.410114 
0.123999, 0.992282 ,0.000927399, -0.00676843 
0.0228233, -0.00191771 ,-0.999738, 0.278591 
0, 0 ,0, 1 
-0.99202, 0.123986 ,-0.0228849, -0.410114 
0.123998, 0.992282 ,0.000927369, -0.00676896 
0.0228233, -0.00191771 ,-0.999738, 0.278591 
0, 0 ,0, 1 
-0.99202, 0.123988 ,-0.0228849, -0.410114 
0.123999, 0.992282 ,0.000927399, -0.00676843 
0.0228233, -0.00191771 ,-0.999738, 0.278591 
0, 0 ,0, 1 
-0.99202, 0.123986 ,-0.0228849, -0.410114 
0.123998, 0.992282 ,0.000927369, -0.00676896 
0.0228233, -0.00191771 ,-0.999738, 0.278591 
0, 0 ,0, 1 
-0.99202, 0.123988 ,-0.0228849, -0.410114 
0.123999, 0.992282 ,0.000927399, -0.00676843 
0.0228233, -0.00191771 ,-0.999738, 0.278591 
0, 0 ,0, 1 
-0.99202, 0.123988 ,-0.0228849, -0.410114 
0.123999, 0.992282 ,0.000927399, -0.00676843 
0.0228233, -0.00191771 ,-0.999738, 0.278591 
0, 0 ,0, 1 
-0.99202, 0.123988 ,-0.0228849, -0.410114 
0.123999, 0.992282 ,0.000927399, -0.00676843 
0.0228233, -0.00191771 ,-0.999738, 0.278591 
0, 0 ,0, 1 
-0.99202, 0.123988 ,-0.0228849, -0.410114 
0.123999, 0.992282 ,0.000927399, -0.00676843 
0.0228233, -0.00191771 ,-0.999738, 0.278591 
0, 0 ,0, 1 
-0.99202, 0.123988 ,-0.0228849, -0.410114 
0.123999, 0.992282 ,0.000927399, -0.00676843 
0.0228233, -0.00191771 ,-0.999738, 0.278591 
0, 0 ,0, 1 
-0.99202, 0.123988 ,-0.0228849, -0.410114 
0.123999, 0.992282 ,0.000927399, -0.00676843 
0.0228233, -0.00191771 ,-0.999738, 0.278591 
0, 0 ,0, 1 
-0.99202, 0.123988 ,-0.0228849, -0.410114 
0.123999, 0.992282 ,0.000927399, -0.00676843 
0.0228233, -0.00191771 ,-0.999738, 0.278591 
0, 0 ,0, 1 
-0.99202, 0.123988 ,-0.0228849, -0.410114 
0.123999, 0.992282 ,0.000927399, -0.00676843 
0.0228233, -0.00191771 ,-0.999738, 0.278591 
0, 0 ,0, 1 
-0.99202, 0.123988 ,-0.0228849, -0.410114 
0.123999, 0.992282 ,0.000927399, -0.00676843 
0.0228233, -0.00191771 ,-0.999738, 0.278591 
0, 0 ,0, 1 
-0.99202, 0.123988 ,-0.0228849, -0.410114 
0.123999, 0.992282 ,0.000927399, -0.00676843 
0.0228233, -0.00191771 ,-0.999738, 0.278591 
0, 0 ,0, 1 
-0.99202, 0.123986 ,-0.0228849, -0.410114 
0.123998, 0.992282 ,0.000927369, -0.00676896 
0.0228233, -0.00191771 ,-0.999738, 0.278591 
0, 0 ,0, 1 
-0.99202, 0.123988 ,-0.0228849, -0.410114 
0.123999, 0.992282 ,0.000927399, -0.00676843 
0.0228233, -0.00191771 ,-0.999738, 0.278591 
0, 0 ,0, 1 
-0.99202, 0.123986 ,-0.0228849, -0.410114 
0.123998, 0.992282 ,0.000927369, -0.00676896 
0.0228233, -0.00191771 ,-0.999738, 0.278591 
0, 0 ,0, 1 
-0.99202, 0.123988 ,-0.0228849, -0.410114 
0.123999, 0.992282 ,0.000927399, -0.00676843 
0.0228233, -0.00191771 ,-0.999738, 0.278591 
0, 0 ,0, 1 
-0.99202, 0.123988 ,-0.0228849, -0.410114 
0.123999, 0.992282 ,0.000927399, -0.00676843 
0.0228233, -0.00191771 ,-0.999738, 0.278591 
0, 0 ,0, 1 
-0.99202, 0.123988 ,-0.0228849, -0.410114 
0.123999, 0.992282 ,0.000927399, -0.00676843 
0.0228233, -0.00191771 ,-0.999738, 0.278591 
0, 0 ,0, 1 
-0.99202, 0.123988 ,-0.0228849, -0.410114 
0.123999, 0.992282 ,0.000927399, -0.00676843 
0.0228233, -0.00191771 ,-0.999738, 0.278591 
0, 0 ,0, 1 
-0.99202, 0.123988 ,-0.0228849, -0.410114 
0.123999, 0.992282 ,0.000927399, -0.00676843 
0.0228233, -0.00191771 ,-0.999738, 0.278591 
0, 0 ,0, 1 
-0.99202, 0.123988 ,-0.0228849, -0.410114 
0.123999, 0.992282 ,0.000927399, -0.00676843 
0.0228233, -0.00191771 ,-0.999738, 0.278591 
0, 0 ,0, 1 
-0.99202, 0.123988 ,-0.0228849, -0.410114 
0.123999, 0.992282 ,0.000927399, -0.00676843 
0.0228233, -0.00191771 ,-0.999738, 0.278591 
0, 0 ,0, 1 
-0.99202, 0.123988 ,-0.0228849, -0.410114 
0.123999, 0.992282 ,0.000927399, -0.00676843 
0.0228233, -0.00191771 ,-0.999738, 0.278591 
0, 0 ,0, 1 
-0.99202, 0.123988 ,-0.0228849, -0.410114 
0.123999, 0.992282 ,0.000927399, -0.00676843 
0.0228233, -0.00191771 ,-0.999738, 0.278591 
0, 0 ,0, 1 
-0.99202, 0.123988 ,-0.0228849, -0.410114 
0.123999, 0.992282 ,0.000927399, -0.00676843 
0.0228233, -0.00191771 ,-0.999738, 0.278591 
0, 0 ,0, 1 
-0.99202, 0.123988 ,-0.0228849, -0.410114 
0.123999, 0.992282 ,0.000927399, -0.00676843 
0.0228233, -0.00191771 ,-0.999738, 0.278591 
0, 0 ,0, 1 
-0.99202, 0.123988 ,-0.0228849, -0.410114 
0.123999, 0.992282 ,0.000927399, -0.00676843 
0.0228233, -0.00191771 ,-0.999738, 0.278591 
0, 0 ,0, 1 
-0.99202, 0.123988 ,-0.0228849, -0.410114 
0.123999, 0.992282 ,0.000927399, -0.00676843 
0.0228233, -0.00191771 ,-0.999738, 0.278591 
0, 0 ,0, 1 
-0.99202, 0.123988 ,-0.0228849, -0.410114 
0.123999, 0.992282 ,0.000927399, -0.00676843 
0.0228233, -0.00191771 ,-0.999738, 0.278591 
0, 0 ,0, 1 
-0.99202, 0.123986 ,-0.0228849, -0.410114 
0.123998, 0.992282 ,0.000927369, -0.00676896 
0.0228233, -0.00191771 ,-0.999738, 0.278591 
0, 0 ,0, 1 
-0.99202, 0.123988 ,-0.0228849, -0.410114 
0.123999, 0.992282 ,0.000927399, -0.00676843 
0.0228233, -0.00191771 ,-0.999738, 0.278591 
0, 0 ,0, 1 
-0.99202, 0.123988 ,-0.0228849, -0.410114 
0.123999, 0.992282 ,0.000927399, -0.00676843 
0.0228233, -0.00191771 ,-0.999738, 0.278591 
0, 0 ,0, 1 
-0.99202, 0.123988 ,-0.0228849, -0.410114 
0.123999, 0.992282 ,0.000927399, -0.00676843 
0.0228233, -0.00191771 ,-0.999738, 0.278591 
0, 0 ,0, 1 
-0.99202, 0.123988 ,-0.0228849, -0.410114 
0.123999, 0.992282 ,0.000927399, -0.00676843 
0.0228233, -0.00191771 ,-0.999738, 0.278591 
0, 0 ,0, 1 
-0.99202, 0.123988 ,-0.0228849, -0.410114 
0.123999, 0.992282 ,0.000927399, -0.00676843 
0.0228233, -0.00191771 ,-0.999738, 0.278591 
0, 0 ,0, 1 
-0.99202, 0.123988 ,-0.0228849, -0.410114 
0.123999, 0.992282 ,0.000927399, -0.00676843 
0.0228233, -0.00191771 ,-0.999738, 0.278591 
0, 0 ,0, 1 
-0.99202, 0.123986 ,-0.0228849, -0.410114 
0.123998, 0.992282 ,0.000927369, -0.00676896 
0.0228233, -0.00191771 ,-0.999738, 0.278591 
0, 0 ,0, 1 
-0.99202, 0.123988 ,-0.0228849, -0.410114 
0.123999, 0.992282 ,0.000927399, -0.00676843 
0.0228233, -0.00191771 ,-0.999738, 0.278591 
0, 0 ,0, 1 
-0.99202, 0.123988 ,-0.0228849, -0.410114 
0.123999, 0.992282 ,0.000927399, -0.00676843 
0.0228233, -0.00191771 ,-0.999738, 0.278591 
0, 0 ,0, 1 
-0.99202, 0.123988 ,-0.0228849, -0.410114 
0.123999, 0.992282 ,0.000927399, -0.00676843 
0.0228233, -0.00191771 ,-0.999738, 0.278591 
0, 0 ,0, 1 
-0.99202, 0.123988 ,-0.0228849, -0.410114 
0.123999, 0.992282 ,0.000927399, -0.00676843 
0.0228233, -0.00191771 ,-0.999738, 0.278591 
0, 0 ,0, 1 
-0.99202, 0.123988 ,-0.0228849, -0.410114 
0.123999, 0.992282 ,0.000927399, -0.00676843 
0.0228233, -0.00191771 ,-0.999738, 0.278591 
0, 0 ,0, 1 
-0.99202, 0.123988 ,-0.0228849, -0.410114 
0.123999, 0.992282 ,0.000927399, -0.00676843 
0.0228233, -0.00191771 ,-0.999738, 0.278591 
0, 0 ,0, 1 
-0.99202, 0.123988 ,-0.0228849, -0.410114 
0.123999, 0.992282 ,0.000927399, -0.00676843 
0.0228233, -0.00191771 ,-0.999738, 0.278591 
0, 0 ,0, 1 
-0.99202, 0.123986 ,-0.0228849, -0.410114 
0.123998, 0.992282 ,0.000927369, -0.00676896 
0.0228233, -0.00191771 ,-0.999738, 0.278591 
0, 0 ,0, 1 
-0.99202, 0.123988 ,-0.0228849, -0.410114 
0.123999, 0.992282 ,0.000927399, -0.00676843 
0.0228233, -0.00191771 ,-0.999738, 0.278591 
0, 0 ,0, 1 
-0.99202, 0.123986 ,-0.0228849, -0.410114 
0.123998, 0.992282 ,0.000927369, -0.00676896 
0.0228233, -0.00191771 ,-0.999738, 0.278591 
0, 0 ,0, 1 
-0.99202, 0.123988 ,-0.0228849, -0.410114 
0.123999, 0.992282 ,0.000927399, -0.00676843 
0.0228233, -0.00191771 ,-0.999738, 0.278591 
0, 0 ,0, 1 
-0.99202, 0.123988 ,-0.0228849, -0.410114 
0.123999, 0.992282 ,0.000927399, -0.00676843 
0.0228233, -0.00191771 ,-0.999738, 0.278591 
0, 0 ,0, 1 
-0.99202, 0.123988 ,-0.0228849, -0.410114 
0.123999, 0.992282 ,0.000927399, -0.00676843 
0.0228233, -0.00191771 ,-0.999738, 0.278591 
0, 0 ,0, 1 
-0.99202, 0.123988 ,-0.0228849, -0.410114 
0.123999, 0.992282 ,0.000927399, -0.00676843 
0.0228233, -0.00191771 ,-0.999738, 0.278591 
0, 0 ,0, 1 
-0.99202, 0.123986 ,-0.0228849, -0.410114 
0.123998, 0.992282 ,0.000927369, -0.00676896 
0.0228233, -0.00191771 ,-0.999738, 0.278591 
0, 0 ,0, 1 
-0.99202, 0.123988 ,-0.0228849, -0.410114 
0.123999, 0.992282 ,0.000927399, -0.00676843 
0.0228233, -0.00191771 ,-0.999738, 0.278591 
0, 0 ,0, 1 
-0.99202, 0.123988 ,-0.0228849, -0.410114 
0.123999, 0.992282 ,0.000927399, -0.00676843 
0.0228233, -0.00191771 ,-0.999738, 0.278591 
0, 0 ,0, 1 
-0.99202, 0.123986 ,-0.0228849, -0.410114 
0.123998, 0.992282 ,0.000927369, -0.00676896 
0.0228233, -0.00191771 ,-0.999738, 0.278591 
0, 0 ,0, 1 
-0.99202, 0.123986 ,-0.0228849, -0.410114 
0.123998, 0.992282 ,0.000927369, -0.00676896 
0.0228233, -0.00191771 ,-0.999738, 0.278591 
0, 0 ,0, 1 
-0.99202, 0.123986 ,-0.0228849, -0.410114 
0.123998, 0.992282 ,0.000927369, -0.00676896 
0.0228233, -0.00191771 ,-0.999738, 0.278591 
0, 0 ,0, 1 
-0.99202, 0.123988 ,-0.0228849, -0.410114 
0.123999, 0.992282 ,0.000927399, -0.00676843 
0.0228233, -0.00191771 ,-0.999738, 0.278591 
0, 0 ,0, 1 
-0.99202, 0.123988 ,-0.0228849, -0.410114 
0.123999, 0.992282 ,0.000927399, -0.00676843 
0.0228233, -0.00191771 ,-0.999738, 0.278591 
0, 0 ,0, 1 
-0.99202, 0.123986 ,-0.0228849, -0.410114 
0.123998, 0.992282 ,0.000927369, -0.00676896 
0.0228233, -0.00191771 ,-0.999738, 0.278591 
0, 0 ,0, 1 
-0.99202, 0.123988 ,-0.0228849, -0.410114 
0.123999, 0.992282 ,0.000927399, -0.00676843 
0.0228233, -0.00191771 ,-0.999738, 0.278591 
0, 0 ,0, 1 
-0.99202, 0.123988 ,-0.0228849, -0.410114 
0.123999, 0.992282 ,0.000927399, -0.00676843 
0.0228233, -0.00191771 ,-0.999738, 0.278591 
0, 0 ,0, 1 
-0.99202, 0.123986 ,-0.0228849, -0.410114 
0.123998, 0.992282 ,0.000927369, -0.00676896 
0.0228233, -0.00191771 ,-0.999738, 0.278591 
0, 0 ,0, 1 
-0.99202, 0.123988 ,-0.0228849, -0.410114 
0.123999, 0.992282 ,0.000927399, -0.00676843 
0.0228233, -0.00191771 ,-0.999738, 0.278591 
0, 0 ,0, 1 
-0.99202, 0.123988 ,-0.0228849, -0.410114 
0.123999, 0.992282 ,0.000927399, -0.00676843 
0.0228233, -0.00191771 ,-0.999738, 0.278591 
0, 0 ,0, 1 
-0.99202, 0.123988 ,-0.0228849, -0.410114 
0.123999, 0.992282 ,0.000927399, -0.00676843 
0.0228233, -0.00191771 ,-0.999738, 0.278591 
0, 0 ,0, 1 
-0.99202, 0.123988 ,-0.0228849, -0.410114 
0.123999, 0.992282 ,0.000927399, -0.00676843 
0.0228233, -0.00191771 ,-0.999738, 0.278591 
0, 0 ,0, 1 
-0.99202, 0.123988 ,-0.0228849, -0.410114 
0.123999, 0.992282 ,0.000927399, -0.00676843 
0.0228233, -0.00191771 ,-0.999738, 0.278591 
0, 0 ,0, 1 
-0.99202, 0.123988 ,-0.0228849, -0.410114 
0.123999, 0.992282 ,0.000927399, -0.00676843 
0.0228233, -0.00191771 ,-0.999738, 0.278591 
0, 0 ,0, 1 
-0.99202, 0.123988 ,-0.0228849, -0.410114 
0.123999, 0.992282 ,0.000927399, -0.00676843 
0.0228233, -0.00191771 ,-0.999738, 0.278591 
0, 0 ,0, 1 
-0.99202, 0.123986 ,-0.0228849, -0.410114 
0.123998, 0.992282 ,0.000927369, -0.00676896 
0.0228233, -0.00191771 ,-0.999738, 0.278591 
0, 0 ,0, 1 
-0.99202, 0.123988 ,-0.0228849, -0.410114 
0.123999, 0.992282 ,0.000927399, -0.00676843 
0.0228233, -0.00191771 ,-0.999738, 0.278591 
0, 0 ,0, 1 
-0.99202, 0.123988 ,-0.0228849, -0.410114 
0.123999, 0.992282 ,0.000927399, -0.00676843 
0.0228233, -0.00191771 ,-0.999738, 0.278591 
0, 0 ,0, 1 
-0.99202, 0.123988 ,-0.0228849, -0.410114 
0.123999, 0.992282 ,0.000927399, -0.00676843 
0.0228233, -0.00191771 ,-0.999738, 0.278591 
0, 0 ,0, 1 
-0.99202, 0.123988 ,-0.0228849, -0.410114 
0.123999, 0.992282 ,0.000927399, -0.00676843 
0.0228233, -0.00191771 ,-0.999738, 0.278591 
0, 0 ,0, 1 
-0.99202, 0.123988 ,-0.0228849, -0.410114 
0.123999, 0.992282 ,0.000927399, -0.00676843 
0.0228233, -0.00191771 ,-0.999738, 0.278591 
0, 0 ,0, 1 
-0.99202, 0.123988 ,-0.0228849, -0.410114 
0.123999, 0.992282 ,0.000927399, -0.00676843 
0.0228233, -0.00191771 ,-0.999738, 0.278591 
0, 0 ,0, 1 
-0.99202, 0.123988 ,-0.0228849, -0.410114 
0.123999, 0.992282 ,0.000927399, -0.00676843 
0.0228233, -0.00191771 ,-0.999738, 0.278591 
0, 0 ,0, 1 
-0.99202, 0.123988 ,-0.0228849, -0.410114 
0.123999, 0.992282 ,0.000927399, -0.00676843 
0.0228233, -0.00191771 ,-0.999738, 0.278591 
0, 0 ,0, 1 
-0.99202, 0.123988 ,-0.0228849, -0.410114 
0.123999, 0.992282 ,0.000927399, -0.00676843 
0.0228233, -0.00191771 ,-0.999738, 0.278591 
0, 0 ,0, 1 
-0.99202, 0.123986 ,-0.0228849, -0.410114 
0.123998, 0.992282 ,0.000927369, -0.00676896 
0.0228233, -0.00191771 ,-0.999738, 0.278591 
0, 0 ,0, 1 
-0.99202, 0.123988 ,-0.0228849, -0.410114 
0.123999, 0.992282 ,0.000927399, -0.00676843 
0.0228233, -0.00191771 ,-0.999738, 0.278591 
0, 0 ,0, 1 
-0.99202, 0.123988 ,-0.0228849, -0.410114 
0.123999, 0.992282 ,0.000927399, -0.00676843 
0.0228233, -0.00191771 ,-0.999738, 0.278591 
0, 0 ,0, 1 
-0.99202, 0.123988 ,-0.0228849, -0.410114 
0.123999, 0.992282 ,0.000927399, -0.00676843 
0.0228233, -0.00191771 ,-0.999738, 0.278591 
0, 0 ,0, 1 
-0.99202, 0.123988 ,-0.0228849, -0.410114 
0.123999, 0.992282 ,0.000927399, -0.00676843 
0.0228233, -0.00191771 ,-0.999738, 0.278591 
0, 0 ,0, 1 
-0.99202, 0.123986 ,-0.0228849, -0.410114 
0.123998, 0.992282 ,0.000927369, -0.00676896 
0.0228233, -0.00191771 ,-0.999738, 0.278591 
0, 0 ,0, 1 
-0.99202, 0.123988 ,-0.0228832, -0.410114 
0.123999, 0.992282 ,0.000927341, -0.00676845 
0.0228216, -0.00191755 ,-0.999738, 0.278591 
0, 0 ,0, 1 
-0.99202, 0.123986 ,-0.0228832, -0.410114 
0.123998, 0.992282 ,0.000927312, -0.00676898 
0.0228216, -0.00191755 ,-0.999738, 0.278591 
0, 0 ,0, 1 
-0.99202, 0.123988 ,-0.0228832, -0.410114 
0.123999, 0.992282 ,0.000927341, -0.00676845 
0.0228216, -0.00191755 ,-0.999738, 0.278591 
0, 0 ,0, 1 
-0.99202, 0.123988 ,-0.0228832, -0.410114 
0.123999, 0.992282 ,0.000927341, -0.00676845 
0.0228216, -0.00191755 ,-0.999738, 0.278591 
0, 0 ,0, 1 
-0.99202, 0.123986 ,-0.0228832, -0.410114 
0.123998, 0.992282 ,0.000927312, -0.00676898 
0.0228216, -0.00191755 ,-0.999738, 0.278591 
0, 0 ,0, 1 
-0.99202, 0.123986 ,-0.0228832, -0.410114 
0.123998, 0.992282 ,0.000927312, -0.00676898 
0.0228216, -0.00191755 ,-0.999738, 0.278591 
0, 0 ,0, 1 
-0.99202, 0.123986 ,-0.0228832, -0.410114 
0.123998, 0.992282 ,0.000927312, -0.00676898 
0.0228216, -0.00191755 ,-0.999738, 0.278591 
0, 0 ,0, 1 
-0.99202, 0.123988 ,-0.0228832, -0.410114 
0.123999, 0.992282 ,0.000927341, -0.00676845 
0.0228216, -0.00191755 ,-0.999738, 0.278591 
0, 0 ,0, 1 
-0.99202, 0.123988 ,-0.0228832, -0.410114 
0.123999, 0.992282 ,0.000927341, -0.00676845 
0.0228216, -0.00191755 ,-0.999738, 0.278591 
0, 0 ,0, 1 
-0.99202, 0.123988 ,-0.0228832, -0.410114 
0.123999, 0.992282 ,0.000927341, -0.00676845 
0.0228216, -0.00191755 ,-0.999738, 0.278591 
0, 0 ,0, 1 
-0.99202, 0.123988 ,-0.0228832, -0.410114 
0.123999, 0.992282 ,0.000927341, -0.00676845 
0.0228216, -0.00191755 ,-0.999738, 0.278591 
0, 0 ,0, 1 
-0.99202, 0.123988 ,-0.0228832, -0.410114 
0.123999, 0.992282 ,0.000927341, -0.00676845 
0.0228216, -0.00191755 ,-0.999738, 0.278591 
0, 0 ,0, 1 
-0.99202, 0.123986 ,-0.0228832, -0.410114 
0.123998, 0.992282 ,0.000927312, -0.00676898 
0.0228216, -0.00191755 ,-0.999738, 0.278591 
0, 0 ,0, 1 
-0.99202, 0.123988 ,-0.0228832, -0.410114 
0.123999, 0.992282 ,0.000927341, -0.00676845 
0.0228216, -0.00191755 ,-0.999738, 0.278591 
0, 0 ,0, 1 
-0.99202, 0.123988 ,-0.0228832, -0.410114 
0.123999, 0.992282 ,0.000927341, -0.00676845 
0.0228216, -0.00191755 ,-0.999738, 0.278591 
0, 0 ,0, 1 
-0.99202, 0.123988 ,-0.0228832, -0.410114 
0.123999, 0.992282 ,0.000927341, -0.00676845 
0.0228216, -0.00191755 ,-0.999738, 0.278591 
0, 0 ,0, 1 
-0.99202, 0.123988 ,-0.0228832, -0.410114 
0.123999, 0.992282 ,0.000927341, -0.00676845 
0.0228216, -0.00191755 ,-0.999738, 0.278591 
0, 0 ,0, 1 
-0.99202, 0.123986 ,-0.0228832, -0.410114 
0.123998, 0.992282 ,0.000927312, -0.00676898 
0.0228216, -0.00191755 ,-0.999738, 0.278591 
0, 0 ,0, 1 
-0.99202, 0.123988 ,-0.0228832, -0.410114 
0.123999, 0.992282 ,0.000927341, -0.00676845 
0.0228216, -0.00191755 ,-0.999738, 0.278591 
0, 0 ,0, 1 
-0.99202, 0.123986 ,-0.0228832, -0.410114 
0.123998, 0.992282 ,0.000927312, -0.00676898 
0.0228216, -0.00191755 ,-0.999738, 0.278591 
0, 0 ,0, 1 
-0.99202, 0.123988 ,-0.0228832, -0.410114 
0.123999, 0.992282 ,0.000927341, -0.00676845 
0.0228216, -0.00191755 ,-0.999738, 0.278591 
0, 0 ,0, 1 
-0.99202, 0.123988 ,-0.0228832, -0.410114 
0.123999, 0.992282 ,0.000927341, -0.00676845 
0.0228216, -0.00191755 ,-0.999738, 0.278591 
0, 0 ,0, 1 
-0.99202, 0.123986 ,-0.0228832, -0.410114 
0.123998, 0.992282 ,0.000927312, -0.00676898 
0.0228216, -0.00191755 ,-0.999738, 0.278591 
0, 0 ,0, 1 
-0.99202, 0.123988 ,-0.0228832, -0.410114 
0.123999, 0.992282 ,0.000927341, -0.00676845 
0.0228216, -0.00191755 ,-0.999738, 0.278591 
0, 0 ,0, 1 
-0.99202, 0.123986 ,-0.0228832, -0.410114 
0.123998, 0.992282 ,0.000927312, -0.00676898 
0.0228216, -0.00191755 ,-0.999738, 0.278591 
0, 0 ,0, 1 
-0.99202, 0.123988 ,-0.0228832, -0.410114 
0.123999, 0.992282 ,0.000927341, -0.00676845 
0.0228216, -0.00191755 ,-0.999738, 0.278591 
0, 0 ,0, 1 
-0.99202, 0.123988 ,-0.0228832, -0.410114 
0.123999, 0.992282 ,0.000927341, -0.00676845 
0.0228216, -0.00191755 ,-0.999738, 0.278591 
0, 0 ,0, 1 
-0.99202, 0.123986 ,-0.0228832, -0.410114 
0.123998, 0.992282 ,0.000927312, -0.00676898 
0.0228216, -0.00191755 ,-0.999738, 0.278591 
0, 0 ,0, 1 
-0.99202, 0.123986 ,-0.0228832, -0.410114 
0.123998, 0.992282 ,0.000927312, -0.00676898 
0.0228216, -0.00191755 ,-0.999738, 0.278591 
0, 0 ,0, 1 
-0.99202, 0.123988 ,-0.0228832, -0.410114 
0.123999, 0.992282 ,0.000927341, -0.00676845 
0.0228216, -0.00191755 ,-0.999738, 0.278591 
0, 0 ,0, 1 
-0.99202, 0.123986 ,-0.0228832, -0.410114 
0.123998, 0.992282 ,0.000927312, -0.00676898 
0.0228216, -0.00191755 ,-0.999738, 0.278591 
0, 0 ,0, 1 
-0.99202, 0.123986 ,-0.0228832, -0.410114 
0.123998, 0.992282 ,0.000927312, -0.00676898 
0.0228216, -0.00191755 ,-0.999738, 0.278591 
0, 0 ,0, 1 
-0.99202, 0.123988 ,-0.0228832, -0.410114 
0.123999, 0.992282 ,0.000927341, -0.00676845 
0.0228216, -0.00191755 ,-0.999738, 0.278591 
0, 0 ,0, 1 
-0.99202, 0.123988 ,-0.0228832, -0.410114 
0.123999, 0.992282 ,0.000927341, -0.00676845 
0.0228216, -0.00191755 ,-0.999738, 0.278591 
0, 0 ,0, 1 
-0.99202, 0.123988 ,-0.0228832, -0.410114 
0.123999, 0.992282 ,0.000927341, -0.00676845 
0.0228216, -0.00191755 ,-0.999738, 0.278591 
0, 0 ,0, 1 
-0.99202, 0.123986 ,-0.0228832, -0.410114 
0.123998, 0.992282 ,0.000927312, -0.00676898 
0.0228216, -0.00191755 ,-0.999738, 0.278591 
0, 0 ,0, 1 
-0.99202, 0.123988 ,-0.0228832, -0.410114 
0.123999, 0.992282 ,0.000927341, -0.00676845 
0.0228216, -0.00191755 ,-0.999738, 0.278591 
0, 0 ,0, 1 
-0.99202, 0.123986 ,-0.0228832, -0.410114 
0.123998, 0.992282 ,0.000927312, -0.00676898 
0.0228216, -0.00191755 ,-0.999738, 0.278591 
0, 0 ,0, 1 
-0.99202, 0.123986 ,-0.0228832, -0.410114 
0.123998, 0.992282 ,0.000927312, -0.00676898 
0.0228216, -0.00191755 ,-0.999738, 0.278591 
0, 0 ,0, 1 
-0.99202, 0.123986 ,-0.0228832, -0.410114 
0.123998, 0.992282 ,0.000927312, -0.00676898 
0.0228216, -0.00191755 ,-0.999738, 0.278591 
0, 0 ,0, 1 
-0.99202, 0.123986 ,-0.0228832, -0.410114 
0.123998, 0.992282 ,0.000927312, -0.00676898 
0.0228216, -0.00191755 ,-0.999738, 0.278591 
0, 0 ,0, 1 
-0.99202, 0.123986 ,-0.0228832, -0.410114 
0.123998, 0.992282 ,0.000927312, -0.00676898 
0.0228216, -0.00191755 ,-0.999738, 0.278591 
0, 0 ,0, 1 
-0.99202, 0.123988 ,-0.0228832, -0.410114 
0.123999, 0.992282 ,0.000927341, -0.00676845 
0.0228216, -0.00191755 ,-0.999738, 0.278591 
0, 0 ,0, 1 
-0.99202, 0.123986 ,-0.0228832, -0.410114 
0.123998, 0.992282 ,0.000927312, -0.00676898 
0.0228216, -0.00191755 ,-0.999738, 0.278591 
0, 0 ,0, 1 
-0.99202, 0.123988 ,-0.0228832, -0.410114 
0.123999, 0.992282 ,0.000927341, -0.00676845 
0.0228216, -0.00191755 ,-0.999738, 0.278591 
0, 0 ,0, 1 
-0.99202, 0.123988 ,-0.0228832, -0.410114 
0.123999, 0.992282 ,0.000927341, -0.00676845 
0.0228216, -0.00191755 ,-0.999738, 0.278591 
0, 0 ,0, 1 
-0.99202, 0.123988 ,-0.0228832, -0.410114 
0.123999, 0.992282 ,0.000927341, -0.00676845 
0.0228216, -0.00191755 ,-0.999738, 0.278591 
0, 0 ,0, 1 
-0.99202, 0.123988 ,-0.0228832, -0.410114 
0.123999, 0.992282 ,0.000927341, -0.00676845 
0.0228216, -0.00191755 ,-0.999738, 0.278591 
0, 0 ,0, 1 
-0.99202, 0.123988 ,-0.0228832, -0.410114 
0.123999, 0.992282 ,0.000927341, -0.00676845 
0.0228216, -0.00191755 ,-0.999738, 0.278591 
0, 0 ,0, 1 
-0.99202, 0.123988 ,-0.0228832, -0.410114 
0.123999, 0.992282 ,0.000927341, -0.00676845 
0.0228216, -0.00191755 ,-0.999738, 0.278591 
0, 0 ,0, 1 
-0.99202, 0.123988 ,-0.0228832, -0.410114 
0.123999, 0.992282 ,0.000927341, -0.00676845 
0.0228216, -0.00191755 ,-0.999738, 0.278591 
0, 0 ,0, 1 
-0.99202, 0.123988 ,-0.0228832, -0.410114 
0.123999, 0.992282 ,0.000927341, -0.00676845 
0.0228216, -0.00191755 ,-0.999738, 0.278591 
0, 0 ,0, 1 
-0.99202, 0.123988 ,-0.0228832, -0.410114 
0.123999, 0.992282 ,0.000927341, -0.00676845 
0.0228216, -0.00191755 ,-0.999738, 0.278591 
0, 0 ,0, 1 
-0.99202, 0.123986 ,-0.0228832, -0.410114 
0.123998, 0.992282 ,0.000927312, -0.00676898 
0.0228216, -0.00191755 ,-0.999738, 0.278591 
0, 0 ,0, 1 
-0.99202, 0.123988 ,-0.0228832, -0.410114 
0.123999, 0.992282 ,0.000927341, -0.00676845 
0.0228216, -0.00191755 ,-0.999738, 0.278591 
0, 0 ,0, 1 
-0.99202, 0.123986 ,-0.0228832, -0.410114 
0.123998, 0.992282 ,0.000927312, -0.00676898 
0.0228216, -0.00191755 ,-0.999738, 0.278591 
0, 0 ,0, 1 
-0.99202, 0.123988 ,-0.0228832, -0.410114 
0.123999, 0.992282 ,0.000927341, -0.00676845 
0.0228216, -0.00191755 ,-0.999738, 0.278591 
0, 0 ,0, 1 
-0.99202, 0.123986 ,-0.0228832, -0.410114 
0.123998, 0.992282 ,0.000927312, -0.00676898 
0.0228216, -0.00191755 ,-0.999738, 0.278591 
0, 0 ,0, 1 
-0.99202, 0.123986 ,-0.0228832, -0.410114 
0.123998, 0.992282 ,0.000927312, -0.00676898 
0.0228216, -0.00191755 ,-0.999738, 0.278591 
0, 0 ,0, 1 
-0.99202, 0.123988 ,-0.0228832, -0.410114 
0.123999, 0.992282 ,0.000927341, -0.00676845 
0.0228216, -0.00191755 ,-0.999738, 0.278591 
0, 0 ,0, 1 
-0.99202, 0.123988 ,-0.0228832, -0.410114 
0.123999, 0.992282 ,0.000927312, -0.00676894 
0.0228216, -0.00191759 ,-0.999738, 0.278591 
0, 0 ,0, 1 
-0.99202, 0.123986 ,-0.0228832, -0.410114 
0.123998, 0.992282 ,0.000927312, -0.00676898 
0.0228216, -0.00191755 ,-0.999738, 0.278591 
0, 0 ,0, 1 
-0.99202, 0.123988 ,-0.0228832, -0.410114 
0.123999, 0.992282 ,0.000927341, -0.00676845 
0.0228216, -0.00191755 ,-0.999738, 0.278591 
0, 0 ,0, 1 
-0.99202, 0.123988 ,-0.0228832, -0.410114 
0.123999, 0.992282 ,0.000927341, -0.00676845 
0.0228216, -0.00191755 ,-0.999738, 0.278591 
0, 0 ,0, 1 
-0.99202, 0.123988 ,-0.0228832, -0.410114 
0.123999, 0.992282 ,0.000927341, -0.00676845 
0.0228216, -0.00191755 ,-0.999738, 0.278591 
0, 0 ,0, 1 
-0.99202, 0.123988 ,-0.0228832, -0.410114 
0.123999, 0.992282 ,0.000927341, -0.00676845 
0.0228216, -0.00191755 ,-0.999738, 0.278591 
0, 0 ,0, 1 
-0.99202, 0.123986 ,-0.0228832, -0.410114 
0.123998, 0.992282 ,0.000927312, -0.00676898 
0.0228216, -0.00191755 ,-0.999738, 0.278591 
0, 0 ,0, 1 
-0.99202, 0.123988 ,-0.0228832, -0.410114 
0.123999, 0.992282 ,0.000927341, -0.00676845 
0.0228216, -0.00191755 ,-0.999738, 0.278591 
0, 0 ,0, 1 
-0.99202, 0.123988 ,-0.0228832, -0.410114 
0.123999, 0.992282 ,0.000927341, -0.00676845 
0.0228216, -0.00191755 ,-0.999738, 0.278591 
0, 0 ,0, 1 
-0.99202, 0.123988 ,-0.0228832, -0.410114 
0.123999, 0.992282 ,0.000927341, -0.00676845 
0.0228216, -0.00191755 ,-0.999738, 0.278591 
0, 0 ,0, 1 
-0.99202, 0.123988 ,-0.0228832, -0.410114 
0.123999, 0.992282 ,0.000927341, -0.00676845 
0.0228216, -0.00191755 ,-0.999738, 0.278591 
0, 0 ,0, 1 
-0.99202, 0.123986 ,-0.0228832, -0.410114 
0.123998, 0.992282 ,0.000927312, -0.00676898 
0.0228216, -0.00191755 ,-0.999738, 0.278591 
0, 0 ,0, 1 
-0.99202, 0.123988 ,-0.0228832, -0.410114 
0.123999, 0.992282 ,0.000927341, -0.00676845 
0.0228216, -0.00191755 ,-0.999738, 0.278591 
0, 0 ,0, 1 
-0.99202, 0.123988 ,-0.0228832, -0.410114 
0.123999, 0.992282 ,0.000927341, -0.00676845 
0.0228216, -0.00191755 ,-0.999738, 0.278591 
0, 0 ,0, 1 
-0.99202, 0.123988 ,-0.0228832, -0.410114 
0.123999, 0.992282 ,0.000927341, -0.00676845 
0.0228216, -0.00191755 ,-0.999738, 0.278591 
0, 0 ,0, 1 
-0.99202, 0.123988 ,-0.0228832, -0.410114 
0.123999, 0.992282 ,0.000927341, -0.00676845 
0.0228216, -0.00191755 ,-0.999738, 0.278591 
0, 0 ,0, 1 
-0.99202, 0.123986 ,-0.0228832, -0.410114 
0.123998, 0.992282 ,0.000927312, -0.00676898 
0.0228216, -0.00191755 ,-0.999738, 0.278591 
0, 0 ,0, 1 
-0.99202, 0.123988 ,-0.0228832, -0.410114 
0.123999, 0.992282 ,0.000927341, -0.00676845 
0.0228216, -0.00191755 ,-0.999738, 0.278591 
0, 0 ,0, 1 
-0.99202, 0.123988 ,-0.0228832, -0.410114 
0.123999, 0.992282 ,0.000927341, -0.00676845 
0.0228216, -0.00191755 ,-0.999738, 0.278591 
0, 0 ,0, 1 
-0.99202, 0.123986 ,-0.0228832, -0.410114 
0.123998, 0.992282 ,0.000927312, -0.00676898 
0.0228216, -0.00191755 ,-0.999738, 0.278591 
0, 0 ,0, 1 
-0.99202, 0.123988 ,-0.0228832, -0.410114 
0.123999, 0.992282 ,0.000927341, -0.00676845 
0.0228216, -0.00191755 ,-0.999738, 0.278591 
0, 0 ,0, 1 
-0.99202, 0.123986 ,-0.0228832, -0.410114 
0.123998, 0.992282 ,0.000927312, -0.00676898 
0.0228216, -0.00191755 ,-0.999738, 0.278591 
0, 0 ,0, 1 
-0.992021, 0.123981 ,-0.0228732, -0.410113 
0.123992, 0.992283 ,0.000929062, -0.00676782 
0.0228118, -0.00191444 ,-0.999738, 0.278581 
0, 0 ,0, 1 
