-302 36 165 -178.5 
-302 36 165.5 -178.5 
-302 36 165 -178.5 
-302 36 165 -178.5 
-302 35.5 165 -178.5 
-302 36 165 -178.5 
-302 36 165 -178.5 
-302 35.5 165.5 -178.5 
-302 35.5 165 -178.5 
-302 35.5 165.5 -178.5 
-302 35.5 165.5 -178.5 
-302 35.5 165.5 -178.5 
-302 36 165 -178.5 
-302 36 165 -178.5 
-302 36 165 -178.5 
-302 36 165 -178.5 
-302 36 165.5 -178.5 
-302 35.5 165 -178.5 
-302 36 165.5 -178.5 
-302 36 165.5 -178.5 
-302 35.5 165 -178.5 
-302 36 165.5 -178.5 
-302 36 165.5 -178.5 
-302 36 165 -178.5 
-302 36 165 -178.5 
-302 36 165 -178.5 
-302 36 165 -178.5 
-302 36 165 -178.5 
-302 36 165.5 -178.5 
-302 36 165 -178.5 
-302 36 165.5 -178.5 
-302 36 165 -178.5 
-302 36 165 -178.5 
-302 36 165.5 -178.5 
-302 36 165 -178.5 
-302 35.5 165.5 -178.5 
-302 36 165 -178.5 
-302 36 165.5 -178.5 
-302 35.5 165 -178.5 
-302 35.5 165 -178.5 
-302 36 165 -178.5 
-302 35.5 165 -178.5 
-302 36 165.5 -178.5 
-302 36 165.5 -178.5 
-302 36 165.5 -178.5 
-302 35.5 165 -178.5 
-302 35.5 165.5 -178.5 
-302 36 165.5 -178.5 
-302 35.5 165 -178.5 
-302 36 165 -178.5 
-302 35.5 165 -178.5 
-302 36 165.5 -178.5 
-302 36 165.5 -178.5 
-302 35.5 165.5 -178.5 
-302 35.5 165.5 -178.5 
-302 35.5 165.5 -178.5 
-302 35.5 165.5 -178.5 
-302 35.5 165.5 -178.5 
-302 36 165.5 -178.5 
-302 35.5 165.5 -178.5 
-302 35.5 165.5 -178.5 
-302 35.5 165 -178.5 
-302 35.5 165 -178.5 
-302 36 165.5 -178.5 
-302 36 165.5 -178.5 
-302 35.5 165 -178.5 
-302 36 165 -178.5 
-302 36 165 -178.5 
-302 35.5 165 -178.5 
-302 36 165 -178.5 
-302 35.5 165.5 -178.5 
-302 36 165 -178.5 
-302 36 165 -178.5 
-302 36 165.5 -178.5 
-302 36 165.5 -178.5 
-302 36 165 -178.5 
-302 36 165 -178.5 
-302 36 165 -178.5 
-302 35.5 165 -178.5 
-302 36 165 -178.5 
-302 36 165 -178.5 
-302 36 165.5 -178.5 
-302 36 165 -178.5 
-302 36 165 -178.5 
-302 35.5 165 -178.5 
-302 35.5 165 -178.5 
-302 36 165.5 -178.5 
-302 36 165.5 -178.5 
-302 35.5 165 -178.5 
-302 36 165 -178.5 
-302 36 165.5 -178.5 
-302 36 165 -178.5 
-302 36 165.5 -178.5 
-302 35.5 165.5 -178.5 
-302 36 165 -178.5 
-302 36 165 -178.5 
-302 36 165 -178.5 
-302 36 165 -178.5 
-302 36 165.5 -178.5 
-302 35.5 165.5 -178.5 
-302 36 165 -178.5 
-302 36 165 -178.5 
-302 36 165 -178.5 
-302 36 165 -178.5 
-302 36 165 -178.5 
-302 35.5 165.5 -178.5 
-302 36 165 -178.5 
-302 36 165 -178.5 
-302 35.5 165.5 -178.5 
-302 36 165.5 -178.5 
-302 36 165 -178.5 
-302 36 165.5 -178.5 
-302 36 165 -178.5 
-302 35.5 165.5 -178.5 
-302 36 165 -178.5 
-302 36 165.5 -178.5 
-302 36 165.5 -178.5 
-302 35.5 165.5 -178.5 
-302 36 165 -178.5 
-302 36 165 -178.5 
-302 36 165 -178.5 
-302 35.5 165.5 -178.5 
-302 36 165 -178.5 
-302 35.5 165 -178.5 
-302 36 165 -178.5 
-302 36 165.5 -178.5 
-302 36 165 -178.5 
-302 36 165 -178.5 
-302 36 165.5 -178.5 
-302 35.5 165 -178.5 
-302 36 165 -178.5 
-302 36 165.5 -178.5 
-302 36 165.5 -178.5 
-302 36 165.5 -178.5 
-302 36 165 -178.5 
-302 36 165 -178.5 
-302 35.5 165 -178.5 
-302 36 165.5 -178.5 
-302 35.5 165 -178.5 
-302 36 165 -178.5 
-302 36 165 -178.5 
-302 36 165.5 -178.5 
-302 36 165 -178.5 
-302 36 165 -178.5 
-302 36 165.5 -178.5 
-302 35.5 165 -178.5 
-302 36 165 -178.5 
-302 36 165 -178.5 
-302 36 165 -178.5 
-302 36 165 -178.5 
-302 36 165.5 -178.5 
-302 35.5 165 -178.5 
-302 36 165.5 -178.5 
-302 36 165 -178.5 
-302 36 165.5 -178.5 
-302 36 165 -178.5 
-302 36 165 -178.5 
-302 36 165 -178.5 
-302 35.5 165 -178.5 
-302 36 165 -178.5 
-302 36 165 -178.5 
-302 36 165.5 -178.5 
-302 36 165 -178.5 
-302 36 165.5 -178.5 
-302 35.5 165.5 -178.5 
-302 35.5 165 -178.5 
-302 36 165.5 -178.5 
-302 36 165.5 -178.5 
-302 36 165 -178.5 
-302 36 165.5 -178.5 
-302 35.5 165.5 -178.5 
-302 36 165 -178.5 
-302 36 165 -178.5 
-302 36 165.5 -178.5 
-302 36 165 -178.5 
-302 36 165 -178.5 
-302 36 165.5 -178.5 
-302 36 165.5 -178.5 
-302 35.5 165 -178.5 
-302 36 165.5 -178.5 
-302 36 165 -178.5 
-302 35.5 165 -178.5 
-302 35.5 165 -178.5 
-302 36 165.5 -178.5 
-302 36 165 -178.5 
-302 36 165 -178.5 
-302 36 165 -178.5 
-302 36 165 -178.5 
-302 36 165 -178.5 
-302 35.5 165 -178.5 
-302 36 165 -178.5 
-302 36 165.5 -178.5 
-302 36 165 -178.5 
-302 36 165 -178.5 
-302 36 165 -178.5 
-302 36 165 -178.5 
-302 36 165 -178.5 
-302 35.5 165 -178.5 
-302 36 165 -178.5 
-302 36 165.5 -178.5 
-302 35.5 165 -178.5 
-302 35.5 165 -178.5 
-302 36 165 -178.5 
-302.5 36 165 -178.5 
-302 36 165 -178.5 
-302 36 165 -178.5 
-302 36 165 -178.5 
-302 36 165.5 -178.5 
-302 36 165.5 -178.5 
-302 36 165.5 -178.5 
-302 36 165.5 -178.5 
-302 36 165 -178.5 
-302 36 165 -178.5 
-302 36 165 -178.5 
-302 36 165 -178.5 
-302 36 165.5 -178.5 
-302 36 165 -178.5 
-302 36 165 -178.5 
-302 35.5 165 -178.5 
-302 35.5 165.5 -178.5 
-302 36 165 -178.5 
-302 36 165 -178.5 
-302 36 165 -178.5 
-302 35.5 165 -178.5 
-302 36 165 -178.5 
-302 36 165 -178.5 
-302 36 165 -178.5 
-302 36 165 -178.5 
-302 35.5 165 -178.5 
-302 36 165 -178.5 
-302 35.5 165 -178.5 
-302 36 165 -178.5 
-302 35.5 165 -178.5 
-302 35.5 165 -178.5 
-302 35.5 165 -178.5 
-302 35.5 165 -178.5 
-302 36 165 -178.5 
-302 36 165 -178.5 
-302 36 165.5 -178.5 
-302 36 165 -178.5 
-302 36 165 -178.5 
-302 35.5 165 -178.5 
-302 36 165.5 -178.5 
-302 36 165 -178.5 
-302 36 165.5 -178.5 
-302 36 165 -178.5 
-302 36 165 -178.5 
-302 35.5 165 -178.5 
