-0.0330419, -0.0347702, -2.04378e-05, -1.67071, -0.000171775, 1.48275, 0.0912803, 
-0.0330419, -0.0347702, -2.04378e-05, -1.67071, -0.000171775, 1.48275, 0.0912803, 
-0.0330419, -0.0347702, -2.04378e-05, -1.67071, -0.000171775, 1.48275, 0.0912803, 
-0.0330419, -0.0347702, -2.04378e-05, -1.67071, -0.000171775, 1.48275, 0.0912803, 
-0.0330419, -0.0347702, -2.04378e-05, -1.67071, -0.000171775, 1.48275, 0.0912803, 
-0.0330419, -0.0347702, -2.04378e-05, -1.67071, -0.000171775, 1.48275, 0.0912803, 
-0.0330419, -0.0347702, -2.04378e-05, -1.67071, -0.000171775, 1.48275, 0.0912803, 
-0.0330419, -0.0347702, -2.04378e-05, -1.67071, -0.000171775, 1.48275, 0.0912803, 
-0.0330419, -0.0347702, -2.04378e-05, -1.67071, -0.000171775, 1.48275, 0.0912803, 
-0.0330419, -0.0347702, -2.04378e-05, -1.67071, -0.000171775, 1.48275, 0.0912803, 
-0.0330419, -0.0347702, -2.04378e-05, -1.67071, -0.000171775, 1.48275, 0.0912803, 
-0.0330419, -0.0347702, -2.04378e-05, -1.67071, -0.000171775, 1.48275, 0.0912803, 
-0.0330419, -0.0347702, -2.04378e-05, -1.67071, -0.000171775, 1.48275, 0.0912803, 
-0.0330419, -0.0347702, -2.04378e-05, -1.67071, -0.000171775, 1.48275, 0.0912803, 
-0.0330419, -0.0347702, -2.04378e-05, -1.67071, -0.000171775, 1.48275, 0.0912803, 
-0.0330419, -0.0347702, -2.04378e-05, -1.67071, -0.000171775, 1.48275, 0.0912803, 
-0.0330419, -0.0347702, -2.04378e-05, -1.67071, -0.000171775, 1.48275, 0.0912803, 
-0.0330419, -0.0347702, -2.04378e-05, -1.67071, -0.000171775, 1.48275, 0.0912803, 
-0.0330419, -0.0347702, -2.04378e-05, -1.67071, -0.000171775, 1.48275, 0.0912803, 
-0.0330407, -0.0347702, -2.04378e-05, -1.67071, -0.000171775, 1.48275, 0.0912803, 
-0.0330419, -0.0347702, -2.04378e-05, -1.67071, -0.000171775, 1.48275, 0.0912803, 
-0.0330419, -0.0347702, -2.04378e-05, -1.67071, -0.000171775, 1.48275, 0.0912803, 
-0.0330407, -0.0347702, -2.04378e-05, -1.67071, -0.000171775, 1.48275, 0.0912803, 
-0.0330419, -0.0347702, -2.04378e-05, -1.67071, -0.000171775, 1.48275, 0.0912803, 
-0.0330419, -0.0347702, -2.04378e-05, -1.67071, -0.000171775, 1.48275, 0.0912803, 
-0.0330419, -0.0347702, -2.04378e-05, -1.67071, -0.000171775, 1.48275, 0.0912803, 
-0.0330419, -0.0347702, -2.04378e-05, -1.67071, -0.000171775, 1.48275, 0.0912803, 
-0.0330419, -0.0347702, -2.04378e-05, -1.67071, -0.000171775, 1.48275, 0.0912803, 
-0.0330419, -0.0347702, -2.04378e-05, -1.67071, -0.000171775, 1.48275, 0.0912803, 
-0.0330419, -0.0347702, -2.04378e-05, -1.67071, -0.000171775, 1.48275, 0.0912803, 
-0.0330419, -0.0347702, -2.04378e-05, -1.67071, -0.000171775, 1.48275, 0.0912803, 
-0.0330419, -0.0347702, -2.04378e-05, -1.67071, -0.000171775, 1.48275, 0.0912803, 
-0.0330419, -0.0347702, -2.04378e-05, -1.67071, -0.000171775, 1.48275, 0.0912803, 
-0.0330419, -0.0347702, -2.04378e-05, -1.67071, -0.000171775, 1.48275, 0.0912803, 
-0.0330407, -0.0347702, -2.04378e-05, -1.67071, -0.000171775, 1.48275, 0.0912803, 
-0.0330419, -0.0347702, -2.04378e-05, -1.67071, -0.000171775, 1.48275, 0.0912803, 
-0.0330419, -0.0347702, -2.04378e-05, -1.67071, -0.000171775, 1.48275, 0.0912803, 
-0.0330419, -0.0347702, -2.04378e-05, -1.67071, -0.000171775, 1.48275, 0.0912803, 
-0.0330419, -0.0347702, -2.04378e-05, -1.67071, -0.000171775, 1.48275, 0.0912803, 
-0.0330419, -0.0347702, -2.04378e-05, -1.67071, -0.000171775, 1.48275, 0.0912803, 
-0.0330419, -0.0347702, -2.04378e-05, -1.67071, -0.000171775, 1.48275, 0.0912803, 
-0.0330419, -0.0347702, -2.04378e-05, -1.67071, -0.000171775, 1.48275, 0.0912803, 
-0.0330407, -0.0347702, -2.04378e-05, -1.67071, -0.000171775, 1.48275, 0.0912803, 
-0.0330419, -0.0347702, -2.04378e-05, -1.67071, -0.000171775, 1.48275, 0.0912803, 
-0.0330419, -0.0347702, -2.04378e-05, -1.67071, -0.000171775, 1.48275, 0.0912803, 
-0.0330419, -0.0347702, -2.04378e-05, -1.67071, -0.000171775, 1.48275, 0.0912803, 
-0.0330407, -0.0347702, -2.04378e-05, -1.67071, -0.000171775, 1.48275, 0.0912803, 
-0.0330419, -0.0347702, -2.04378e-05, -1.67071, -0.000171775, 1.48275, 0.0912803, 
-0.0330407, -0.0347702, -2.04378e-05, -1.67071, -0.000171775, 1.48275, 0.0912803, 
-0.0330407, -0.0347702, -2.04378e-05, -1.67071, -0.000171775, 1.48275, 0.0912803, 
-0.0330419, -0.0347702, -2.04378e-05, -1.67071, -0.000171775, 1.48275, 0.0912803, 
-0.0330419, -0.0347702, -2.04378e-05, -1.67071, -0.000171775, 1.48275, 0.0912803, 
-0.0330419, -0.0347702, -2.04378e-05, -1.67071, -0.000171775, 1.48275, 0.0912803, 
-0.0330419, -0.0347702, -2.04378e-05, -1.67071, -0.000171775, 1.48275, 0.0912803, 
-0.0330419, -0.0347702, -2.04378e-05, -1.67071, -0.000171775, 1.48275, 0.0912803, 
-0.0330419, -0.0347702, -2.04378e-05, -1.67071, -0.000171775, 1.48275, 0.0912803, 
-0.0330419, -0.0347702, -2.04378e-05, -1.67071, -0.000171775, 1.48275, 0.0912803, 
-0.0330419, -0.0347702, -2.04378e-05, -1.67071, -0.000171775, 1.48275, 0.0912803, 
-0.0330419, -0.0347702, -2.04378e-05, -1.67071, -0.000171775, 1.48275, 0.0912803, 
-0.0330419, -0.0347702, -2.04378e-05, -1.67071, -0.000171775, 1.48275, 0.0912803, 
-0.0330419, -0.0347702, -2.04378e-05, -1.67071, -0.000171775, 1.48275, 0.0912803, 
-0.0330407, -0.0347702, -2.04378e-05, -1.67071, -0.000171775, 1.48275, 0.0912803, 
-0.0330407, -0.0347702, -2.04378e-05, -1.67071, -0.000171775, 1.48275, 0.0912803, 
-0.0330419, -0.0347702, -2.04378e-05, -1.67071, -0.000171775, 1.48275, 0.0912803, 
-0.0330419, -0.0347702, -2.04378e-05, -1.67071, -0.000171775, 1.48275, 0.0912803, 
-0.0330419, -0.0347702, -2.04378e-05, -1.67071, -0.000171775, 1.48275, 0.0912803, 
-0.0330419, -0.0347702, -2.04378e-05, -1.67071, -0.000171775, 1.48275, 0.0912803, 
-0.0330407, -0.0347702, -2.04378e-05, -1.67071, -0.000171775, 1.48275, 0.0912803, 
-0.0330419, -0.0347702, -2.04378e-05, -1.67071, -0.000171775, 1.48275, 0.0912803, 
-0.0330419, -0.0347702, -2.04378e-05, -1.67071, -0.000171775, 1.48275, 0.0912803, 
-0.0330419, -0.0347702, -2.04378e-05, -1.67071, -0.000171775, 1.48275, 0.0912803, 
-0.0330407, -0.0347702, -2.04378e-05, -1.67071, -0.000171775, 1.48275, 0.0912803, 
-0.0330419, -0.0347702, -2.04378e-05, -1.67071, -0.000171775, 1.48275, 0.0912803, 
-0.0330419, -0.0347702, -2.04378e-05, -1.67071, -0.000171775, 1.48275, 0.0912803, 
-0.0330419, -0.0347702, -2.04378e-05, -1.67071, -0.000171775, 1.48275, 0.0912803, 
-0.0330419, -0.0347702, -2.04378e-05, -1.67071, -0.000171775, 1.48275, 0.0912803, 
-0.0330419, -0.0347702, -2.04378e-05, -1.67071, -0.000171775, 1.48275, 0.0912803, 
-0.0330419, -0.0347702, -2.04378e-05, -1.67071, -0.000171775, 1.48275, 0.0912803, 
-0.0330407, -0.0347702, -2.04378e-05, -1.67071, -0.000171775, 1.48275, 0.0912803, 
-0.0330419, -0.0347702, -2.04378e-05, -1.67071, -0.000171775, 1.48275, 0.0912803, 
-0.0330407, -0.0347702, -2.04378e-05, -1.67071, -0.000171775, 1.48275, 0.0912803, 
-0.0330419, -0.0347702, -2.04378e-05, -1.67071, -0.000171775, 1.48275, 0.0912803, 
-0.0330419, -0.0347702, -2.04378e-05, -1.67071, -0.000171775, 1.48275, 0.0912803, 
-0.0330419, -0.0347702, -2.04378e-05, -1.67071, -0.000171775, 1.48275, 0.0912803, 
-0.0330419, -0.0347702, -2.04378e-05, -1.67071, -0.000171775, 1.48275, 0.0912803, 
-0.0330419, -0.0347702, -2.04378e-05, -1.67071, -0.000171775, 1.48275, 0.0912803, 
-0.0330419, -0.0347702, -2.04378e-05, -1.67071, -0.000171775, 1.48275, 0.0912803, 
-0.0330419, -0.0347702, -2.04378e-05, -1.67071, -0.000171775, 1.48275, 0.0912803, 
-0.0330419, -0.0347702, -2.04378e-05, -1.67071, -0.000171775, 1.48275, 0.0912803, 
-0.0330419, -0.0347702, -2.04378e-05, -1.67071, -0.000171775, 1.48275, 0.0912803, 
-0.0330419, -0.0347702, -2.04378e-05, -1.67071, -0.000171775, 1.48275, 0.0912803, 
-0.0330407, -0.0347702, -2.04378e-05, -1.67071, -0.000171775, 1.48275, 0.0912803, 
-0.0330419, -0.0347702, -2.04378e-05, -1.67071, -0.000171775, 1.48275, 0.0912803, 
-0.0330407, -0.0347702, -2.04378e-05, -1.67071, -0.000171775, 1.48275, 0.0912803, 
-0.0330419, -0.0347702, -2.04378e-05, -1.67071, -0.000171775, 1.48275, 0.0912803, 
-0.0330419, -0.0347702, -2.04378e-05, -1.67071, -0.000171775, 1.48275, 0.0912803, 
-0.0330419, -0.0347702, -2.04378e-05, -1.67071, -0.000171775, 1.48275, 0.0912803, 
-0.0330419, -0.0347702, -2.04378e-05, -1.67071, -0.000171775, 1.48275, 0.0912803, 
-0.0330419, -0.0347702, -2.04378e-05, -1.67071, -0.000171775, 1.48275, 0.0912803, 
-0.0330419, -0.0347702, -2.04378e-05, -1.67071, -0.000171775, 1.48275, 0.0912803, 
-0.0330419, -0.0347702, -2.04378e-05, -1.67071, -0.000171775, 1.48275, 0.0912803, 
-0.0330419, -0.0347702, -2.04378e-05, -1.67071, -0.000171775, 1.48275, 0.0912803, 
-0.0330419, -0.0347702, -2.04378e-05, -1.67071, -0.000171775, 1.48275, 0.0912803, 
-0.0330419, -0.0347702, -2.04378e-05, -1.67071, -0.000171775, 1.48275, 0.0912803, 
-0.0330419, -0.0347702, -2.04378e-05, -1.67071, -0.000171775, 1.48275, 0.0912803, 
-0.0330419, -0.0347702, -2.04378e-05, -1.67071, -0.000171775, 1.48275, 0.0912803, 
-0.0330419, -0.0347702, -2.04378e-05, -1.67071, -0.000171775, 1.48275, 0.0912803, 
-0.0330419, -0.0347702, -2.04378e-05, -1.67071, -0.000171775, 1.48275, 0.0912803, 
-0.0330407, -0.0347702, -2.04378e-05, -1.67071, -0.000171775, 1.48275, 0.0912803, 
-0.0330419, -0.0347702, -2.04378e-05, -1.67071, -0.000171775, 1.48275, 0.0912803, 
-0.0330419, -0.0347702, -2.04378e-05, -1.67071, -0.000171775, 1.48275, 0.0912803, 
-0.0330419, -0.0347702, -2.04378e-05, -1.67071, -0.000171775, 1.48275, 0.0912803, 
-0.0330419, -0.0347702, -2.04378e-05, -1.67071, -0.000171775, 1.48275, 0.0912803, 
-0.0330419, -0.0347702, -2.04378e-05, -1.67071, -0.000171775, 1.48275, 0.0912803, 
-0.0330419, -0.0347702, -2.04378e-05, -1.67071, -0.000171775, 1.48275, 0.0912803, 
-0.0330407, -0.0347702, -2.04378e-05, -1.67071, -0.000171775, 1.48275, 0.0912803, 
-0.0330419, -0.0347702, -2.04378e-05, -1.67071, -0.000171775, 1.48275, 0.0912803, 
-0.0330419, -0.0347702, -2.04378e-05, -1.67071, -0.000171775, 1.48275, 0.0912803, 
-0.0330419, -0.0347702, -2.04378e-05, -1.67071, -0.000171775, 1.48275, 0.0912803, 
-0.0330419, -0.0347702, -2.04378e-05, -1.67071, -0.000171775, 1.48275, 0.0912803, 
-0.0330419, -0.0347702, -2.04378e-05, -1.67071, -0.000171775, 1.48275, 0.0912803, 
-0.0330419, -0.0347702, -2.04378e-05, -1.67071, -0.000171775, 1.48275, 0.0912803, 
-0.0330419, -0.0347702, -2.04378e-05, -1.67071, -0.000171775, 1.48275, 0.0912803, 
-0.0330407, -0.0347702, -2.04378e-05, -1.67071, -0.000171775, 1.48275, 0.0912803, 
-0.0330419, -0.0347702, -2.04378e-05, -1.67071, -0.000171775, 1.48275, 0.0912803, 
-0.0330407, -0.0347702, -2.04378e-05, -1.67071, -0.000171775, 1.48275, 0.0912803, 
-0.0330419, -0.0347702, -2.04378e-05, -1.67071, -0.000171775, 1.48275, 0.0912803, 
-0.0330419, -0.0347702, -2.04378e-05, -1.67071, -0.000171775, 1.48275, 0.0912803, 
-0.0330419, -0.0347702, -2.04378e-05, -1.67071, -0.000171775, 1.48275, 0.0912803, 
-0.0330419, -0.0347702, -2.04378e-05, -1.67071, -0.000171775, 1.48275, 0.0912803, 
-0.0330407, -0.0347702, -2.04378e-05, -1.67071, -0.000171775, 1.48275, 0.0912803, 
-0.0330419, -0.0347702, -2.04378e-05, -1.67071, -0.000171775, 1.48275, 0.0912803, 
-0.0330419, -0.0347702, -2.04378e-05, -1.67071, -0.000171775, 1.48275, 0.0912803, 
-0.0330407, -0.0347702, -2.04378e-05, -1.67071, -0.000171775, 1.48275, 0.0912803, 
-0.0330407, -0.0347702, -2.04378e-05, -1.67071, -0.000171775, 1.48275, 0.0912803, 
-0.0330407, -0.0347702, -2.04378e-05, -1.67071, -0.000171775, 1.48275, 0.0912803, 
-0.0330419, -0.0347702, -2.04378e-05, -1.67071, -0.000171775, 1.48275, 0.0912803, 
-0.0330419, -0.0347702, -2.04378e-05, -1.67071, -0.000171775, 1.48275, 0.0912803, 
-0.0330407, -0.0347702, -2.04378e-05, -1.67071, -0.000171775, 1.48275, 0.0912803, 
-0.0330419, -0.0347702, -2.04378e-05, -1.67071, -0.000171775, 1.48275, 0.0912803, 
-0.0330419, -0.0347702, -2.04378e-05, -1.67071, -0.000171775, 1.48275, 0.0912803, 
-0.0330407, -0.0347702, -2.04378e-05, -1.67071, -0.000171775, 1.48275, 0.0912803, 
-0.0330419, -0.0347702, -2.04378e-05, -1.67071, -0.000171775, 1.48275, 0.0912803, 
-0.0330419, -0.0347702, -2.04378e-05, -1.67071, -0.000171775, 1.48275, 0.0912803, 
-0.0330419, -0.0347702, -2.04378e-05, -1.67071, -0.000171775, 1.48275, 0.0912803, 
-0.0330419, -0.0347702, -2.04378e-05, -1.67071, -0.000171775, 1.48275, 0.0912803, 
-0.0330419, -0.0347702, -2.04378e-05, -1.67071, -0.000171775, 1.48275, 0.0912803, 
-0.0330419, -0.0347702, -2.04378e-05, -1.67071, -0.000171775, 1.48275, 0.0912803, 
-0.0330419, -0.0347702, -2.04378e-05, -1.67071, -0.000171775, 1.48275, 0.0912803, 
-0.0330407, -0.0347702, -2.04378e-05, -1.67071, -0.000171775, 1.48275, 0.0912803, 
-0.0330419, -0.0347702, -2.04378e-05, -1.67071, -0.000171775, 1.48275, 0.0912803, 
-0.0330419, -0.0347702, -2.04378e-05, -1.67071, -0.000171775, 1.48275, 0.0912803, 
-0.0330419, -0.0347702, -2.04378e-05, -1.67071, -0.000171775, 1.48275, 0.0912803, 
-0.0330419, -0.0347702, -2.04378e-05, -1.67071, -0.000171775, 1.48275, 0.0912803, 
-0.0330419, -0.0347702, -2.04378e-05, -1.67071, -0.000171775, 1.48275, 0.0912803, 
-0.0330419, -0.0347702, -2.04378e-05, -1.67071, -0.000171775, 1.48275, 0.0912803, 
-0.0330419, -0.0347702, -2.04378e-05, -1.67071, -0.000171775, 1.48275, 0.0912803, 
-0.0330419, -0.0347702, -2.04378e-05, -1.67071, -0.000171775, 1.48275, 0.0912803, 
-0.0330419, -0.0347702, -2.04378e-05, -1.67071, -0.000171775, 1.48275, 0.0912803, 
-0.0330407, -0.0347702, -2.04378e-05, -1.67071, -0.000171775, 1.48275, 0.0912803, 
-0.0330419, -0.0347702, -2.04378e-05, -1.67071, -0.000171775, 1.48275, 0.0912803, 
-0.0330419, -0.0347702, -2.04378e-05, -1.67071, -0.000171775, 1.48275, 0.0912803, 
-0.0330419, -0.0347702, -2.04378e-05, -1.67071, -0.000171775, 1.48275, 0.0912803, 
-0.0330419, -0.0347702, -2.04378e-05, -1.67071, -0.000171775, 1.48275, 0.0912803, 
-0.0330407, -0.0347702, -2.04378e-05, -1.67071, -0.000171775, 1.48275, 0.0912803, 
-0.0330419, -0.0347702, -2.04378e-05, -1.67071, -0.000171775, 1.48275, 0.0912803, 
-0.0330407, -0.0347702, -2.04378e-05, -1.67071, -0.000171775, 1.48275, 0.0912803, 
-0.0330419, -0.0347702, -2.04378e-05, -1.67071, -0.000171775, 1.48275, 0.0912803, 
-0.0330419, -0.0347702, -2.04378e-05, -1.67071, -0.000171775, 1.48275, 0.0912803, 
-0.0330407, -0.0347702, -2.04378e-05, -1.67071, -0.000171775, 1.48275, 0.0912803, 
-0.0330407, -0.0347702, -2.04378e-05, -1.67071, -0.000171775, 1.48275, 0.0912803, 
-0.0330407, -0.0347702, -2.04378e-05, -1.67071, -0.000171775, 1.48275, 0.0912803, 
-0.0330419, -0.0347702, -2.04378e-05, -1.67071, -0.000171775, 1.48275, 0.0912803, 
-0.0330419, -0.0347702, -2.04378e-05, -1.67071, -0.000171775, 1.48275, 0.0912803, 
-0.0330419, -0.0347702, -2.04378e-05, -1.67071, -0.000171775, 1.48275, 0.0912803, 
-0.0330419, -0.0347702, -2.04378e-05, -1.67071, -0.000171775, 1.48275, 0.0912803, 
-0.0330419, -0.0347702, -2.04378e-05, -1.67071, -0.000171775, 1.48275, 0.0912803, 
-0.0330407, -0.0347702, -2.04378e-05, -1.67071, -0.000171775, 1.48275, 0.0912803, 
-0.0330419, -0.0347702, -2.04378e-05, -1.67071, -0.000171775, 1.48275, 0.0912803, 
-0.0330419, -0.0347702, -2.04378e-05, -1.67071, -0.000171775, 1.48275, 0.0912803, 
-0.0330419, -0.0347702, -2.04378e-05, -1.67071, -0.000171775, 1.48275, 0.0912803, 
-0.0330419, -0.0347702, -2.04378e-05, -1.67071, -0.000171775, 1.48275, 0.0912803, 
-0.0330407, -0.0347702, -2.04378e-05, -1.67071, -0.000171775, 1.48275, 0.0912803, 
-0.0330419, -0.0347702, -2.04378e-05, -1.67071, -0.000171775, 1.48275, 0.0912803, 
-0.0330407, -0.0347702, -2.04378e-05, -1.67071, -0.000171775, 1.48275, 0.0912803, 
-0.0330419, -0.0347702, -2.04378e-05, -1.67071, -0.000171775, 1.48275, 0.0912803, 
-0.0330419, -0.0347702, -2.04378e-05, -1.67071, -0.000171775, 1.48275, 0.0912803, 
-0.0330407, -0.0347702, -2.04378e-05, -1.67071, -0.000171775, 1.48275, 0.0912803, 
-0.0330419, -0.0347702, -2.04378e-05, -1.67071, -0.000171775, 1.48275, 0.0912803, 
-0.0330407, -0.0347702, -2.04378e-05, -1.67071, -0.000171775, 1.48275, 0.0912803, 
-0.0330419, -0.0347702, -2.04378e-05, -1.67071, -0.000171775, 1.48275, 0.0912803, 
-0.0330419, -0.0347702, -2.04378e-05, -1.67071, -0.000171775, 1.48275, 0.0912803, 
-0.0330407, -0.0347702, -2.04378e-05, -1.67071, -0.000171775, 1.48275, 0.0912803, 
-0.0330407, -0.0347702, -2.04378e-05, -1.67071, -0.000171775, 1.48275, 0.0912803, 
-0.0330419, -0.0347702, -2.04378e-05, -1.67071, -0.000171775, 1.48275, 0.0912803, 
-0.0330407, -0.0347702, -2.04378e-05, -1.67071, -0.000171775, 1.48275, 0.0912803, 
-0.0330407, -0.0347702, -2.04378e-05, -1.67071, -0.000171775, 1.48275, 0.0912803, 
-0.0330419, -0.0347702, -2.04378e-05, -1.67071, -0.000171775, 1.48275, 0.0912803, 
-0.0330419, -0.0347702, -2.04378e-05, -1.67071, -0.000171775, 1.48275, 0.0912803, 
-0.0330419, -0.0347702, -2.04378e-05, -1.67071, -0.000171775, 1.48275, 0.0912803, 
-0.0330407, -0.0347702, -2.04378e-05, -1.67071, -0.000171775, 1.48275, 0.0912803, 
-0.0330419, -0.0347702, -2.04378e-05, -1.67071, -0.000171775, 1.48275, 0.0912803, 
-0.0330407, -0.0347702, -2.04378e-05, -1.67071, -0.000171775, 1.48275, 0.0912803, 
-0.0330407, -0.0347702, -2.04378e-05, -1.67071, -0.000171775, 1.48275, 0.0912803, 
-0.0330407, -0.0347702, -2.04378e-05, -1.67071, -0.000171775, 1.48275, 0.0912803, 
-0.0330407, -0.0347702, -2.04378e-05, -1.67071, -0.000171775, 1.48275, 0.0912803, 
-0.0330407, -0.0347702, -2.04378e-05, -1.67071, -0.000171775, 1.48275, 0.0912803, 
-0.0330419, -0.0347702, -2.04378e-05, -1.67071, -0.000171775, 1.48275, 0.0912803, 
-0.0330407, -0.0347702, -2.04378e-05, -1.67071, -0.000171775, 1.48275, 0.0912803, 
-0.0330419, -0.0347702, -2.04378e-05, -1.67071, -0.000171775, 1.48275, 0.0912803, 
-0.0330419, -0.0347702, -2.04378e-05, -1.67071, -0.000171775, 1.48275, 0.0912803, 
-0.0330419, -0.0347702, -2.04378e-05, -1.67071, -0.000171775, 1.48275, 0.0912803, 
-0.0330419, -0.0347702, -2.04378e-05, -1.67071, -0.000171775, 1.48275, 0.0912803, 
-0.0330419, -0.0347702, -2.04378e-05, -1.67071, -0.000171775, 1.48275, 0.0912803, 
-0.0330419, -0.0347702, -2.04378e-05, -1.67071, -0.000171775, 1.48275, 0.0912803, 
-0.0330419, -0.0347702, -2.04378e-05, -1.67071, -0.000171775, 1.48275, 0.0912803, 
-0.0330419, -0.0347702, -2.04378e-05, -1.67071, -0.000171775, 1.48275, 0.0912803, 
-0.0330419, -0.0347702, -2.04378e-05, -1.67071, -0.000171775, 1.48275, 0.0912803, 
-0.0330407, -0.0347702, -2.04378e-05, -1.67071, -0.000171775, 1.48275, 0.0912803, 
-0.0330419, -0.0347702, -2.04378e-05, -1.67071, -0.000171775, 1.48275, 0.0912803, 
-0.0330407, -0.0347702, -2.04378e-05, -1.67071, -0.000171775, 1.48275, 0.0912803, 
-0.0330419, -0.0347702, -2.04378e-05, -1.67071, -0.000171775, 1.48275, 0.0912803, 
-0.0330407, -0.0347702, -2.04378e-05, -1.67071, -0.000171775, 1.48275, 0.0912803, 
-0.0330407, -0.0347702, -2.04378e-05, -1.67071, -0.000171775, 1.48275, 0.0912803, 
-0.0330419, -0.0347702, -2.04378e-05, -1.67071, -0.000171775, 1.48275, 0.0912803, 
-0.0330407, -0.0347702, -2.04378e-05, -1.67071, -0.000171775, 1.48275, 0.091282, 
-0.0330407, -0.0347702, -2.04378e-05, -1.67071, -0.000171775, 1.48275, 0.0912803, 
-0.0330419, -0.0347702, -2.04378e-05, -1.67071, -0.000171775, 1.48275, 0.0912803, 
-0.0330419, -0.0347702, -2.04378e-05, -1.67071, -0.000171775, 1.48275, 0.0912803, 
-0.0330419, -0.0347702, -2.04378e-05, -1.67071, -0.000171775, 1.48275, 0.0912803, 
-0.0330419, -0.0347702, -2.04378e-05, -1.67071, -0.000171775, 1.48275, 0.0912803, 
-0.0330407, -0.0347702, -2.04378e-05, -1.67071, -0.000171775, 1.48275, 0.0912803, 
-0.0330419, -0.0347702, -2.04378e-05, -1.67071, -0.000171775, 1.48275, 0.0912803, 
-0.0330419, -0.0347702, -2.04378e-05, -1.67071, -0.000171775, 1.48275, 0.0912803, 
-0.0330419, -0.0347702, -2.04378e-05, -1.67071, -0.000171775, 1.48275, 0.0912803, 
-0.0330419, -0.0347702, -2.04378e-05, -1.67071, -0.000171775, 1.48275, 0.0912803, 
-0.0330407, -0.0347702, -2.04378e-05, -1.67071, -0.000171775, 1.48275, 0.0912803, 
-0.0330419, -0.0347702, -2.04378e-05, -1.67071, -0.000171775, 1.48275, 0.0912803, 
-0.0330419, -0.0347702, -2.04378e-05, -1.67071, -0.000171775, 1.48275, 0.0912803, 
-0.0330419, -0.0347702, -2.04378e-05, -1.67071, -0.000171775, 1.48275, 0.0912803, 
-0.0330419, -0.0347702, -2.04378e-05, -1.67071, -0.000171775, 1.48275, 0.0912803, 
-0.0330407, -0.0347702, -2.04378e-05, -1.67071, -0.000171775, 1.48275, 0.0912803, 
-0.0330419, -0.0347702, -2.04378e-05, -1.67071, -0.000171775, 1.48275, 0.0912803, 
-0.0330419, -0.0347702, -2.04378e-05, -1.67071, -0.000171775, 1.48275, 0.0912803, 
-0.0330407, -0.0347702, -2.04378e-05, -1.67071, -0.000171775, 1.48275, 0.0912803, 
-0.0330419, -0.0347702, -2.04378e-05, -1.67071, -0.000171775, 1.48275, 0.0912803, 
-0.0330407, -0.0347702, -2.04378e-05, -1.67071, -0.000171775, 1.48275, 0.0912803, 
-0.0330419, -0.03476, -2.04378e-05, -1.67072, -0.000173835, 1.48274, 0.0912735, 
