1.53797e+07 -1.1844e+07 8.29712e+06 -1.17895e+06 -2.07111e+06 55284 
1.54552e+07 -1.17889e+07 8.2645e+06 -1.17275e+06 -2.06466e+06 43960 
1.53966e+07 -1.18634e+07 8.41317e+06 -1.16143e+06 -2.06219e+06 43575 
1.54043e+07 -1.17464e+07 8.2468e+06 -1.17564e+06 -2.07408e+06 56748 
1.54711e+07 -1.1828e+07 8.28615e+06 -1.17315e+06 -2.06425e+06 37600 
1.5412e+07 -1.18587e+07 8.30483e+06 -1.16126e+06 -2.07528e+06 52483 
1.54294e+07 -1.17735e+07 8.25197e+06 -1.17688e+06 -2.06892e+06 52063 
1.54216e+07 -1.18472e+07 8.32804e+06 -1.16179e+06 -2.06619e+06 39964 
1.53935e+07 -1.18628e+07 8.2428e+06 -1.17924e+06 -2.07727e+06 55222 
1.54799e+07 -1.18095e+07 8.27711e+06 -1.17255e+06 -2.06874e+06 39010 
1.53835e+07 -1.18736e+07 8.26071e+06 -1.15402e+06 -2.06476e+06 44840 
1.53724e+07 -1.17837e+07 8.2237e+06 -1.17482e+06 -2.06715e+06 53514 
1.54437e+07 -1.18003e+07 8.2762e+06 -1.1591e+06 -2.06443e+06 35286 
1.5402e+07 -1.188e+07 8.34757e+06 -1.17276e+06 -2.07618e+06 51307 
1.54473e+07 -1.17608e+07 8.27149e+06 -1.16832e+06 -2.06765e+06 40482 
1.5396e+07 -1.18295e+07 8.31429e+06 -1.14691e+06 -2.06334e+06 40136 
1.53885e+07 -1.18664e+07 8.34964e+06 -1.17997e+06 -2.06904e+06 50123 
1.54368e+07 -1.18044e+07 8.263e+06 -1.16772e+06 -2.06152e+06 33370 
1.53798e+07 -1.18569e+07 8.32067e+06 -1.16264e+06 -2.06843e+06 46117 
1.54424e+07 -1.18216e+07 8.26417e+06 -1.17749e+06 -2.06707e+06 41890 
1.54236e+07 -1.18556e+07 8.34439e+06 -1.15146e+06 -2.06135e+06 34554 
1.54019e+07 -1.18244e+07 8.34035e+06 -1.1755e+06 -2.07235e+06 54672 
1.54553e+07 -1.17628e+07 8.27294e+06 -1.16753e+06 -2.06063e+06 33184 
1.54259e+07 -1.18575e+07 8.34844e+06 -1.15914e+06 -2.06883e+06 45674 
1.54087e+07 -1.1798e+07 8.24124e+06 -1.17684e+06 -2.06465e+06 47842 
1.54601e+07 -1.18507e+07 8.26733e+06 -1.16008e+06 -2.06124e+06 38108 
1.54271e+07 -1.1815e+07 8.27479e+06 -1.1713e+06 -2.07566e+06 54772 
1.54754e+07 -1.17835e+07 8.35061e+06 -1.17825e+06 -2.069e+06 39020 
1.54333e+07 -1.18616e+07 8.30433e+06 -1.15612e+06 -2.06665e+06 44840 
1.5406e+07 -1.18312e+07 8.32575e+06 -1.17804e+06 -2.06862e+06 55751 
1.54688e+07 -1.1814e+07 8.26798e+06 -1.16267e+06 -2.06228e+06 37031 
1.53961e+07 -1.18538e+07 8.3003e+06 -1.17109e+06 -2.0708e+06 54164 
1.5494e+07 -1.18093e+07 8.28412e+06 -1.18416e+06 -2.07361e+06 44390 
1.54152e+07 -1.18563e+07 8.27977e+06 -1.15817e+06 -2.06022e+06 40632 
1.53861e+07 -1.18252e+07 8.33847e+06 -1.17491e+06 -2.0721e+06 57133 
1.54098e+07 -1.1793e+07 8.23127e+06 -1.1736e+06 -2.05893e+06 40512 
1.54179e+07 -1.18613e+07 8.32163e+06 -1.16344e+06 -2.07486e+06 51086 
1.5423e+07 -1.18191e+07 8.25931e+06 -1.18381e+06 -2.07108e+06 50027 
1.54355e+07 -1.18287e+07 8.30583e+06 -1.15319e+06 -2.06629e+06 38380 
1.53977e+07 -1.18285e+07 8.31525e+06 -1.17376e+06 -2.07734e+06 58838 
1.53994e+07 -1.17715e+07 8.27436e+06 -1.17146e+06 -2.06176e+06 37090 
1.53809e+07 -1.18746e+07 8.30245e+06 -1.15507e+06 -2.06673e+06 46039 
1.53637e+07 -1.18464e+07 8.24699e+06 -1.1811e+06 -2.06478e+06 49105 
1.54568e+07 -1.18317e+07 8.2971e+06 -1.15685e+06 -2.06492e+06 35704 
1.53963e+07 -1.18442e+07 8.30125e+06 -1.16638e+06 -2.07399e+06 51572 
1.54573e+07 -1.17866e+07 8.24602e+06 -1.17214e+06 -2.06799e+06 36074 
1.53302e+07 -1.18756e+07 8.30382e+06 -1.14935e+06 -2.05476e+06 39650 
1.53977e+07 -1.17824e+07 8.30259e+06 -1.1718e+06 -2.07089e+06 51929 
1.5435e+07 -1.17963e+07 8.23011e+06 -1.16061e+06 -2.05997e+06 31120 
1.53851e+07 -1.18725e+07 8.32707e+06 -1.16617e+06 -2.07057e+06 51104 
1.54499e+07 -1.17555e+07 8.23515e+06 -1.17092e+06 -2.06511e+06 37941 
1.54212e+07 -1.18373e+07 8.28322e+06 -1.15007e+06 -2.05936e+06 38762 
1.53823e+07 -1.17863e+07 8.34222e+06 -1.17038e+06 -2.06803e+06 52872 
1.54313e+07 -1.17701e+07 8.26135e+06 -1.1704e+06 -2.05716e+06 34245 
1.54144e+07 -1.1851e+07 8.29686e+06 -1.15874e+06 -2.06648e+06 46649 
1.54724e+07 -1.18156e+07 8.26217e+06 -1.18199e+06 -2.07019e+06 48642 
1.54413e+07 -1.188e+07 8.30836e+06 -1.16182e+06 -2.06041e+06 34561 
1.53849e+07 -1.18256e+07 8.31361e+06 -1.17252e+06 -2.07036e+06 57222 
1.54095e+07 -1.17392e+07 8.24735e+06 -1.17364e+06 -2.06138e+06 40158 
1.54219e+07 -1.1858e+07 8.37657e+06 -1.15843e+06 -2.06589e+06 44813 
1.54497e+07 -1.1793e+07 8.24733e+06 -1.17787e+06 -2.0767e+06 56540 
1.5384e+07 -1.1793e+07 8.34258e+06 -1.16407e+06 -2.05431e+06 37739 
1.53791e+07 -1.18073e+07 8.27443e+06 -1.16422e+06 -2.06934e+06 56671 
1.54334e+07 -1.17769e+07 8.28447e+06 -1.18201e+06 -2.06908e+06 46652 
1.54627e+07 -1.18291e+07 8.29913e+06 -1.15551e+06 -2.06755e+06 40220 
1.53843e+07 -1.18335e+07 8.28898e+06 -1.17077e+06 -2.0741e+06 57542 
1.54524e+07 -1.17587e+07 8.21988e+06 -1.16831e+06 -2.06678e+06 41429 
1.53971e+07 -1.18489e+07 8.2908e+06 -1.16057e+06 -2.0687e+06 44157 
1.53974e+07 -1.18724e+07 8.30626e+06 -1.18312e+06 -2.07384e+06 53648 
1.54122e+07 -1.18391e+07 8.2882e+06 -1.16127e+06 -2.0587e+06 35293 
1.53962e+07 -1.19003e+07 8.29876e+06 -1.16757e+06 -2.07399e+06 52641 
1.54448e+07 -1.18531e+07 8.27605e+06 -1.1864e+06 -2.07109e+06 41848 
1.53962e+07 -1.18264e+07 8.29792e+06 -1.15669e+06 -2.06069e+06 36303 
1.53827e+07 -1.17785e+07 8.26777e+06 -1.16243e+06 -2.07302e+06 53220 
1.5403e+07 -1.17754e+07 8.20549e+06 -1.16303e+06 -2.05823e+06 36707 
1.53503e+07 -1.18824e+07 8.29056e+06 -1.15732e+06 -2.06026e+06 42698 
1.54222e+07 -1.18029e+07 8.29387e+06 -1.17933e+06 -2.07078e+06 48615 
1.54368e+07 -1.18433e+07 8.25987e+06 -1.16049e+06 -2.05974e+06 30071 
1.54114e+07 -1.18361e+07 8.29801e+06 -1.16356e+06 -2.07267e+06 51491 
1.5389e+07 -1.18081e+07 8.22326e+06 -1.17299e+06 -2.05805e+06 37946 
1.54238e+07 -1.18474e+07 8.29942e+06 -1.15362e+06 -2.06454e+06 41547 
1.54149e+07 -1.18359e+07 8.34268e+06 -1.18259e+06 -2.07055e+06 50275 
1.54617e+07 -1.17863e+07 8.26504e+06 -1.16247e+06 -2.0596e+06 33199 
1.54056e+07 -1.18441e+07 8.26487e+06 -1.15911e+06 -2.06899e+06 49934 
1.54577e+07 -1.18035e+07 8.3196e+06 -1.17909e+06 -2.06753e+06 46282 
1.54851e+07 -1.18509e+07 8.33898e+06 -1.16297e+06 -2.06682e+06 38188 
1.54008e+07 -1.17896e+07 8.29964e+06 -1.17721e+06 -2.07198e+06 54854 
1.54558e+07 -1.17777e+07 8.28832e+06 -1.16658e+06 -2.06247e+06 37602 
1.54068e+07 -1.1935e+07 8.33902e+06 -1.16547e+06 -2.06676e+06 50993 
1.54171e+07 -1.17629e+07 8.28513e+06 -1.17985e+06 -2.06969e+06 51888 
1.5446e+07 -1.18144e+07 8.27444e+06 -1.16662e+06 -2.06054e+06 36896 
1.54049e+07 -1.18002e+07 8.2814e+06 -1.16525e+06 -2.07414e+06 56107 
1.54408e+07 -1.1831e+07 8.26419e+06 -1.17733e+06 -2.06361e+06 44093 
1.541e+07 -1.18786e+07 8.32166e+06 -1.16134e+06 -2.06326e+06 44432 
1.5411e+07 -1.18059e+07 8.29067e+06 -1.18288e+06 -2.07494e+06 57296 
1.54251e+07 -1.17625e+07 8.27854e+06 -1.16405e+06 -2.06075e+06 37387 
1.53538e+07 -1.19121e+07 8.32957e+06 -1.16741e+06 -2.06825e+06 52845 
1.54142e+07 -1.18124e+07 8.27641e+06 -1.17813e+06 -2.0683e+06 48111 
1.54293e+07 -1.18746e+07 8.29934e+06 -1.1618e+06 -2.06508e+06 40790 
1.53487e+07 -1.18154e+07 8.28825e+06 -1.1751e+06 -2.07182e+06 54749 
1.54091e+07 -1.17479e+07 8.19815e+06 -1.16316e+06 -2.06196e+06 37553 
1.53437e+07 -1.19116e+07 8.28912e+06 -1.15952e+06 -2.06193e+06 45612 
1.53851e+07 -1.17655e+07 8.28173e+06 -1.17114e+06 -2.0669e+06 49081 
1.54401e+07 -1.18376e+07 8.24934e+06 -1.16353e+06 -2.06093e+06 33488 
1.53878e+07 -1.18657e+07 8.34082e+06 -1.17031e+06 -2.07252e+06 48849 
1.54671e+07 -1.17945e+07 8.1955e+06 -1.17132e+06 -2.06565e+06 40024 
1.54245e+07 -1.18867e+07 8.27068e+06 -1.1566e+06 -2.06404e+06 38816 
1.53788e+07 -1.18316e+07 8.32886e+06 -1.17983e+06 -2.06724e+06 51041 
1.54276e+07 -1.17796e+07 8.30662e+06 -1.16017e+06 -2.05766e+06 29821 
1.54387e+07 -1.18389e+07 8.35202e+06 -1.15999e+06 -2.07249e+06 48329 
1.54169e+07 -1.18573e+07 8.35702e+06 -1.17956e+06 -2.06276e+06 42790 
1.54634e+07 -1.18193e+07 8.33082e+06 -1.15243e+06 -2.0659e+06 38358 
1.54467e+07 -1.1848e+07 8.31986e+06 -1.18071e+06 -2.07666e+06 53388 
1.54557e+07 -1.17989e+07 8.24533e+06 -1.17148e+06 -2.06068e+06 36867 
1.54221e+07 -1.18203e+07 8.32411e+06 -1.1576e+06 -2.07086e+06 48294 
1.54354e+07 -1.18326e+07 8.26721e+06 -1.18174e+06 -2.06657e+06 51072 
1.53988e+07 -1.17864e+07 8.25665e+06 -1.16077e+06 -2.05916e+06 38627 
1.5383e+07 -1.18051e+07 8.2585e+06 -1.17162e+06 -2.073e+06 56136 
1.54541e+07 -1.18554e+07 8.24436e+06 -1.17844e+06 -2.06487e+06 42059 
1.53932e+07 -1.18682e+07 8.27542e+06 -1.16218e+06 -2.06827e+06 48119 
1.54253e+07 -1.17902e+07 8.27731e+06 -1.18278e+06 -2.07389e+06 56049 
1.54005e+07 -1.18065e+07 8.28264e+06 -1.16006e+06 -2.06027e+06 36312 
1.53616e+07 -1.18936e+07 8.30765e+06 -1.17162e+06 -2.07163e+06 55378 
1.53919e+07 -1.18043e+07 8.26846e+06 -1.17371e+06 -2.0593e+06 41684 
1.53819e+07 -1.18676e+07 8.3302e+06 -1.16223e+06 -2.06489e+06 42524 
1.53819e+07 -1.18144e+07 8.28917e+06 -1.17726e+06 -2.07303e+06 53641 
1.54359e+07 -1.17806e+07 8.16402e+06 -1.1574e+06 -2.06062e+06 35926 
1.53662e+07 -1.18365e+07 8.2922e+06 -1.15778e+06 -2.07084e+06 49108 
1.54222e+07 -1.18152e+07 8.23348e+06 -1.17963e+06 -2.06448e+06 46179 
1.5423e+07 -1.18555e+07 8.27498e+06 -1.15864e+06 -2.06695e+06 36102 
1.54112e+07 -1.18807e+07 8.34897e+06 -1.17747e+06 -2.07686e+06 52395 
1.54038e+07 -1.17888e+07 8.26672e+06 -1.16069e+06 -2.05628e+06 32457 
1.53853e+07 -1.18752e+07 8.27541e+06 -1.16e+06 -2.0658e+06 47026 
1.5435e+07 -1.17901e+07 8.31027e+06 -1.17514e+06 -2.0666e+06 44203 
1.54869e+07 -1.18151e+07 8.21719e+06 -1.15925e+06 -2.06516e+06 32927 
1.54198e+07 -1.1875e+07 8.33741e+06 -1.17109e+06 -2.07438e+06 50218 
1.54248e+07 -1.17745e+07 8.26039e+06 -1.16758e+06 -2.05677e+06 39018 
1.53651e+07 -1.18545e+07 8.30987e+06 -1.15992e+06 -2.05943e+06 41460 
1.53915e+07 -1.17712e+07 8.26942e+06 -1.17699e+06 -2.06476e+06 51874 
1.54492e+07 -1.1784e+07 8.25181e+06 -1.16204e+06 -2.06133e+06 32704 
1.53883e+07 -1.18276e+07 8.23732e+06 -1.16058e+06 -2.06905e+06 54249 
1.54205e+07 -1.18118e+07 8.29667e+06 -1.17639e+06 -2.0606e+06 45121 
1.54423e+07 -1.18308e+07 8.32817e+06 -1.16044e+06 -2.06694e+06 40319 
1.54163e+07 -1.18321e+07 8.33921e+06 -1.18304e+06 -2.07268e+06 57870 
1.5432e+07 -1.18278e+07 8.2863e+06 -1.17511e+06 -2.06076e+06 37610 
1.54086e+07 -1.18652e+07 8.36836e+06 -1.16363e+06 -2.07222e+06 50667 
1.54339e+07 -1.18e+07 8.30533e+06 -1.17604e+06 -2.07057e+06 51798 
1.54049e+07 -1.18511e+07 8.27468e+06 -1.16352e+06 -2.06256e+06 38921 
1.54233e+07 -1.1873e+07 8.35853e+06 -1.17852e+06 -2.07972e+06 58529 
1.54242e+07 -1.17763e+07 8.25542e+06 -1.17013e+06 -2.06332e+06 39127 
1.53565e+07 -1.19039e+07 8.29198e+06 -1.16119e+06 -2.06403e+06 42891 
1.53844e+07 -1.18599e+07 8.30358e+06 -1.18049e+06 -2.06878e+06 54946 
1.54134e+07 -1.17942e+07 8.28812e+06 -1.16446e+06 -2.06057e+06 34757 
1.53623e+07 -1.19111e+07 8.37225e+06 -1.17268e+06 -2.07112e+06 51731 
1.54209e+07 -1.17933e+07 8.2717e+06 -1.17253e+06 -2.06496e+06 44151 
1.54619e+07 -1.18782e+07 8.28941e+06 -1.15552e+06 -2.07013e+06 38126 
1.54041e+07 -1.1827e+07 8.35635e+06 -1.17614e+06 -2.07266e+06 54634 
1.54313e+07 -1.17611e+07 8.25997e+06 -1.16189e+06 -2.06127e+06 31430 
1.53783e+07 -1.18465e+07 8.27855e+06 -1.15765e+06 -2.06864e+06 46177 
1.54657e+07 -1.18412e+07 8.24513e+06 -1.17827e+06 -2.06747e+06 44482 
1.54403e+07 -1.18091e+07 8.28816e+06 -1.15268e+06 -2.06332e+06 34529 
1.54085e+07 -1.18714e+07 8.32842e+06 -1.17504e+06 -2.07404e+06 53106 
1.54659e+07 -1.18071e+07 8.18554e+06 -1.16973e+06 -2.06232e+06 34355 
1.53753e+07 -1.18306e+07 8.31329e+06 -1.15098e+06 -2.06415e+06 42149 
1.54456e+07 -1.18081e+07 8.29194e+06 -1.17561e+06 -2.0698e+06 51156 
1.54145e+07 -1.17964e+07 8.252e+06 -1.16182e+06 -2.05665e+06 31732 
1.5338e+07 -1.18723e+07 8.33883e+06 -1.17223e+06 -2.06452e+06 50883 
1.5437e+07 -1.17843e+07 8.22393e+06 -1.1717e+06 -2.05981e+06 39420 
1.54072e+07 -1.17855e+07 8.28276e+06 -1.14937e+06 -2.06155e+06 40075 
1.53823e+07 -1.17987e+07 8.34893e+06 -1.17902e+06 -2.06766e+06 55608 
1.54503e+07 -1.17687e+07 8.22938e+06 -1.16685e+06 -2.06162e+06 33190 
1.53994e+07 -1.1891e+07 8.36622e+06 -1.16616e+06 -2.06985e+06 51781 
1.54182e+07 -1.17984e+07 8.28653e+06 -1.17655e+06 -2.06321e+06 48334 
1.54393e+07 -1.18229e+07 8.32773e+06 -1.15848e+06 -2.06435e+06 38351 
1.53943e+07 -1.18213e+07 8.3555e+06 -1.17813e+06 -2.07222e+06 58156 
1.54591e+07 -1.17159e+07 8.21947e+06 -1.16753e+06 -2.06374e+06 38711 
1.54317e+07 -1.18859e+07 8.3113e+06 -1.16068e+06 -2.07188e+06 48737 
1.54043e+07 -1.18607e+07 8.30278e+06 -1.18334e+06 -2.06541e+06 53318 
1.54203e+07 -1.18412e+07 8.24446e+06 -1.16406e+06 -2.06235e+06 36111 
1.52978e+07 -1.18173e+07 8.30613e+06 -1.16727e+06 -2.06517e+06 57594 
1.54007e+07 -1.18185e+07 8.21432e+06 -1.17651e+06 -2.06157e+06 40396 
1.53964e+07 -1.1875e+07 8.31207e+06 -1.15649e+06 -2.06608e+06 43610 
1.54095e+07 -1.18047e+07 8.26443e+06 -1.17537e+06 -2.07039e+06 55199 
1.53785e+07 -1.17843e+07 8.26828e+06 -1.16233e+06 -2.05918e+06 34159 
1.53906e+07 -1.18591e+07 8.37152e+06 -1.1613e+06 -2.07505e+06 52881 
1.54238e+07 -1.1746e+07 8.24355e+06 -1.16752e+06 -2.06415e+06 43671 
1.53317e+07 -1.18326e+07 8.22522e+06 -1.15411e+06 -2.05547e+06 38493 
1.53923e+07 -1.1836e+07 8.25288e+06 -1.17956e+06 -2.07121e+06 54871 
1.54345e+07 -1.18243e+07 8.2772e+06 -1.16288e+06 -2.06196e+06 29516 
1.53786e+07 -1.18704e+07 8.3388e+06 -1.15806e+06 -2.06991e+06 49583 
1.53901e+07 -1.17773e+07 8.30058e+06 -1.17228e+06 -2.06022e+06 43440 
1.54158e+07 -1.18195e+07 8.3549e+06 -1.15557e+06 -2.06553e+06 33346 
1.53756e+07 -1.18649e+07 8.24535e+06 -1.17e+06 -2.07044e+06 52540 
1.54771e+07 -1.18045e+07 8.19077e+06 -1.16892e+06 -2.06407e+06 32936 
1.53799e+07 -1.18408e+07 8.27492e+06 -1.15348e+06 -2.0638e+06 47218 
1.53923e+07 -1.17504e+07 8.28603e+06 -1.17572e+06 -2.0621e+06 48298 
1.54735e+07 -1.18516e+07 8.26618e+06 -1.16283e+06 -2.06446e+06 29411 
1.53843e+07 -1.18124e+07 8.33916e+06 -1.15929e+06 -2.0703e+06 53293 
1.54379e+07 -1.17369e+07 8.2025e+06 -1.16459e+06 -2.05848e+06 37806 
1.54191e+07 -1.18677e+07 8.34478e+06 -1.15778e+06 -2.06641e+06 45031 
1.54008e+07 -1.18255e+07 8.32312e+06 -1.18204e+06 -2.06617e+06 52291 
1.54912e+07 -1.18179e+07 8.23165e+06 -1.16252e+06 -2.06688e+06 32351 
1.53999e+07 -1.18598e+07 8.29913e+06 -1.16224e+06 -2.07027e+06 54916 
1.54045e+07 -1.17479e+07 8.23035e+06 -1.17353e+06 -2.05716e+06 43855 
1.54697e+07 -1.1822e+07 8.23671e+06 -1.15736e+06 -2.06862e+06 38512 
1.53816e+07 -1.17845e+07 8.37096e+06 -1.17347e+06 -2.069e+06 58264 
1.5456e+07 -1.17962e+07 8.21949e+06 -1.16705e+06 -2.06039e+06 35158 
1.539e+07 -1.18488e+07 8.36932e+06 -1.15782e+06 -2.06745e+06 54269 
1.54382e+07 -1.18117e+07 8.31285e+06 -1.18525e+06 -2.06837e+06 51240 
1.54196e+07 -1.18174e+07 8.27117e+06 -1.16305e+06 -2.0631e+06 38841 
1.53932e+07 -1.1859e+07 8.30354e+06 -1.16952e+06 -2.07246e+06 58059 
1.54298e+07 -1.18007e+07 8.21564e+06 -1.17534e+06 -2.06201e+06 40095 
1.53764e+07 -1.18353e+07 8.28761e+06 -1.15651e+06 -2.06572e+06 46252 
1.54008e+07 -1.17981e+07 8.2873e+06 -1.18377e+06 -2.0712e+06 56561 
1.53881e+07 -1.18284e+07 8.2351e+06 -1.16257e+06 -2.05693e+06 32845 
1.5403e+07 -1.19074e+07 8.36834e+06 -1.16727e+06 -2.07536e+06 57675 
1.54597e+07 -1.17967e+07 8.25337e+06 -1.17373e+06 -2.06667e+06 41561 
1.53915e+07 -1.18498e+07 8.28645e+06 -1.15722e+06 -2.06337e+06 41514 
1.53582e+07 -1.17739e+07 8.30728e+06 -1.17391e+06 -2.06949e+06 53941 
1.5412e+07 -1.1831e+07 8.26976e+06 -1.1678e+06 -2.0602e+06 32263 
1.53825e+07 -1.18721e+07 8.33197e+06 -1.15515e+06 -2.06942e+06 52209 
1.54276e+07 -1.17821e+07 8.26977e+06 -1.17877e+06 -2.06924e+06 46081 
1.5436e+07 -1.18148e+07 8.28477e+06 -1.15788e+06 -2.06705e+06 32338 
1.53969e+07 -1.17956e+07 8.26427e+06 -1.16362e+06 -2.07207e+06 55422 
1.53832e+07 -1.17854e+07 8.26158e+06 -1.16753e+06 -2.05618e+06 34072 
1.53761e+07 -1.18928e+07 8.27372e+06 -1.15388e+06 -2.06088e+06 43294 
1.54043e+07 -1.17712e+07 8.28939e+06 -1.17186e+06 -2.06857e+06 51378 
1.54494e+07 -1.18131e+07 8.21004e+06 -1.16723e+06 -2.06128e+06 30196 
1.53842e+07 -1.18484e+07 8.31467e+06 -1.15876e+06 -2.06908e+06 49087 
1.53888e+07 -1.18198e+07 8.24637e+06 -1.17639e+06 -2.05771e+06 39495 
1.54175e+07 -1.18492e+07 8.28912e+06 -1.15128e+06 -2.0619e+06 37295 
1.53986e+07 -1.18062e+07 8.31283e+06 -1.17571e+06 -2.06947e+06 55953 
1.54564e+07 -1.17327e+07 8.21921e+06 -1.16616e+06 -2.06306e+06 31263 
1.53871e+07 -1.18945e+07 8.37749e+06 -1.16158e+06 -2.06394e+06 46295 
1.5445e+07 -1.18101e+07 8.28668e+06 -1.17966e+06 -2.06831e+06 46763 
1.54233e+07 -1.18369e+07 8.31853e+06 -1.15591e+06 -2.05963e+06 36781 
1.54027e+07 -1.17685e+07 8.28894e+06 -1.16587e+06 -2.07137e+06 58416 
1.54654e+07 -1.18237e+07 8.23806e+06 -1.18194e+06 -2.06218e+06 36339 
1.54042e+07 -1.18457e+07 8.26658e+06 -1.15312e+06 -2.06561e+06 47060 
1.54298e+07 -1.18367e+07 8.29156e+06 -1.18142e+06 -2.068e+06 53567 
1.54076e+07 -1.17998e+07 8.27368e+06 -1.16253e+06 -2.05699e+06 36342 
1.53961e+07 -1.18405e+07 8.36847e+06 -1.17174e+06 -2.07329e+06 58201 
1.5458e+07 -1.17389e+07 8.22493e+06 -1.17859e+06 -2.06665e+06 43272 
1.54612e+07 -1.18517e+07 8.33522e+06 -1.15369e+06 -2.06941e+06 43291 
1.5413e+07 -1.1819e+07 8.25851e+06 -1.17719e+06 -2.07301e+06 59638 
1.54489e+07 -1.17178e+07 8.25657e+06 -1.16517e+06 -2.06124e+06 36326 
1.54499e+07 -1.1881e+07 8.30604e+06 -1.1672e+06 -2.07669e+06 54703 
1.54123e+07 -1.1793e+07 8.25913e+06 -1.18032e+06 -2.06508e+06 46846 
