-0.354562 -0.225024 2.34321 -0.483272 -0.597921 0.463904 
-0.343488 -0.215264 2.34965 -0.483097 -0.593283 0.462867 
-0.343133 -0.219349 2.37863 -0.484607 -0.593732 0.46245 
-0.347002 -0.210752 2.36671 -0.485529 -0.594951 0.463213 
-0.335726 -0.21949 2.35912 -0.485568 -0.592856 0.463498 
-0.335329 -0.221063 2.36033 -0.484286 -0.593566 0.463307 
-0.340478 -0.217984 2.35782 -0.485887 -0.595752 0.464883 
-0.335477 -0.214739 2.3408 -0.486452 -0.594809 0.464348 
-0.337623 -0.238016 2.34 -0.480869 -0.596007 0.463457 
-0.335864 -0.234313 2.33819 -0.481709 -0.596388 0.463864 
-0.341562 -0.237295 2.32936 -0.479258 -0.595618 0.462138 
-0.352973 -0.239344 2.32371 -0.478166 -0.598213 0.462123 
-0.348543 -0.229965 2.31334 -0.479926 -0.596425 0.461504 
-0.346861 -0.233399 2.3343 -0.478177 -0.596238 0.46068 
-0.353396 -0.223663 2.33317 -0.479932 -0.597758 0.461052 
-0.350897 -0.214834 2.34389 -0.481136 -0.597047 0.460371 
-0.347679 -0.231371 2.36908 -0.478269 -0.597138 0.459384 
-0.349057 -0.232178 2.36644 -0.479715 -0.596866 0.458951 
-0.353482 -0.227566 2.36106 -0.478815 -0.596387 0.457919 
-0.354448 -0.239726 2.35959 -0.477334 -0.596498 0.457898 
-0.34893 -0.244947 2.36561 -0.476971 -0.59475 0.456786 
-0.346245 -0.236543 2.36376 -0.478304 -0.594644 0.457951 
-0.342556 -0.228239 2.36574 -0.480553 -0.593518 0.458188 
-0.333339 -0.228352 2.3713 -0.479948 -0.591237 0.458306 
-0.340094 -0.223625 2.36671 -0.48099 -0.592471 0.459452 
-0.332807 -0.222637 2.3513 -0.482631 -0.590124 0.460351 
-0.327773 -0.220763 2.33818 -0.481999 -0.589124 0.460528 
-0.323737 -0.224891 2.35372 -0.483381 -0.590067 0.461691 
-0.32227 -0.225709 2.3449 -0.482356 -0.58903 0.461538 
-0.322803 -0.232349 2.3618 -0.481186 -0.59036 0.462955 
-0.321052 -0.225021 2.36193 -0.483687 -0.590099 0.462948 
-0.327237 -0.232772 2.36703 -0.481669 -0.590916 0.462508 
-0.323517 -0.237938 2.35374 -0.481154 -0.590526 0.463547 
-0.327124 -0.236885 2.34882 -0.481738 -0.590101 0.462648 
-0.33111 -0.235688 2.35137 -0.481492 -0.59193 0.462862 
-0.342923 -0.231487 2.34402 -0.484645 -0.594279 0.463388 
-0.338572 -0.232993 2.34829 -0.482805 -0.594014 0.462836 
-0.352787 -0.234943 2.34333 -0.482097 -0.597232 0.463597 
-0.348735 -0.229419 2.34854 -0.482711 -0.597472 0.463366 
-0.346399 -0.230087 2.3439 -0.482196 -0.597783 0.463744 
-0.348466 -0.225791 2.35251 -0.483124 -0.599106 0.463112 
-0.355857 -0.228439 2.34868 -0.480648 -0.599388 0.461875 
-0.367716 -0.233911 2.34621 -0.478571 -0.601273 0.461296 
-0.363452 -0.2345 2.34447 -0.479105 -0.599809 0.460843 
-0.363736 -0.237643 2.34167 -0.476715 -0.599152 0.459311 
-0.35215 -0.240652 2.336 -0.475911 -0.597139 0.4593 
-0.362306 -0.240865 2.33627 -0.474715 -0.597494 0.457788 
-0.3555 -0.228058 2.34739 -0.476566 -0.597135 0.458803 
-0.359866 -0.220988 2.334 -0.478926 -0.597013 0.45795 
-0.362116 -0.226642 2.33916 -0.477474 -0.597056 0.457675 
-0.363607 -0.220426 2.33699 -0.478859 -0.596832 0.458159 
-0.345398 -0.212759 2.33287 -0.480981 -0.592741 0.45857 
-0.348484 -0.213534 2.3408 -0.480666 -0.593184 0.458671 
-0.349214 -0.208288 2.34704 -0.484182 -0.592965 0.4594 
-0.343349 -0.203978 2.341 -0.483724 -0.590424 0.458741 
-0.338837 -0.216005 2.3464 -0.482813 -0.590346 0.460706 
-0.334814 -0.224552 2.35143 -0.482968 -0.589585 0.459759 
-0.334293 -0.232424 2.34571 -0.481141 -0.589778 0.460459 
-0.338666 -0.226244 2.34291 -0.483395 -0.591737 0.461686 
-0.337168 -0.227654 2.35885 -0.483311 -0.591581 0.46132 
-0.341713 -0.22313 2.35589 -0.483642 -0.594042 0.462901 
-0.353171 -0.205717 2.36273 -0.488949 -0.596074 0.46368 
-0.354331 -0.202052 2.35489 -0.488101 -0.596002 0.463629 
-0.34954 -0.209606 2.36231 -0.487903 -0.59642 0.464861 
-0.341391 -0.203818 2.34683 -0.488533 -0.594194 0.46426 
-0.354487 -0.211919 2.35516 -0.485114 -0.597402 0.463978 
-0.340819 -0.205059 2.33062 -0.487258 -0.595639 0.465183 
-0.337217 -0.213382 2.33389 -0.484355 -0.594615 0.462569 
-0.344428 -0.232475 2.33825 -0.479519 -0.597615 0.463365 
-0.354527 -0.234474 2.33606 -0.48008 -0.598521 0.462105 
-0.352137 -0.247821 2.33802 -0.475881 -0.597898 0.46087 
-0.353657 -0.266705 2.34925 -0.474654 -0.59943 0.460484 
-0.353836 -0.262212 2.35068 -0.475123 -0.59791 0.459013 
-0.356761 -0.243435 2.34298 -0.475882 -0.598359 0.459294 
-0.358593 -0.230695 2.32644 -0.479302 -0.598378 0.45983 
-0.367776 -0.227113 2.3248 -0.478181 -0.598073 0.457717 
-0.372298 -0.217074 2.32836 -0.479559 -0.599315 0.4592 
-0.36418 -0.220447 2.32075 -0.479237 -0.596757 0.458059 
-0.358447 -0.231964 2.3268 -0.47649 -0.595278 0.457577 
-0.361242 -0.238504 2.33036 -0.476796 -0.596079 0.45761 
-0.34655 -0.231509 2.33213 -0.477985 -0.593008 0.457874 
-0.348007 -0.238122 2.34189 -0.47707 -0.59358 0.45802 
-0.34303 -0.226723 2.34292 -0.480567 -0.592233 0.459022 
-0.34419 -0.228325 2.33629 -0.479095 -0.591657 0.458647 
-0.330448 -0.227402 2.35556 -0.480999 -0.590288 0.460646 
-0.31818 -0.228108 2.36347 -0.482858 -0.587614 0.460235 
-0.320999 -0.218842 2.35487 -0.48409 -0.588464 0.461301 
-0.322182 -0.21712 2.35952 -0.485482 -0.589465 0.462195 
-0.321931 -0.235293 2.37435 -0.482183 -0.589293 0.461993 
-0.330056 -0.227186 2.36746 -0.484368 -0.591759 0.463117 
-0.33787 -0.21988 2.35455 -0.486779 -0.592314 0.462851 
-0.337041 -0.222002 2.3509 -0.483731 -0.592439 0.463071 
-0.340026 -0.232663 2.34608 -0.482894 -0.593361 0.464056 
-0.339386 -0.22139 2.3426 -0.485035 -0.592408 0.463019 
-0.340616 -0.229987 2.34371 -0.483344 -0.593816 0.463874 
-0.344791 -0.219608 2.34453 -0.48565 -0.595005 0.464117 
-0.355013 -0.241981 2.35416 -0.48026 -0.596809 0.462717 
-0.360342 -0.238264 2.35661 -0.481478 -0.599243 0.463486 
-0.356481 -0.237469 2.35214 -0.481684 -0.598463 0.462864 
-0.368943 -0.239367 2.35166 -0.479605 -0.601191 0.462029 
-0.372161 -0.236443 2.33558 -0.479852 -0.601931 0.462057 
-0.374181 -0.236338 2.32749 -0.478119 -0.601025 0.460567 
-0.37999 -0.22696 2.32856 -0.479278 -0.602338 0.460846 
-0.377829 -0.219547 2.31856 -0.481398 -0.600692 0.459606 
-0.370007 -0.229612 2.32907 -0.477959 -0.598964 0.45837 
-0.358403 -0.238937 2.32854 -0.477062 -0.596557 0.458911 
-0.342255 -0.233961 2.32485 -0.477738 -0.592535 0.458032 
-0.343527 -0.247179 2.33428 -0.47612 -0.593162 0.45809 
-0.346042 -0.235587 2.34574 -0.478838 -0.593453 0.457567 
-0.335854 -0.230225 2.34797 -0.478273 -0.590748 0.457817 
-0.345881 -0.242779 2.38028 -0.477261 -0.593622 0.457854 
-0.338087 -0.229295 2.39231 -0.48034 -0.592168 0.45825 
-0.324497 -0.232576 2.39051 -0.47959 -0.590342 0.458951 
-0.31888 -0.236433 2.37825 -0.480532 -0.589146 0.460398 
-0.32221 -0.232702 2.37267 -0.480935 -0.589589 0.460402 
-0.318525 -0.227776 2.35471 -0.482296 -0.588942 0.462255 
-0.331448 -0.221207 2.33987 -0.485402 -0.590741 0.462169 
-0.34419 -0.212633 2.3276 -0.485622 -0.593166 0.462628 
-0.3445 -0.223928 2.32741 -0.483959 -0.594084 0.463399 
-0.350275 -0.233518 2.31767 -0.482066 -0.594901 0.463012 
-0.352284 -0.225026 2.31969 -0.484613 -0.596954 0.464158 
-0.351953 -0.229038 2.32489 -0.483504 -0.597206 0.46361 
-0.356243 -0.246734 2.33472 -0.478949 -0.598317 0.462952 
-0.36868 -0.236515 2.33954 -0.480872 -0.600671 0.462832 
-0.370946 -0.236402 2.35049 -0.48116 -0.600859 0.461665 
-0.379621 -0.241256 2.35286 -0.478797 -0.603084 0.460875 
-0.372532 -0.236086 2.32914 -0.479125 -0.600694 0.461077 
-0.371601 -0.224657 2.32605 -0.479373 -0.600213 0.460108 
-0.365537 -0.226847 2.31905 -0.479807 -0.59945 0.461094 
-0.357316 -0.224419 2.30801 -0.479495 -0.597388 0.460051 
-0.351467 -0.23767 2.31997 -0.47623 -0.596851 0.459628 
-0.3579 -0.239306 2.34051 -0.476911 -0.598192 0.458751 
-0.354088 -0.247043 2.33715 -0.475189 -0.596077 0.458242 
-0.351543 -0.242015 2.35251 -0.475997 -0.596168 0.458021 
-0.338751 -0.233942 2.34095 -0.478037 -0.592089 0.457861 
-0.337024 -0.232812 2.33864 -0.477015 -0.591073 0.457491 
-0.332809 -0.229948 2.33737 -0.479139 -0.590004 0.458965 
-0.336836 -0.22582 2.34426 -0.480393 -0.589977 0.457856 
-0.345536 -0.222038 2.33609 -0.4816 -0.591769 0.459281 
-0.353089 -0.215814 2.34302 -0.483994 -0.593203 0.459209 
-0.3594 -0.206323 2.323 -0.484001 -0.593379 0.460092 
-0.360261 -0.21378 2.33026 -0.483913 -0.594545 0.461121 
-0.344835 -0.209039 2.33392 -0.485379 -0.591967 0.461351 
-0.339864 -0.221224 2.34788 -0.483615 -0.592531 0.462381 
-0.343299 -0.229971 2.35477 -0.484023 -0.593502 0.463083 
-0.339237 -0.237492 2.38098 -0.483195 -0.593644 0.462284 
-0.336569 -0.235134 2.38271 -0.483802 -0.59496 0.463734 
-0.344041 -0.23918 2.37201 -0.483083 -0.595854 0.463193 
-0.342648 -0.247348 2.37588 -0.480062 -0.596977 0.463167 
-0.344211 -0.237066 2.3697 -0.481702 -0.597769 0.463673 
-0.354622 -0.244809 2.35442 -0.478779 -0.598591 0.461703 
-0.364516 -0.256791 2.35408 -0.476425 -0.600896 0.461833 
-0.362816 -0.24543 2.35677 -0.479742 -0.6001 0.461301 
-0.375015 -0.253066 2.35951 -0.476574 -0.601736 0.459489 
-0.375672 -0.256452 2.36277 -0.476215 -0.602316 0.460401 
-0.354604 -0.251314 2.36225 -0.476455 -0.597835 0.460042 
-0.350661 -0.244736 2.37281 -0.4776 -0.59779 0.460221 
-0.347076 -0.238113 2.36718 -0.478747 -0.596832 0.45979 
-0.343867 -0.225177 2.34844 -0.478809 -0.595036 0.45905 
-0.334897 -0.234764 2.34312 -0.477248 -0.592994 0.459098 
-0.339211 -0.220945 2.34287 -0.480408 -0.592792 0.4586 
-0.338331 -0.229824 2.33729 -0.477663 -0.592701 0.458109 
-0.331424 -0.239027 2.3224 -0.47641 -0.590702 0.458638 
-0.332028 -0.235858 2.32935 -0.476087 -0.590129 0.457892 
-0.336049 -0.229235 2.33871 -0.477555 -0.591897 0.459289 
-0.341214 -0.226695 2.33148 -0.479906 -0.591789 0.458671 
-0.355324 -0.226884 2.33356 -0.47934 -0.593743 0.457904 
-0.361095 -0.222306 2.34124 -0.481144 -0.594976 0.458892 
-0.354729 -0.213278 2.33513 -0.483123 -0.592597 0.45883 
-0.367397 -0.211399 2.34653 -0.484569 -0.595853 0.459477 
-0.360234 -0.205853 2.342 -0.48697 -0.594808 0.460059 
-0.347947 -0.209577 2.34748 -0.484876 -0.592683 0.46043 
-0.351718 -0.212409 2.36 -0.485364 -0.59467 0.462062 
-0.345288 -0.219898 2.369 -0.485367 -0.593702 0.46169 
-0.342896 -0.224425 2.37031 -0.483998 -0.593999 0.462149 
-0.341126 -0.213859 2.36833 -0.486941 -0.593899 0.463537 
-0.33467 -0.21285 2.35734 -0.485868 -0.592308 0.463098 
-0.337442 -0.225316 2.36059 -0.483934 -0.593572 0.463744 
-0.341234 -0.228966 2.34394 -0.483688 -0.593811 0.463126 
-0.360527 -0.228165 2.33407 -0.481508 -0.597381 0.462596 
-0.372212 -0.248697 2.33304 -0.477738 -0.600078 0.462195 
-0.379266 -0.246516 2.33319 -0.477492 -0.600827 0.46106 
-0.378219 -0.235307 2.32552 -0.478752 -0.601363 0.461719 
-0.386581 -0.223929 2.33029 -0.481585 -0.603097 0.461402 
-0.368029 -0.23229 2.34336 -0.47843 -0.600367 0.460686 
-0.363413 -0.217782 2.34921 -0.480682 -0.599772 0.46178 
-0.376361 -0.209296 2.33184 -0.482104 -0.600744 0.46066 
-0.379814 -0.215564 2.32953 -0.481198 -0.601787 0.460372 
-0.368627 -0.223568 2.33131 -0.479186 -0.599364 0.459511 
-0.371027 -0.225824 2.32477 -0.47778 -0.598833 0.458745 
-0.37777 -0.232093 2.33617 -0.477295 -0.600131 0.458402 
-0.360954 -0.229479 2.36211 -0.478881 -0.5982 0.457813 
-0.364287 -0.235253 2.3606 -0.475375 -0.598912 0.457138 
-0.355761 -0.2313 2.34332 -0.477259 -0.596631 0.458106 
-0.355503 -0.225372 2.33054 -0.477655 -0.595044 0.457776 
-0.355063 -0.21999 2.32763 -0.479732 -0.595235 0.458882 
-0.343525 -0.226402 2.30989 -0.479052 -0.591498 0.458207 
-0.341779 -0.215902 2.32865 -0.48017 -0.591431 0.45864 
-0.349629 -0.20238 2.331 -0.483009 -0.592488 0.459749 
-0.341784 -0.207763 2.34497 -0.48273 -0.591215 0.459364 
-0.340083 -0.22277 2.35239 -0.480109 -0.59174 0.459855 
-0.336538 -0.216038 2.34548 -0.481707 -0.591106 0.460678 
-0.333422 -0.225521 2.33748 -0.479556 -0.590074 0.460854 
-0.340087 -0.227708 2.34305 -0.48088 -0.591738 0.461863 
-0.329957 -0.218564 2.32143 -0.482777 -0.588946 0.460999 
-0.333785 -0.210365 2.331 -0.483493 -0.590767 0.462297 
-0.340815 -0.206014 2.32857 -0.485521 -0.591311 0.4628 
-0.342796 -0.203807 2.3426 -0.485549 -0.591606 0.462677 
-0.336055 -0.216565 2.35911 -0.48482 -0.592409 0.464011 
-0.346073 -0.215648 2.366 -0.48636 -0.594169 0.463872 
-0.343763 -0.230554 2.35251 -0.481241 -0.593924 0.463539 
-0.349001 -0.231466 2.35174 -0.482635 -0.595646 0.464387 
-0.351718 -0.228769 2.3354 -0.482731 -0.595656 0.462784 
-0.359197 -0.226058 2.33029 -0.483053 -0.598124 0.463742 
-0.365498 -0.228253 2.32308 -0.482201 -0.598424 0.46235 
-0.363543 -0.237927 2.33604 -0.479431 -0.598777 0.462094 
-0.357563 -0.23713 2.34358 -0.479494 -0.598268 0.46254 
-0.354554 -0.24003 2.34335 -0.478848 -0.596981 0.461594 
-0.36309 -0.23519 2.34735 -0.478274 -0.599035 0.460989 
-0.358325 -0.235727 2.35428 -0.479332 -0.598563 0.460968 
-0.362413 -0.228676 2.347 -0.478649 -0.598311 0.459945 
-0.368851 -0.225744 2.35028 -0.480522 -0.600639 0.460771 
-0.359954 -0.218746 2.34995 -0.482536 -0.598966 0.459299 
-0.352214 -0.223092 2.34135 -0.479109 -0.597192 0.459669 
-0.357962 -0.213969 2.33971 -0.481482 -0.597901 0.460112 
-0.359238 -0.218111 2.32806 -0.479847 -0.596269 0.458204 
-0.363896 -0.215927 2.33198 -0.479144 -0.597483 0.459209 
-0.3612 -0.21559 2.31704 -0.480769 -0.595256 0.458849 
-0.363742 -0.226141 2.32712 -0.477178 -0.595578 0.457281 
-0.362628 -0.233006 2.32408 -0.477027 -0.595514 0.458232 
-0.354363 -0.224279 2.32716 -0.478933 -0.593557 0.457421 
-0.355487 -0.231278 2.33184 -0.477918 -0.594148 0.458149 
-0.354099 -0.215185 2.33368 -0.482091 -0.59417 0.458765 
-0.353512 -0.224413 2.34624 -0.480446 -0.593274 0.458007 
-0.342263 -0.222483 2.35431 -0.481803 -0.592543 0.45976 
-0.341094 -0.220025 2.36019 -0.483524 -0.591909 0.45974 
-0.340288 -0.212498 2.35541 -0.48348 -0.591961 0.460425 
-0.338483 -0.230701 2.35918 -0.481805 -0.591384 0.46106 
-0.335051 -0.220932 2.337 -0.48225 -0.59028 0.461516 
-0.338097 -0.226243 2.33797 -0.481189 -0.591063 0.462686 
-0.341241 -0.218815 2.32901 -0.484315 -0.591177 0.462698 
-0.342558 -0.233214 2.34491 -0.481961 -0.592284 0.462293 
-0.344045 -0.216264 2.34228 -0.48581 -0.59352 0.464037 
-0.332662 -0.217473 2.35601 -0.485908 -0.591524 0.463513 
-0.33603 -0.213938 2.3494 -0.485868 -0.593282 0.464733 
-0.327764 -0.197541 2.34598 -0.490747 -0.591819 0.465295 
-0.317006 -0.205634 2.33349 -0.487371 -0.589306 0.464652 
-0.326149 -0.216438 2.34033 -0.484953 -0.591619 0.464911 
