-0.383469 -0.247942 2.35436 -0.487001 -0.609441 0.470009 
-0.307977 -0.192839 2.32174 -0.494938 -0.581854 0.461664 
-0.366615 -0.267399 2.47041 -0.466846 -0.598651 0.458232 
-0.358898 -0.150405 2.30404 -0.508884 -0.604616 0.474282 
-0.292023 -0.231972 2.34339 -0.485263 -0.577644 0.454761 
-0.351132 -0.2627 2.36207 -0.465501 -0.605063 0.467598 
-0.333723 -0.177442 2.30921 -0.502942 -0.592786 0.469541 
-0.34161 -0.251178 2.38528 -0.46967 -0.593935 0.455561 
-0.369625 -0.266791 2.30004 -0.48097 -0.610608 0.469825 
-0.283229 -0.213455 2.33435 -0.489464 -0.579547 0.456797 
-0.379623 -0.277609 2.31795 -0.453242 -0.601213 0.458967 
-0.39078 -0.187686 2.28094 -0.497486 -0.60576 0.469466 
-0.319459 -0.204284 2.33344 -0.47847 -0.584998 0.452466 
-0.361215 -0.283961 2.40481 -0.472222 -0.609669 0.465703 
-0.315902 -0.164776 2.32873 -0.498243 -0.587149 0.458655 
-0.36713 -0.233466 2.37153 -0.45926 -0.597657 0.455565 
-0.374688 -0.270369 2.40688 -0.483152 -0.606215 0.464529 
-0.326349 -0.20832 2.32024 -0.485701 -0.58364 0.450301 
-0.383339 -0.260901 2.37791 -0.467722 -0.607274 0.460546 
-0.320732 -0.225573 2.32141 -0.490838 -0.587702 0.45855 
-0.33954 -0.25957 2.40163 -0.457444 -0.588918 0.450004 
-0.361265 -0.228353 2.39759 -0.489817 -0.605686 0.470352 
-0.307906 -0.166797 2.33017 -0.496943 -0.578008 0.451491 
-0.337252 -0.261466 2.40568 -0.464699 -0.59587 0.461131 
-0.354508 -0.201939 2.29848 -0.496047 -0.593873 0.464285 
-0.303102 -0.25463 2.32457 -0.465647 -0.577185 0.454495 
-0.336095 -0.218983 2.33203 -0.48666 -0.600683 0.471237 
-0.28773 -0.187439 2.40785 -0.50385 -0.582723 0.457307 
-0.329916 -0.265553 2.36157 -0.459574 -0.590688 0.460369 
-0.35717 -0.235142 2.38299 -0.490199 -0.600521 0.471366 
-0.29435 -0.217989 2.32522 -0.478154 -0.57588 0.454462 
-0.367019 -0.25774 2.35754 -0.476567 -0.604769 0.469035 
-0.269128 -0.213267 2.34136 -0.501276 -0.580771 0.4625 
-0.347952 -0.260289 2.33701 -0.462493 -0.588563 0.455875 
-0.377103 -0.229155 2.39571 -0.488969 -0.609666 0.472436 
-0.353412 -0.196983 2.28851 -0.493919 -0.587629 0.457094 
-0.345263 -0.265271 2.37887 -0.467369 -0.603441 0.466274 
-0.340207 -0.223018 2.31655 -0.497737 -0.596864 0.466306 
-0.32769 -0.23267 2.36307 -0.465559 -0.589763 0.454719 
-0.365421 -0.232493 2.37249 -0.486396 -0.611219 0.474328 
-0.36375 -0.175505 2.3316 -0.498559 -0.594246 0.453934 
-0.382219 -0.278512 2.35969 -0.454988 -0.604849 0.460086 
-0.399502 -0.250375 2.30423 -0.487356 -0.60629 0.463412 
-0.30637 -0.235616 2.35434 -0.468225 -0.582442 0.452456 
-0.366837 -0.248207 2.35849 -0.474449 -0.607933 0.466667 
-0.305824 -0.19055 2.30326 -0.494537 -0.584181 0.45388 
-0.432995 -0.279579 2.36106 -0.449007 -0.606622 0.452525 
-0.365472 -0.186338 2.35983 -0.496613 -0.604496 0.468484 
-0.328204 -0.200266 2.28735 -0.480022 -0.581832 0.448196 
-0.378083 -0.276479 2.38431 -0.467191 -0.608147 0.465292 
-0.313279 -0.15947 2.29239 -0.50146 -0.583063 0.456296 
-0.341953 -0.241243 2.34046 -0.459618 -0.586169 0.45458 
-0.380901 -0.190213 2.39946 -0.495041 -0.606711 0.468989 
-0.331853 -0.174036 2.31859 -0.497599 -0.580736 0.451844 
-0.34876 -0.254927 2.3541 -0.464904 -0.595443 0.461997 
-0.290719 -0.219608 2.31941 -0.496902 -0.582674 0.466118 
-0.321837 -0.283978 2.3656 -0.460393 -0.582362 0.449847 
-0.378298 -0.229574 2.37085 -0.485906 -0.607677 0.472488 
-0.353717 -0.143131 2.30459 -0.50887 -0.590529 0.457977 
-0.341268 -0.261981 2.43381 -0.464484 -0.594664 0.460168 
-0.313443 -0.196985 2.30457 -0.498554 -0.594978 0.474026 
-0.379128 -0.196914 2.39982 -0.48693 -0.592522 0.453742 
-0.384097 -0.211247 2.33167 -0.481667 -0.607316 0.47223 
-0.329762 -0.180903 2.34171 -0.50788 -0.592618 0.46414 
-0.300523 -0.233041 2.35637 -0.467634 -0.583537 0.457165 
-0.378925 -0.237487 2.34622 -0.481458 -0.611019 0.472612 
-0.310786 -0.162616 2.27712 -0.497651 -0.583704 0.459768 
-0.366086 -0.25286 2.34804 -0.467152 -0.602198 0.459162 
-0.365821 -0.276372 2.3635 -0.483698 -0.607617 0.468116 
-0.351014 -0.243033 2.34544 -0.470441 -0.588065 0.450866 
-0.366977 -0.304225 2.356 -0.460461 -0.607907 0.466439 
-0.318387 -0.257034 2.33329 -0.49152 -0.591364 0.457835 
-0.366978 -0.230396 2.35515 -0.469494 -0.594595 0.451807 
-0.380449 -0.182485 2.32501 -0.487494 -0.609865 0.469526 
-0.360174 -0.179332 2.26273 -0.487539 -0.588159 0.453544 
-0.412889 -0.286316 2.3478 -0.45486 -0.606385 0.455872 
-0.340999 -0.206841 2.35111 -0.498409 -0.597572 0.46525 
-0.326388 -0.247262 2.31711 -0.467886 -0.581805 0.446103 
-0.351785 -0.240066 2.35525 -0.473757 -0.602471 0.467115 
-0.37415 -0.212036 2.2805 -0.48907 -0.592161 0.453712 
-0.339426 -0.251338 2.35666 -0.460803 -0.591031 0.45719 
-0.348283 -0.239907 2.39992 -0.493836 -0.600433 0.465982 
-0.301505 -0.190265 2.32228 -0.48537 -0.575068 0.45111 
-0.357587 -0.24808 2.32211 -0.466394 -0.599594 0.465242 
-0.305437 -0.207421 2.37684 -0.498593 -0.585313 0.463707 
-0.278085 -0.254864 2.39622 -0.470099 -0.577665 0.455136 
-0.362379 -0.193578 2.35688 -0.499995 -0.60468 0.471312 
-0.307422 -0.181655 2.34556 -0.492332 -0.580073 0.455578 
-0.356333 -0.338945 2.39626 -0.449896 -0.598732 0.46423 
-0.346061 -0.166885 2.34237 -0.509517 -0.597646 0.469332 
-0.317155 -0.218336 2.33168 -0.482155 -0.580441 0.453804 
-0.358234 -0.204189 2.33864 -0.484757 -0.6053 0.472414 
-0.322345 -0.234957 2.32143 -0.488147 -0.584685 0.4605 
-0.353135 -0.28258 2.3789 -0.460597 -0.593967 0.459043 
-0.352208 -0.209872 2.34791 -0.501064 -0.604687 0.473608 
-0.338031 -0.166442 2.33578 -0.493685 -0.586387 0.455022 
-0.409343 -0.316051 2.38681 -0.457807 -0.614321 0.465413 
-0.34899 -0.216375 2.33365 -0.494235 -0.59685 0.464345 
-0.333834 -0.278603 2.35657 -0.461628 -0.590068 0.455929 
-0.414515 -0.219361 2.34549 -0.490669 -0.618331 0.469433 
-0.354122 -0.151822 2.25539 -0.494924 -0.590083 0.455162 
-0.419442 -0.315528 2.34636 -0.44914 -0.609791 0.457964 
-0.378037 -0.169484 2.33897 -0.500029 -0.603417 0.465742 
-0.32303 -0.241539 2.30658 -0.472226 -0.58184 0.449728 
-0.375402 -0.269688 2.39806 -0.473475 -0.609687 0.463255 
-0.296104 -0.198443 2.25274 -0.49044 -0.578052 0.457868 
-0.338703 -0.290649 2.32792 -0.452523 -0.589679 0.453567 
-0.384397 -0.235573 2.38609 -0.491934 -0.606554 0.466032 
-0.335604 -0.183583 2.36386 -0.485817 -0.583292 0.447115 
-0.324461 -0.242874 2.40925 -0.470651 -0.596164 0.464505 
-0.34624 -0.261217 2.41426 -0.485381 -0.592422 0.458051 
-0.299734 -0.223225 2.38806 -0.467918 -0.582408 0.455547 
-0.316444 -0.251978 2.3771 -0.488182 -0.597423 0.469535 
-0.307522 -0.202872 2.30257 -0.490528 -0.577312 0.45435 
-0.341111 -0.224218 2.38135 -0.472665 -0.59838 0.464525 
-0.327813 -0.236588 2.32445 -0.492186 -0.589187 0.467318 
-0.364349 -0.190376 2.31389 -0.483449 -0.591402 0.455115 
-0.380156 -0.209109 2.31574 -0.489279 -0.60955 0.471834 
-0.309069 -0.259349 2.3016 -0.482215 -0.581901 0.458203 
-0.369985 -0.272167 2.33266 -0.463204 -0.602465 0.46259 
-0.337859 -0.194129 2.33455 -0.504916 -0.599454 0.473049 
-0.362697 -0.210435 2.33988 -0.477906 -0.592658 0.452374 
-0.401603 -0.297587 2.36489 -0.466506 -0.615106 0.468547 
-0.371255 -0.208256 2.3257 -0.49183 -0.593673 0.457603 
-0.381313 -0.271603 2.38744 -0.464642 -0.603405 0.456752 
-0.381234 -0.2184 2.34641 -0.493104 -0.610576 0.4691 
-0.327256 -0.184584 2.22126 -0.479547 -0.580708 0.453386 
-0.396948 -0.240443 2.34944 -0.467743 -0.612702 0.463702 
-0.340935 -0.219206 2.29072 -0.493997 -0.589859 0.46253 
-0.340205 -0.25946 2.33222 -0.463084 -0.593094 0.45154 
-0.351988 -0.284655 2.40621 -0.47678 -0.60789 0.466984 
-0.359424 -0.192766 2.32396 -0.482948 -0.587417 0.449001 
-0.377888 -0.279127 2.33265 -0.459135 -0.602127 0.461158 
-0.32821 -0.194064 2.36751 -0.498036 -0.590315 0.461422 
-0.276244 -0.219098 2.27443 -0.473286 -0.572697 0.450742 
-0.343353 -0.279004 2.39465 -0.471669 -0.602809 0.465133 
-0.338347 -0.178445 2.31763 -0.493568 -0.582071 0.456369 
-0.398027 -0.258486 2.36711 -0.465408 -0.601992 0.455613 
-0.371706 -0.175154 2.32666 -0.50407 -0.599275 0.468547 
-0.31401 -0.187979 2.30905 -0.485255 -0.579868 0.450385 
-0.374911 -0.231552 2.29456 -0.471705 -0.603691 0.469547 
-0.342648 -0.215726 2.35391 -0.493125 -0.587898 0.461514 
-0.320901 -0.234785 2.38541 -0.472742 -0.589104 0.456763 
-0.346849 -0.236079 2.39645 -0.495246 -0.602095 0.473697 
-0.331187 -0.231714 2.34354 -0.487298 -0.584724 0.453892 
-0.3546 -0.269153 2.4256 -0.467566 -0.604401 0.465555 
-0.329305 -0.20394 2.36257 -0.496156 -0.594474 0.468764 
-0.358264 -0.255013 2.33191 -0.469151 -0.593575 0.454053 
-0.339881 -0.27692 2.41577 -0.480139 -0.60771 0.473571 
-0.339006 -0.180301 2.31266 -0.4955 -0.588685 0.45642 
-0.406652 -0.307868 2.34922 -0.452948 -0.60851 0.455709 
-0.378776 -0.263853 2.36082 -0.48439 -0.605999 0.46941 
-0.349765 -0.198208 2.34536 -0.485732 -0.589595 0.451393 
-0.400877 -0.315097 2.42949 -0.464302 -0.61589 0.464512 
-0.342287 -0.197233 2.32894 -0.493702 -0.591585 0.460979 
-0.301314 -0.282179 2.34665 -0.454148 -0.586106 0.453918 
-0.35906 -0.230961 2.41359 -0.490117 -0.605777 0.470304 
-0.331843 -0.165093 2.31721 -0.491467 -0.584804 0.449236 
-0.384832 -0.250418 2.33579 -0.464614 -0.606911 0.460815 
-0.297437 -0.245168 2.30237 -0.485897 -0.581373 0.461216 
-0.322883 -0.213084 2.3454 -0.469944 -0.585094 0.451429 
-0.354659 -0.275357 2.38566 -0.476392 -0.605322 0.46785 
-0.297306 -0.211105 2.24278 -0.485202 -0.574811 0.451879 
-0.387855 -0.234576 2.37053 -0.463001 -0.604044 0.457084 
-0.31754 -0.212052 2.34918 -0.493237 -0.590211 0.468201 
-0.348711 -0.200384 2.30924 -0.481697 -0.584557 0.448342 
-0.425207 -0.2763 2.39607 -0.473563 -0.615092 0.464011 
-0.326161 -0.188218 2.28117 -0.494219 -0.580978 0.456821 
-0.356026 -0.189433 2.33999 -0.472897 -0.592146 0.456773 
-0.38088 -0.20266 2.40617 -0.500467 -0.606494 0.471439 
-0.312893 -0.172651 2.28661 -0.493702 -0.579329 0.451251 
-0.363771 -0.294921 2.42346 -0.463093 -0.604467 0.465867 
-0.345016 -0.20238 2.34377 -0.49666 -0.590916 0.464982 
-0.323877 -0.226877 2.38497 -0.472914 -0.587302 0.454911 
-0.368921 -0.225292 2.41274 -0.493618 -0.60798 0.473734 
-0.304041 -0.119823 2.27671 -0.508418 -0.578833 0.458192 
-0.331493 -0.289877 2.36854 -0.457731 -0.596509 0.463669 
-0.358874 -0.264708 2.36002 -0.486989 -0.597238 0.468213 
-0.342838 -0.245128 2.3017 -0.471685 -0.588497 0.451821 
-0.465385 -0.221286 2.36337 -0.48272 -0.625826 0.471085 
-0.36247 -0.222485 2.27156 -0.489565 -0.592321 0.456185 
-0.366763 -0.278971 2.36931 -0.456502 -0.600255 0.457997 
-0.353639 -0.208663 2.32167 -0.493287 -0.599915 0.471507 
-0.384647 -0.188237 2.32552 -0.485851 -0.597171 0.450238 
-0.372623 -0.26309 2.42876 -0.466945 -0.612176 0.467503 
-0.339392 -0.149948 2.30079 -0.500824 -0.589344 0.461657 
-0.431501 -0.236542 2.28246 -0.463611 -0.605114 0.452397 
-0.370903 -0.239999 2.31012 -0.488757 -0.60513 0.470065 
-0.328713 -0.22826 2.33444 -0.475792 -0.585056 0.445934 
-0.384625 -0.274371 2.39604 -0.459918 -0.60952 0.463673 
-0.373107 -0.18129 2.35782 -0.4984 -0.595834 0.45994 
-0.347418 -0.223471 2.41214 -0.471537 -0.595462 0.449452 
-0.38757 -0.26887 2.30259 -0.471227 -0.608688 0.46669 
-0.286083 -0.208494 2.24801 -0.485213 -0.573651 0.450775 
-0.383333 -0.244732 2.33216 -0.461898 -0.601585 0.462022 
-0.37091 -0.154383 2.34327 -0.508786 -0.59679 0.465469 
-0.289726 -0.255527 2.32342 -0.468137 -0.576774 0.446081 
-0.378842 -0.216371 2.3964 -0.476815 -0.608357 0.468853 
-0.32533 -0.140885 2.25974 -0.499409 -0.578933 0.456319 
-0.344112 -0.271646 2.40202 -0.460505 -0.595222 0.460099 
-0.362401 -0.229418 2.38036 -0.49568 -0.599418 0.467921 
-0.272003 -0.22187 2.28889 -0.476126 -0.573603 0.450199 
-0.363261 -0.263782 2.35637 -0.466063 -0.603194 0.469733 
-0.358655 -0.15182 2.28759 -0.506027 -0.587255 0.461363 
-0.293462 -0.22593 2.29395 -0.469991 -0.581259 0.455781 
-0.381544 -0.188423 2.4282 -0.499261 -0.608524 0.474409 
-0.307153 -0.200115 2.27673 -0.486262 -0.576323 0.452714 
-0.373162 -0.252744 2.42655 -0.466203 -0.604672 0.469117 
-0.32495 -0.215612 2.37009 -0.502382 -0.591265 0.468036 
-0.343554 -0.221344 2.32841 -0.477695 -0.59006 0.455084 
-0.369992 -0.262951 2.36078 -0.473663 -0.607301 0.472743 
-0.333347 -0.204675 2.27288 -0.493231 -0.584934 0.456954 
-0.386746 -0.239262 2.34485 -0.466687 -0.604719 0.461105 
-0.362346 -0.202055 2.34454 -0.503989 -0.603608 0.472825 
-0.375055 -0.232319 2.29234 -0.473433 -0.591558 0.448122 
-0.36022 -0.31132 2.42558 -0.459814 -0.609065 0.471463 
-0.303445 -0.200694 2.31061 -0.493548 -0.582388 0.459187 
-0.371704 -0.253759 2.34369 -0.463457 -0.598284 0.456372 
-0.405024 -0.177854 2.36452 -0.501117 -0.61388 0.469799 
-0.35123 -0.235008 2.327 -0.478722 -0.589198 0.448017 
-0.380661 -0.276065 2.38921 -0.456399 -0.607805 0.466349 
-0.335632 -0.186034 2.32701 -0.502917 -0.59403 0.463319 
-0.327223 -0.218768 2.34201 -0.473526 -0.589914 0.449009 
-0.366322 -0.199583 2.32151 -0.483982 -0.605013 0.471653 
-0.379971 -0.189391 2.31882 -0.490588 -0.592745 0.45023 
-0.387042 -0.296777 2.33096 -0.448222 -0.599644 0.456812 
-0.358922 -0.175116 2.34663 -0.499404 -0.600099 0.468341 
-0.313742 -0.21708 2.26728 -0.481648 -0.57878 0.447211 
-0.37903 -0.252338 2.37191 -0.466026 -0.606624 0.463812 
-0.3744 -0.223719 2.30361 -0.489838 -0.592422 0.454986 
-0.345719 -0.253139 2.34636 -0.457751 -0.58986 0.452754 
-0.364544 -0.210112 2.37007 -0.494328 -0.603055 0.471981 
-0.306801 -0.136614 2.27645 -0.502512 -0.578892 0.450294 
-0.376095 -0.298478 2.43473 -0.4578 -0.602139 0.460021 
-0.318154 -0.214068 2.34392 -0.496624 -0.588768 0.463748 
-0.339875 -0.240853 2.37577 -0.466356 -0.586689 0.452656 
-0.360513 -0.172474 2.34618 -0.494109 -0.603315 0.475404 
-0.297774 -0.22763 2.2953 -0.494135 -0.576011 0.453471 
-0.358938 -0.249631 2.32382 -0.460026 -0.596615 0.462302 
-0.333381 -0.240625 2.3488 -0.491317 -0.592684 0.469594 
-0.355598 -0.203715 2.33092 -0.481989 -0.587261 0.45272 
-0.367095 -0.244465 2.42571 -0.482338 -0.608849 0.473378 
-0.30521 -0.142881 2.28217 -0.513379 -0.58219 0.462194 
-0.302025 -0.255675 2.39246 -0.460517 -0.586634 0.459679 
-0.35022 -0.222951 2.31575 -0.491118 -0.601473 0.475693 
-0.314266 -0.121732 2.31381 -0.506381 -0.579948 0.455532 
-0.313308 -0.284928 2.36328 -0.465461 -0.596284 0.470161 
-0.350924 -0.196904 2.31636 -0.501287 -0.593753 0.463489 
