402 364 435 378.5 
402 364 434.5 378.5 
402 364 435 378.5 
402 364 435 378.5 
402 364.5 435 378.5 
402 364 435 378.5 
402 364 435 378.5 
402 364.5 434.5 378.5 
402 364.5 435 378.5 
402 364.5 434.5 378.5 
402 364.5 434.5 378.5 
402 364.5 434.5 378.5 
402 364 435 378.5 
402 364 435 378.5 
402 364 435 378.5 
402 364 435 378.5 
402 364 434.5 378.5 
402 364.5 435 378.5 
402 364 434.5 378.5 
402 364 434.5 378.5 
402 364.5 435 378.5 
402 364 434.5 378.5 
402 364 434.5 378.5 
402 364 435 378.5 
402 364 435 378.5 
402 364 435 378.5 
402 364 435 378.5 
402 364 435 378.5 
402 364 434.5 378.5 
402 364 435 378.5 
402 364 434.5 378.5 
402 364 435 378.5 
402 364 435 378.5 
402 364 434.5 378.5 
402 364 435 378.5 
402 364.5 434.5 378.5 
402 364 435 378.5 
402 364 434.5 378.5 
402 364.5 435 378.5 
402 364.5 435 378.5 
402 364 435 378.5 
402 364.5 435 378.5 
402 364 434.5 378.5 
402 364 434.5 378.5 
402 364 434.5 378.5 
402 364.5 435 378.5 
402 364.5 434.5 378.5 
402 364 434.5 378.5 
402 364.5 435 378.5 
402 364 435 378.5 
402 364.5 435 378.5 
402 364 434.5 378.5 
402 364 434.5 378.5 
402 364.5 434.5 378.5 
402 364.5 434.5 378.5 
402 364.5 434.5 378.5 
402 364.5 434.5 378.5 
402 364.5 434.5 378.5 
402 364 434.5 378.5 
402 364.5 434.5 378.5 
402 364.5 434.5 378.5 
402 364.5 435 378.5 
402 364.5 435 378.5 
402 364 434.5 378.5 
402 364 434.5 378.5 
402 364.5 435 378.5 
402 364 435 378.5 
402 364 435 378.5 
402 364.5 435 378.5 
402 364 435 378.5 
402 364.5 434.5 378.5 
402 364 435 378.5 
402 364 435 378.5 
402 364 434.5 378.5 
402 364 434.5 378.5 
402 364 435 378.5 
402 364 435 378.5 
402 364 435 378.5 
402 364.5 435 378.5 
402 364 435 378.5 
402 364 435 378.5 
402 364 434.5 378.5 
402 364 435 378.5 
402 364 435 378.5 
402 364.5 435 378.5 
402 364.5 435 378.5 
402 364 434.5 378.5 
402 364 434.5 378.5 
402 364.5 435 378.5 
402 364 435 378.5 
402 364 434.5 378.5 
402 364 435 378.5 
402 364 434.5 378.5 
402 364.5 434.5 378.5 
402 364 435 378.5 
402 364 435 378.5 
402 364 435 378.5 
402 364 435 378.5 
402 364 434.5 378.5 
402 364.5 434.5 378.5 
402 364 435 378.5 
402 364 435 378.5 
402 364 435 378.5 
402 364 435 378.5 
402 364 435 378.5 
402 364.5 434.5 378.5 
402 364 435 378.5 
402 364 435 378.5 
402 364.5 434.5 378.5 
402 364 434.5 378.5 
402 364 435 378.5 
402 364 434.5 378.5 
402 364 435 378.5 
402 364.5 434.5 378.5 
402 364 435 378.5 
402 364 434.5 378.5 
402 364 434.5 378.5 
402 364.5 434.5 378.5 
402 364 435 378.5 
402 364 435 378.5 
402 364 435 378.5 
402 364.5 434.5 378.5 
402 364 435 378.5 
402 364.5 435 378.5 
402 364 435 378.5 
402 364 434.5 378.5 
402 364 435 378.5 
402 364 435 378.5 
402 364 434.5 378.5 
402 364.5 435 378.5 
402 364 435 378.5 
402 364 434.5 378.5 
402 364 434.5 378.5 
402 364 434.5 378.5 
402 364 435 378.5 
402 364 435 378.5 
402 364.5 435 378.5 
402 364 434.5 378.5 
402 364.5 435 378.5 
402 364 435 378.5 
402 364 435 378.5 
402 364 434.5 378.5 
402 364 435 378.5 
402 364 435 378.5 
402 364 434.5 378.5 
402 364.5 435 378.5 
402 364 435 378.5 
402 364 435 378.5 
402 364 435 378.5 
402 364 435 378.5 
402 364 434.5 378.5 
402 364.5 435 378.5 
402 364 434.5 378.5 
402 364 435 378.5 
402 364 434.5 378.5 
402 364 435 378.5 
402 364 435 378.5 
402 364 435 378.5 
402 364.5 435 378.5 
402 364 435 378.5 
402 364 435 378.5 
402 364 434.5 378.5 
402 364 435 378.5 
402 364 434.5 378.5 
402 364.5 434.5 378.5 
402 364.5 435 378.5 
402 364 434.5 378.5 
402 364 434.5 378.5 
402 364 435 378.5 
402 364 434.5 378.5 
402 364.5 434.5 378.5 
402 364 435 378.5 
402 364 435 378.5 
402 364 434.5 378.5 
402 364 435 378.5 
402 364 435 378.5 
402 364 434.5 378.5 
402 364 434.5 378.5 
402 364.5 435 378.5 
402 364 434.5 378.5 
402 364 435 378.5 
402 364.5 435 378.5 
402 364.5 435 378.5 
402 364 434.5 378.5 
402 364 435 378.5 
402 364 435 378.5 
402 364 435 378.5 
402 364 435 378.5 
402 364 435 378.5 
402 364.5 435 378.5 
402 364 435 378.5 
402 364 434.5 378.5 
402 364 435 378.5 
402 364 435 378.5 
402 364 435 378.5 
402 364 435 378.5 
402 364 435 378.5 
402 364.5 435 378.5 
402 364 435 378.5 
402 364 434.5 378.5 
402 364.5 435 378.5 
402 364.5 435 378.5 
402 364 435 378.5 
402.5 364 435 378.5 
402 364 435 378.5 
402 364 435 378.5 
402 364 435 378.5 
402 364 434.5 378.5 
402 364 434.5 378.5 
402 364 434.5 378.5 
402 364 434.5 378.5 
402 364 435 378.5 
402 364 435 378.5 
402 364 435 378.5 
402 364 435 378.5 
402 364 434.5 378.5 
402 364 435 378.5 
402 364 435 378.5 
402 364.5 435 378.5 
402 364.5 434.5 378.5 
402 364 435 378.5 
402 364 435 378.5 
402 364 435 378.5 
402 364.5 435 378.5 
402 364 435 378.5 
402 364 435 378.5 
402 364 435 378.5 
402 364 435 378.5 
402 364.5 435 378.5 
402 364 435 378.5 
402 364.5 435 378.5 
402 364 435 378.5 
402 364.5 435 378.5 
402 364.5 435 378.5 
402 364.5 435 378.5 
402 364.5 435 378.5 
402 364 435 378.5 
402 364 435 378.5 
402 364 434.5 378.5 
402 364 435 378.5 
402 364 435 378.5 
402 364.5 435 378.5 
402 364 434.5 378.5 
402 364 435 378.5 
402 364 434.5 378.5 
402 364 435 378.5 
402 364 435 378.5 
402 364.5 435 378.5 
