1.51626e+07 -2.70807e+06 9.58812e+06 -282712 -2.04175e+06 -54980 
1.51835e+07 -2.71729e+06 9.68349e+06 -302606 -2.04695e+06 -55342 
1.51797e+07 -2.72647e+06 9.58543e+06 -280518 -2.05195e+06 -51466 
1.51087e+07 -2.71195e+06 9.52491e+06 -301384 -2.04078e+06 -59411 
1.51344e+07 -2.67178e+06 9.57814e+06 -282437 -2.05056e+06 -54066 
1.51424e+07 -2.66389e+06 9.49925e+06 -298200 -2.0351e+06 -58309 
1.52213e+07 -2.70294e+06 9.58588e+06 -285515 -2.06209e+06 -50851 
1.51937e+07 -2.58035e+06 9.51012e+06 -295433 -2.0398e+06 -57078 
1.51691e+07 -2.7085e+06 9.67265e+06 -281087 -2.06677e+06 -47783 
1.51794e+07 -2.69483e+06 9.45814e+06 -294502 -2.03647e+06 -60053 
1.51429e+07 -2.72831e+06 9.61769e+06 -286765 -2.05792e+06 -48762 
1.51475e+07 -2.62611e+06 9.43259e+06 -290802 -2.02562e+06 -59505 
1.52444e+07 -2.67834e+06 9.6096e+06 -287455 -2.07268e+06 -48915 
1.51121e+07 -2.72848e+06 9.6508e+06 -287566 -2.0257e+06 -55683 
1.51553e+07 -2.66929e+06 9.59806e+06 -283901 -2.06493e+06 -47679 
1.51723e+07 -2.71077e+06 9.56771e+06 -289234 -2.03331e+06 -59951 
1.51322e+07 -2.63754e+06 9.57798e+06 -282956 -2.05799e+06 -48798 
1.5157e+07 -2.68082e+06 9.486e+06 -289843 -2.0271e+06 -58359 
1.51415e+07 -2.64244e+06 9.6041e+06 -291264 -2.06108e+06 -48465 
1.51571e+07 -2.79832e+06 9.6634e+06 -290407 -2.03733e+06 -57225 
1.51243e+07 -2.63603e+06 9.63782e+06 -287768 -2.05899e+06 -47902 
1.50799e+07 -2.79026e+06 9.58415e+06 -294246 -2.02523e+06 -59826 
1.51698e+07 -2.609e+06 9.63347e+06 -288323 -2.05885e+06 -50117 
1.5086e+07 -2.6585e+06 9.63667e+06 -282941 -2.0339e+06 -54936 
1.52051e+07 -2.67865e+06 9.50342e+06 -300422 -2.06519e+06 -49709 
1.51742e+07 -2.66559e+06 9.49869e+06 -282214 -2.04652e+06 -52603 
1.51242e+07 -2.63543e+06 9.56746e+06 -294105 -2.0491e+06 -49988 
1.51289e+07 -2.72878e+06 9.56669e+06 -290525 -2.0335e+06 -54764 
1.51678e+07 -2.60179e+06 9.58841e+06 -298010 -2.04444e+06 -51558 
1.51235e+07 -2.74934e+06 9.69762e+06 -290919 -2.04781e+06 -49391 
1.50553e+07 -2.69581e+06 9.5315e+06 -305819 -2.03696e+06 -54814 
1.51319e+07 -2.61226e+06 9.54133e+06 -278111 -2.04929e+06 -50565 
1.5085e+07 -2.71378e+06 9.59368e+06 -307821 -2.03138e+06 -55171 
1.51632e+07 -2.61657e+06 9.50662e+06 -281141 -2.05196e+06 -52162 
1.5135e+07 -2.66482e+06 9.61286e+06 -301469 -2.03485e+06 -53689 
1.52092e+07 -2.70211e+06 9.61272e+06 -282726 -2.06782e+06 -44541 
1.50725e+07 -2.63376e+06 9.47782e+06 -296472 -2.03271e+06 -57411 
1.50925e+07 -2.6834e+06 9.64146e+06 -280340 -2.05274e+06 -46027 
1.50939e+07 -2.59378e+06 9.54973e+06 -292230 -2.02795e+06 -57047 
1.51618e+07 -2.62718e+06 9.66362e+06 -283658 -2.06192e+06 -44817 
1.50698e+07 -2.66018e+06 9.57746e+06 -292096 -2.02454e+06 -54132 
1.51392e+07 -2.64571e+06 9.66658e+06 -282958 -2.06444e+06 -45065 
1.50629e+07 -2.55104e+06 9.49849e+06 -277622 -2.02594e+06 -55226 
1.51212e+07 -2.6073e+06 9.51009e+06 -284941 -2.05665e+06 -47399 
1.51542e+07 -2.67169e+06 9.58212e+06 -290877 -2.02364e+06 -53824 
1.51634e+07 -2.62395e+06 9.69976e+06 -292665 -2.066e+06 -45717 
1.51367e+07 -2.68416e+06 9.57025e+06 -280964 -2.03716e+06 -51305 
1.51387e+07 -2.62587e+06 9.5892e+06 -290437 -2.0551e+06 -47066 
1.51036e+07 -2.64762e+06 9.59809e+06 -278210 -2.03266e+06 -53926 
1.51424e+07 -2.54126e+06 9.52347e+06 -287476 -2.0541e+06 -48686 
1.51105e+07 -2.70055e+06 9.59397e+06 -285201 -2.03362e+06 -51049 
1.50798e+07 -2.64266e+06 9.61723e+06 -299808 -2.04762e+06 -49348 
1.50914e+07 -2.69806e+06 9.73187e+06 -284598 -2.0373e+06 -50700 
1.51383e+07 -2.56694e+06 9.42675e+06 -293246 -2.05108e+06 -51535 
1.5085e+07 -2.66609e+06 9.64382e+06 -284597 -2.04038e+06 -51486 
1.51467e+07 -2.66813e+06 9.71896e+06 -304522 -2.04449e+06 -50123 
1.51651e+07 -2.66057e+06 9.6904e+06 -283081 -2.05247e+06 -45256 
1.50832e+07 -2.54515e+06 9.57703e+06 -296437 -2.04573e+06 -51426 
1.51645e+07 -2.69844e+06 9.57547e+06 -281680 -2.05315e+06 -48514 
1.51332e+07 -2.6261e+06 9.46581e+06 -297353 -2.03736e+06 -55036 
1.51404e+07 -2.63704e+06 9.55495e+06 -287624 -2.05155e+06 -47342 
1.51386e+07 -2.59413e+06 9.60728e+06 -295910 -2.04001e+06 -51767 
1.51359e+07 -2.6763e+06 9.62411e+06 -285854 -2.0596e+06 -42860 
1.50707e+07 -2.66814e+06 9.66963e+06 -304289 -2.02985e+06 -52934 
1.51127e+07 -2.71201e+06 9.69767e+06 -285988 -2.05692e+06 -46950 
1.51196e+07 -2.64433e+06 9.55634e+06 -293859 -2.02834e+06 -56526 
1.51249e+07 -2.70571e+06 9.74825e+06 -292824 -2.05778e+06 -44667 
1.50942e+07 -2.58395e+06 9.44603e+06 -287568 -2.03008e+06 -54937 
1.51204e+07 -2.69502e+06 9.61028e+06 -294072 -2.06259e+06 -43153 
1.50686e+07 -2.58678e+06 9.51138e+06 -284233 -2.02846e+06 -55073 
1.51252e+07 -2.59984e+06 9.64203e+06 -289453 -2.05702e+06 -45358 
1.51094e+07 -2.67256e+06 9.57119e+06 -292298 -2.02611e+06 -53238 
1.50972e+07 -2.61067e+06 9.62207e+06 -297792 -2.05497e+06 -46692 
1.51241e+07 -2.60266e+06 9.56128e+06 -279240 -2.03881e+06 -51216 
1.50511e+07 -2.60297e+06 9.5686e+06 -291684 -2.04968e+06 -47190 
1.50857e+07 -2.67255e+06 9.60818e+06 -285395 -2.03239e+06 -52156 
1.50674e+07 -2.57734e+06 9.6938e+06 -297497 -2.04044e+06 -49510 
1.51468e+07 -2.65595e+06 9.66062e+06 -279256 -2.04046e+06 -46984 
1.50732e+07 -2.56879e+06 9.44779e+06 -297112 -2.04393e+06 -49667 
1.51339e+07 -2.64754e+06 9.53454e+06 -277983 -2.04886e+06 -47345 
1.5074e+07 -2.52452e+06 9.51595e+06 -291971 -2.03826e+06 -49379 
1.5175e+07 -2.71636e+06 9.66374e+06 -283340 -2.05134e+06 -48754 
1.50891e+07 -2.60981e+06 9.53811e+06 -297436 -2.0338e+06 -52187 
1.51494e+07 -2.68145e+06 9.5e+06 -281537 -2.0573e+06 -46139 
1.50617e+07 -2.63631e+06 9.64074e+06 -294368 -2.03817e+06 -50247 
1.51097e+07 -2.66358e+06 9.57798e+06 -277499 -2.05195e+06 -44546 
1.51268e+07 -2.51739e+06 9.44946e+06 -288977 -2.03229e+06 -55355 
1.51377e+07 -2.65545e+06 9.62978e+06 -288744 -2.05492e+06 -44682 
1.5045e+07 -2.5418e+06 9.44472e+06 -287110 -2.02534e+06 -52268 
1.51649e+07 -2.64281e+06 9.55186e+06 -287521 -2.06613e+06 -41806 
1.49905e+07 -2.57422e+06 9.46274e+06 -292754 -2.02289e+06 -55883 
1.50986e+07 -2.63913e+06 9.60306e+06 -286726 -2.05413e+06 -44524 
1.50629e+07 -2.60615e+06 9.51409e+06 -289037 -2.02592e+06 -55919 
1.51007e+07 -2.59395e+06 9.5514e+06 -284398 -2.05511e+06 -43145 
1.50481e+07 -2.64223e+06 9.57342e+06 -282422 -2.02593e+06 -51985 
1.51028e+07 -2.67074e+06 9.64095e+06 -279948 -2.05812e+06 -44096 
1.51181e+07 -2.73227e+06 9.57172e+06 -277694 -2.0321e+06 -53234 
1.51004e+07 -2.77527e+06 9.67474e+06 -273060 -2.04627e+06 -43829 
1.51001e+07 -2.85572e+06 9.63053e+06 -269387 -2.02047e+06 -54070 
1.51624e+07 -2.79177e+06 9.69676e+06 -253266 -2.04611e+06 -44750 
1.5144e+07 -2.93896e+06 9.58899e+06 -244352 -2.02706e+06 -50289 
1.51675e+07 -2.93814e+06 9.61032e+06 -242095 -2.04843e+06 -44904 
1.51661e+07 -3.06141e+06 9.58813e+06 -224306 -2.02462e+06 -51957 
1.52091e+07 -3.03023e+06 9.60413e+06 -220475 -2.04034e+06 -47979 
1.51889e+07 -3.19617e+06 9.60656e+06 -202914 -2.0245e+06 -49590 
1.51744e+07 -3.14027e+06 9.6025e+06 -190706 -2.03707e+06 -48623 
1.52049e+07 -3.44944e+06 9.74531e+06 -177652 -2.03179e+06 -48415 
1.51099e+07 -3.37903e+06 9.62528e+06 -173183 -2.03081e+06 -48784 
1.51569e+07 -3.54458e+06 9.69133e+06 -140948 -2.02862e+06 -49587 
1.51733e+07 -3.51976e+06 9.65763e+06 -147038 -2.02465e+06 -51210 
1.52049e+07 -3.7429e+06 9.77458e+06 -117401 -2.03115e+06 -46230 
1.52724e+07 -3.88099e+06 9.98547e+06 -119612 -2.02617e+06 -50401 
1.53286e+07 -3.94006e+06 1.00063e+07 -93491 -2.02197e+06 -42849 
1.53195e+07 -3.9625e+06 1.00995e+07 -87809 -2.00044e+06 -52172 
1.54725e+07 -4.15151e+06 1.0308e+07 -69310 -2.01614e+06 -45018 
1.54974e+07 -4.1554e+06 1.03664e+07 -65752 -1.9684e+06 -51947 
1.5517e+07 -4.32753e+06 1.05824e+07 -48773 -2.02443e+06 -44021 
1.54668e+07 -4.38058e+06 1.05774e+07 -29920 -1.98968e+06 -53265 
1.55718e+07 -4.62217e+06 1.08274e+07 -5952 -1.99526e+06 -43067 
1.54702e+07 -4.5941e+06 1.07501e+07 10893 -1.94934e+06 -57885 
1.55283e+07 -4.83339e+06 1.09732e+07 26865 -1.99869e+06 -46483 
1.56535e+07 -4.94206e+06 1.09975e+07 54319 -1.95474e+06 -51113 
1.55322e+07 -5.09141e+06 1.1114e+07 76631 -1.99221e+06 -41630 
1.56769e+07 -5.29922e+06 1.12245e+07 100856 -1.94763e+06 -55208 
1.57569e+07 -5.40534e+06 1.12493e+07 119086 -1.989e+06 -46702 
1.57029e+07 -5.55625e+06 1.13183e+07 148550 -1.93137e+06 -54387 
1.57873e+07 -5.70374e+06 1.14578e+07 169894 -1.99174e+06 -49717 
1.58091e+07 -5.92466e+06 1.17342e+07 202863 -1.94497e+06 -56757 
1.56922e+07 -6.06001e+06 1.17786e+07 222121 -1.97617e+06 -50503 
1.5763e+07 -6.25688e+06 1.17804e+07 265165 -1.97086e+06 -62413 
1.59244e+07 -6.37897e+06 1.20347e+07 271383 -1.96579e+06 -51147 
1.58173e+07 -6.50736e+06 1.20412e+07 310504 -1.97169e+06 -62697 
1.60645e+07 -6.62839e+06 1.23606e+07 331804 -1.97555e+06 -47786 
1.57916e+07 -6.82611e+06 1.23875e+07 355242 -1.97324e+06 -59423 
1.57411e+07 -6.82219e+06 1.23484e+07 374519 -1.96269e+06 -59557 
1.56152e+07 -7.11391e+06 1.2641e+07 407739 -1.9735e+06 -63281 
1.57125e+07 -7.02338e+06 1.26585e+07 402891 -1.96757e+06 -63190 
1.58213e+07 -7.32341e+06 1.28469e+07 432359 -1.98309e+06 -60235 
1.59428e+07 -7.25244e+06 1.29321e+07 458174 -1.99681e+06 -63440 
1.54549e+07 -7.49835e+06 1.29132e+07 486564 -1.99034e+06 -63113 
1.54802e+07 -7.53417e+06 1.28956e+07 489045 -1.98373e+06 -69919 
1.6087e+07 -7.61895e+06 1.29544e+07 520479 -2.02067e+06 -66597 
1.5676e+07 -7.5902e+06 1.29565e+07 508614 -1.97803e+06 -72883 
1.57199e+07 -7.78949e+06 1.29614e+07 547836 -2.01081e+06 -64788 
1.56127e+07 -7.70074e+06 1.27899e+07 557671 -1.99614e+06 -73750 
1.56061e+07 -7.81802e+06 1.28715e+07 559496 -2.02356e+06 -65592 
1.55662e+07 -7.72085e+06 1.28585e+07 581033 -1.98021e+06 -74535 
1.57424e+07 -7.89654e+06 1.30586e+07 577796 -2.03758e+06 -66808 
1.5628e+07 -7.78602e+06 1.29241e+07 573056 -1.9896e+06 -76482 
1.57216e+07 -7.74728e+06 1.29417e+07 589388 -2.04203e+06 -64101 
1.5338e+07 -7.73792e+06 1.28526e+07 570480 -2.00348e+06 -76755 
1.56118e+07 -7.57251e+06 1.30191e+07 569278 -2.05657e+06 -68145 
1.57547e+07 -7.47573e+06 1.27275e+07 559686 -2.02071e+06 -78296 
1.554e+07 -7.41572e+06 1.29893e+07 551170 -2.03847e+06 -67674 
1.5343e+07 -7.23095e+06 1.2681e+07 518051 -2.01448e+06 -75006 
1.56878e+07 -7.04576e+06 1.23835e+07 487542 -2.0369e+06 -65815 
1.55284e+07 -6.99547e+06 1.21862e+07 456269 -2.0274e+06 -72492 
1.60681e+07 -6.81824e+06 1.21996e+07 442596 -2.05709e+06 -71718 
1.53274e+07 -6.61455e+06 1.18875e+07 417996 -2.0211e+06 -73528 
1.56091e+07 -6.50826e+06 1.17457e+07 372126 -2.04162e+06 -74112 
1.57499e+07 -6.38996e+06 1.16635e+07 346858 -2.03763e+06 -67108 
1.55209e+07 -5.84181e+06 1.11986e+07 283560 -2.05321e+06 -73756 
1.55166e+07 -5.95102e+06 1.11469e+07 278334 -2.04863e+06 -71170 
1.56439e+07 -5.62215e+06 1.10995e+07 241737 -2.04268e+06 -69330 
1.53938e+07 -5.63988e+06 1.10207e+07 224801 -2.04322e+06 -71010 
1.55183e+07 -5.30902e+06 1.09181e+07 193542 -2.04765e+06 -70379 
1.53014e+07 -5.23645e+06 1.0671e+07 156598 -2.05656e+06 -66900 
1.53543e+07 -4.93687e+06 1.05042e+07 124835 -2.04284e+06 -72838 
1.55006e+07 -4.86265e+06 1.03808e+07 93757 -2.05948e+06 -67137 
1.55248e+07 -4.58568e+06 1.01911e+07 58348 -2.03085e+06 -75662 
1.53785e+07 -4.48071e+06 1.02456e+07 27795 -2.06699e+06 -63963 
1.55668e+07 -4.27175e+06 1.02095e+07 -10690 -2.03819e+06 -71379 
1.54796e+07 -4.34845e+06 1.01365e+07 -3972 -2.07976e+06 -65368 
1.54262e+07 -4.23153e+06 1.00953e+07 -20272 -2.02929e+06 -73934 
1.54277e+07 -4.07315e+06 1.0192e+07 -39150 -2.07297e+06 -64468 
1.53461e+07 -4.14702e+06 1.01332e+07 -48917 -2.03215e+06 -73788 
1.53561e+07 -4.07508e+06 1.02809e+07 -49717 -2.0615e+06 -61699 
1.56423e+07 -3.97373e+06 1.01947e+07 -50923 -2.0446e+06 -71794 
1.54533e+07 -3.85143e+06 1.00978e+07 -82866 -2.06543e+06 -65118 
1.50203e+07 -2.08386e+06 9.41343e+06 -270065 -2.05444e+06 -32117 
1.4942e+07 -2.04293e+06 9.32021e+06 -265007 -2.01751e+06 -45351 
1.49398e+07 -2.03041e+06 9.43917e+06 -271873 -2.04414e+06 -38015 
1.50115e+07 -2.22387e+06 9.4596e+06 -267601 -2.01151e+06 -44313 
1.49562e+07 -1.98484e+06 9.47481e+06 -279491 -2.04518e+06 -38535 
1.49462e+07 -2.09605e+06 9.28709e+06 -272447 -2.02924e+06 -44553 
1.49828e+07 -2.17892e+06 9.54201e+06 -276000 -2.04681e+06 -37004 
1.50186e+07 -2.04805e+06 9.33146e+06 -269017 -2.03065e+06 -45224 
1.49028e+07 -2.05668e+06 9.33171e+06 -280631 -2.03207e+06 -44452 
1.50112e+07 -2.17976e+06 9.40253e+06 -277186 -2.03012e+06 -43117 
1.50577e+07 -2.07234e+06 9.45303e+06 -285066 -2.04476e+06 -42515 
1.49849e+07 -2.14978e+06 9.41288e+06 -272452 -2.03068e+06 -41494 
1.49523e+07 -2.18463e+06 9.46247e+06 -286118 -2.03574e+06 -41935 
1.50598e+07 -2.13715e+06 9.48491e+06 -265010 -2.04231e+06 -40482 
1.49622e+07 -2.01267e+06 9.38849e+06 -282984 -2.0295e+06 -46610 
1.49862e+07 -2.17968e+06 9.53138e+06 -266133 -2.03557e+06 -40666 
1.49959e+07 -2.10702e+06 9.45325e+06 -284402 -2.03131e+06 -44469 
1.49975e+07 -2.17866e+06 9.49688e+06 -271143 -2.04956e+06 -35929 
1.49189e+07 -2.02744e+06 9.24841e+06 -276129 -2.01735e+06 -46228 
1.50064e+07 -2.09249e+06 9.35544e+06 -262388 -2.04946e+06 -39419 
1.49368e+07 -2.003e+06 9.44038e+06 -281617 -2.01528e+06 -45480 
1.49602e+07 -2.07345e+06 9.42152e+06 -260025 -2.04437e+06 -35791 
1.48648e+07 -2.09536e+06 9.37154e+06 -281392 -2.01505e+06 -46636 
1.50021e+07 -2.0694e+06 9.38476e+06 -266722 -2.05629e+06 -37571 
1.493e+07 -2.06751e+06 9.40562e+06 -273649 -2.01072e+06 -48891 
1.49997e+07 -2.05714e+06 9.42108e+06 -264161 -2.04716e+06 -37545 
1.50073e+07 -2.04638e+06 9.36329e+06 -269242 -2.02224e+06 -46811 
1.49878e+07 -2.02631e+06 9.36938e+06 -266140 -2.04608e+06 -36011 
1.49242e+07 -2.11364e+06 9.40303e+06 -269909 -2.01763e+06 -45911 
1.5027e+07 -1.99714e+06 9.36717e+06 -264998 -2.05184e+06 -35806 
1.49462e+07 -2.14145e+06 9.38738e+06 -268235 -2.01627e+06 -45207 
1.49949e+07 -2.01538e+06 9.32833e+06 -273011 -2.0445e+06 -40871 
1.49603e+07 -2.04894e+06 9.45949e+06 -265401 -2.02203e+06 -41824 
1.49785e+07 -2.0668e+06 9.34957e+06 -275798 -2.04798e+06 -37682 
1.49327e+07 -2.20491e+06 9.41546e+06 -268884 -2.02736e+06 -41288 
1.49487e+07 -2.04038e+06 9.34142e+06 -282169 -2.03817e+06 -41509 
1.49991e+07 -2.11298e+06 9.43516e+06 -259331 -2.02866e+06 -40841 
1.49521e+07 -2.03084e+06 9.29452e+06 -279534 -2.03403e+06 -40371 
1.49263e+07 -2.10315e+06 9.43752e+06 -261742 -2.02842e+06 -38749 
1.48892e+07 -2.07957e+06 9.32198e+06 -278553 -2.02681e+06 -43377 
1.49739e+07 -2.11804e+06 9.39971e+06 -261962 -2.03963e+06 -39433 
1.49207e+07 -2.00984e+06 9.33618e+06 -283086 -2.00999e+06 -46788 
1.50376e+07 -2.20515e+06 9.50249e+06 -270612 -2.04133e+06 -37360 
1.5017e+07 -2.13645e+06 9.38381e+06 -285536 -2.02522e+06 -44388 
1.50184e+07 -2.12408e+06 9.48725e+06 -262075 -2.05154e+06 -33090 
1.49503e+07 -2.10027e+06 9.28172e+06 -276038 -2.01594e+06 -45019 
1.4895e+07 -2.0696e+06 9.37314e+06 -267665 -2.03737e+06 -37170 
1.49419e+07 -2.07303e+06 9.4785e+06 -277488 -2.01544e+06 -47221 
1.50332e+07 -2.18399e+06 9.49919e+06 -272982 -2.04985e+06 -34250 
1.50696e+07 -2.10989e+06 9.34108e+06 -276260 -2.02075e+06 -45451 
1.49055e+07 -2.08063e+06 9.43423e+06 -266951 -2.04889e+06 -35245 
1.50175e+07 -2.12084e+06 9.41567e+06 -266828 -2.02142e+06 -47549 
1.49771e+07 -2.02573e+06 9.33268e+06 -267843 -2.04459e+06 -37131 
1.50013e+07 -2.1423e+06 9.5045e+06 -275758 -2.01604e+06 -44778 
1.50102e+07 -2.03047e+06 9.43023e+06 -266561 -2.04467e+06 -35515 
1.49168e+07 -2.08782e+06 9.33684e+06 -264800 -2.01944e+06 -42219 
1.49581e+07 -2.00271e+06 9.26212e+06 -269848 -2.04281e+06 -39238 
1.49873e+07 -2.12821e+06 9.42728e+06 -264445 -2.02092e+06 -42930 
1.49548e+07 -2.05443e+06 9.43818e+06 -277368 -2.03873e+06 -38704 
1.50158e+07 -2.08946e+06 9.40594e+06 -265286 -2.02508e+06 -41908 
1.49452e+07 -2.04896e+06 9.38695e+06 -280464 -2.04105e+06 -37585 
1.4924e+07 -2.1229e+06 9.40122e+06 -262169 -2.025e+06 -42408 
1.49884e+07 -2.03956e+06 9.42967e+06 -282020 -2.03336e+06 -41900 
1.48789e+07 -2.07971e+06 9.43303e+06 -260649 -2.01556e+06 -40625 
1.49505e+07 -1.99686e+06 9.40289e+06 -277854 -2.03371e+06 -42929 
1.50576e+07 -2.09351e+06 9.40135e+06 -260869 -2.03863e+06 -39079 
1.50288e+07 -2.06175e+06 9.38893e+06 -278293 -2.03916e+06 -42964 
1.50348e+07 -2.09975e+06 9.39107e+06 -262064 -2.03946e+06 -40971 
1.49553e+07 -2.01286e+06 9.32229e+06 -275785 -2.02679e+06 -44614 
1.5014e+07 -2.11469e+06 9.47298e+06 -263467 -2.03578e+06 -36675 
1.50032e+07 -2.05116e+06 9.41606e+06 -285558 -2.03471e+06 -44511 
1.49161e+07 -2.09454e+06 9.46739e+06 -262127 -2.04045e+06 -35254 
1.49294e+07 -2.08069e+06 9.40566e+06 -280518 -2.02129e+06 -44505 
1.49648e+07 -2.14566e+06 9.44515e+06 -270605 -2.04115e+06 -39167 
1.497e+07 -2.03969e+06 9.41927e+06 -279026 -2.01478e+06 -46288 
1.50099e+07 -2.06573e+06 9.34564e+06 -265533 -2.04478e+06 -35305 
1.49521e+07 -2.00765e+06 9.3266e+06 -272682 -2.01792e+06 -44544 
1.49584e+07 -2.08635e+06 9.4407e+06 -264501 -2.05079e+06 -35342 
1.50108e+07 -2.06912e+06 9.34041e+06 -273876 -2.02421e+06 -46373 
1.49684e+07 -2.04706e+06 9.38905e+06 -267261 -2.044e+06 -32853 
1.50122e+07 -2.09185e+06 9.4419e+06 -277829 -2.01482e+06 -46888 
1.50558e+07 -2.1146e+06 9.58147e+06 -271628 -2.05546e+06 -32316 
1.49601e+07 -2.07514e+06 9.36432e+06 -267827 -2.01967e+06 -44792 
1.49734e+07 -2.05977e+06 9.42238e+06 -274045 -2.04732e+06 -36053 
1.49271e+07 -2.08098e+06 9.32878e+06 -268090 -2.01409e+06 -45312 
1.49707e+07 -2.09876e+06 9.53944e+06 -275659 -2.03986e+06 -37317 
1.50455e+07 -2.08377e+06 9.48414e+06 -264777 -2.02261e+06 -41512 
1.49982e+07 -2.05087e+06 9.40533e+06 -271786 -2.04647e+06 -35888 
1.49538e+07 -2.16154e+06 9.38142e+06 -266821 -2.02072e+06 -43562 
1.49806e+07 -2.04862e+06 9.37395e+06 -273821 -2.03751e+06 -39739 
1.49843e+07 -2.10916e+06 9.43568e+06 -262048 -2.02486e+06 -42107 
1.49196e+07 -2.04826e+06 9.43212e+06 -277820 -2.02642e+06 -39427 
1.49507e+07 -2.17485e+06 9.4108e+06 -263933 -2.02761e+06 -38942 
1.49232e+07 -2.0056e+06 9.33158e+06 -275678 -2.02698e+06 -41825 
1.49599e+07 -2.16385e+06 9.50159e+06 -264493 -2.02651e+06 -39717 
1.48452e+07 -2.03651e+06 9.36442e+06 -277187 -2.01018e+06 -42236 
1.50248e+07 -2.09896e+06 9.42874e+06 -261417 -2.03576e+06 -36871 
1.49288e+07 -2.01724e+06 9.36432e+06 -274453 -2.01968e+06 -44015 
1.50303e+07 -2.13639e+06 9.45683e+06 -261588 -2.04704e+06 -33024 
1.49558e+07 -2.09092e+06 9.36041e+06 -278701 -2.01838e+06 -45676 
1.50458e+07 -2.09478e+06 9.43105e+06 -261646 -2.04466e+06 -35080 
1.50143e+07 -2.04495e+06 9.31114e+06 -270791 -2.01359e+06 -45296 
1.50752e+07 -2.07586e+06 9.49692e+06 -262809 -2.0459e+06 -32522 
1.50154e+07 -2.09306e+06 9.35343e+06 -266156 -2.01344e+06 -42014 
1.50607e+07 -2.10143e+06 9.42628e+06 -257088 -2.04406e+06 -34068 
1.50363e+07 -2.15926e+06 9.39367e+06 -264220 -2.00706e+06 -45342 
1.50968e+07 -2.15382e+06 9.41851e+06 -259057 -2.03652e+06 -34804 
1.50668e+07 -2.18206e+06 9.39222e+06 -248907 -2.00679e+06 -42132 
1.50693e+07 -2.13075e+06 9.48253e+06 -251560 -2.03457e+06 -34064 
1.50765e+07 -2.29903e+06 9.38726e+06 -245257 -2.00818e+06 -41691 
1.51052e+07 -2.18621e+06 9.31385e+06 -249228 -2.02948e+06 -37126 
1.51329e+07 -2.2352e+06 9.4093e+06 -237675 -2.00384e+06 -40257 
1.50528e+07 -2.27455e+06 9.39086e+06 -240153 -2.00576e+06 -39115 
1.5144e+07 -2.43602e+06 9.54017e+06 -222785 -2.01064e+06 -37263 
1.5129e+07 -2.35896e+06 9.49169e+06 -234479 -2.02325e+06 -36926 
1.51647e+07 -2.46428e+06 9.50048e+06 -205528 -2.01368e+06 -36202 
1.50824e+07 -2.45823e+06 9.45588e+06 -218362 -2.00528e+06 -41647 
1.5195e+07 -2.57301e+06 9.52708e+06 -187996 -2.01793e+06 -34540 
1.51491e+07 -2.53967e+06 9.46118e+06 -185955 -2.0023e+06 -42653 
1.51696e+07 -2.7692e+06 9.65481e+06 -153626 -2.01509e+06 -34143 
1.51223e+07 -2.76449e+06 9.48671e+06 -155893 -2.00342e+06 -42229 
1.52129e+07 -2.9299e+06 9.52053e+06 -117513 -2.02157e+06 -35069 
1.50654e+07 -2.99274e+06 9.48911e+06 -122113 -1.98541e+06 -44489 
1.52102e+07 -3.09217e+06 9.59857e+06 -83686 -2.01793e+06 -34328 
1.52382e+07 -3.21099e+06 9.56568e+06 -78524 -1.99543e+06 -41614 
1.52172e+07 -3.3983e+06 9.59815e+06 -44679 -2.02437e+06 -33517 
1.52334e+07 -3.52303e+06 9.75656e+06 -39677 -1.97969e+06 -42923 
1.54387e+07 -3.68691e+06 9.99796e+06 -9288 -1.99337e+06 -32316 
1.54109e+07 -3.75877e+06 1.00693e+07 7588 -1.95393e+06 -42480 
1.55402e+07 -3.86899e+06 1.04086e+07 35011 -1.99761e+06 -34590 
1.55039e+07 -4.10229e+06 1.05968e+07 50050 -1.96154e+06 -39935 
1.53965e+07 -4.12497e+06 1.0605e+07 75253 -1.98036e+06 -32563 
1.55669e+07 -4.40922e+06 1.07738e+07 99169 -1.93854e+06 -40644 
1.55821e+07 -4.48147e+06 1.0818e+07 123266 -1.98038e+06 -36019 
1.55947e+07 -4.67387e+06 1.101e+07 154679 -1.9387e+06 -42886 
1.56895e+07 -4.68943e+06 1.10865e+07 172047 -1.94091e+06 -35133 
1.57001e+07 -4.9194e+06 1.11648e+07 204462 -1.95679e+06 -41938 
1.56141e+07 -4.95648e+06 1.12682e+07 213725 -1.95594e+06 -39802 
1.55382e+07 -5.17005e+06 1.14364e+07 237993 -1.93731e+06 -41736 
1.577e+07 -5.18754e+06 1.14109e+07 263735 -1.97943e+06 -42873 
1.58608e+07 -5.41991e+06 1.1628e+07 287958 -1.92631e+06 -41316 
1.5684e+07 -5.48246e+06 1.16808e+07 293094 -1.97167e+06 -41926 
1.57469e+07 -5.67218e+06 1.17735e+07 327012 -1.95969e+06 -45381 
1.57599e+07 -5.66264e+06 1.18081e+07 338981 -1.95978e+06 -44725 
1.55121e+07 -5.81105e+06 1.17388e+07 355247 -1.95801e+06 -45645 
1.5535e+07 -5.81647e+06 1.19467e+07 368220 -1.95846e+06 -49745 
1.55164e+07 -5.98384e+06 1.21178e+07 397464 -1.95634e+06 -46688 
1.57305e+07 -5.91648e+06 1.2116e+07 394882 -1.99272e+06 -45917 
1.55147e+07 -6.25185e+06 1.21599e+07 430497 -1.96339e+06 -50946 
1.58011e+07 -6.23717e+06 1.24048e+07 449041 -1.97409e+06 -49732 
1.54499e+07 -6.39769e+06 1.24244e+07 470436 -1.95032e+06 -51287 
1.56899e+07 -6.40165e+06 1.24723e+07 495907 -1.99328e+06 -48064 
1.5685e+07 -6.54316e+06 1.26973e+07 508209 -1.94832e+06 -49693 
1.55409e+07 -6.48885e+06 1.24266e+07 484458 -1.9629e+06 -50682 
1.58401e+07 -6.69861e+06 1.27723e+07 518854 -1.98659e+06 -51780 
1.56128e+07 -6.45627e+06 1.27324e+07 489525 -1.95918e+06 -52911 
1.57511e+07 -6.54271e+06 1.28779e+07 494697 -1.96236e+06 -55448 
1.61376e+07 -6.32588e+06 1.25324e+07 452932 -2.00347e+06 -55318 
1.54776e+07 -6.25312e+06 1.23563e+07 404183 -1.97567e+06 -49120 
1.55401e+07 -5.834e+06 1.209e+07 364490 -1.99994e+06 -53348 
1.56403e+07 -5.893e+06 1.19912e+07 363697 -2.00105e+06 -54641 
1.54095e+07 -5.58911e+06 1.18609e+07 316771 -1.9865e+06 -61075 
1.5594e+07 -5.38683e+06 1.15378e+07 290607 -2.00796e+06 -57790 
1.58428e+07 -5.2609e+06 1.17013e+07 267440 -2.01376e+06 -53304 
1.53325e+07 -5.2989e+06 1.15591e+07 258403 -1.99728e+06 -54434 
1.56712e+07 -5.32168e+06 1.15979e+07 267286 -2.02753e+06 -57732 
1.54111e+07 -5.379e+06 1.17194e+07 277404 -1.98579e+06 -61790 
1.54099e+07 -5.12304e+06 1.13933e+07 236157 -2.01113e+06 -63878 
1.54476e+07 -5.15048e+06 1.12742e+07 244272 -2.02312e+06 -54576 
1.54903e+07 -5.00484e+06 1.14431e+07 209060 -2.01889e+06 -57589 
1.53127e+07 -4.93858e+06 1.13065e+07 192792 -2.01377e+06 -58559 
1.53384e+07 -4.78366e+06 1.10643e+07 199080 -2.01112e+06 -61522 
1.52336e+07 -4.92629e+06 1.13308e+07 198165 -2.00737e+06 -60165 
1.52822e+07 -4.82544e+06 1.10812e+07 183832 -2.02726e+06 -59194 
1.5439e+07 -4.9425e+06 1.11488e+07 204636 -2.02214e+06 -58110 
1.54035e+07 -4.91058e+06 1.11973e+07 177355 -2.03944e+06 -63564 
1.56376e+07 -4.69845e+06 1.10091e+07 199841 -2.03469e+06 -60447 
1.54034e+07 -4.78199e+06 1.10823e+07 190861 -2.02272e+06 -66461 
1.52194e+07 -4.71212e+06 1.09613e+07 171607 -2.02815e+06 -60990 
1.54182e+07 -4.60543e+06 1.09155e+07 139179 -2.03046e+06 -63383 
1.54174e+07 -4.58641e+06 1.10814e+07 149682 -2.04526e+06 -58669 
1.54842e+07 -4.57064e+06 1.09205e+07 127433 -2.01156e+06 -65884 
1.56038e+07 -4.60577e+06 1.09246e+07 150080 -2.05976e+06 -62007 
1.55082e+07 -4.64683e+06 1.08468e+07 135774 -2.01542e+06 -68036 
1.55068e+07 -4.61925e+06 1.10897e+07 161425 -2.06006e+06 -56209 
1.55154e+07 -4.38335e+06 1.06781e+07 110748 -2.02391e+06 -66150 
1.53163e+07 -4.29058e+06 1.06197e+07 95390 -2.04865e+06 -57125 
1.54502e+07 -4.22013e+06 1.05819e+07 76518 -2.0277e+06 -64848 
1.53873e+07 -4.34595e+06 1.07792e+07 84958 -2.04656e+06 -58371 
1.56181e+07 -4.29848e+06 1.07109e+07 101246 -2.02388e+06 -65228 
1.5587e+07 -4.21608e+06 1.06191e+07 92868 -2.06087e+06 -55811 
1.53513e+07 -4.28496e+06 1.05749e+07 80747 -2.01582e+06 -66615 
1.55081e+07 -4.24277e+06 1.08136e+07 103013 -2.05735e+06 -61246 
1.518e+07 -4.09192e+06 1.05399e+07 61400 -2.00879e+06 -68654 
1.54289e+07 -4.04824e+06 1.06083e+07 48940 -2.06398e+06 -58030 
1.54773e+07 -4.07092e+06 1.05068e+07 57788 -2.04547e+06 -64859 
1.54003e+07 -3.86465e+06 1.04529e+07 14870 -2.06196e+06 -57322 
1.53415e+07 -3.9282e+06 1.04231e+07 21879 -2.03162e+06 -69662 
1.55927e+07 -3.71753e+06 1.04911e+07 -7792 -2.0591e+06 -56280 
1.53807e+07 -3.73322e+06 1.02311e+07 -23415 -2.02464e+06 -66746 
1.53946e+07 -3.54616e+06 1.02837e+07 -33258 -2.07064e+06 -57692 
1.54327e+07 -3.48824e+06 1.02271e+07 -42805 -2.04793e+06 -64986 
1.53895e+07 -3.3081e+06 1.01077e+07 -70809 -2.06646e+06 -58266 
1.53261e+07 -3.25302e+06 9.96501e+06 -83874 -2.03548e+06 -66543 
1.55436e+07 -3.05896e+06 1.00399e+07 -116285 -2.06939e+06 -59559 
1.545e+07 -3.13889e+06 1.00448e+07 -104551 -2.03029e+06 -63494 
1.54207e+07 -3.02766e+06 9.8931e+06 -121469 -2.06553e+06 -61215 
1.54371e+07 -3.14114e+06 9.94229e+06 -108702 -2.04086e+06 -63401 
1.50086e+07 -2.10583e+06 9.38639e+06 -260021 -2.02992e+06 -42751 
1.49598e+07 -2.07141e+06 9.28448e+06 -280466 -2.04406e+06 -41588 
1.49988e+07 -2.133e+06 9.42498e+06 -264430 -2.02711e+06 -43283 
1.49634e+07 -2.27161e+06 9.53167e+06 -283288 -2.03009e+06 -43762 
1.50503e+07 -1.87459e+06 9.44029e+06 -250978 -2.03139e+06 -37166 
1.49673e+07 -2.10896e+06 9.44027e+06 -283013 -2.03535e+06 -43514 
1.50196e+07 -2.17742e+06 9.45942e+06 -262977 -2.04087e+06 -39074 
1.49328e+07 -1.97512e+06 9.37203e+06 -277368 -2.02356e+06 -45628 
1.50429e+07 -2.05884e+06 9.42223e+06 -261182 -2.04522e+06 -37845 
1.49884e+07 -2.00977e+06 9.34793e+06 -273784 -2.01774e+06 -46544 
1.5066e+07 -1.99479e+06 9.37352e+06 -256060 -2.05785e+06 -35230 
1.49246e+07 -2.04944e+06 9.36696e+06 -273635 -2.01874e+06 -46977 
1.50884e+07 -2.09299e+06 9.49073e+06 -261788 -2.05378e+06 -35713 
1.49244e+07 -2.01655e+06 9.2587e+06 -269546 -2.01243e+06 -50210 
1.49842e+07 -2.04798e+06 9.38664e+06 -266157 -2.05087e+06 -36223 
1.49276e+07 -2.10899e+06 9.439e+06 -268127 -2.01662e+06 -44931 
1.50157e+07 -2.02086e+06 9.37386e+06 -264941 -2.05658e+06 -37061 
1.49166e+07 -1.99408e+06 9.33902e+06 -262158 -2.01382e+06 -47212 
1.49948e+07 -2.01991e+06 9.4326e+06 -270191 -2.04441e+06 -39335 
1.49504e+07 -2.09257e+06 9.30973e+06 -267855 -2.01924e+06 -45406 
1.50422e+07 -2.04093e+06 9.49028e+06 -275259 -2.04811e+06 -36944 
1.49702e+07 -2.09324e+06 9.49371e+06 -260089 -2.02404e+06 -42187 
1.50126e+07 -2.03077e+06 9.41063e+06 -275166 -2.04508e+06 -39520 
1.49604e+07 -2.06151e+06 9.38171e+06 -260190 -2.03028e+06 -42148 
1.49771e+07 -1.95887e+06 9.27324e+06 -271590 -2.03534e+06 -42857 
1.5024e+07 -2.06285e+06 9.42866e+06 -264418 -2.03231e+06 -42457 
1.49849e+07 -1.95397e+06 9.39281e+06 -276649 -2.03556e+06 -43869 
1.50374e+07 -2.0292e+06 9.41683e+06 -254693 -2.04668e+06 -37902 
1.49256e+07 -2.01743e+06 9.37402e+06 -277048 -2.02885e+06 -44542 
1.49965e+07 -2.04131e+06 9.3872e+06 -259743 -2.0433e+06 -40747 
1.49902e+07 -1.93488e+06 9.36166e+06 -272071 -2.02414e+06 -47118 
1.50278e+07 -1.97048e+06 9.35352e+06 -259858 -2.05044e+06 -37281 
1.49513e+07 -1.98162e+06 9.42923e+06 -278246 -2.02696e+06 -44731 
1.49555e+07 -2.10013e+06 9.49124e+06 -261457 -2.04536e+06 -35969 
1.49804e+07 -2.03996e+06 9.30868e+06 -278947 -2.02221e+06 -48373 
1.50044e+07 -2.03465e+06 9.45768e+06 -266328 -2.04704e+06 -37503 
1.49724e+07 -1.97134e+06 9.30067e+06 -273276 -2.01796e+06 -47819 
1.506e+07 -1.99238e+06 9.5036e+06 -261397 -2.05423e+06 -33985 
1.49739e+07 -1.99244e+06 9.33096e+06 -270903 -2.02606e+06 -44969 
1.50224e+07 -2.1359e+06 9.42505e+06 -267137 -2.05394e+06 -35297 
1.4892e+07 -2.03832e+06 9.31619e+06 -275560 -2.00974e+06 -48269 
1.49579e+07 -2.01782e+06 9.32557e+06 -271967 -2.045e+06 -38073 
1.498e+07 -2.09678e+06 9.36598e+06 -274333 -2.01713e+06 -46187 
1.50107e+07 -1.9918e+06 9.41242e+06 -267000 -2.05284e+06 -35733 
1.4929e+07 -2.04901e+06 9.3765e+06 -262632 -2.01883e+06 -45351 
1.49556e+07 -2.02075e+06 9.42034e+06 -270367 -2.03941e+06 -38753 
1.48999e+07 -2.05596e+06 9.36636e+06 -262731 -2.01136e+06 -45309 
1.4976e+07 -1.96392e+06 9.38863e+06 -273268 -2.04054e+06 -38028 
1.50161e+07 -2.0813e+06 9.50431e+06 -261734 -2.02762e+06 -41979 
1.49957e+07 -2.03969e+06 9.38184e+06 -270662 -2.04296e+06 -39142 
1.50095e+07 -2.1216e+06 9.46566e+06 -256182 -2.03522e+06 -39512 
1.50116e+07 -1.89456e+06 9.29799e+06 -270713 -2.03445e+06 -41830 
1.50624e+07 -2.14271e+06 9.43272e+06 -264508 -2.04056e+06 -42340 
1.49541e+07 -2.05827e+06 9.41486e+06 -279272 -2.02836e+06 -43406 
1.50697e+07 -2.07458e+06 9.44852e+06 -256974 -2.04753e+06 -36069 
1.49858e+07 -1.99631e+06 9.28332e+06 -271251 -2.02966e+06 -43300 
1.50515e+07 -2.16049e+06 9.4532e+06 -260662 -2.04592e+06 -38162 
1.49642e+07 -1.92627e+06 9.28071e+06 -268416 -2.01889e+06 -46644 
1.50476e+07 -2.11297e+06 9.49307e+06 -258559 -2.04744e+06 -34995 
1.49805e+07 -1.98364e+06 9.31974e+06 -269506 -2.02248e+06 -44501 
1.50728e+07 -2.10508e+06 9.52442e+06 -261849 -2.05729e+06 -32707 
1.49404e+07 -2.03144e+06 9.31455e+06 -270123 -2.0163e+06 -45697 
1.5013e+07 -2.10336e+06 9.47025e+06 -268677 -2.04607e+06 -33787 
1.50202e+07 -2.04277e+06 9.39185e+06 -270047 -2.01864e+06 -46422 
1.50519e+07 -2.07528e+06 9.59388e+06 -269593 -2.05457e+06 -32399 
1.49554e+07 -2.11315e+06 9.36422e+06 -275310 -2.01618e+06 -43312 
1.49828e+07 -2.03697e+06 9.38764e+06 -258995 -2.05296e+06 -35084 
1.49535e+07 -2.06862e+06 9.3349e+06 -264823 -2.01874e+06 -46305 
1.50514e+07 -2.00399e+06 9.37927e+06 -274587 -2.04891e+06 -37260 
1.50447e+07 -2.07266e+06 9.29702e+06 -262597 -2.02456e+06 -42152 
1.49403e+07 -2.02981e+06 9.44791e+06 -276107 -2.04346e+06 -34670 
1.49491e+07 -2.11912e+06 9.40565e+06 -266075 -2.02082e+06 -42026 
1.50374e+07 -1.97209e+06 9.32579e+06 -272424 -2.04304e+06 -37636 
1.50592e+07 -2.15818e+06 9.42454e+06 -263773 -2.03198e+06 -42860 
1.50013e+07 -1.90333e+06 9.3125e+06 -271625 -2.03793e+06 -37818 
1.50695e+07 -2.12023e+06 9.50669e+06 -263278 -2.0338e+06 -38652 
1.49475e+07 -2.11995e+06 9.56942e+06 -284245 -2.03868e+06 -38478 
1.50008e+07 -2.03488e+06 9.4191e+06 -255839 -2.037e+06 -39359 
1.4905e+07 -1.96437e+06 9.4343e+06 -270758 -2.023e+06 -42319 
1.50022e+07 -2.0231e+06 9.47712e+06 -255856 -2.03378e+06 -37697 
1.50258e+07 -1.97525e+06 9.39176e+06 -273763 -2.02819e+06 -43659 
1.49811e+07 -2.0248e+06 9.34687e+06 -256098 -2.04668e+06 -35576 
1.49863e+07 -1.96258e+06 9.39831e+06 -274648 -2.03116e+06 -44119 
1.49594e+07 -2.07414e+06 9.4563e+06 -263882 -2.05107e+06 -36251 
1.5001e+07 -2.03487e+06 9.32665e+06 -275860 -2.01997e+06 -45808 
1.50109e+07 -1.99568e+06 9.41289e+06 -261977 -2.04654e+06 -36033 
1.49855e+07 -1.96156e+06 9.38861e+06 -270668 -2.01908e+06 -44690 
1.49957e+07 -2.02265e+06 9.48482e+06 -262866 -2.0587e+06 -34125 
1.49541e+07 -2.00971e+06 9.39766e+06 -270258 -2.01951e+06 -45790 
1.50688e+07 -1.94886e+06 9.36264e+06 -260217 -2.054e+06 -33949 
1.49606e+07 -2.09239e+06 9.47334e+06 -274642 -2.01278e+06 -45334 
1.50058e+07 -2.04548e+06 9.43633e+06 -271049 -2.05325e+06 -35070 
1.4941e+07 -2.0723e+06 9.32926e+06 -265619 -2.02284e+06 -43165 
1.49703e+07 -1.98127e+06 9.42327e+06 -267433 -2.04121e+06 -35910 
1.49748e+07 -2.0441e+06 9.31161e+06 -261657 -2.02419e+06 -44982 
1.50195e+07 -2.00893e+06 9.46039e+06 -274597 -2.04668e+06 -38146 
1.50373e+07 -2.03198e+06 9.45346e+06 -261275 -2.0282e+06 -38935 
1.49724e+07 -2.02164e+06 9.38056e+06 -276865 -2.04459e+06 -36428 
1.49976e+07 -2.18577e+06 9.48405e+06 -271383 -2.03223e+06 -38415 
1.50055e+07 -1.97161e+06 9.35429e+06 -275029 -2.04594e+06 -37610 
1.4985e+07 -2.11102e+06 9.40679e+06 -267649 -2.0309e+06 -42219 
1.4974e+07 -2.03516e+06 9.4218e+06 -276178 -2.03511e+06 -39659 
1.50599e+07 -2.00632e+06 9.35113e+06 -257834 -2.03799e+06 -36190 
1.50003e+07 -1.95768e+06 9.38062e+06 -278422 -2.03649e+06 -41474 
1.50042e+07 -2.06476e+06 9.38106e+06 -254918 -2.03425e+06 -36684 
1.49827e+07 -2.00102e+06 9.37774e+06 -279982 -2.02646e+06 -42238 
1.51023e+07 -2.03555e+06 9.44345e+06 -264419 -2.0368e+06 -35810 
1.50282e+07 -2.01844e+06 9.33731e+06 -269978 -2.02385e+06 -42516 
1.49803e+07 -2.072e+06 9.45753e+06 -257177 -2.039e+06 -31344 
1.50309e+07 -2.01373e+06 9.3111e+06 -275480 -2.01934e+06 -44270 
1.49865e+07 -2.07994e+06 9.36097e+06 -257743 -2.03575e+06 -33022 
1.49787e+07 -2.03037e+06 9.43429e+06 -272022 -2.00671e+06 -44528 
1.50105e+07 -2.07406e+06 9.4793e+06 -262887 -2.035e+06 -31801 
1.49743e+07 -2.00574e+06 9.34465e+06 -257016 -2.01254e+06 -40334 
1.50882e+07 -2.0555e+06 9.42457e+06 -255681 -2.04734e+06 -32865 
1.49742e+07 -2.12048e+06 9.32364e+06 -259267 -2.00464e+06 -44804 
1.50879e+07 -2.1181e+06 9.49779e+06 -259225 -2.03756e+06 -34982 
1.50234e+07 -2.1043e+06 9.38441e+06 -248415 -1.99999e+06 -42773 
1.50978e+07 -2.06539e+06 9.50641e+06 -250975 -2.03555e+06 -32874 
1.50621e+07 -2.15927e+06 9.44197e+06 -242747 -2.00478e+06 -38294 
1.50813e+07 -2.21615e+06 9.3981e+06 -258459 -2.02386e+06 -35119 
1.50246e+07 -2.27108e+06 9.39888e+06 -234108 -1.99887e+06 -40992 
1.50723e+07 -2.20957e+06 9.53936e+06 -235539 -2.01886e+06 -34583 
1.50761e+07 -2.30258e+06 9.4012e+06 -210863 -2.01045e+06 -39036 
1.50729e+07 -2.29986e+06 9.39248e+06 -209385 -2.02676e+06 -35219 
1.50535e+07 -2.52273e+06 9.49377e+06 -188106 -2.01465e+06 -37245 
1.50088e+07 -2.47092e+06 9.40571e+06 -186509 -2.02074e+06 -39036 
1.51361e+07 -2.68688e+06 9.58969e+06 -156259 -2.01697e+06 -39121 
1.50343e+07 -2.61597e+06 9.52572e+06 -156755 -2.0135e+06 -39071 
1.51695e+07 -2.83757e+06 9.48423e+06 -124747 -2.03218e+06 -37021 
1.50218e+07 -2.78645e+06 9.51755e+06 -117618 -2.01815e+06 -39875 
1.50811e+07 -3.0657e+06 9.61681e+06 -90494 -2.02212e+06 -35928 
1.49984e+07 -3.10345e+06 9.5349e+06 -91544 -2.00243e+06 -41593 
1.52171e+07 -3.17688e+06 9.61571e+06 -44027 -2.02376e+06 -35975 
1.51248e+07 -3.32352e+06 9.59312e+06 -47054 -2.01031e+06 -42655 
1.52427e+07 -3.45127e+06 9.97471e+06 -11920 -2.03049e+06 -33514 
1.52125e+07 -3.49378e+06 9.85463e+06 -16078 -1.98006e+06 -42830 
1.52801e+07 -3.66799e+06 1.00347e+07 18542 -2.01232e+06 -35613 
1.53561e+07 -3.58356e+06 1.0163e+07 30081 -1.9747e+06 -44464 
1.53943e+07 -3.81469e+06 1.0327e+07 56192 -2.00238e+06 -33028 
1.53493e+07 -3.94976e+06 1.03515e+07 62901 -1.95795e+06 -42335 
1.53633e+07 -4.04174e+06 1.04657e+07 85735 -1.99573e+06 -32113 
1.53921e+07 -4.10291e+06 1.04641e+07 107306 -1.96509e+06 -45642 
1.55163e+07 -4.24891e+06 1.06577e+07 122474 -1.9933e+06 -36185 
1.53679e+07 -4.28172e+06 1.0704e+07 144941 -1.93537e+06 -46220 
1.5503e+07 -4.45706e+06 1.08412e+07 158857 -1.98888e+06 -36423 
1.55087e+07 -4.59817e+06 1.09195e+07 184722 -1.95693e+06 -43683 
1.56845e+07 -4.66664e+06 1.10461e+07 200751 -1.97543e+06 -36462 
1.54269e+07 -4.81718e+06 1.11035e+07 213035 -1.95974e+06 -45859 
1.54735e+07 -4.85815e+06 1.12765e+07 238117 -1.9575e+06 -39844 
1.5569e+07 -5.03814e+06 1.13033e+07 265144 -1.95826e+06 -42483 
1.55744e+07 -5.0376e+06 1.12177e+07 273625 -1.99989e+06 -46630 
1.54891e+07 -5.28092e+06 1.1483e+07 301623 -1.93859e+06 -43949 
1.55169e+07 -5.3164e+06 1.15725e+07 315501 -1.9836e+06 -47293 
1.54255e+07 -5.41264e+06 1.15934e+07 342867 -1.97279e+06 -46481 
1.55085e+07 -5.45833e+06 1.17308e+07 342875 -1.96908e+06 -47591 
1.53109e+07 -5.52528e+06 1.16748e+07 367266 -1.97603e+06 -47781 
1.54771e+07 -5.41335e+06 1.17463e+07 357001 -1.98763e+06 -44898 
1.53574e+07 -5.5071e+06 1.18115e+07 357917 -1.97714e+06 -44571 
1.55003e+07 -5.3208e+06 1.16142e+07 323703 -1.98007e+06 -55513 
1.54754e+07 -5.31203e+06 1.1682e+07 307531 -1.98925e+06 -45932 
1.54622e+07 -5.31617e+06 1.18e+07 306089 -1.97831e+06 -48360 
1.54616e+07 -5.23366e+06 1.14453e+07 292368 -2.01278e+06 -44999 
1.55457e+07 -5.13195e+06 1.13963e+07 265645 -1.99105e+06 -53367 
1.54009e+07 -4.95634e+06 1.12403e+07 221463 -1.99116e+06 -50491 
1.55808e+07 -4.75003e+06 1.11551e+07 210861 -1.97515e+06 -56044 
1.55959e+07 -4.77639e+06 1.12638e+07 206139 -2.01097e+06 -43372 
1.54102e+07 -4.71655e+06 1.11491e+07 193239 -1.97679e+06 -55432 
1.55349e+07 -4.58701e+06 1.10264e+07 177116 -2.01458e+06 -44088 
1.54293e+07 -4.43657e+06 1.08782e+07 139965 -1.97988e+06 -56740 
1.55666e+07 -4.29463e+06 1.07962e+07 133743 -2.02168e+06 -44383 
1.5293e+07 -4.39499e+06 1.0837e+07 125937 -1.97642e+06 -58611 
1.54611e+07 -4.28934e+06 1.0772e+07 125306 -2.0296e+06 -47325 
1.55556e+07 -4.37312e+06 1.08146e+07 108029 -1.99616e+06 -57132 
1.55025e+07 -4.40343e+06 1.08896e+07 134991 -2.0328e+06 -49733 
1.52422e+07 -4.39759e+06 1.07776e+07 136083 -1.98929e+06 -59824 
1.54514e+07 -4.31233e+06 1.09097e+07 139363 -2.01947e+06 -49552 
1.54476e+07 -4.31038e+06 1.07479e+07 144347 -2.00469e+06 -57562 
1.55266e+07 -4.20843e+06 1.07605e+07 101848 -2.0262e+06 -49265 
1.54497e+07 -4.42538e+06 1.07135e+07 138101 -2.01825e+06 -54537 
1.53403e+07 -4.28035e+06 1.08126e+07 125276 -2.02003e+06 -57762 
1.53486e+07 -4.41481e+06 1.07594e+07 138533 -2.00197e+06 -55846 
1.541e+07 -4.33452e+06 1.07831e+07 143322 -2.01816e+06 -55912 
1.54049e+07 -4.47265e+06 1.09111e+07 143262 -2.02017e+06 -54635 
1.53105e+07 -4.39428e+06 1.07975e+07 134842 -2.00941e+06 -59953 
1.54934e+07 -4.46537e+06 1.09004e+07 152839 -2.03992e+06 -52744 
1.5323e+07 -4.47186e+06 1.09395e+07 134654 -1.99597e+06 -62449 
1.54803e+07 -4.552e+06 1.09517e+07 157203 -2.03478e+06 -52771 
1.54646e+07 -4.40681e+06 1.08721e+07 133602 -2.00784e+06 -59208 
1.53151e+07 -4.43201e+06 1.09758e+07 125825 -2.03569e+06 -54058 
1.54955e+07 -4.53858e+06 1.10444e+07 153895 -2.01625e+06 -63654 
1.55183e+07 -4.44705e+06 1.09012e+07 150221 -2.03018e+06 -57314 
1.54588e+07 -4.32011e+06 1.08552e+07 119067 -2.01121e+06 -62965 
1.56523e+07 -4.45497e+06 1.0957e+07 123296 -2.04896e+06 -47335 
1.54959e+07 -4.32062e+06 1.07707e+07 121648 -2.01121e+06 -61739 
1.53876e+07 -4.21689e+06 1.07113e+07 120072 -2.05099e+06 -53324 
1.54699e+07 -4.21036e+06 1.06881e+07 96329 -2.01955e+06 -63748 
1.53725e+07 -4.17126e+06 1.08309e+07 89868 -2.0421e+06 -53833 
1.53825e+07 -4.15199e+06 1.06562e+07 84141 -2.02654e+06 -62008 
1.53293e+07 -4.12582e+06 1.07028e+07 81354 -2.04408e+06 -55176 
1.54245e+07 -4.19154e+06 1.06216e+07 95784 -2.03573e+06 -62608 
1.55255e+07 -4.12443e+06 1.0626e+07 93039 -2.0532e+06 -58937 
1.52167e+07 -4.22504e+06 1.06499e+07 93835 -2.01048e+06 -62100 
1.54581e+07 -4.27088e+06 1.07884e+07 77913 -2.05257e+06 -55342 
1.53473e+07 -4.32747e+06 1.06144e+07 105925 -2.03592e+06 -58241 
1.52916e+07 -4.33863e+06 1.07612e+07 103237 -2.03162e+06 -62175 
1.54861e+07 -4.35565e+06 1.08395e+07 133515 -2.0342e+06 -61654 
1.53438e+07 -4.20613e+06 1.06844e+07 87464 -2.02092e+06 -60508 
1.53556e+07 -4.3166e+06 1.07706e+07 120190 -2.03306e+06 -58553 
1.54797e+07 -4.2631e+06 1.06453e+07 103052 -2.03404e+06 -61101 
1.54587e+07 -4.3507e+06 1.07845e+07 100048 -2.04474e+06 -57647 
1.541e+07 -4.26065e+06 1.06739e+07 98478 -2.02646e+06 -68166 
1.55899e+07 -4.38874e+06 1.08473e+07 108135 -2.06526e+06 -58709 
1.5441e+07 -4.23244e+06 1.06752e+07 94991 -2.00675e+06 -66919 
1.54276e+07 -4.31057e+06 1.09146e+07 109426 -2.06317e+06 -57004 
1.55558e+07 -4.30976e+06 1.07335e+07 85429 -2.03426e+06 -67112 
1.5306e+07 -4.18156e+06 1.06476e+07 86744 -2.04759e+06 -57072 
1.53885e+07 -4.19607e+06 1.05246e+07 79380 -2.01384e+06 -67930 
1.55273e+07 -4.04956e+06 1.05333e+07 56790 -2.05502e+06 -54355 
1.53725e+07 -4.08435e+06 1.05419e+07 57986 -2.02246e+06 -65791 
1.55476e+07 -3.97408e+06 1.05981e+07 45732 -2.07671e+06 -55036 
1.54234e+07 -3.89643e+06 1.03908e+07 32317 -2.02496e+06 -64831 
1.52901e+07 -3.81032e+06 1.04255e+07 26859 -2.0589e+06 -59354 
1.54985e+07 -3.79987e+06 1.03475e+07 19523 -2.02642e+06 -64745 
1.53752e+07 -3.58914e+06 1.02733e+07 -24939 -2.05157e+06 -56537 
1.53407e+07 -3.48235e+06 1.01777e+07 -26606 -2.0367e+06 -62104 
1.53386e+07 -3.44544e+06 1.01116e+07 -47797 -2.06107e+06 -56644 
1.51991e+07 -3.49666e+06 1.01928e+07 -51027 -2.0333e+06 -66370 
1.53799e+07 -3.3242e+06 1.0164e+07 -63779 -2.04847e+06 -62764 
1.55175e+07 -3.31978e+06 1.01915e+07 -68498 -2.04883e+06 -61226 
1.53923e+07 -3.22014e+06 1.01803e+07 -91499 -2.05043e+06 -60762 
1.54108e+07 -3.33727e+06 1.01185e+07 -74329 -2.05454e+06 -57566 
1.53226e+07 -3.10848e+06 9.97275e+06 -113986 -2.03467e+06 -63747 
1.50357e+07 -2.11979e+06 9.45899e+06 -268890 -2.04502e+06 -41644 
1.48993e+07 -1.99483e+06 9.29543e+06 -280918 -2.02189e+06 -47310 
1.50754e+07 -2.0732e+06 9.42731e+06 -264628 -2.04384e+06 -39779 
1.50958e+07 -2.2924e+06 9.43942e+06 -288829 -2.03212e+06 -45541 
1.49971e+07 -1.90374e+06 9.50791e+06 -263881 -2.05089e+06 -38108 
1.49112e+07 -2.06253e+06 9.35263e+06 -279774 -2.02481e+06 -49353 
1.50639e+07 -2.04329e+06 9.44474e+06 -264597 -2.0462e+06 -37867 
1.50075e+07 -1.93608e+06 9.36547e+06 -275750 -2.01593e+06 -48253 
1.50687e+07 -2.10751e+06 9.51243e+06 -268918 -2.05983e+06 -35566 
1.49931e+07 -2.07775e+06 9.38212e+06 -278695 -2.02136e+06 -46437 
1.5016e+07 -2.06789e+06 9.36641e+06 -270652 -2.05481e+06 -37511 
1.49553e+07 -2.06838e+06 9.35432e+06 -269385 -2.01328e+06 -47568 
1.4994e+07 -2.03935e+06 9.521e+06 -268288 -2.04545e+06 -37971 
1.49504e+07 -2.06071e+06 9.36085e+06 -271009 -2.01225e+06 -47062 
1.50385e+07 -2.05821e+06 9.50005e+06 -274580 -2.05522e+06 -35041 
1.50046e+07 -2.04263e+06 9.39317e+06 -265500 -2.02456e+06 -44928 
1.5041e+07 -2.05242e+06 9.41211e+06 -275860 -2.05615e+06 -38898 
1.48535e+07 -2.06912e+06 9.39312e+06 -261276 -2.00599e+06 -45273 
1.50005e+07 -1.98266e+06 9.38181e+06 -268778 -2.0396e+06 -38808 
1.49626e+07 -2.0874e+06 9.38307e+06 -265291 -2.02151e+06 -43665 
1.49986e+07 -2.11238e+06 9.36236e+06 -282058 -2.04738e+06 -37643 
1.49616e+07 -2.10044e+06 9.38487e+06 -257831 -2.02698e+06 -42345 
1.49171e+07 -2.02368e+06 9.38179e+06 -279111 -2.03284e+06 -42066 
1.49694e+07 -2.13905e+06 9.37568e+06 -264166 -2.02584e+06 -42870 
1.49915e+07 -1.98171e+06 9.34146e+06 -273342 -2.03186e+06 -42009 
1.49178e+07 -2.11884e+06 9.41938e+06 -261396 -2.03917e+06 -39150 
1.5036e+07 -2.01467e+06 9.39408e+06 -276846 -2.03988e+06 -42844 
1.49858e+07 -2.12093e+06 9.46943e+06 -259280 -2.03737e+06 -39897 
1.49236e+07 -2.01796e+06 9.41672e+06 -283360 -2.02287e+06 -46894 
1.49784e+07 -1.99311e+06 9.34018e+06 -256971 -2.03431e+06 -39423 
1.50441e+07 -1.9858e+06 9.47077e+06 -276765 -2.03254e+06 -43713 
1.5034e+07 -2.0695e+06 9.446e+06 -264221 -2.05563e+06 -36119 
1.49526e+07 -2.0432e+06 9.32998e+06 -278271 -2.01745e+06 -44900 
1.49905e+07 -2.05431e+06 9.38234e+06 -260053 -2.04401e+06 -39461 
1.4953e+07 -1.95825e+06 9.36734e+06 -276942 -2.01691e+06 -48072 
1.50407e+07 -2.14325e+06 9.53607e+06 -269709 -2.04975e+06 -33318 
1.49608e+07 -2.09216e+06 9.27648e+06 -277334 -2.0207e+06 -46669 
1.50041e+07 -2.08159e+06 9.43381e+06 -270853 -2.05349e+06 -37410 
1.49554e+07 -2.08976e+06 9.34847e+06 -279757 -2.01914e+06 -49052 
1.50221e+07 -2.08844e+06 9.48782e+06 -273198 -2.05226e+06 -35918 
1.49568e+07 -1.9516e+06 9.4145e+06 -275853 -2.01457e+06 -47615 
1.51012e+07 -2.1151e+06 9.55291e+06 -273379 -2.06199e+06 -35057 
1.50208e+07 -2.04153e+06 9.35592e+06 -274214 -2.02699e+06 -46360 
1.50092e+07 -2.06113e+06 9.45128e+06 -269909 -2.05642e+06 -37250 
1.49314e+07 -2.0733e+06 9.37368e+06 -274838 -2.01152e+06 -46600 
1.4995e+07 -1.99313e+06 9.46663e+06 -272777 -2.04668e+06 -36354 
1.4984e+07 -2.02672e+06 9.35061e+06 -269803 -2.02149e+06 -46489 
1.50053e+07 -2.00992e+06 9.42207e+06 -264525 -2.05404e+06 -35959 
1.50258e+07 -2.0525e+06 9.31136e+06 -267480 -2.02402e+06 -43800 
1.49266e+07 -1.98772e+06 9.41941e+06 -272506 -2.03902e+06 -37204 
1.49104e+07 -2.05546e+06 9.39842e+06 -266474 -2.00471e+06 -44477 
1.50402e+07 -1.98036e+06 9.39842e+06 -270966 -2.05034e+06 -37023 
1.49009e+07 -2.04e+06 9.3078e+06 -265877 -2.01348e+06 -43113 
1.49589e+07 -2.04448e+06 9.42846e+06 -275818 -2.04514e+06 -38992 
1.49916e+07 -2.02167e+06 9.34318e+06 -258815 -2.02127e+06 -43368 
1.50289e+07 -2.0627e+06 9.40295e+06 -278257 -2.05247e+06 -39145 
1.50228e+07 -2.12983e+06 9.42081e+06 -261671 -2.02557e+06 -41237 
1.5065e+07 -1.95256e+06 9.35786e+06 -274703 -2.04404e+06 -37859 
1.49327e+07 -2.03305e+06 9.40657e+06 -253309 -2.04313e+06 -40580 
1.49621e+07 -2.02943e+06 9.37566e+06 -274539 -2.03499e+06 -40384 
1.49803e+07 -2.1003e+06 9.35417e+06 -263147 -2.02741e+06 -41112 
1.49466e+07 -1.96653e+06 9.3432e+06 -272990 -2.02656e+06 -41925 
1.50123e+07 -2.06143e+06 9.56424e+06 -255795 -2.03917e+06 -36927 
1.4987e+07 -1.99713e+06 9.32923e+06 -274255 -2.03055e+06 -41482 
1.50377e+07 -2.1415e+06 9.4436e+06 -264606 -2.04611e+06 -37058 
1.49879e+07 -2.03004e+06 9.40007e+06 -277641 -2.01972e+06 -44516 
1.49792e+07 -2.04382e+06 9.44853e+06 -257327 -2.03968e+06 -36919 
1.50418e+07 -2.03422e+06 9.41698e+06 -281044 -2.02447e+06 -43926 
1.50406e+07 -2.10964e+06 9.44539e+06 -265868 -2.05083e+06 -35671 
1.4921e+07 -1.96391e+06 9.36388e+06 -271837 -2.0205e+06 -44073 
1.50437e+07 -2.07486e+06 9.37456e+06 -267146 -2.05134e+06 -38713 
1.4964e+07 -2.00788e+06 9.34437e+06 -274517 -2.01298e+06 -47384 
1.49766e+07 -1.95645e+06 9.32271e+06 -257916 -2.04397e+06 -34649 
1.48991e+07 -2.01089e+06 9.34572e+06 -269749 -2.00844e+06 -44915 
1.50308e+07 -2.17166e+06 9.51799e+06 -273557 -2.0566e+06 -31921 
1.49879e+07 -2.05052e+06 9.33484e+06 -270339 -2.02234e+06 -45782 
1.50212e+07 -2.0814e+06 9.44186e+06 -268925 -2.04685e+06 -35324 
1.49321e+07 -2.09792e+06 9.39863e+06 -265769 -2.00917e+06 -44030 
1.50305e+07 -2.03778e+06 9.38777e+06 -274671 -2.04905e+06 -36350 
1.50185e+07 -2.08993e+06 9.39731e+06 -265449 -2.02347e+06 -41833 
1.50066e+07 -2.0002e+06 9.38212e+06 -264718 -2.04518e+06 -37014 
1.5004e+07 -2.17557e+06 9.44392e+06 -265673 -2.02827e+06 -43787 
1.50084e+07 -1.97713e+06 9.31598e+06 -274712 -2.03452e+06 -39792 
1.49835e+07 -2.01178e+06 9.40083e+06 -253711 -2.0267e+06 -40836 
1.49923e+07 -1.96679e+06 9.41069e+06 -272907 -2.02984e+06 -39344 
1.49756e+07 -2.09632e+06 9.43387e+06 -259352 -2.04342e+06 -35868 
1.49292e+07 -1.98908e+06 9.25063e+06 -276293 -2.02367e+06 -42096 
1.50046e+07 -2.06396e+06 9.46966e+06 -256723 -2.03776e+06 -40498 
1.4946e+07 -2.00225e+06 9.4007e+06 -272589 -2.0213e+06 -40921 
1.50573e+07 -2.12974e+06 9.49482e+06 -264051 -2.0469e+06 -37787 
1.49852e+07 -2.00175e+06 9.4095e+06 -276260 -2.02903e+06 -42989 
1.50649e+07 -2.13409e+06 9.52418e+06 -257586 -2.04908e+06 -35287 
1.48691e+07 -1.95596e+06 9.21366e+06 -267176 -2.01179e+06 -44668 
1.50056e+07 -2.08737e+06 9.39389e+06 -266577 -2.04784e+06 -36043 
1.49458e+07 -2.00105e+06 9.3643e+06 -274167 -2.01284e+06 -45558 
1.50097e+07 -2.03312e+06 9.42605e+06 -263244 -2.04748e+06 -33869 
1.49602e+07 -2.05311e+06 9.40645e+06 -275421 -2.0222e+06 -45311 
1.49653e+07 -2.09644e+06 9.40421e+06 -270241 -2.04762e+06 -34867 
1.49593e+07 -2.11349e+06 9.38481e+06 -275661 -2.01184e+06 -45421 
1.49588e+07 -2.01518e+06 9.38132e+06 -269336 -2.04501e+06 -35009 
1.49754e+07 -2.00668e+06 9.39257e+06 -270985 -2.01797e+06 -43036 
1.50226e+07 -2.03864e+06 9.4284e+06 -271221 -2.05165e+06 -33672 
1.49895e+07 -2.09367e+06 9.43602e+06 -269624 -2.03044e+06 -43699 
1.49842e+07 -2.0719e+06 9.52719e+06 -278469 -2.04435e+06 -35581 
1.49646e+07 -2.08098e+06 9.38275e+06 -267073 -2.02173e+06 -41976 
1.49771e+07 -2.02204e+06 9.4151e+06 -282127 -2.03884e+06 -38666 
1.49655e+07 -2.04835e+06 9.33863e+06 -262649 -2.0276e+06 -40315 
1.49947e+07 -2.0122e+06 9.44072e+06 -279042 -2.04111e+06 -36570 
1.50034e+07 -2.136e+06 9.41874e+06 -265409 -2.0342e+06 -39170 
1.49633e+07 -1.98885e+06 9.31778e+06 -273062 -2.02741e+06 -42908 
1.50575e+07 -2.02127e+06 9.49921e+06 -255004 -2.03769e+06 -37083 
1.50334e+07 -2.0179e+06 9.38128e+06 -283266 -2.02799e+06 -44201 
1.49428e+07 -2.1395e+06 9.37842e+06 -260262 -2.04716e+06 -34723 
1.49807e+07 -2.04677e+06 9.38171e+06 -274394 -2.02042e+06 -41852 
1.506e+07 -2.0603e+06 9.40442e+06 -262037 -2.05156e+06 -35006 
1.49432e+07 -1.94843e+06 9.26213e+06 -266685 -2.00269e+06 -43984 
1.50122e+07 -2.01813e+06 9.34505e+06 -259221 -2.04e+06 -33896 
1.49305e+07 -2.01364e+06 9.38395e+06 -270494 -2.00786e+06 -42784 
1.50106e+07 -2.01079e+06 9.35291e+06 -255442 -2.04683e+06 -31919 
1.49991e+07 -2.08305e+06 9.37036e+06 -268414 -2.01232e+06 -44298 
1.50637e+07 -2.04756e+06 9.40687e+06 -261521 -2.04571e+06 -34126 
1.50361e+07 -2.03453e+06 9.3766e+06 -256109 -2.00453e+06 -42932 
1.51086e+07 -2.09717e+06 9.3313e+06 -262545 -2.03894e+06 -34814 
1.5053e+07 -2.15857e+06 9.43893e+06 -259873 -2.0116e+06 -41644 
1.49983e+07 -2.08241e+06 9.464e+06 -252932 -2.0363e+06 -35429 
1.50174e+07 -2.1741e+06 9.36904e+06 -245374 -2.01326e+06 -40945 
1.50506e+07 -2.18931e+06 9.40769e+06 -252585 -2.0313e+06 -35418 
1.50572e+07 -2.27678e+06 9.50011e+06 -233223 -2.01166e+06 -38578 
1.49492e+07 -2.2093e+06 9.40095e+06 -230766 -2.02106e+06 -35972 
1.5021e+07 -2.33664e+06 9.53046e+06 -214877 -2.02046e+06 -38762 
1.50425e+07 -2.36242e+06 9.37777e+06 -218455 -2.02742e+06 -34729 
1.49959e+07 -2.47976e+06 9.44716e+06 -190202 -2.01386e+06 -36823 
1.49372e+07 -2.36002e+06 9.3372e+06 -198382 -2.00847e+06 -39936 
1.51491e+07 -2.58326e+06 9.575e+06 -164683 -2.02615e+06 -33413 
1.51099e+07 -2.58164e+06 9.47139e+06 -169239 -2.021e+06 -41355 
1.51198e+07 -2.80098e+06 9.55018e+06 -141906 -2.03252e+06 -35544 
1.50649e+07 -2.69718e+06 9.41506e+06 -139046 -2.00444e+06 -41577 
1.50953e+07 -2.90502e+06 9.5834e+06 -111909 -2.01965e+06 -34844 
1.51418e+07 -2.92206e+06 9.59477e+06 -116172 -2.00306e+06 -43921 
1.52135e+07 -3.09721e+06 9.65703e+06 -81962 -2.03431e+06 -33529 
1.50589e+07 -3.11083e+06 9.53766e+06 -67851 -2.00275e+06 -41490 
1.5082e+07 -3.2405e+06 9.61182e+06 -42431 -2.0316e+06 -32552 
1.51365e+07 -3.28333e+06 9.8303e+06 -35515 -1.98263e+06 -45616 
1.52088e+07 -3.35593e+06 9.91071e+06 -8590 -2.00778e+06 -33854 
1.51436e+07 -3.46841e+06 9.92923e+06 3026 -1.97793e+06 -43578 
1.53292e+07 -3.66744e+06 1.03062e+07 24725 -2.02167e+06 -31506 
1.51549e+07 -3.69812e+06 1.01192e+07 44508 -1.96775e+06 -42669 
1.53193e+07 -3.84852e+06 1.03834e+07 61965 -2.00222e+06 -33231 
1.53485e+07 -3.92033e+06 1.02693e+07 88741 -1.97248e+06 -44285 
1.53792e+07 -4.00621e+06 1.03959e+07 107589 -2.00743e+06 -34803 
1.53528e+07 -4.1602e+06 1.05026e+07 126996 -1.9655e+06 -43718 
1.52539e+07 -4.2652e+06 1.06515e+07 136622 -1.99339e+06 -33918 
1.53334e+07 -4.38733e+06 1.05558e+07 154162 -1.97965e+06 -45390 
1.54348e+07 -4.29177e+06 1.06029e+07 166835 -1.99307e+06 -39316 
1.53524e+07 -4.51727e+06 1.09531e+07 181107 -1.9609e+06 -43092 
1.54759e+07 -4.36084e+06 1.0832e+07 185113 -1.98934e+06 -43467 
1.53823e+07 -4.53088e+06 1.08575e+07 180785 -1.97958e+06 -37655 
1.53056e+07 -4.33576e+06 1.07788e+07 153437 -1.97768e+06 -42439 
1.54205e+07 -4.34242e+06 1.07194e+07 150299 -2.00339e+06 -43003 
1.53379e+07 -4.2387e+06 1.09172e+07 138431 -1.95902e+06 -44335 
1.53967e+07 -4.30772e+06 1.08766e+07 144978 -2.00316e+06 -41070 
1.54661e+07 -4.01711e+06 1.06727e+07 103272 -1.98036e+06 -44626 
1.53455e+07 -3.9237e+06 1.05814e+07 75413 -1.99829e+06 -37619 
1.53096e+07 -3.83302e+06 1.05204e+07 55578 -1.98274e+06 -47449 
1.54426e+07 -3.69723e+06 1.04373e+07 30205 -2.0098e+06 -43216 
1.53897e+07 -3.56444e+06 1.02782e+07 11243 -1.98148e+06 -48830 
1.54703e+07 -3.50838e+06 1.03736e+07 1527 -2.02787e+06 -36572 
1.55038e+07 -3.58564e+06 1.03546e+07 7117 -1.98352e+06 -46774 
1.52657e+07 -3.57288e+06 1.02945e+07 -3950 -2.02238e+06 -37596 
1.53204e+07 -3.60531e+06 1.03335e+07 1124 -1.99207e+06 -50706 
1.52807e+07 -3.60771e+06 1.0359e+07 18605 -2.02571e+06 -40510 
1.52862e+07 -3.82689e+06 1.03699e+07 41413 -1.96945e+06 -50933 
1.53578e+07 -3.69825e+06 1.04449e+07 18840 -2.01973e+06 -38597 
1.53484e+07 -3.71784e+06 1.02978e+07 37005 -1.99563e+06 -48445 
1.54462e+07 -3.84052e+06 1.05361e+07 27767 -2.0133e+06 -41597 
1.52941e+07 -3.90744e+06 1.04334e+07 56434 -1.97784e+06 -49955 
1.53726e+07 -3.79487e+06 1.0435e+07 49722 -2.01868e+06 -44359 
1.54117e+07 -3.88811e+06 1.06148e+07 64795 -1.9933e+06 -46821 
1.52707e+07 -3.98018e+06 1.05076e+07 48343 -2.00358e+06 -46955 
1.54052e+07 -4.01937e+06 1.04445e+07 71254 -1.99732e+06 -47222 
1.54725e+07 -3.99045e+06 1.06447e+07 78995 -2.00206e+06 -48059 
1.53715e+07 -4.10853e+06 1.05985e+07 98096 -2.01185e+06 -50492 
1.51873e+07 -4.08475e+06 1.06709e+07 106093 -1.99481e+06 -50530 
1.55567e+07 -4.21664e+06 1.07021e+07 119892 -2.01354e+06 -46428 
1.53995e+07 -4.12554e+06 1.06235e+07 103239 -1.99666e+06 -51615 
1.52319e+07 -4.18723e+06 1.0691e+07 121626 -2.004e+06 -46873 
1.54981e+07 -4.12036e+06 1.06408e+07 106433 -1.99029e+06 -55210 
1.53547e+07 -4.18797e+06 1.06283e+07 117886 -2.00424e+06 -43415 
1.54891e+07 -4.11442e+06 1.0707e+07 121246 -1.9916e+06 -55978 
1.55354e+07 -4.11727e+06 1.06838e+07 121012 -2.04185e+06 -44621 
1.52788e+07 -4.17981e+06 1.07475e+07 94227 -1.98547e+06 -55576 
1.5293e+07 -4.20978e+06 1.06203e+07 89152 -2.02135e+06 -46526 
1.53743e+07 -4.21925e+06 1.06938e+07 108300 -1.99621e+06 -58461 
1.53274e+07 -3.98708e+06 1.06193e+07 85234 -2.0181e+06 -45092 
1.53387e+07 -4.13586e+06 1.0624e+07 91286 -1.99621e+06 -55322 
1.55793e+07 -4.15656e+06 1.07955e+07 111231 -2.04411e+06 -47076 
1.5415e+07 -4.14868e+06 1.06556e+07 92701 -2.00166e+06 -57259 
1.53687e+07 -4.13901e+06 1.06586e+07 93694 -2.02857e+06 -50863 
1.53561e+07 -4.11957e+06 1.05561e+07 83029 -2.00341e+06 -55311 
1.54158e+07 -4.08862e+06 1.07081e+07 78826 -2.0198e+06 -49197 
1.53642e+07 -4.20782e+06 1.07335e+07 89500 -2.02318e+06 -53203 
1.54073e+07 -4.00034e+06 1.05626e+07 56423 -2.02555e+06 -57160 
1.52511e+07 -4.1359e+06 1.0683e+07 77868 -2.00701e+06 -55031 
1.5386e+07 -4.01472e+06 1.05902e+07 80127 -2.01716e+06 -54510 
1.54488e+07 -4.11685e+06 1.05805e+07 62637 -2.0121e+06 -48281 
1.53005e+07 -4.08189e+06 1.05897e+07 78250 -2.00239e+06 -54352 
1.55454e+07 -4.313e+06 1.07186e+07 103376 -2.0437e+06 -51272 
1.5323e+07 -4.14755e+06 1.06168e+07 74206 -1.99493e+06 -59757 
1.54007e+07 -4.06839e+06 1.05754e+07 80259 -2.03318e+06 -50897 
1.55069e+07 -3.96192e+06 1.05806e+07 77730 -2.01324e+06 -59753 
1.55546e+07 -4.12129e+06 1.06748e+07 77140 -2.0365e+06 -50536 
1.54483e+07 -4.19014e+06 1.06999e+07 98590 -2.00402e+06 -62158 
1.55543e+07 -4.3206e+06 1.07632e+07 123078 -2.04298e+06 -50980 
1.56022e+07 -4.27395e+06 1.07968e+07 115351 -1.99938e+06 -58693 
1.53116e+07 -4.34066e+06 1.08712e+07 137035 -2.03398e+06 -52995 
1.55982e+07 -4.46283e+06 1.08155e+07 138165 -2.02028e+06 -60938 
1.53027e+07 -4.37342e+06 1.08353e+07 135028 -2.03986e+06 -53073 
1.52748e+07 -4.45565e+06 1.07877e+07 125310 -2.0093e+06 -63565 
1.5487e+07 -4.20413e+06 1.07116e+07 106699 -2.04094e+06 -51588 
1.54329e+07 -4.30858e+06 1.07327e+07 107513 -2.00446e+06 -61459 
1.52905e+07 -4.19865e+06 1.08513e+07 109925 -2.04731e+06 -54877 
1.55548e+07 -4.16069e+06 1.07413e+07 85259 -2.03118e+06 -54591 
1.53619e+07 -4.16711e+06 1.07466e+07 83594 -2.03425e+06 -57598 
1.54272e+07 -4.20396e+06 1.07624e+07 101649 -2.03071e+06 -59200 
1.5305e+07 -4.09249e+06 1.06381e+07 97838 -2.01416e+06 -58469 
1.54674e+07 -4.25781e+06 1.06995e+07 110809 -2.04118e+06 -58175 
1.52878e+07 -4.23708e+06 1.06764e+07 86307 -2.02748e+06 -60266 
1.53911e+07 -4.32958e+06 1.06516e+07 93103 -2.0411e+06 -56951 
1.5414e+07 -4.14744e+06 1.0585e+07 88958 -2.01816e+06 -62804 
1.55205e+07 -4.10601e+06 1.06602e+07 98351 -2.04846e+06 -58669 
1.53731e+07 -4.16662e+06 1.06142e+07 81325 -2.02175e+06 -62802 
1.54421e+07 -4.161e+06 1.07206e+07 90574 -2.05912e+06 -52960 
1.52792e+07 -4.15387e+06 1.05604e+07 62225 -2.02217e+06 -68419 
1.52988e+07 -4.0905e+06 1.06706e+07 71283 -2.04404e+06 -54678 
1.54916e+07 -4.05769e+06 1.06384e+07 79308 -2.01538e+06 -66096 
1.54663e+07 -3.98446e+06 1.06648e+07 65963 -2.05134e+06 -55840 
1.54104e+07 -3.98591e+06 1.05277e+07 62903 -2.01656e+06 -61062 
1.55095e+07 -4.03444e+06 1.06511e+07 60767 -2.07288e+06 -53508 
1.54683e+07 -4.05556e+06 1.04694e+07 59746 -2.02916e+06 -64156 
1.53265e+07 -3.97964e+06 1.05418e+07 65839 -2.04742e+06 -56387 
1.5532e+07 -4.07602e+06 1.06946e+07 61658 -2.03656e+06 -64417 
1.54269e+07 -3.73011e+06 1.03249e+07 17637 -2.06282e+06 -53160 
1.53827e+07 -3.9363e+06 1.04215e+07 36761 -2.04466e+06 -60346 
1.54865e+07 -3.87062e+06 1.03394e+07 14570 -2.06613e+06 -58069 
1.53621e+07 -3.81852e+06 1.03102e+07 17503 -2.05106e+06 -63911 
1.52629e+07 -3.73469e+06 1.03058e+07 298 -2.04797e+06 -62511 
1.5575e+07 -3.76111e+06 1.04445e+07 6331 -2.05114e+06 -57721 
1.53825e+07 -3.58496e+06 1.02458e+07 -4897 -2.04833e+06 -61238 
1.54315e+07 -3.70758e+06 1.02403e+07 -5929 -2.07136e+06 -58492 
1.5214e+07 -3.60296e+06 1.01913e+07 -34959 -2.03662e+06 -62812 
1.54557e+07 -3.54145e+06 1.01906e+07 -34096 -2.06397e+06 -59026 
1.55783e+07 -3.3798e+06 1.01261e+07 -57255 -2.04219e+06 -66483 
1.52906e+07 -3.2037e+06 1.00466e+07 -80955 -2.06845e+06 -54692 
1.5311e+07 -3.22866e+06 1.0022e+07 -88075 -2.03121e+06 -64953 
1.5496e+07 -3.28446e+06 1.00344e+07 -91951 -2.07454e+06 -53977 
1.54082e+07 -3.22668e+06 1.0055e+07 -103545 -2.03368e+06 -66281 
1.54262e+07 -3.07584e+06 1.00376e+07 -104542 -2.07124e+06 -55179 
