0.110699 -0.0555082 -0.103445 0.0123894 0.0279661 -0.0130143 
0.225602 -0.112992 -0.187789 0.0211332 0.0561719 -0.026043 
0.339787 -0.17267 -0.291673 0.0352696 0.0831976 -0.0383136 
0.439861 -0.229239 -0.407701 0.0444396 0.108031 -0.0523765 
0.545135 -0.2777 -0.5131 0.0546826 0.132521 -0.0652719 
0.54147 -0.269032 -0.530839 0.0491102 0.132728 -0.0659709 
0.549471 -0.266307 -0.550332 0.0519562 0.132261 -0.0649457 
0.552622 -0.236837 -0.565444 0.0399053 0.135712 -0.0659462 
0.565165 -0.236014 -0.535924 0.0432661 0.134386 -0.0634295 
0.574511 -0.240715 -0.559905 0.0426941 0.140203 -0.0644983 
0.574874 -0.253687 -0.536199 0.0487173 0.135686 -0.0626158 
0.560475 -0.238189 -0.566883 0.0432322 0.138502 -0.0645231 
0.570966 -0.257881 -0.546968 0.050742 0.135179 -0.0627822 
0.559829 -0.262007 -0.55131 0.0508098 0.13988 -0.0645395 
0.555484 -0.256761 -0.523353 0.050859 0.132734 -0.0621159 
0.561791 -0.253326 -0.533334 0.0494286 0.139659 -0.0642502 
0.558971 -0.255781 -0.504222 0.0513309 0.132214 -0.0621573 
0.541907 -0.256131 -0.528969 0.0513392 0.135992 -0.0643021 
0.548186 -0.238963 -0.538301 0.0453193 0.130911 -0.062721 
0.548832 -0.264918 -0.525203 0.0520098 0.136593 -0.0646854 
0.539617 -0.249842 -0.511206 0.0473381 0.128501 -0.0623753 
0.529622 -0.2804 -0.509969 0.0547067 0.131881 -0.0648068 
0.53242 -0.266151 -0.480453 0.0500669 0.126334 -0.0630807 
0.521459 -0.269248 -0.473963 0.0526152 0.128289 -0.0645467 
0.531354 -0.24538 -0.505946 0.0435562 0.125911 -0.0628352 
0.541431 -0.251408 -0.533749 0.0469832 0.131653 -0.0636394 
0.550241 -0.220306 -0.537114 0.037249 0.12967 -0.0614617 
0.542034 -0.24431 -0.550459 0.044584 0.132184 -0.0625743 
0.558411 -0.233074 -0.560089 0.038165 0.135268 -0.0616252 
0.542098 -0.247035 -0.521283 0.0438952 0.133499 -0.0618408 
0.518379 -0.253093 -0.514718 0.0409875 0.127906 -0.0626539 
0.519791 -0.248583 -0.519921 0.0428371 0.128331 -0.0627372 
0.511081 -0.245418 -0.514558 0.0383034 0.12599 -0.0629409 
0.510367 -0.2484 -0.53091 0.042863 0.124297 -0.0630797 
0.512717 -0.2316 -0.547841 0.035701 0.127672 -0.0638622 
0.543457 -0.232727 -0.531624 0.0404361 0.131164 -0.0613492 
0.531844 -0.237061 -0.544318 0.0383214 0.130837 -0.0629031 
0.533602 -0.231085 -0.534742 0.0417847 0.127087 -0.0610329 
0.519775 -0.22638 -0.52615 0.0379573 0.127502 -0.0622052 
0.525104 -0.218907 -0.515988 0.0390067 0.123745 -0.0603323 
0.497309 -0.210605 -0.523022 0.0346152 0.123642 -0.0626468 
0.510439 -0.212814 -0.485307 0.0374549 0.121353 -0.059986 
0.504186 -0.186403 -0.513887 0.0300891 0.12482 -0.0618541 
0.509518 -0.18919 -0.521799 0.0325428 0.120787 -0.0598518 
0.507856 -0.197905 -0.538136 0.0341003 0.127965 -0.0616997 
0.526337 -0.190709 -0.513667 0.0313466 0.125452 -0.0597219 
0.525981 -0.19849 -0.532914 0.0344875 0.13084 -0.0609947 
0.541453 -0.213271 -0.514811 0.036324 0.129838 -0.0591668 
0.537997 -0.221386 -0.497201 0.0399658 0.133499 -0.0605444 
0.535854 -0.195376 -0.508916 0.0326097 0.126752 -0.0594838 
0.525676 -0.210524 -0.530108 0.0392069 0.130056 -0.0607399 
0.514519 -0.202246 -0.520707 0.0326836 0.124412 -0.060495 
0.505176 -0.216755 -0.492157 0.0380007 0.124947 -0.0613982 
0.512259 -0.200446 -0.52646 0.0303652 0.12358 -0.0607724 
0.50068 -0.22541 -0.502392 0.0384597 0.122612 -0.0615686 
0.507758 -0.218987 -0.477382 0.0321911 0.122615 -0.0612615 
0.52481 -0.22244 -0.462774 0.0364111 0.126991 -0.0601957 
0.523117 -0.191881 -0.493737 0.0248615 0.124849 -0.06029 
0.528456 -0.218234 -0.463981 0.0350449 0.126044 -0.0596716 
0.538467 -0.210188 -0.499593 0.0304895 0.129887 -0.0602108 
0.537498 -0.204001 -0.532387 0.0324072 0.128243 -0.0596534 
0.532452 -0.190756 -0.549001 0.0259089 0.129177 -0.060998 
0.543325 -0.216957 -0.539591 0.0361552 0.129802 -0.0591867 
0.524858 -0.210936 -0.52075 0.0294492 0.128577 -0.0603324 
0.520999 -0.228124 -0.474376 0.0364515 0.123322 -0.0588158 
0.517244 -0.229586 -0.474098 0.0356618 0.126766 -0.0607121 
0.514806 -0.251929 -0.445898 0.0429077 0.122362 -0.0593842 
0.506759 -0.233451 -0.481515 0.0372669 0.125806 -0.0618738 
0.517038 -0.238835 -0.493383 0.0411876 0.122523 -0.0597765 
0.508483 -0.213796 -0.53064 0.0341936 0.125601 -0.0614665 
0.509827 -0.204897 -0.513501 0.0320091 0.120239 -0.0591902 
0.50701 -0.198282 -0.54891 0.030557 0.125764 -0.0609298 
0.507945 -0.203612 -0.513703 0.0296669 0.120984 -0.0592797 
0.508864 -0.185167 -0.523498 0.0269574 0.126049 -0.0608322 
0.505552 -0.188425 -0.51205 0.0263232 0.120727 -0.0593133 
0.497895 -0.202913 -0.518831 0.0318111 0.123246 -0.0608236 
0.489715 -0.183922 -0.494298 0.0244076 0.117731 -0.060153 
0.499748 -0.192989 -0.486585 0.0308607 0.123776 -0.0600835 
0.489821 -0.186161 -0.509293 0.0254731 0.119668 -0.0599051 
0.506568 -0.195126 -0.516095 0.0311435 0.12513 -0.0597072 
0.504178 -0.165534 -0.534537 0.020764 0.123249 -0.0591138 
0.525641 -0.193282 -0.54056 0.0324459 0.12786 -0.0587099 
0.513985 -0.18412 -0.565049 0.0262834 0.125578 -0.0599028 
0.529094 -0.206624 -0.554615 0.0363458 0.127652 -0.0590269 
0.514628 -0.204361 -0.533378 0.0320366 0.125171 -0.0598186 
0.521644 -0.232222 -0.520963 0.0435373 0.12462 -0.0588167 
0.511814 -0.192394 -0.563826 0.0304826 0.125441 -0.0601849 
0.52161 -0.201523 -0.545492 0.0348274 0.124261 -0.0585597 
0.500668 -0.173632 -0.556539 0.0250739 0.124072 -0.06003 
0.520949 -0.174877 -0.574327 0.0271047 0.124937 -0.058041 
0.49708 -0.157033 -0.597368 0.0187661 0.123272 -0.060622 
0.491567 -0.18142 -0.56664 0.026452 0.117082 -0.0585994 
0.476477 -0.17148 -0.589795 0.0236055 0.118182 -0.0610482 
0.487532 -0.18199 -0.568444 0.0271426 0.115666 -0.0590844 
0.464378 -0.181901 -0.564126 0.028069 0.11638 -0.0614671 
0.486853 -0.201142 -0.528496 0.0361707 0.11634 -0.0588205 
0.490667 -0.219845 -0.53475 0.043972 0.121969 -0.0605523 
0.498182 -0.253704 -0.502612 0.0573714 0.120189 -0.0581063 
0.497889 -0.305998 -0.486798 0.0766445 0.12699 -0.0604265 
0.520425 -0.336047 -0.462101 0.0915857 0.130016 -0.0587172 
0.528434 -0.389743 -0.472484 0.115808 0.138787 -0.0599703 
0.53806 -0.430841 -0.464779 0.135786 0.138546 -0.0582628 
0.550838 -0.488234 -0.482069 0.163907 0.146963 -0.059841 
0.572719 -0.523207 -0.487333 0.184805 0.149907 -0.0583821 
0.578133 -0.60396 -0.5054 0.220639 0.155979 -0.0594704 
0.584293 -0.644378 -0.502667 0.24408 0.155914 -0.0591461 
0.592025 -0.746756 -0.475644 0.288875 0.161607 -0.0599882 
0.581132 -0.810153 -0.46824 0.319003 0.156903 -0.0596748 
0.570769 -0.913166 -0.45077 0.367157 0.155929 -0.0604095 
0.567911 -0.978038 -0.440524 0.39865 0.154963 -0.0609386 
0.574434 -1.09846 -0.406127 0.450808 0.158107 -0.0606625 
0.587573 -1.18485 -0.358079 0.488961 0.163269 -0.0610792 
0.63108 -1.29722 -0.281843 0.539219 0.178586 -0.0595211 
0.663202 -1.38071 -0.20022 0.574979 0.194169 -0.0597653 
0.721871 -1.50706 -0.0701479 0.628454 0.2141 -0.0579641 
0.779593 -1.58973 0.0482396 0.663096 0.244595 -0.0584496 
0.828203 -1.67905 0.167619 0.703668 0.259998 -0.0566682 
0.854656 -1.76716 0.28184 0.742479 0.274555 -0.0585763 
0.904068 -1.89918 0.42742 0.798336 0.290855 -0.0563456 
0.903673 -1.98786 0.515879 0.841035 0.303867 -0.0591469 
0.909031 -2.12351 0.637246 0.900552 0.299222 -0.0583139 
0.935462 -2.24651 0.720299 0.958744 0.321319 -0.0596446 
0.948368 -2.38879 0.827637 1.02335 0.324624 -0.0574802 
0.969498 -2.52434 0.907104 1.0863 0.340617 -0.0599305 
1.02576 -2.68672 1.00696 1.15769 0.350225 -0.0572575 
1.06027 -2.83143 1.07601 1.22667 0.374423 -0.0586831 
1.08693 -2.98395 1.1681 1.29654 0.375211 -0.0583858 
1.14155 -3.15083 1.29219 1.37259 0.40161 -0.0610105 
1.14461 -3.30319 1.40305 1.44326 0.396591 -0.0604049 
1.14543 -3.4737 1.50931 1.5247 0.400222 -0.0639621 
1.18965 -3.6385 1.65264 1.59912 0.406941 -0.0630632 
1.19504 -3.79949 1.76938 1.6763 0.412378 -0.0659822 
1.24639 -3.94048 1.89472 1.74471 0.42215 -0.0637704 
1.26512 -4.094 2.01657 1.81795 0.428378 -0.0656593 
1.26105 -4.20732 2.13022 1.87388 0.428432 -0.0654326 
1.19841 -4.35455 2.25153 1.94579 0.406838 -0.0691685 
1.17708 -4.458 2.37505 1.99506 0.400631 -0.0698466 
1.12834 -4.59723 2.47235 2.05766 0.383498 -0.0734163 
1.15795 -4.68267 2.5813 2.10357 0.387876 -0.0739902 
1.10036 -4.81807 2.6943 2.16702 0.363896 -0.0759046 
1.07355 -4.90229 2.74526 2.20909 0.353255 -0.077845 
1.14809 -5.02152 2.80446 2.26935 0.366027 -0.077707 
1.11862 -5.07498 2.8264 2.30115 0.357692 -0.080813 
1.07472 -5.1825 2.83228 2.35292 0.341 -0.0820093 
1.10606 -5.22303 2.80763 2.38031 0.349801 -0.0837684 
1.1308 -5.27987 2.80282 2.41241 0.349667 -0.0826747 
1.02717 -5.30029 2.78365 2.43125 0.325082 -0.0858672 
1.04036 -5.36154 2.80407 2.46411 0.317288 -0.0846075 
1.02179 -5.36086 2.7966 2.46906 0.315694 -0.0872235 
1.04346 -5.37017 2.82696 2.47788 0.313283 -0.0849919 
0.989819 -5.35411 2.82316 2.47507 0.300376 -0.087989 
0.998968 -5.32443 2.85528 2.46287 0.287911 -0.0864995 
1.00112 -5.24025 2.78906 2.43367 0.292138 -0.0885548 
0.983375 -5.16611 2.80208 2.4057 0.276735 -0.0868739 
0.907824 -5.06276 2.74993 2.35959 0.258524 -0.0899294 
0.978249 -4.92419 2.65608 2.30068 0.274291 -0.0863378 
0.961578 -4.80859 2.48945 2.24409 0.275279 -0.0871678 
1.02438 -4.67698 2.38385 2.18072 0.288086 -0.0845808 
0.982278 -4.51648 2.16344 2.10674 0.278811 -0.0859808 
1.03594 -4.37176 1.97634 2.03469 0.290775 -0.0846345 
1.04817 -4.24043 1.83231 1.96726 0.294856 -0.0843811 
1.04687 -4.00939 1.63474 1.86277 0.289772 -0.0840749 
0.937574 -3.83568 1.42414 1.77825 0.257463 -0.0851687 
1.00058 -3.63711 1.26653 1.68269 0.273436 -0.0828878 
0.958094 -3.4631 1.12147 1.60049 0.260053 -0.0824682 
0.911874 -3.24669 0.972344 1.50376 0.243831 -0.0832741 
0.868137 -3.12553 0.866794 1.44171 0.229615 -0.0822557 
0.835152 -2.92252 0.738207 1.34887 0.220698 -0.0825768 
0.807359 -2.77029 0.594402 1.27339 0.2089 -0.0821728 
0.832684 -2.55935 0.428461 1.17601 0.219808 -0.0821968 
0.80541 -2.39349 0.293906 1.09253 0.207647 -0.0809068 
0.85842 -2.2004 0.201575 0.999518 0.228286 -0.0805245 
0.8835 -2.08254 0.128012 0.937661 0.229003 -0.0783592 
0.868936 -1.95619 0.0708814 0.875836 0.230577 -0.0796206 
0.849524 -1.85357 0.0710428 0.823947 0.216025 -0.0774162 
0.842305 -1.78674 0.0485508 0.78785 0.220792 -0.0793231 
0.800689 -1.74724 0.0628094 0.767368 0.202943 -0.0779116 
0.833164 -1.67224 0.0744231 0.734132 0.220198 -0.0785221 
0.833164 -1.67224 0.0744231 0.734132 0.220198 -0.0785221 
0.750867 -1.33218 -0.0411525 0.575913 0.18947 -0.0707326 
0.653638 -1.01585 -0.194649 0.430531 0.170214 -0.0677657 
0.57262 -0.682319 -0.312568 0.279766 0.142487 -0.0611812 
0.502552 -0.401914 -0.455943 0.147164 0.130717 -0.0582444 
0.365151 -0.0938992 -0.579036 0.00340785 0.0875017 -0.0530726 
0.350727 -0.0966929 -0.604213 0.00418033 0.08804 -0.0557834 
0.359488 -0.123969 -0.559833 0.00992321 0.0848162 -0.0540503 
0.375245 -0.127452 -0.581388 0.0119184 0.092542 -0.0552644 
0.354007 -0.0941 -0.606943 -0.000834073 0.0817756 -0.0555269 
0.365517 -0.133146 -0.621382 0.0121662 0.0884414 -0.0563678 
0.387719 -0.12836 -0.588204 0.00763533 0.0922658 -0.0556152 
0.387794 -0.122642 -0.614001 0.00692386 0.0955919 -0.0564985 
0.374648 -0.150033 -0.587777 0.0117538 0.0903541 -0.0561064 
0.406127 -0.166022 -0.557164 0.0194685 0.0981636 -0.0548798 
0.396142 -0.13273 -0.55994 0.00783845 0.0951482 -0.0556455 
0.381944 -0.154263 -0.544253 0.0181846 0.0924615 -0.0555425 
0.384501 -0.145579 -0.536214 0.012937 0.0931111 -0.0560767 
0.393625 -0.144471 -0.52931 0.0154762 0.0932086 -0.054736 
0.365065 -0.12262 -0.576587 0.00706161 0.0893154 -0.0562596 
0.373737 -0.138453 -0.58323 0.0162821 0.0880812 -0.0547308 
0.363853 -0.10317 -0.601417 0.00231959 0.0890653 -0.0557538 
0.356316 -0.0965326 -0.607741 0.00519259 0.0841023 -0.0541153 
0.329471 -0.0797619 -0.632837 -0.00177101 0.0826028 -0.0566175 
0.346408 -0.0882149 -0.605552 0.00236742 0.0800847 -0.054653 
0.331384 -0.0832857 -0.5955 -0.0015934 0.0830577 -0.0567603 
0.343997 -0.0940327 -0.599382 0.00535064 0.080671 -0.0550107 
0.353775 -0.0886873 -0.611011 0.00199243 0.0882017 -0.0570544 
0.37875 -0.0749623 -0.61142 0.0007143 0.0898686 -0.0545202 
0.363357 -0.0836874 -0.6078 0.00278026 0.0927261 -0.0564404 
0.382866 -0.0696861 -0.615471 0.000204026 0.0906766 -0.0534958 
0.372468 -0.0866294 -0.622188 0.00483554 0.093581 -0.0552264 
0.370184 -0.0802968 -0.629214 0.00219219 0.088419 -0.0540563 
0.364798 -0.0848648 -0.611183 0.00351013 0.0914797 -0.055311 
0.375965 -0.0755929 -0.621849 -0.000437108 0.0889531 -0.0534744 
0.357471 -0.117036 -0.612219 0.0117255 0.0879775 -0.0549512 
0.358135 -0.0968657 -0.621399 0.00270864 0.0838243 -0.0541511 
0.359287 -0.116477 -0.600008 0.0113112 0.087294 -0.0541766 
0.358059 -0.112745 -0.633032 0.00780515 0.0845775 -0.0538944 
0.347632 -0.120084 -0.615422 0.0126667 0.0851548 -0.0542827 
0.338905 -0.0950857 -0.634099 0.00312054 0.0825575 -0.0547691 
0.343892 -0.110529 -0.622464 0.0118647 0.0838129 -0.0543176 
0.32787 -0.0899596 -0.642247 0.000916078 0.0825488 -0.0556964 
0.344766 -0.124925 -0.600625 0.0131095 0.0863234 -0.0549286 
0.36297 -0.13149 -0.611393 0.0105874 0.0927326 -0.0557995 
0.388736 -0.140456 -0.578322 0.0162151 0.0958379 -0.0533783 
0.383984 -0.136986 -0.601897 0.0126556 0.0991359 -0.0545583 
0.378806 -0.148876 -0.594521 0.019384 0.0920077 -0.052742 
0.359611 -0.122513 -0.599303 0.00975751 0.0911427 -0.0549364 
0.362868 -0.132078 -0.576212 0.0149394 0.0871861 -0.0528839 
0.372802 -0.129194 -0.605458 0.011632 0.0965613 -0.0552002 
0.363633 -0.125332 -0.574941 0.0117707 0.0870061 -0.0533736 
0.388266 -0.135652 -0.566416 0.0150654 0.0979466 -0.0551057 
0.395341 -0.126111 -0.595602 0.0144234 0.0944215 -0.0529576 
0.388669 -0.11786 -0.594516 0.0112449 0.0990837 -0.0551431 
0.376756 -0.102053 -0.576666 0.00792528 0.0904958 -0.0532953 
0.379037 -0.103419 -0.596163 0.00908118 0.0971559 -0.0546592 
0.36713 -0.0798541 -0.626857 0.0014978 0.0891968 -0.0531168 
0.368902 -0.100441 -0.607913 0.0083885 0.0944491 -0.054302 
0.359719 -0.0827796 -0.621201 0.00269383 0.0870425 -0.0531805 
0.361246 -0.0945912 -0.626055 0.00674945 0.0914429 -0.0544652 
0.367132 -0.0868973 -0.616011 0.00103514 0.088946 -0.0534308 
0.360486 -0.110835 -0.588218 0.00971287 0.0903352 -0.0542239 
0.361243 -0.0931105 -0.587737 0.000595791 0.0880701 -0.0539617 
0.346292 -0.0982263 -0.58875 0.00556778 0.0879811 -0.0545828 
0.333398 -0.0796363 -0.58938 -0.00280201 0.0821832 -0.0549336 
0.356213 -0.0885546 -0.586498 0.00388847 0.0898527 -0.0549121 
0.377198 -0.0763866 -0.588939 -0.00314223 0.093651 -0.0546782 
0.386352 -0.0883689 -0.596676 0.00474883 0.0953439 -0.054385 
0.401804 -0.0750576 -0.618808 -0.00214973 0.0980249 -0.0549177 
0.414584 -0.0986747 -0.604777 0.00797018 0.101607 -0.0535342 
0.403374 -0.0901679 -0.601845 0.00030438 0.0988539 -0.0547678 
0.380894 -0.0968005 -0.586134 0.00539318 0.0914582 -0.0535797 
0.360061 -0.0930533 -0.583197 0.000473617 0.0885013 -0.0545895 
0.361547 -0.119552 -0.558641 0.00950708 0.0860505 -0.0535444 
0.352615 -0.104618 -0.569365 0.00184047 0.0874603 -0.0555639 
0.354356 -0.107586 -0.583435 0.00699171 0.0860201 -0.0537037 
0.361535 -0.0901251 -0.611613 -0.000205475 0.0928628 -0.0554102 
0.367183 -0.0913243 -0.604589 0.00326906 0.0887323 -0.0534962 
0.376829 -0.0760573 -0.625526 -0.00189116 0.0952026 -0.0547541 
0.376575 -0.0774519 -0.631591 0.000995332 0.0892931 -0.0520741 
0.376726 -0.0827596 -0.612316 -8.01443e-05 0.0952927 -0.0544023 
0.397503 -0.104227 -0.561322 0.00613948 0.094214 -0.0516988 
0.397699 -0.101907 -0.576618 0.00497362 0.100543 -0.0535801 
0.389857 -0.100143 -0.560196 0.00413376 0.0934161 -0.05163 
0.38152 -0.107031 -0.572223 0.00631925 0.0967972 -0.0542644 
0.37304 -0.10834 -0.552735 0.00687628 0.0890688 -0.0524807 
0.370526 -0.102248 -0.572183 0.00661312 0.0949073 -0.0543431 
0.378052 -0.097506 -0.563951 0.00419777 0.0919041 -0.0524379 
0.374347 -0.117766 -0.572169 0.0121634 0.0960674 -0.0540454 
0.384938 -0.111339 -0.563122 0.00885152 0.0947073 -0.0527561 
0.387871 -0.113482 -0.583858 0.0125595 0.0986788 -0.0536754 
0.363221 -0.106275 -0.594289 0.00783545 0.090148 -0.0536093 
0.353971 -0.131059 -0.593197 0.0172131 0.0909906 -0.0544204 
0.34796 -0.09992 -0.603151 0.00576068 0.0878653 -0.0540853 
0.344195 -0.122886 -0.577644 0.014495 0.0888024 -0.0541942 
0.316647 -0.10834 -0.591899 0.00709025 0.0830728 -0.0545965 
0.337714 -0.118553 -0.592556 0.0136022 0.0878534 -0.0537949 
0.333525 -0.0869771 -0.601866 0.00167278 0.0881354 -0.0547931 
0.355161 -0.113149 -0.576812 0.0123754 0.0908823 -0.0527736 
0.354332 -0.0986079 -0.605036 0.00536614 0.0923183 -0.0539416 
0.394404 -0.110252 -0.591714 0.0119501 0.0980375 -0.0519384 
0.392354 -0.0994599 -0.615231 0.00702143 0.101883 -0.0536272 
0.421467 -0.111278 -0.588688 0.0126796 0.105766 -0.0509218 
0.418126 -0.102621 -0.609367 0.00934337 0.111494 -0.0527487 
0.439091 -0.104776 -0.59618 0.0141469 0.112942 -0.0501182 
0.436919 -0.117735 -0.603638 0.0178323 0.119805 -0.052236 
0.453141 -0.139566 -0.582149 0.0267459 0.120292 -0.0499493 
0.451427 -0.160853 -0.603076 0.0365577 0.127627 -0.0519504 
0.462139 -0.168452 -0.577241 0.0414863 0.126719 -0.0502189 
0.465022 -0.207977 -0.585043 0.056445 0.134833 -0.0517994 
0.478726 -0.213481 -0.600979 0.0614164 0.134715 -0.0499647 
0.485518 -0.229821 -0.602805 0.0708757 0.143412 -0.0509949 
0.482399 -0.248307 -0.603081 0.0784661 0.142645 -0.0504849 
0.497398 -0.309428 -0.591535 0.103338 0.152135 -0.0510526 
0.507838 -0.321498 -0.570627 0.108987 0.152366 -0.0499734 
0.519758 -0.377076 -0.53331 0.134711 0.159195 -0.0497486 
0.510185 -0.421751 -0.523976 0.152533 0.155847 -0.0502814 
0.53899 -0.481512 -0.496714 0.181416 0.162425 -0.0490835 
0.540137 -0.50226 -0.512508 0.195568 0.16449 -0.050196 
0.548575 -0.584424 -0.479853 0.237179 0.168694 -0.0497182 
0.540555 -0.64454 -0.482587 0.26612 0.168206 -0.0511938 
0.56686 -0.738881 -0.469653 0.315874 0.173213 -0.0497192 
0.541149 -0.822959 -0.477211 0.355698 0.171614 -0.0523049 
0.553645 -0.933557 -0.449706 0.410645 0.172356 -0.0507288 
0.567526 -1.02193 -0.467526 0.453827 0.180709 -0.0522356 
0.585982 -1.14887 -0.445194 0.515796 0.182304 -0.0505346 
0.588954 -1.2677 -0.397935 0.568158 0.191534 -0.0523598 
0.66248 -1.40665 -0.296137 0.633049 0.212929 -0.0491712 
0.701294 -1.54011 -0.201957 0.692013 0.237784 -0.0505549 
0.760243 -1.6719 -0.0333259 0.753783 0.255577 -0.0485975 
0.816615 -1.81283 0.166439 0.814212 0.285465 -0.0493893 
0.848313 -1.9334 0.336181 0.872701 0.294938 -0.0471447 
0.873676 -2.07803 0.491393 0.937712 0.313529 -0.0487921 
0.90731 -2.22282 0.641197 1.00429 0.318498 -0.0473586 
0.917063 -2.38411 0.761566 1.07732 0.33309 -0.0492767 
0.953993 -2.50176 0.859561 1.13738 0.348633 -0.0480572 
1.0145 -2.66091 0.97158 1.21177 0.372172 -0.0494233 
1.02258 -2.77076 1.07057 1.26786 0.371035 -0.0494108 
1.01392 -2.90877 1.19433 1.3325 0.376603 -0.0510296 
1.04847 -3.01186 1.27461 1.38563 0.379178 -0.0507678 
1.08231 -3.15827 1.38299 1.45339 0.39252 -0.051864 
1.0789 -3.27111 1.48625 1.50518 0.388215 -0.0521955 
1.10538 -3.41449 1.58737 1.57157 0.395572 -0.0532733 
1.14909 -3.51323 1.66177 1.62181 0.404706 -0.0534634 
1.0979 -3.63799 1.72736 1.67851 0.392655 -0.0550973 
1.03173 -3.71753 1.79117 1.7187 0.365209 -0.0579761 
0.99848 -3.81791 1.8786 1.76995 0.357555 -0.0596781 
0.994956 -3.86683 1.94712 1.79793 0.349671 -0.0599608 
0.945704 -3.98478 2.01749 1.85241 0.333235 -0.0622392 
1.00292 -4.07023 2.15075 1.89613 0.347762 -0.0624132 
0.986137 -4.1865 2.2463 1.95184 0.343847 -0.0632637 
1.0199 -4.2702 2.31724 1.99688 0.346966 -0.0632431 
1.01052 -4.39571 2.43354 2.05741 0.352603 -0.0644536 
1.01568 -4.44319 2.48691 2.08239 0.354199 -0.0644423 
1.02306 -4.53552 2.56041 2.12439 0.353859 -0.0649725 
1.05523 -4.5474 2.62205 2.13103 0.362098 -0.0648453 
1.06811 -4.57564 2.70318 2.13848 0.372124 -0.0661989 
1.15823 -4.53219 2.6702 2.1142 0.389633 -0.065864 
1.14511 -4.48508 2.65616 2.08349 0.382985 -0.0656312 
1.08603 -4.31203 2.51967 2.00005 0.361982 -0.066397 
1.09103 -4.19929 2.37141 1.94152 0.355575 -0.0663865 
1.02248 -4.00846 2.16798 1.84876 0.329624 -0.0680632 
0.91471 -3.82043 1.96899 1.75993 0.295179 -0.0697025 
0.987083 -3.62188 1.83797 1.67188 0.310753 -0.0689579 
0.94603 -3.51471 1.73174 1.61844 0.298579 -0.0695221 
0.952153 -3.40041 1.65306 1.56426 0.295414 -0.0697627 
0.952199 -3.35834 1.62475 1.54353 0.295651 -0.0698 
0.915122 -3.30559 1.59586 1.51642 0.283394 -0.0714422 
0.836475 -3.28347 1.51043 1.50609 0.256899 -0.0728205 
0.866933 -3.22462 1.48723 1.478 0.26228 -0.0728487 
0.796148 -3.14785 1.42892 1.43975 0.242807 -0.0738825 
0.780942 -3.02887 1.29792 1.38849 0.233289 -0.0737606 
0.74582 -2.9894 1.28538 1.36862 0.222983 -0.0734457 
0.712509 -2.92438 1.24678 1.33659 0.211744 -0.0747067 
0.702595 -2.91204 1.18795 1.33269 0.208101 -0.0749286 
0.720283 -2.90642 1.16611 1.32816 0.208621 -0.0756508 
0.780949 -2.88924 1.15503 1.32306 0.223058 -0.0744816 
0.81435 -2.86059 1.10539 1.31329 0.23067 -0.0751692 
0.802322 -2.83779 1.08137 1.30401 0.22674 -0.0756509 
0.798126 -2.77023 1.03466 1.2703 0.22387 -0.0765993 
0.800674 -2.70552 1.0115 1.24469 0.223573 -0.0754208 
0.770027 -2.67989 0.993765 1.22238 0.218569 -0.0769037 
0.81006 -2.64453 0.962184 1.20354 0.223878 -0.0753238 
0.867897 -2.63154 0.939301 1.19262 0.244735 -0.075833 
0.885421 -2.6343 0.974139 1.19742 0.244265 -0.0741425 
0.905266 -2.59352 0.893446 1.17797 0.254995 -0.0752384 
0.871879 -2.53751 0.833285 1.15479 0.237184 -0.0738472 
0.841035 -2.46044 0.764772 1.11678 0.234036 -0.0746856 
0.81698 -2.4001 0.751212 1.08777 0.220245 -0.0729621 
0.839277 -2.33597 0.675465 1.05663 0.234709 -0.0742711 
0.853314 -2.30266 0.663696 1.04272 0.231784 -0.0719102 
0.860346 -2.30145 0.65471 1.03954 0.240591 -0.0736995 
0.871854 -2.30592 0.701017 1.04556 0.238178 -0.0728176 
0.829982 -2.25526 0.653194 1.02557 0.232647 -0.0753764 
0.792666 -2.20505 0.632629 0.999572 0.212883 -0.07437 
0.770506 -2.17592 0.610156 0.983703 0.209033 -0.0764392 
0.780133 -2.0919 0.585768 0.944372 0.202909 -0.0742265 
0.747596 -2.02881 0.507634 0.909408 0.197958 -0.0762387 
0.829663 -1.95381 0.497853 0.872048 0.213837 -0.0723457 
0.81979 -1.8908 0.422423 0.838819 0.218784 -0.0740797 
0.804194 -1.7857 0.377755 0.788111 0.20891 -0.0726161 
0.80985 -1.71039 0.332589 0.753482 0.213639 -0.0738767 
0.819161 -1.58625 0.269471 0.696713 0.209776 -0.0711476 
0.766788 -1.49317 0.164197 0.6537 0.198205 -0.0737516 
0.798763 -1.35833 0.125955 0.593138 0.199463 -0.0714982 
0.809741 -1.27679 0.0781525 0.553864 0.21112 -0.07229 
0.807742 -1.18459 0.0113348 0.510034 0.207124 -0.0713347 
0.807742 -1.18459 0.0113348 0.510034 0.207124 -0.0713347 
0.733335 -0.950486 -0.131241 0.400248 0.191246 -0.0687738 
0.661368 -0.720558 -0.265651 0.290181 0.167109 -0.0642993 
0.554701 -0.541671 -0.386965 0.20572 0.142129 -0.0622075 
0.45902 -0.374671 -0.487874 0.118582 0.11217 -0.0592904 
0.386884 -0.15056 -0.576712 0.0230814 0.0963921 -0.0550138 
0.378989 -0.151337 -0.565894 0.0185614 0.0927773 -0.0552866 
0.39129 -0.172677 -0.530869 0.0282655 0.0972005 -0.0546526 
0.378254 -0.141233 -0.541424 0.0159073 0.0938164 -0.0552386 
0.394649 -0.0987386 -0.563295 0.00724183 0.096005 -0.0537026 
0.382751 -0.125738 -0.581775 0.011481 0.0950112 -0.0558235 
0.402684 -0.102983 -0.595104 0.00988673 0.0968294 -0.0538107 
0.384025 -0.0774283 -0.613583 -3.49642e-05 0.0954021 -0.055607 
0.415473 -0.100999 -0.589846 0.0101649 0.0992147 -0.0532108 
0.391926 -0.0925761 -0.622543 0.006323 0.0984165 -0.0560158 
0.391177 -0.100275 -0.614786 0.0101606 0.0915317 -0.0539821 
0.363681 -0.123087 -0.601699 0.0147519 0.0910602 -0.0563915 
0.382103 -0.11742 -0.600307 0.0146797 0.0892981 -0.0541177 
0.347762 -0.0976904 -0.630635 0.00883162 0.0865252 -0.0568834 
0.361911 -0.0983274 -0.595865 0.00838314 0.0845069 -0.0544976 
0.355329 -0.107303 -0.61123 0.0111055 0.0887876 -0.0564552 
0.378382 -0.0937133 -0.600968 0.00523492 0.0897372 -0.054478 
0.369258 -0.108167 -0.577002 0.0104085 0.0933046 -0.0556762 
0.388536 -0.115564 -0.562664 0.00992488 0.0931016 -0.0538671 
0.381769 -0.123925 -0.57283 0.0147154 0.0938126 -0.0545521 
0.386896 -0.0971731 -0.580132 0.00563444 0.0922359 -0.0538987 
0.38297 -0.101634 -0.592437 0.00939283 0.0941961 -0.0550719 
0.385867 -0.0737994 -0.612613 -0.00240266 0.0928584 -0.0552953 
0.390806 -0.0734827 -0.611374 0.00157348 0.0940949 -0.0548968 
0.383707 -0.0647459 -0.612892 -0.00453538 0.0921497 -0.0554606 
0.387352 -0.0812548 -0.590094 0.00270228 0.0916587 -0.0550255 
0.380413 -0.0556688 -0.603491 -0.00670356 0.0911421 -0.0559981 
0.388885 -0.0590625 -0.611324 -0.00215945 0.0908649 -0.0545622 
0.371515 -0.0495566 -0.608841 -0.00990803 0.0893226 -0.056165 
0.377119 -0.0660969 -0.585397 -0.00192068 0.0877406 -0.0544081 
0.374012 -0.0658813 -0.601085 -0.0055958 0.0910133 -0.0559794 
0.377217 -0.085829 -0.581883 0.00156125 0.087386 -0.0540577 
0.366165 -0.0860102 -0.59245 -0.000906924 0.0904175 -0.0563315 
0.388034 -0.0882033 -0.577565 0.00293056 0.0918266 -0.0538597 
0.392251 -0.0666535 -0.609622 -0.00527944 0.0970816 -0.055542 
0.401085 -0.0858513 -0.586346 0.00279268 0.0934531 -0.0528417 
0.378834 -0.0866331 -0.614631 0.00161589 0.0939532 -0.0553305 
0.376355 -0.0958873 -0.609662 0.00472539 0.0877385 -0.053441 
0.360772 -0.116789 -0.637179 0.00914763 0.0902969 -0.056167 
0.368222 -0.116693 -0.620878 0.0096525 0.0872502 -0.0542077 
0.349702 -0.0992854 -0.630596 0.0052057 0.088445 -0.0564526 
0.36268 -0.0958145 -0.609755 0.00483484 0.086548 -0.0543458 
0.351113 -0.10348 -0.601587 0.00897794 0.0896039 -0.0559857 
0.350452 -0.0768622 -0.59707 0.000722978 0.0846967 -0.054297 
0.351889 -0.0948287 -0.578674 0.00716923 0.0901375 -0.0555693 
0.36523 -0.0930127 -0.577593 0.00497233 0.0895198 -0.0541229 
0.375866 -0.113095 -0.568551 0.0140152 0.0936953 -0.0541654 
0.398149 -0.0809186 -0.582198 0.00246415 0.096147 -0.0530552 
0.415231 -0.116727 -0.573367 0.0153847 0.101518 -0.0537512 
0.40269 -0.11202 -0.591285 0.0106632 0.0974611 -0.0542129 
0.4175 -0.119074 -0.577929 0.0154247 0.101188 -0.053394 
0.412764 -0.0940927 -0.614376 0.00507028 0.100897 -0.0541603 
0.420783 -0.147141 -0.58337 0.0233636 0.101054 -0.0534387 
0.401274 -0.103947 -0.613746 0.00940114 0.0993037 -0.0544842 
0.419758 -0.114986 -0.598079 0.01679 0.101289 -0.0525528 
0.401617 -0.0966871 -0.623865 0.00889791 0.100647 -0.0544657 
0.419027 -0.11852 -0.575625 0.0169437 0.100496 -0.0521407 
0.397037 -0.0928091 -0.603328 0.0073487 0.0995435 -0.0539132 
0.406622 -0.128113 -0.565452 0.017875 0.097042 -0.0512863 
0.400931 -0.114165 -0.585671 0.0114755 0.101061 -0.0536226 
0.41535 -0.132608 -0.530812 0.016453 0.0990535 -0.0510321 
0.39181 -0.134127 -0.562877 0.0147242 0.0999276 -0.0535099 
0.399955 -0.135312 -0.54824 0.0171019 0.0951385 -0.0512686 
0.388196 -0.128461 -0.575284 0.0161131 0.0969573 -0.0539315 
0.394922 -0.12059 -0.57783 0.0127622 0.0930181 -0.0519777 
0.39372 -0.12009 -0.637196 0.0148936 0.0987811 -0.0539449 
0.390943 -0.103496 -0.620438 0.00924287 0.0923992 -0.0522165 
0.384654 -0.11981 -0.616866 0.0129259 0.0968206 -0.0537392 
0.401656 -0.100534 -0.618678 0.00534773 0.0973253 -0.051702 
0.403482 -0.131426 -0.609608 0.0171236 0.101259 -0.0528716 
0.395076 -0.0974678 -0.606535 0.00455616 0.0959166 -0.0520455 
0.421021 -0.115572 -0.594774 0.0126594 0.106004 -0.0524979 
0.420766 -0.115814 -0.562 0.00860786 0.102268 -0.0517929 
0.413601 -0.128286 -0.543363 0.0155846 0.101163 -0.0522757 
0.382778 -0.0895519 -0.541404 0.00193129 0.0932235 -0.0525331 
0.382883 -0.113602 -0.508454 0.0121792 0.0940074 -0.0525677 
0.374243 -0.0845344 -0.53146 0.00125444 0.0924584 -0.0536258 
0.381036 -0.065529 -0.575964 0.00155184 0.0931101 -0.052896 
0.378025 -0.0511687 -0.580094 -0.00668365 0.0933406 -0.0538575 
0.388634 -0.0730888 -0.575705 0.00154557 0.0910723 -0.0525398 
0.388357 -0.0754516 -0.605796 -0.0012583 0.0938218 -0.0541722 
0.385523 -0.0796323 -0.601544 0.00235188 0.0892419 -0.0527 
0.38636 -0.066934 -0.593208 -0.00469372 0.0950059 -0.0544784 
0.388428 -0.0789611 -0.575902 0.00119888 0.0901035 -0.0524785 
0.387624 -0.0661375 -0.587612 -0.00395015 0.0961828 -0.0543661 
0.40106 -0.0489009 -0.580424 -0.00636888 0.0936035 -0.0517497 
0.390609 -0.0682988 -0.568321 -0.00296235 0.0970386 -0.0538158 
0.394508 -0.0851966 -0.558747 0.00214804 0.0914178 -0.051876 
0.383474 -0.0950706 -0.589875 0.00518265 0.0951883 -0.0538742 
0.386651 -0.0894366 -0.584738 0.00389067 0.0918409 -0.0518366 
0.367809 -0.108579 -0.594918 0.00979451 0.0918837 -0.054374 
0.379733 -0.0918051 -0.59753 0.00455073 0.0888686 -0.0527152 
0.386171 -0.089159 -0.59409 0.00561713 0.0958977 -0.053385 
0.392345 -0.0791291 -0.583803 4.47857e-05 0.0934727 -0.0519202 
0.397963 -0.119933 -0.571672 0.0119551 0.0970068 -0.0524386 
0.404605 -0.10545 -0.563133 0.00458065 0.0947161 -0.0508278 
0.397934 -0.125967 -0.573827 0.0126037 0.0957871 -0.0517937 
0.385509 -0.126481 -0.58019 0.00988466 0.0904907 -0.0521256 
0.40345 -0.123395 -0.586081 0.0128057 0.0974747 -0.0518006 
0.404136 -0.077887 -0.606737 -0.0026597 0.0968856 -0.0522884 
0.403995 -0.0964468 -0.601401 0.00714271 0.099163 -0.0521514 
0.403961 -0.0743999 -0.607223 -0.00219406 0.100041 -0.0521 
0.429611 -0.0746013 -0.602861 0.0001522 0.107789 -0.0509463 
0.423136 -0.0769879 -0.605635 -0.00148058 0.108585 -0.0523146 
0.419402 -0.0998245 -0.590261 0.00974681 0.106859 -0.0504014 
0.424512 -0.089735 -0.604221 0.00265571 0.111496 -0.0518172 
0.424881 -0.105527 -0.607574 0.0121381 0.109776 -0.0500084 
0.400369 -0.104434 -0.60942 0.0103019 0.108055 -0.0521166 
0.397107 -0.115662 -0.580992 0.0148346 0.104718 -0.0500505 
0.395658 -0.102417 -0.603567 0.0110246 0.109615 -0.0518374 
0.40719 -0.110705 -0.58089 0.0172622 0.107595 -0.049404 
0.404848 -0.118916 -0.588328 0.0196575 0.113092 -0.0518161 
0.426353 -0.136531 -0.575611 0.027584 0.113689 -0.0496289 
0.428369 -0.142546 -0.594599 0.0326628 0.121391 -0.0518087 
0.45274 -0.154599 -0.562213 0.0371862 0.12441 -0.0499819 
0.447114 -0.17549 -0.558698 0.0463101 0.131148 -0.0512051 
0.468119 -0.194567 -0.54382 0.0522719 0.13391 -0.0490011 
0.455413 -0.22521 -0.563591 0.0672626 0.137688 -0.0504704 
0.465303 -0.246396 -0.532566 0.0760555 0.136954 -0.0487372 
0.461113 -0.293777 -0.553623 0.0993507 0.1407 -0.0501506 
0.463768 -0.321918 -0.563513 0.115053 0.137153 -0.0495656 
0.458655 -0.383373 -0.544342 0.14823 0.137319 -0.0502209 
0.455725 -0.423344 -0.542975 0.170346 0.13201 -0.0499733 
0.468797 -0.518874 -0.532891 0.216201 0.136481 -0.0509234 
0.460763 -0.58168 -0.507952 0.246469 0.133263 -0.0512078 
0.480218 -0.689232 -0.489599 0.297069 0.13827 -0.0515451 
0.474153 -0.742078 -0.484814 0.327772 0.135635 -0.0522941 
0.488966 -0.861169 -0.442557 0.383927 0.139918 -0.0517479 
0.461329 -0.944503 -0.453509 0.423337 0.134133 -0.0528653 
0.497871 -1.05684 -0.43547 0.481066 0.14357 -0.0519792 
0.488877 -1.15422 -0.413642 0.527009 0.145053 -0.0534848 
0.531497 -1.28738 -0.322161 0.588799 0.155854 -0.0519085 
0.556299 -1.37318 -0.274549 0.630046 0.172019 -0.0531335 
0.611866 -1.48624 -0.174546 0.686246 0.187352 -0.0513879 
0.637818 -1.56771 -0.0650536 0.725135 0.205138 -0.0529025 
0.689821 -1.6661 0.0817712 0.774632 0.222827 -0.0504457 
0.710468 -1.76588 0.157152 0.819959 0.243684 -0.0521506 
0.740094 -1.87559 0.279391 0.873114 0.249612 -0.0498379 
0.761239 -1.96281 0.365323 0.917099 0.265555 -0.0517466 
0.79263 -2.09609 0.464328 0.976157 0.271513 -0.0499544 
0.787485 -2.18968 0.539769 1.02231 0.283097 -0.0529041 
0.817877 -2.29138 0.637779 1.07212 0.286269 -0.051521 
0.845814 -2.40301 0.728645 1.12578 0.302652 -0.0536971 
0.9043 -2.51601 0.845129 1.17839 0.318752 -0.0512668 
0.886196 -2.62997 0.934369 1.23112 0.319533 -0.053759 
0.906059 -2.74569 1.04898 1.28455 0.321128 -0.0524775 
0.919535 -2.86216 1.14145 1.34117 0.331266 -0.0537788 
0.932321 -2.95035 1.20117 1.38589 0.326571 -0.0543979 
0.89286 -3.07348 1.28863 1.44361 0.321277 -0.0567961 
0.910724 -3.1735 1.38247 1.49426 0.321912 -0.0570656 
0.901266 -3.28452 1.44588 1.54929 0.315707 -0.0588124 
0.888521 -3.36876 1.53144 1.59014 0.309326 -0.060237 
0.835977 -3.46636 1.62288 1.6383 0.297279 -0.0614993 
0.833036 -3.49298 1.67558 1.65698 0.286428 -0.0618007 
0.801162 -3.53116 1.72339 1.6768 0.277539 -0.0618299 
0.815981 -3.51278 1.72756 1.6671 0.280753 -0.0633682 
0.809107 -3.48352 1.71779 1.65095 0.27458 -0.0630667 
0.839217 -3.44165 1.74281 1.62512 0.28357 -0.0626262 
0.836379 -3.40557 1.68256 1.60171 0.277786 -0.0625982 
0.873628 -3.33055 1.59953 1.56083 0.286982 -0.0636116 
0.85415 -3.25746 1.52469 1.51844 0.278791 -0.0627158 
0.875082 -3.14501 1.41931 1.46519 0.288486 -0.0641431 
0.902447 -3.03696 1.31205 1.41271 0.290842 -0.062464 
0.892075 -2.93342 1.25277 1.36109 0.294918 -0.0644472 
0.8905 -2.82426 1.17874 1.31005 0.289883 -0.0623411 
0.896027 -2.72033 1.10632 1.26203 0.294071 -0.0632484 
0.893458 -2.62906 1.03449 1.21888 0.284124 -0.0607258 
0.833011 -2.5527 0.949105 1.18002 0.272164 -0.0644891 
0.842867 -2.46733 0.873716 1.14062 0.264912 -0.062507 
0.847159 -2.42444 0.831332 1.1139 0.270052 -0.0649437 
0.861788 -2.4178 0.833601 1.11078 0.264079 -0.0633063 
0.796745 -2.43853 0.829903 1.11784 0.250041 -0.0674225 
0.828722 -2.42193 0.844428 1.11507 0.251477 -0.065089 
0.825903 -2.42611 0.839604 1.12027 0.255584 -0.0671892 
0.820146 -2.39329 0.828823 1.10883 0.247783 -0.0656203 
0.809831 -2.39766 0.793601 1.11136 0.247518 -0.0667464 
0.828975 -2.37418 0.800597 1.10168 0.24741 -0.0659887 
0.808387 -2.39476 0.77055 1.10846 0.244488 -0.067608 
0.801094 -2.39965 0.777605 1.10969 0.239468 -0.0673994 
0.77591 -2.45254 0.807724 1.13422 0.232677 -0.0689845 
0.748547 -2.44631 0.824523 1.13135 0.225753 -0.070462 
0.779223 -2.48348 0.842121 1.14832 0.231411 -0.0690914 
0.773554 -2.49491 0.878152 1.15061 0.230747 -0.0705264 
0.788159 -2.53834 0.911847 1.16659 0.231934 -0.0697868 
0.799697 -2.52535 0.904095 1.16068 0.238072 -0.0704968 
0.800293 -2.53293 0.939778 1.16073 0.232923 -0.0693283 
0.800918 -2.54749 0.968563 1.1651 0.237778 -0.0715369 
0.839634 -2.54263 0.960927 1.1668 0.243185 -0.0699176 
0.835485 -2.49626 0.941621 1.14482 0.246633 -0.0719026 
0.873218 -2.50585 0.958595 1.14553 0.250272 -0.0689856 
0.909377 -2.48357 0.917573 1.13828 0.266685 -0.0699237 
0.888226 -2.41918 0.850941 1.11219 0.253213 -0.0680134 
0.878394 -2.37184 0.808316 1.08711 0.252348 -0.0693295 
0.861358 -2.34198 0.803442 1.07192 0.240798 -0.0676835 
0.807454 -2.28132 0.743271 1.04585 0.228415 -0.0712748 
0.773527 -2.24245 0.729715 1.02572 0.211183 -0.0703748 
0.781213 -2.23731 0.711745 1.01951 0.216698 -0.072103 
0.791983 -2.22015 0.69935 1.01363 0.213409 -0.0709368 
0.76054 -2.231 0.663171 1.01838 0.209907 -0.0730895 
0.776274 -2.25476 0.689603 1.02424 0.209585 -0.071579 
0.779343 -2.29513 0.671926 1.04216 0.212247 -0.0722476 
0.752955 -2.32456 0.699869 1.05252 0.204663 -0.0726302 
0.745585 -2.37084 0.742572 1.07458 0.206014 -0.0733994 
0.769989 -2.36714 0.749491 1.07203 0.211641 -0.072707 
0.749999 -2.37619 0.745904 1.08341 0.209226 -0.0736709 
0.776538 -2.3634 0.752098 1.0787 0.217961 -0.0738129 
0.809185 -2.36594 0.756774 1.07879 0.225654 -0.0724251 
0.794739 -2.34679 0.723621 1.06624 0.222704 -0.0738951 
0.843708 -2.38346 0.756248 1.08145 0.229218 -0.072893 
0.860353 -2.36673 0.737202 1.07142 0.239794 -0.0742755 
0.850887 -2.37606 0.791027 1.07483 0.230818 -0.0736199 
0.869749 -2.36795 0.780852 1.0695 0.238907 -0.0752105 
0.848868 -2.35217 0.775591 1.06225 0.228105 -0.0732657 
0.809237 -2.3135 0.711001 1.04526 0.226022 -0.0756066 
0.825901 -2.2769 0.682616 1.0265 0.221717 -0.072753 
0.81526 -2.23156 0.608043 1.00302 0.226675 -0.074556 
0.814007 -2.16433 0.580941 0.97427 0.217847 -0.0719909 
0.836941 -2.1073 0.529591 0.946154 0.229756 -0.0730567 
0.818124 -2.02991 0.509722 0.911528 0.21483 -0.0714288 
0.812322 -1.97991 0.472534 0.88885 0.218814 -0.0734687 
0.812218 -1.88088 0.418826 0.841815 0.213112 -0.0713727 
0.772048 -1.78228 0.334683 0.797494 0.20861 -0.0731404 
0.754624 -1.69204 0.278823 0.753826 0.196043 -0.0715392 
0.735965 -1.62929 0.232272 0.719144 0.195403 -0.0730659 
0.713087 -1.53397 0.19552 0.672951 0.183839 -0.0727732 
0.741259 -1.48006 0.179145 0.64747 0.19333 -0.0731539 
0.751063 -1.4276 0.179659 0.617926 0.193692 -0.0726079 
0.765787 -1.40589 0.181012 0.605749 0.199633 -0.0725166 
0.765787 -1.40589 0.181012 0.605749 0.199633 -0.0725166 
0.733621 -1.12977 0.0340514 0.477248 0.187487 -0.0673615 
0.637948 -0.86321 -0.13984 0.352313 0.163026 -0.0650374 
0.55083 -0.61314 -0.292878 0.236473 0.136869 -0.0614264 
0.492084 -0.427018 -0.441213 0.140501 0.122344 -0.0587963 
0.410545 -0.13968 -0.563493 0.0137487 0.0976078 -0.0554066 
0.386224 -0.12834 -0.584734 0.00830773 0.0940097 -0.0572844 
0.419672 -0.138189 -0.55483 0.0142274 0.0996145 -0.0549184 
0.406112 -0.110884 -0.567166 0.00356601 0.100948 -0.0567486 
0.401098 -0.0739265 -0.552559 -0.00433666 0.0937746 -0.054736 
0.400588 -0.108777 -0.577705 0.00407641 0.0995747 -0.0564964 
0.421323 -0.109897 -0.574937 0.00621152 0.10012 -0.0538201 
0.399605 -0.114938 -0.593014 0.00711548 0.0998945 -0.0560987 
0.397287 -0.135647 -0.561893 0.0146761 0.0931691 -0.0541285 
0.373714 -0.126264 -0.592215 0.0117517 0.0953173 -0.0567577 
0.382946 -0.12236 -0.568627 0.0109886 0.0913964 -0.0543301 
0.381121 -0.117363 -0.56326 0.0103595 0.0968427 -0.0558279 
0.398436 -0.114118 -0.551717 0.00786872 0.0937002 -0.0538258 
0.370373 -0.120109 -0.577284 0.0115445 0.0927975 -0.0557222 
0.380698 -0.104573 -0.573072 0.0070214 0.0905669 -0.0538775 
0.365781 -0.110375 -0.596477 0.0110627 0.0926514 -0.0558401 
0.364471 -0.124409 -0.602616 0.0122704 0.087692 -0.0544382 
0.348579 -0.134074 -0.608047 0.0190064 0.0885227 -0.0553902 
0.361391 -0.124949 -0.610322 0.0125944 0.0871996 -0.0545336 
0.354963 -0.156287 -0.611531 0.0234248 0.0879325 -0.0555212 
0.360438 -0.135184 -0.619845 0.0152775 0.0876189 -0.0550556 
0.344454 -0.136429 -0.608454 0.0196334 0.0841835 -0.0555995 
0.359444 -0.119332 -0.606597 0.0104043 0.0863274 -0.0554317 
0.372814 -0.138785 -0.589068 0.0202476 0.0896083 -0.0548464 
0.363632 -0.114542 -0.580868 0.00863444 0.0872835 -0.0557283 
0.361203 -0.116895 -0.581104 0.0126528 0.0860231 -0.0552534 
0.386366 -0.0902791 -0.570829 0.00102392 0.0952684 -0.0557221 
0.385798 -0.10127 -0.560438 0.00686162 0.0919176 -0.0544133 
0.379105 -0.0858125 -0.588304 -0.00140037 0.0938604 -0.0554759 
0.39229 -0.0930875 -0.595179 0.0056603 0.0938174 -0.05381 
0.387079 -0.0861723 -0.589732 -0.000600011 0.095642 -0.0556009 
0.386158 -0.117729 -0.576652 0.0105734 0.0918843 -0.0536151 
0.371212 -0.122226 -0.610566 0.00988016 0.0942476 -0.0559608 
0.381657 -0.129997 -0.589775 0.0135019 0.0902799 -0.0543256 
0.37491 -0.137154 -0.59653 0.0119196 0.0931327 -0.0563627 
0.38872 -0.163107 -0.572456 0.0205017 0.0903617 -0.0537895 
0.372161 -0.124853 -0.596751 0.00756038 0.0922241 -0.0568015 
0.400794 -0.129523 -0.541442 0.00899344 0.0928485 -0.0540608 
0.404436 -0.121408 -0.557049 0.0059969 0.0993273 -0.0557753 
0.415461 -0.115701 -0.536481 0.00585626 0.0952915 -0.053235 
0.397795 -0.112739 -0.559293 0.00493339 0.0979061 -0.0556285 
0.405705 -0.120963 -0.548888 0.00799093 0.0939473 -0.0532777 
0.382359 -0.103305 -0.589345 0.00373864 0.0947768 -0.0558701 
0.379523 -0.097006 -0.576108 0.0034891 0.0884309 -0.0538164 
0.382993 -0.0952521 -0.604101 0.00384207 0.0960739 -0.0550698 
0.382076 -0.0781569 -0.594949 -0.00122534 0.0902604 -0.0531616 
0.365398 -0.0906633 -0.60858 0.00418606 0.0934173 -0.0550674 
0.376934 -0.0813614 -0.599024 0.000874951 0.0912567 -0.0529775 
0.356121 -0.0874466 -0.621858 0.0028657 0.0928561 -0.0547358 
0.342789 -0.0858657 -0.598433 0.000347032 0.084363 -0.0539702 
0.355727 -0.0926456 -0.61368 0.00545423 0.0920376 -0.0550259 
0.379361 -0.0941545 -0.612758 0.00355821 0.0899438 -0.053609 
0.375964 -0.124064 -0.608277 0.0147903 0.0938121 -0.0545775 
0.408496 -0.106556 -0.598271 0.00734942 0.0979521 -0.0529952 
0.40316 -0.104342 -0.602628 0.0112154 0.0966831 -0.0533876 
0.397428 -0.1059 -0.59613 0.00846484 0.0921086 -0.0528805 
0.387694 -0.113381 -0.605895 0.0139957 0.0940731 -0.0534385 
0.372188 -0.0807851 -0.621401 0.00167402 0.0890261 -0.0537277 
0.361784 -0.102554 -0.580126 0.0117079 0.0866085 -0.0537516 
0.372664 -0.0953723 -0.595595 0.00548372 0.0925969 -0.0537508 
0.387637 -0.117821 -0.581998 0.0143509 0.0950682 -0.0529174 
0.388695 -0.103816 -0.572806 0.00689247 0.0969324 -0.053548 
0.394831 -0.11931 -0.551731 0.0145983 0.0962061 -0.052494 
0.400637 -0.113937 -0.581165 0.00829208 0.101054 -0.0537935 
0.411144 -0.136408 -0.557941 0.0167148 0.100263 -0.0525301 
0.387745 -0.100978 -0.573862 0.00432158 0.0980422 -0.0541957 
0.399439 -0.10997 -0.578956 0.00933441 0.0954057 -0.0528816 
0.396794 -0.10271 -0.599806 0.00391975 0.0999492 -0.0549956 
0.383995 -0.0871997 -0.618647 0.00393105 0.0920505 -0.0532932 
0.356091 -0.0674929 -0.638571 -0.00276783 0.0917584 -0.0555109 
0.378326 -0.108929 -0.607778 0.00950851 0.0914717 -0.05285 
0.367303 -0.104127 -0.615705 0.00747127 0.0938083 -0.0544171 
0.37903 -0.118887 -0.596193 0.0129542 0.0906803 -0.0518659 
0.37035 -0.14707 -0.581039 0.0200552 0.094855 -0.0539422 
0.396706 -0.152498 -0.572615 0.0206562 0.0950293 -0.0518475 
0.394363 -0.136231 -0.596731 0.0175028 0.100971 -0.0538244 
0.398326 -0.126033 -0.58731 0.0152708 0.0976246 -0.0519853 
0.394722 -0.144904 -0.586887 0.02187 0.100206 -0.0537794 
0.409885 -0.120847 -0.603389 0.0127327 0.0999677 -0.0526446 
0.400825 -0.115524 -0.600809 0.0152095 0.101561 -0.0536637 
0.395244 -0.0909395 -0.59812 0.00591632 0.0985297 -0.0531886 
0.388705 -0.110285 -0.587738 0.0129362 0.0968009 -0.0531065 
0.374018 -0.0728863 -0.626424 -0.000408871 0.0931735 -0.0528946 
0.373367 -0.0902704 -0.595682 0.00821444 0.0922399 -0.0530889 
0.365641 -0.0885127 -0.595669 0.00387944 0.0908872 -0.053218 
0.379212 -0.121006 -0.578869 0.0156576 0.0916991 -0.0527834 
0.381488 -0.102074 -0.583748 0.00637417 0.0952978 -0.0541257 
0.408324 -0.131245 -0.528995 0.0184967 0.0985587 -0.052435 
0.380962 -0.10962 -0.580202 0.0103493 0.095252 -0.0536256 
0.392785 -0.126626 -0.581569 0.0169406 0.0936824 -0.0525152 
0.370298 -0.101031 -0.607634 0.00722532 0.0934674 -0.0543433 
0.375019 -0.107307 -0.604323 0.0117595 0.0912652 -0.0524644 
0.354151 -0.0910705 -0.627879 0.00342224 0.0901104 -0.0547415 
0.373525 -0.119255 -0.589745 0.0111308 0.0889589 -0.0525611 
0.364353 -0.124468 -0.591565 0.0109869 0.0932657 -0.0545872 
0.366973 -0.127231 -0.588178 0.0127763 0.08765 -0.0524449 
0.360269 -0.122034 -0.59485 0.00968526 0.0914473 -0.0543658 
0.373166 -0.119131 -0.590462 0.00954334 0.089605 -0.0518368 
0.378436 -0.118454 -0.584133 0.0093619 0.0946777 -0.0535217 
0.38365 -0.110236 -0.555631 0.00577591 0.0897434 -0.0514548 
0.385123 -0.123428 -0.555337 0.010387 0.0948543 -0.0528588 
0.385719 -0.126365 -0.550867 0.00902252 0.0908502 -0.0519827 
0.374459 -0.128387 -0.568799 0.0116418 0.0921458 -0.0534852 
0.375684 -0.112189 -0.567832 0.0046281 0.0903897 -0.0520005 
0.379646 -0.124883 -0.589553 0.0115764 0.0937228 -0.0526902 
0.379338 -0.106524 -0.602528 0.0047764 0.0925221 -0.0528355 
0.395565 -0.10648 -0.585676 0.00993107 0.097827 -0.0522755 
0.408834 -0.100314 -0.577167 0.00373612 0.101925 -0.0528384 
0.398256 -0.1258 -0.589619 0.0157225 0.0974142 -0.0526917 
0.393798 -0.108068 -0.596996 0.00843582 0.098777 -0.0532508 
0.413295 -0.122274 -0.579692 0.0148675 0.100054 -0.0514131 
0.390206 -0.107734 -0.627099 0.00865241 0.0998919 -0.0531036 
0.38606 -0.107885 -0.634318 0.0136141 0.0961961 -0.0511053 
0.38368 -0.0826715 -0.633224 0.00359416 0.1033 -0.05269 
0.38944 -0.075475 -0.638985 0.00519954 0.0998578 -0.0505992 
0.37689 -0.0801698 -0.645758 0.00550327 0.103773 -0.0526584 
0.400684 -0.0999851 -0.616814 0.0123567 0.102614 -0.0503797 
0.405232 -0.103268 -0.610504 0.0139205 0.111135 -0.0521272 
0.440534 -0.120131 -0.620992 0.0209857 0.116097 -0.0500465 
0.448927 -0.149705 -0.603783 0.0291755 0.125751 -0.0519397 
0.448925 -0.149507 -0.585072 0.0319309 0.120903 -0.0501651 
0.439869 -0.174954 -0.5926 0.0433013 0.124548 -0.0517284 
0.44314 -0.205944 -0.586372 0.0536931 0.120201 -0.0502537 
0.433343 -0.241774 -0.552634 0.0703638 0.122467 -0.0512422 
0.412827 -0.251998 -0.56021 0.0795236 0.11411 -0.050441 
0.417539 -0.302962 -0.546887 0.103017 0.118725 -0.0511644 
0.422964 -0.34054 -0.545164 0.120239 0.117589 -0.0499331 
0.412151 -0.398686 -0.537253 0.150948 0.11764 -0.0505216 
0.388267 -0.415453 -0.569803 0.163694 0.110816 -0.0511935 
0.428659 -0.49021 -0.535 0.199986 0.12245 -0.0502621 
0.446397 -0.539266 -0.5468 0.224773 0.127973 -0.0506375 
0.461746 -0.627121 -0.512278 0.267291 0.131716 -0.0507903 
0.475884 -0.670607 -0.518698 0.291344 0.138069 -0.0516373 
0.507177 -0.779752 -0.46942 0.342346 0.145596 -0.0504231 
0.505351 -0.847727 -0.465409 0.373437 0.149639 -0.0527229 
0.526435 -0.950866 -0.428274 0.42289 0.153528 -0.051099 
0.514278 -1.01297 -0.430741 0.457337 0.155649 -0.052626 
0.51682 -1.12189 -0.391322 0.51044 0.150947 -0.0510568 
0.524316 -1.19768 -0.341911 0.548895 0.160614 -0.0532893 
0.537264 -1.28451 -0.278707 0.596869 0.163612 -0.0512995 
0.521831 -1.35894 -0.224215 0.636538 0.169925 -0.053729 
0.574268 -1.47036 -0.0704837 0.687913 0.182355 -0.0512263 
0.587768 -1.56197 0.0310139 0.732692 0.199164 -0.0532777 
0.623589 -1.67508 0.141655 0.786228 0.206298 -0.0505472 
0.650324 -1.78813 0.213417 0.840295 0.221651 -0.0525168 
0.69659 -1.89588 0.306808 0.893811 0.230144 -0.0503385 
0.700477 -1.99466 0.346143 0.944847 0.242533 -0.0529711 
0.7203 -2.10822 0.452646 0.997512 0.243395 -0.0512077 
0.722427 -2.21623 0.487186 1.04952 0.248515 -0.053879 
0.738748 -2.29083 0.553984 1.08767 0.249409 -0.0528286 
0.733641 -2.39322 0.665462 1.13302 0.256817 -0.0548191 
0.757854 -2.4336 0.731416 1.15639 0.259538 -0.0545076 
0.782477 -2.48707 0.772704 1.18147 0.27 -0.0550213 
0.777501 -2.47686 0.817339 1.17743 0.268695 -0.0544797 
0.774094 -2.4871 0.840672 1.177 0.265514 -0.0552947 
0.770693 -2.43154 0.833526 1.15103 0.264849 -0.0554564 
0.755628 -2.42083 0.84243 1.13949 0.257284 -0.0551751 
0.771988 -2.318 0.805439 1.09209 0.262395 -0.0560671 
0.779796 -2.23554 0.76594 1.05105 0.260841 -0.0547799 
0.758217 -2.13356 0.726126 1.00052 0.258241 -0.055737 
0.778769 -2.02513 0.630123 0.946094 0.254823 -0.054934 
0.777586 -1.87636 0.510404 0.874187 0.259078 -0.0561313 
0.778694 -1.77459 0.450576 0.822615 0.25007 -0.0542491 
0.809601 -1.70698 0.405227 0.788294 0.262914 -0.0554484 
0.801493 -1.65478 0.36 0.760596 0.252521 -0.0534677 
0.777135 -1.63642 0.339232 0.749294 0.248429 -0.0552851 
0.754603 -1.64519 0.355426 0.753289 0.232453 -0.0539821 
0.717937 -1.70889 0.354702 0.781383 0.23256 -0.0575634 
0.68922 -1.73139 0.372752 0.790559 0.216194 -0.0564144 
0.70493 -1.76055 0.373456 0.807939 0.226525 -0.0584228 
0.729891 -1.8077 0.414016 0.827539 0.230062 -0.0563449 
0.73299 -1.86769 0.428899 0.853816 0.240565 -0.058337 
0.750385 -1.86129 0.441921 0.853263 0.236173 -0.0567451 
0.760373 -1.89943 0.475949 0.873977 0.244549 -0.0583368 
0.744944 -1.95199 0.517923 0.892201 0.237981 -0.0584017 
0.737146 -1.98774 0.499607 0.91246 0.23875 -0.0597325 
0.771985 -2.00443 0.541903 0.921603 0.244822 -0.0588736 
0.771433 -2.0673 0.574636 0.950626 0.245942 -0.0602664 
0.727357 -2.10665 0.585864 0.971137 0.231677 -0.0617668 
0.784276 -2.15403 0.624783 0.999815 0.247562 -0.0609265 
0.782436 -2.1754 0.660614 1.01242 0.247043 -0.0618873 
0.735155 -2.21474 0.669857 1.03322 0.231683 -0.0624566 
0.760111 -2.21721 0.678345 1.03554 0.24386 -0.0630327 
0.792726 -2.23793 0.66984 1.04456 0.252316 -0.0611734 
0.779978 -2.21744 0.670809 1.03835 0.252655 -0.0632224 
0.806794 -2.21582 0.682877 1.04121 0.252061 -0.0614179 
0.815364 -2.21442 0.694213 1.03512 0.258468 -0.0630275 
0.775343 -2.2322 0.69008 1.03734 0.239606 -0.0619341 
0.778762 -2.23853 0.703197 1.03722 0.242273 -0.0649086 
0.745926 -2.21305 0.685653 1.02224 0.226667 -0.0631608 
0.707451 -2.21672 0.673674 1.01764 0.223655 -0.0658862 
0.766822 -2.21221 0.683307 1.01946 0.230663 -0.0632855 
0.79098 -2.19996 0.69037 1.0162 0.242217 -0.0650393 
0.790739 -2.18384 0.683318 1.0083 0.235659 -0.0634818 
0.795633 -2.21052 0.67073 1.01646 0.2402 -0.0655203 
0.811096 -2.20105 0.687541 1.01073 0.240319 -0.0640396 
0.76904 -2.21115 0.675097 1.00976 0.231234 -0.0659196 
0.766339 -2.18164 0.65654 0.993466 0.225683 -0.0658683 
0.74299 -2.181 0.661409 0.990029 0.222609 -0.0670503 
0.749411 -2.15997 0.668216 0.982709 0.221854 -0.0667405 
0.754843 -2.16575 0.64274 0.981674 0.225207 -0.066492 
0.742378 -2.14056 0.613979 0.971904 0.225494 -0.0668454 
0.770392 -2.20309 0.645176 1.00056 0.230616 -0.0654035 
0.783846 -2.20555 0.631974 1.0008 0.237341 -0.0661544 
0.787586 -2.21619 0.628984 1.00423 0.235302 -0.0654011 
0.799639 -2.18519 0.629002 0.997469 0.238865 -0.0674367 
0.84948 -2.19317 0.646041 0.999508 0.247762 -0.0659472 
0.830923 -2.16849 0.642266 0.990819 0.249823 -0.0683398 
0.877231 -2.20313 0.671549 1.01109 0.254756 -0.0659764 
0.916488 -2.24441 0.715891 1.03047 0.273826 -0.0670515 
0.878389 -2.32007 0.77398 1.06534 0.257478 -0.0664592 
0.88675 -2.38848 0.802164 1.09871 0.263302 -0.0685859 
0.856872 -2.42525 0.829271 1.1172 0.246659 -0.0673101 
0.802066 -2.45211 0.834132 1.12605 0.23605 -0.0707148 
0.778592 -2.43817 0.817081 1.12017 0.220384 -0.0696116 
0.802557 -2.43175 0.789379 1.11266 0.23393 -0.0709292 
0.741869 -2.37878 0.796498 1.09019 0.209326 -0.0704936 
0.79187 -2.33626 0.777709 1.0671 0.226904 -0.0699414 
0.809297 -2.27849 0.769471 1.04064 0.227434 -0.0683421 
0.797652 -2.27842 0.779629 1.03946 0.225771 -0.0700385 
0.771541 -2.23528 0.760731 1.02419 0.215653 -0.0697251 
0.807431 -2.24704 0.730359 1.02854 0.228266 -0.069875 
0.753936 -2.26234 0.717376 1.03377 0.212156 -0.0718508 
0.759214 -2.29492 0.6984 1.04624 0.212516 -0.0717246 
0.757548 -2.2835 0.662881 1.04063 0.21456 -0.0724405 
0.799957 -2.28631 0.667325 1.04155 0.221096 -0.0718524 
0.780761 -2.26812 0.650264 1.03017 0.218977 -0.0730207 
0.812426 -2.25282 0.659083 1.02606 0.222598 -0.0710452 
0.788965 -2.21782 0.640881 1.00911 0.219056 -0.0736047 
0.765839 -2.20642 0.658008 1.00172 0.206539 -0.072298 
0.760698 -2.19667 0.653641 0.994898 0.211524 -0.0738352 
0.778499 -2.16037 0.663795 0.980213 0.211223 -0.0720863 
0.772643 -2.12531 0.625206 0.964193 0.217968 -0.0737062 
0.819315 -2.10138 0.643331 0.956075 0.222495 -0.0699633 
0.852283 -2.09453 0.603128 0.952206 0.236005 -0.0713487 
0.820202 -2.07884 0.583778 0.944852 0.219491 -0.0698476 
0.833737 -2.09712 0.58974 0.949672 0.226693 -0.0714051 
0.836173 -2.04608 0.549211 0.925114 0.218338 -0.0696619 
0.811839 -2.02633 0.503261 0.914771 0.216387 -0.0713436 
0.815635 -1.98935 0.47727 0.894453 0.210253 -0.0699767 
0.821992 -1.95725 0.430981 0.875345 0.21167 -0.0713071 
0.769028 -1.88885 0.353175 0.842655 0.192841 -0.071548 
0.798607 -1.89508 0.377112 0.842 0.204455 -0.0720322 
0.798153 -1.82489 0.341981 0.812038 0.203677 -0.0720426 
0.787694 -1.79219 0.322138 0.797916 0.199364 -0.0722015 
0.758199 -1.74902 0.298338 0.774158 0.192997 -0.0723159 
0.796431 -1.71039 0.275311 0.755431 0.201931 -0.0709493 
0.797315 -1.63402 0.2116 0.719565 0.204151 -0.072497 
0.779131 -1.55766 0.171734 0.680854 0.194481 -0.0712692 
0.754827 -1.46185 0.128057 0.634838 0.194955 -0.0726866 
0.811277 -1.39806 0.0966569 0.603779 0.205266 -0.0699132 
0.80176 -1.33505 0.0695202 0.57041 0.208388 -0.0713493 
0.80176 -1.33505 0.0695202 0.57041 0.208388 -0.0713493 
