0.553493 -0.277541 -0.517223 0.0619469 0.13983 -0.0650713 
0.574519 -0.287421 -0.421722 0.0437193 0.141029 -0.0651439 
0.570925 -0.29839 -0.519418 0.0706819 0.135128 -0.0613527 
0.500368 -0.282842 -0.580144 0.0458498 0.124168 -0.0703145 
0.526369 -0.242306 -0.526991 0.0512154 0.122452 -0.064477 
0.53517 -0.234201 -0.605921 0.0340846 0.140865 -0.0685664 
0.614526 -0.273794 -0.519188 0.0579496 0.138692 -0.0600176 
0.586678 -0.15104 -0.594976 0.0104272 0.152386 -0.0663553 
0.563083 -0.278728 -0.432543 0.0626539 0.117533 -0.0577313 
0.573097 -0.265813 -0.646898 0.0483551 0.151541 -0.0698208 
0.536987 -0.299061 -0.487391 0.0642008 0.118279 -0.0591537 
0.542532 -0.196302 -0.672606 0.0305239 0.152772 -0.0695543 
0.639132 -0.249502 -0.495403 0.0479763 0.135768 -0.0576507 
0.507399 -0.299358 -0.454252 0.0629931 0.141042 -0.066518 
0.551371 -0.239583 -0.507111 0.0486008 0.115806 -0.0577029 
0.568521 -0.281886 -0.537299 0.0570487 0.152906 -0.069825 
0.528429 -0.208576 -0.527042 0.0400356 0.115547 -0.0590898 
0.553812 -0.251251 -0.619141 0.0480177 0.154657 -0.0683748 
0.538799 -0.213517 -0.500911 0.0328937 0.115637 -0.0586125 
0.554599 -0.369361 -0.441621 0.0820533 0.144216 -0.0675247 
0.522446 -0.206504 -0.467315 0.0336902 0.112448 -0.0582749 
0.478451 -0.36137 -0.520855 0.0768785 0.132446 -0.0712469 
0.567803 -0.180005 -0.471561 0.0248188 0.126924 -0.0597446 
0.483994 -0.229003 -0.468461 0.0456352 0.125413 -0.0659422 
0.604073 -0.250019 -0.601537 0.0367582 0.132324 -0.0589672 
0.572833 -0.236643 -0.606332 0.0508256 0.141158 -0.0622961 
0.522502 -0.205861 -0.537679 0.0282071 0.122533 -0.0603582 
0.52677 -0.300025 -0.538284 0.0614939 0.139495 -0.0653078 
0.565877 -0.172824 -0.51661 0.0135404 0.14083 -0.0611965 
0.522509 -0.31982 -0.407509 0.0654092 0.123478 -0.0600453 
0.454235 -0.266934 -0.573508 0.0362872 0.113191 -0.0663616 
0.529566 -0.18331 -0.563693 0.037455 0.124658 -0.0607749 
0.483217 -0.2842 -0.511468 0.0388253 0.127793 -0.0663264 
0.562308 -0.187735 -0.598371 0.0363383 0.132366 -0.0618905 
0.534261 -0.235818 -0.492166 0.0295993 0.140352 -0.0639578 
0.607932 -0.272571 -0.492421 0.0599628 0.130653 -0.0537961 
0.471504 -0.204981 -0.627163 0.0268812 0.123023 -0.0685448 
0.492005 -0.254321 -0.463588 0.0561421 0.109044 -0.0569754 
0.493173 -0.164208 -0.555414 0.017201 0.134439 -0.0677519 
0.560906 -0.198454 -0.441355 0.0348463 0.121565 -0.0545934 
0.468958 -0.231061 -0.52759 0.0380054 0.130141 -0.0653683 
0.537151 -0.216027 -0.438588 0.0410798 0.111575 -0.0552411 
0.460743 -0.122266 -0.60649 0.0193128 0.126381 -0.0663158 
0.519834 -0.178144 -0.594971 0.0294697 0.114275 -0.0577404 
0.552592 -0.242026 -0.523039 0.0426336 0.157454 -0.063833 
0.561367 -0.19508 -0.405245 0.0242371 0.117573 -0.0554792 
0.535371 -0.254934 -0.534826 0.0567846 0.138516 -0.0616051 
0.5381 -0.196171 -0.515974 0.028495 0.121371 -0.0571764 
0.502554 -0.218717 -0.506922 0.047679 0.13258 -0.0646282 
0.541878 -0.111976 -0.581611 0.00585289 0.123718 -0.0585301 
0.510475 -0.270821 -0.511206 0.0572229 0.134093 -0.0617597 
0.479587 -0.213546 -0.487821 0.0241684 0.110299 -0.0603804 
0.491385 -0.268716 -0.373227 0.0550801 0.124045 -0.0616926 
0.53797 -0.137171 -0.678436 0.00950191 0.125742 -0.0614994 
0.483983 -0.236797 -0.461267 0.0463253 0.118881 -0.0625111 
0.545866 -0.238704 -0.386158 0.0258797 0.134107 -0.0602241 
0.564849 -0.230812 -0.414781 0.0452686 0.132179 -0.0550513 
0.482916 -0.115922 -0.528041 -0.00266801 0.113337 -0.0621642 
0.564665 -0.268937 -0.529657 0.0604191 0.131717 -0.0584074 
0.53404 -0.196563 -0.639326 0.023548 0.138095 -0.0652069 
0.541019 -0.207769 -0.550129 0.0354682 0.125887 -0.0574371 
0.539619 -0.16459 -0.497853 0.0127772 0.136847 -0.0617742 
0.537284 -0.246925 -0.48099 0.0485634 0.116464 -0.0531079 
0.472331 -0.238833 -0.435453 0.0268892 0.12559 -0.0641359 
0.514746 -0.282501 -0.407455 0.0585596 0.111821 -0.0576238 
0.522241 -0.21508 -0.548737 0.0315196 0.143106 -0.0669187 
0.527429 -0.276308 -0.356856 0.0490067 0.114831 -0.0551348 
0.497048 -0.154532 -0.659076 0.0203592 0.133683 -0.0655556 
0.523726 -0.265756 -0.494794 0.046493 0.109176 -0.0536493 
0.471971 -0.157301 -0.593736 0.0235897 0.127207 -0.0660739 
0.52896 -0.170587 -0.463045 0.0205966 0.116299 -0.0555374 
0.513345 -0.243234 -0.533897 0.0417466 0.142455 -0.0638328 
0.501723 -0.181183 -0.483044 0.0159087 0.109785 -0.057305 
0.528323 -0.17353 -0.543769 0.0329456 0.1345 -0.061412 
0.45541 -0.173589 -0.536497 0.0204185 0.100596 -0.0584792 
0.490673 -0.243027 -0.496948 0.0480359 0.128896 -0.0630887 
0.472446 -0.148283 -0.411232 0.0047293 0.11488 -0.0604802 
0.551888 -0.226518 -0.444481 0.0481742 0.14001 -0.0569573 
0.478689 -0.139387 -0.657307 0.00600753 0.113959 -0.0605201 
0.539143 -0.218414 -0.570507 0.0487706 0.127904 -0.0574897 
0.478724 -0.0950655 -0.589161 -0.00386172 0.119493 -0.0601215 
0.579762 -0.287026 -0.441343 0.0631388 0.137933 -0.058461 
0.493605 -0.180707 -0.566929 0.0173615 0.128602 -0.0629215 
0.554236 -0.251905 -0.605133 0.0563196 0.124328 -0.0561406 
0.466815 -0.207102 -0.464324 0.0272248 0.115499 -0.0614483 
0.513802 -0.234369 -0.527083 0.0536417 0.116741 -0.0551119 
0.530613 -0.0878872 -0.655658 -0.00213437 0.142036 -0.0653022 
0.542586 -0.226351 -0.475259 0.0390853 0.122702 -0.0547953 
0.449523 -0.112453 -0.660372 0.00755241 0.12338 -0.0634924 
0.568222 -0.213325 -0.55326 0.0373783 0.119824 -0.0515033 
0.394457 -0.145148 -0.642293 0.0119491 0.108416 -0.0680165 
0.503045 -0.209826 -0.502018 0.0362949 0.111089 -0.0551893 
0.46714 -0.176648 -0.591034 0.0248527 0.128201 -0.0670397 
0.504796 -0.165002 -0.553613 0.0252381 0.110802 -0.0536731 
0.452449 -0.212883 -0.531671 0.0420099 0.123394 -0.0634169 
0.506832 -0.241351 -0.464143 0.0524578 0.108214 -0.0547836 
0.522118 -0.30334 -0.533287 0.0753014 0.139234 -0.0638482 
0.504717 -0.345942 -0.430343 0.0918501 0.119301 -0.0548096 
0.503327 -0.426474 -0.474546 0.121603 0.144806 -0.0652742 
0.56513 -0.363129 -0.408187 0.116716 0.138524 -0.0548707 
0.546877 -0.509828 -0.516057 0.173567 0.152071 -0.061049 
0.570247 -0.508832 -0.494763 0.175195 0.13803 -0.0553108 
0.56861 -0.632906 -0.516793 0.232454 0.161385 -0.0627005 
0.61273 -0.601339 -0.500865 0.226093 0.159525 -0.0579797 
0.592199 -0.766897 -0.498522 0.295887 0.168887 -0.060312 
0.577679 -0.711918 -0.50239 0.290772 0.151743 -0.0594273 
0.608908 -1.02072 -0.359651 0.399166 0.166497 -0.0595213 
0.514145 -0.949893 -0.479771 0.383094 0.137863 -0.0611335 
0.560916 -1.11641 -0.413519 0.466865 0.154655 -0.0616535 
0.577908 -1.09126 -0.447291 0.453352 0.164055 -0.0629574 
0.610293 -1.31403 -0.330405 0.551564 0.167466 -0.0580468 
0.674601 -1.45267 -0.11941 0.589931 0.192307 -0.0616047 
0.73168 -1.51174 -0.098591 0.634385 0.214446 -0.0533432 
0.721525 -1.53387 -0.00540534 0.645665 0.23257 -0.0628745 
0.871254 -1.72299 0.203071 0.720727 0.263709 -0.0539515 
0.898903 -1.72736 0.261533 0.724771 0.319942 -0.0604743 
0.917656 -1.89931 0.477489 0.792791 0.269323 -0.0526976 
0.863942 -1.95228 0.472513 0.828441 0.287233 -0.0628837 
0.968585 -2.19399 0.722497 0.924948 0.314066 -0.0517209 
0.86928 -2.16638 0.645364 0.934223 0.32877 -0.0679579 
0.925692 -2.4056 0.868369 1.02236 0.296718 -0.0563096 
1.04981 -2.51428 0.892753 1.08375 0.379809 -0.0593507 
0.928469 -2.66369 1.0092 1.15147 0.303756 -0.0520616 
1.07424 -2.87176 1.11983 1.23971 0.394032 -0.0639726 
1.15057 -2.97826 1.14466 1.29117 0.376808 -0.0545929 
1.09828 -3.12917 1.21362 1.36723 0.417711 -0.0634376 
1.18311 -3.27688 1.35319 1.4331 0.383749 -0.0578644 
1.20158 -3.49808 1.62964 1.53173 0.435753 -0.0651848 
1.08952 -3.63358 1.67412 1.59309 0.368932 -0.060945 
1.15465 -3.8308 1.67598 1.69835 0.394963 -0.0723785 
1.31942 -3.95314 1.93027 1.73936 0.451308 -0.0589434 
1.21003 -4.08184 1.93689 1.81899 0.410932 -0.0724593 
1.45835 -4.20304 2.25636 1.87375 0.484613 -0.0541256 
1.18316 -4.40119 2.28334 1.95932 0.400072 -0.0703894 
1.13428 -4.39736 2.24423 1.97797 0.395233 -0.0712454 
1.00624 -4.6893 2.53685 2.09894 0.343341 -0.0776228 
1.10339 -4.59908 2.55446 2.06534 0.379895 -0.0758498 
1.21463 -4.89923 2.74287 2.18672 0.398951 -0.071974 
1.33123 -4.82838 2.82809 2.18889 0.421961 -0.0732589 
0.846308 -5.07437 2.80923 2.2952 0.27533 -0.0808173 
0.872184 -5.11039 2.79163 2.30931 0.290138 -0.0873249 
1.47611 -5.19526 2.85048 2.36665 0.443753 -0.0751599 
1.06727 -5.16652 2.85255 2.34568 0.357277 -0.0875041 
1.11173 -5.36596 2.8575 2.44778 0.338504 -0.0792404 
1.00301 -5.27706 2.68597 2.43213 0.319335 -0.0896125 
0.995867 -5.39457 2.76758 2.46981 0.289465 -0.0818565 
0.957954 -5.29737 2.75462 2.46086 0.320831 -0.0911228 
1.13323 -5.47273 2.95467 2.50999 0.318303 -0.0812056 
1.01889 -5.36259 2.82018 2.47249 0.330534 -0.0923199 
1.11139 -5.3236 2.83773 2.47626 0.307282 -0.0784548 
0.727639 -5.31424 2.74862 2.45573 0.224932 -0.0968417 
1.0037 -5.149 2.91521 2.39987 0.258502 -0.0836755 
1.14397 -5.05183 2.62354 2.36399 0.33944 -0.0914818 
0.930185 -4.99187 2.88527 2.33262 0.253518 -0.0839157 
0.733635 -4.80686 2.57697 2.24574 0.21623 -0.0937323 
1.07976 -4.62141 2.27939 2.16117 0.303766 -0.0788837 
0.920341 -4.57099 2.08207 2.11694 0.263442 -0.0878257 
1.45797 -4.39376 2.09552 2.04713 0.403472 -0.0785466 
0.719678 -4.18939 1.78323 1.96273 0.207145 -0.0909159 
1.00194 -4.08327 1.64149 1.88548 0.27605 -0.0870004 
1.14092 -3.96473 1.55926 1.82404 0.32417 -0.0776169 
0.91384 -3.41581 1.09422 1.59448 0.238022 -0.0862949 
0.91149 -3.52519 1.04251 1.62455 0.241929 -0.0840156 
1.03469 -3.19655 0.995187 1.48492 0.287008 -0.0795113 
0.789524 -3.21323 0.91615 1.47446 0.209137 -0.0849025 
0.909818 -2.88268 0.813652 1.3404 0.243057 -0.0816464 
0.69516 -2.80998 0.566464 1.28422 0.166942 -0.0812026 
0.746565 -2.51015 0.399583 1.16033 0.197344 -0.0856211 
0.895729 -2.43538 0.276162 1.10752 0.228017 -0.0774913 
0.916149 -2.15854 0.086442 0.987569 0.263678 -0.0850226 
0.773445 -2.05341 0.140876 0.923023 0.182254 -0.0751967 
0.960214 -1.84454 0.104809 0.819147 0.270137 -0.0792909 
0.87196 -1.92081 0.0317713 0.851049 0.200927 -0.0747948 
0.822912 -1.80364 -0.00949186 0.79839 0.235889 -0.083798 
0.81909 -1.64546 0.087249 0.728128 0.190918 -0.0740005 
0.737351 -1.71925 0.0284162 0.742537 0.206089 -0.0847311 
0.752133 -1.64703 0.176102 0.716735 0.180891 -0.0722336 
1.03433 -1.54582 0.0898398 0.684871 0.287202 -0.0778476 
1.03433 -1.54582 0.0898398 0.684871 0.287202 -0.0778476 
0.411429 -0.10335 -0.58737 0.00729477 0.0822472 -0.0448504 
0.33294 -0.0637812 -0.680233 0.00121569 0.09464 -0.0591658 
0.332262 -0.0516136 -0.561181 -0.0112871 0.067454 -0.0518085 
0.401795 -0.245007 -0.540772 0.0537233 0.122041 -0.0575495 
0.34733 -0.00574447 -0.525626 -0.0339075 0.0711267 -0.0519888 
0.339305 -0.117319 -0.71325 0.0111572 0.0849386 -0.0584045 
0.376748 -0.200163 -0.458334 0.0299301 0.0785212 -0.0505 
0.411047 -0.0690281 -0.668958 -0.00131092 0.106083 -0.0578789 
0.295605 -0.0782455 -0.668548 -0.0100392 0.0682087 -0.0588624 
0.404881 -0.200976 -0.597817 0.031094 0.104455 -0.0561933 
0.450314 -0.0933873 -0.547362 -0.0114973 0.104061 -0.0546417 
0.377121 -0.171574 -0.58732 0.0263728 0.0951513 -0.0549161 
0.345316 -0.205983 -0.53784 0.0228385 0.0798941 -0.0559183 
0.453003 -0.158188 -0.515482 0.0285344 0.107256 -0.0527297 
0.354956 -0.034516 -0.611697 -0.0270562 0.0893783 -0.0600214 
0.379324 -0.201054 -0.468926 0.0402337 0.0906277 -0.0541268 
0.389904 -0.128155 -0.547125 0.000134763 0.0983989 -0.0575874 
0.390937 -0.200443 -0.503322 0.0355345 0.0803817 -0.0492145 
0.310203 -0.0489295 -0.751864 -0.0135387 0.0877903 -0.0603477 
0.398318 -0.113684 -0.644915 0.0190462 0.0832074 -0.0523775 
0.329905 -0.0246371 -0.559857 -0.0295788 0.0955483 -0.0592416 
0.352219 -0.0949688 -0.578749 0.0144998 0.073584 -0.0493948 
0.256712 -0.116589 -0.628802 0.000716431 0.0728838 -0.0617259 
0.394888 -0.0911949 -0.615436 0.00715351 0.0752 -0.050525 
0.323196 -0.0890382 -0.594654 -0.000757895 0.0980724 -0.0629139 
0.392971 -0.0783721 -0.579267 0.00514138 0.0836149 -0.050494 
0.401106 -0.0682419 -0.636893 -0.00229126 0.111237 -0.0596133 
0.381587 -0.0479646 -0.630851 -0.00567423 0.0812182 -0.0490549 
0.317926 -0.13482 -0.597334 0.0174833 0.0894878 -0.060126 
0.420738 -0.0190318 -0.633008 -0.0136391 0.0878248 -0.0481908 
0.340981 -0.163088 -0.612856 0.028299 0.0981369 -0.0591467 
0.38969 -0.0365786 -0.672023 -0.015508 0.0854274 -0.0537628 
0.354656 -0.0708047 -0.540692 0.000915438 0.0965217 -0.0553287 
0.373763 -0.0884611 -0.650663 -0.00225286 0.0768545 -0.0509428 
0.328268 -0.226246 -0.584858 0.0471739 0.0829469 -0.0555747 
0.344297 -0.0622383 -0.658759 -0.0167853 0.0773707 -0.0551463 
0.395451 -0.134635 -0.565069 0.0275046 0.102776 -0.0538906 
0.348518 -0.0521426 -0.70581 -0.0166146 0.0829394 -0.0539176 
0.321627 -0.125157 -0.562616 0.0220547 0.0797409 -0.0528843 
0.284633 -0.101255 -0.678241 -0.000556699 0.0699607 -0.0580066 
0.369229 -0.139456 -0.600586 0.0269353 0.0836474 -0.0528887 
0.315341 -0.0317865 -0.663981 -0.0272383 0.0964558 -0.0607848 
0.433001 -0.226969 -0.497699 0.0443526 0.101812 -0.0500787 
0.412645 -0.157984 -0.616456 0.00944401 0.111787 -0.0572387 
0.413462 -0.146085 -0.512889 0.0275819 0.0854872 -0.0459004 
0.345471 -0.122103 -0.718461 0.00913754 0.100137 -0.0587888 
0.289449 -0.0912381 -0.627098 0.00640372 0.0608146 -0.0517033 
0.33703 -0.0951545 -0.521612 -0.00377963 0.0974874 -0.0610507 
0.428928 -0.20581 -0.501002 0.0353533 0.092004 -0.0469765 
0.463131 -0.131665 -0.659119 0.0110453 0.132363 -0.0574816 
0.299628 -0.102792 -0.565874 0.00983058 0.0523617 -0.0496561 
0.412613 -0.142837 -0.584472 0.0228776 0.115517 -0.0603639 
0.372406 -0.0474542 -0.667541 -0.00698998 0.0798616 -0.0503098 
0.395566 -0.164554 -0.495575 0.019461 0.115315 -0.0579044 
0.403568 -0.0526283 -0.569871 -0.00555289 0.0894231 -0.0482425 
0.311032 -0.10962 -0.663359 0.0156101 0.0856624 -0.0564752 
0.353078 -0.0250146 -0.737938 -0.0150393 0.0757219 -0.0526522 
0.381265 -0.150387 -0.572822 0.0274635 0.106123 -0.0562357 
0.34965 -0.0762478 -0.562015 -0.00901231 0.0782827 -0.0522968 
0.411204 -0.111687 -0.594139 0.0147252 0.111425 -0.0546663 
0.340463 -0.07115 -0.61314 -0.0129615 0.0731782 -0.0513031 
0.31985 -0.144705 -0.598975 0.0283494 0.0826678 -0.0566177 
0.385048 -0.0617629 -0.570414 -0.0181219 0.0947973 -0.0549243 
0.274893 -0.101827 -0.567081 0.0158476 0.0778377 -0.0554024 
0.346734 -0.0187363 -0.597287 -0.0271237 0.082435 -0.0564203 
0.45454 -0.115741 -0.59873 0.0204909 0.111526 -0.0511956 
0.424773 -0.0838656 -0.611182 -0.00680408 0.10166 -0.0554483 
0.430819 -0.121675 -0.609097 0.0213335 0.103262 -0.0534587 
0.352155 -0.0352699 -0.677746 -0.0186452 0.0912427 -0.0580656 
0.410632 -0.136822 -0.527129 0.0234758 0.100347 -0.049503 
0.39849 -0.0732072 -0.584072 -0.0178381 0.0977582 -0.0573635 
0.312375 -0.117028 -0.532626 0.0186399 0.064681 -0.0495076 
0.326654 -0.102939 -0.594414 -0.00326436 0.0884772 -0.0585076 
0.359587 -0.167762 -0.554966 0.0265221 0.0789887 -0.0528402 
0.365971 -0.062153 -0.580748 -0.0148572 0.107397 -0.0596008 
0.407192 -0.0880467 -0.654422 0.00791807 0.0905569 -0.0480623 
0.348271 -0.0297245 -0.673517 -0.017346 0.0988946 -0.0580401 
0.354893 -0.108935 -0.559292 0.0141083 0.0678246 -0.0489375 
0.40782 -0.0914276 -0.659651 0.000721031 0.111341 -0.0591296 
0.364701 -0.0691261 -0.611075 -0.000424775 0.077849 -0.046201 
0.407943 -0.114585 -0.558045 0.00254069 0.120555 -0.0597031 
0.452156 -0.137063 -0.418548 0.0137521 0.093501 -0.0445228 
0.355873 -0.0973318 -0.635772 0.00827903 0.0994688 -0.0583439 
0.368612 -0.0826115 -0.57754 -0.00347824 0.075707 -0.049379 
0.323015 -0.103563 -0.671212 0.0105026 0.0947545 -0.059373 
0.365544 -0.121131 -0.460604 0.00532588 0.0819127 -0.0507848 
0.439589 -0.106602 -0.515788 0.0124363 0.122694 -0.0538346 
0.393503 -0.0736224 -0.594614 -0.00379775 0.0844528 -0.0488179 
0.350084 -0.18391 -0.618628 0.03635 0.0965235 -0.0574168 
0.375971 -0.0714275 -0.625978 -0.00605686 0.0879543 -0.0529264 
0.380211 -0.131849 -0.564284 0.0238657 0.10177 -0.0553809 
0.316336 -0.0705636 -0.567941 -0.0111839 0.0800398 -0.0535041 
0.347251 -0.197546 -0.589157 0.0430904 0.0886657 -0.0528738 
0.320031 -0.0282134 -0.668397 -0.0209119 0.0808971 -0.0557413 
0.357144 -0.186256 -0.498441 0.0376146 0.0926396 -0.0534708 
0.242473 -0.0591205 -0.635561 -0.0131578 0.0731216 -0.0573924 
0.42167 -0.121631 -0.571224 0.0213761 0.103943 -0.0494963 
0.326305 -0.0396651 -0.635706 -0.016557 0.0900753 -0.0578647 
0.428214 -0.159072 -0.543127 0.0326012 0.0946318 -0.0456436 
0.352997 -0.113552 -0.639562 0.00256823 0.0998198 -0.0593108 
0.442833 -0.117339 -0.568949 0.0197619 0.101718 -0.0473768 
0.41142 -0.0676716 -0.688811 -0.00326717 0.123172 -0.05794 
0.471874 -0.0987566 -0.502989 0.0117341 0.109488 -0.0443378 
0.411505 -0.115785 -0.646522 0.0159198 0.123272 -0.0547782 
0.457823 -0.124328 -0.57363 0.0265859 0.107063 -0.046158 
0.431972 -0.182132 -0.60624 0.0381889 0.13603 -0.057966 
0.492529 -0.176828 -0.581365 0.0413007 0.12561 -0.0465065 
0.463304 -0.205191 -0.607624 0.0607933 0.146159 -0.0543431 
0.465064 -0.153783 -0.517343 0.0405627 0.118733 -0.0461209 
0.472238 -0.321952 -0.612644 0.101379 0.147631 -0.0540605 
0.500497 -0.209652 -0.685919 0.0630456 0.135445 -0.0487925 
0.526489 -0.258527 -0.590495 0.0885976 0.169093 -0.0516575 
0.447707 -0.297624 -0.609004 0.0987454 0.142324 -0.051793 
0.540061 -0.459384 -0.459613 0.164922 0.166183 -0.0489592 
0.524435 -0.382304 -0.508104 0.129626 0.148784 -0.0486647 
0.560099 -0.487542 -0.499333 0.191665 0.169589 -0.0476687 
0.478623 -0.481898 -0.543827 0.177705 0.152355 -0.0543216 
0.591731 -0.59643 -0.472694 0.243163 0.175214 -0.0458032 
0.545796 -0.563124 -0.538584 0.235678 0.176508 -0.0545221 
0.566625 -0.793126 -0.344829 0.337685 0.169802 -0.0462753 
0.519999 -0.78812 -0.512999 0.336369 0.167153 -0.0550467 
0.61015 -0.953606 -0.479159 0.426473 0.177388 -0.0469488 
0.463173 -1.01682 -0.510486 0.442285 0.167216 -0.0587317 
0.60828 -1.11611 -0.401058 0.510415 0.180219 -0.0466417 
0.636029 -1.235 -0.433928 0.553593 0.211567 -0.053809 
0.61228 -1.4228 -0.401338 0.646213 0.17513 -0.0465421 
0.625007 -1.54779 -0.242865 0.688283 0.223536 -0.0560744 
0.830806 -1.71155 -0.00149663 0.766743 0.274192 -0.0427889 
0.80235 -1.78342 0.0698423 0.805234 0.304495 -0.0535603 
0.930773 -1.89394 0.409227 0.86244 0.300529 -0.0440218 
0.894141 -2.12746 0.597488 0.948358 0.324573 -0.050501 
0.783494 -2.15062 0.605846 0.980731 0.270901 -0.0448514 
0.957622 -2.43472 0.774564 1.09179 0.367147 -0.051026 
0.970522 -2.50737 0.818859 1.13815 0.329342 -0.0463927 
0.979535 -2.70037 1.01107 1.22758 0.373486 -0.0536126 
1.07879 -2.71573 1.08747 1.24865 0.40229 -0.0444033 
1.08603 -2.94637 1.16594 1.35267 0.388598 -0.0516819 
0.998012 -2.98397 1.26952 1.37223 0.361461 -0.0509636 
0.927217 -3.19739 1.43768 1.46135 0.357179 -0.0544866 
1.1523 -3.21587 1.41245 1.49327 0.386363 -0.0523036 
1.24798 -3.44775 1.62935 1.58744 0.468998 -0.0498843 
1.069 -3.5106 1.68224 1.61162 0.367072 -0.0533394 
1.13038 -3.70084 1.77514 1.70417 0.398245 -0.0563523 
1.14579 -3.69111 1.80968 1.71256 0.402851 -0.0554375 
0.896337 -3.83964 1.74041 1.77674 0.32611 -0.0604728 
0.917138 -3.84545 1.94839 1.78842 0.331768 -0.0642786 
0.902762 -4.01251 2.11939 1.86784 0.328802 -0.0618492 
1.11276 -3.94543 2.11771 1.8441 0.358824 -0.0577661 
0.899526 -4.28089 2.16156 1.98494 0.320669 -0.0668293 
1.18241 -4.26686 2.40672 1.99536 0.398746 -0.0613426 
0.833233 -4.42679 2.42609 2.06696 0.312195 -0.0685313 
1.07158 -4.43104 2.47411 2.09304 0.344395 -0.0617463 
1.06584 -4.57297 2.69924 2.14675 0.387011 -0.0638182 
0.925316 -4.51828 2.42838 2.10981 0.328649 -0.0667733 
1.21936 -4.72854 2.77425 2.20537 0.397048 -0.0639935 
0.994078 -4.48616 2.7343 2.10014 0.353389 -0.0678952 
1.13594 -4.57226 2.87976 2.13032 0.394524 -0.0685146 
1.51644 -4.35571 2.5343 2.02537 0.474552 -0.0621434 
0.859722 -4.28275 2.35818 1.95624 0.295411 -0.0656095 
0.923953 -3.86329 2.09181 1.78816 0.292034 -0.0678226 
1.01911 -3.92244 1.993 1.80751 0.321352 -0.0678425 
0.793175 -3.61809 1.8626 1.66649 0.264769 -0.0768979 
0.977593 -3.41557 1.53938 1.58126 0.302331 -0.0703398 
1.22159 -3.29 1.70305 1.51599 0.373282 -0.0618865 
0.718685 -3.32748 1.56066 1.52094 0.231162 -0.0706438 
1.04972 -3.35091 1.59962 1.53661 0.305528 -0.0690453 
0.793405 -3.40772 1.72102 1.56285 0.26595 -0.0770845 
0.792207 -3.15182 1.39497 1.44572 0.241048 -0.0785509 
0.828352 -3.17942 1.2759 1.46433 0.240804 -0.0687779 
0.870976 -3.03324 1.44466 1.38047 0.258068 -0.0707851 
0.695802 -2.96705 1.30804 1.34535 0.208165 -0.0742144 
0.717374 -2.8128 1.06603 1.30656 0.218359 -0.0764746 
0.616597 -2.95447 1.33228 1.3464 0.189517 -0.0769766 
0.661795 -2.85434 1.08289 1.30418 0.18461 -0.0750828 
0.821405 -2.97155 1.1505 1.36096 0.239856 -0.0718947 
0.784245 -2.93894 1.19883 1.32268 0.210764 -0.0778251 
1.0207 -2.72691 1.01064 1.28106 0.290545 -0.0706285 
0.783603 -2.81118 1.08408 1.29756 0.227576 -0.0804148 
0.601656 -2.74037 0.962778 1.2578 0.16496 -0.0774915 
0.800425 -2.63374 0.916966 1.1924 0.225502 -0.0766365 
0.796981 -2.61539 1.08305 1.1946 0.209279 -0.0719329 
0.867468 -2.59875 0.921949 1.16954 0.265529 -0.0780427 
0.98377 -2.63438 0.926181 1.20336 0.254119 -0.0725152 
0.890839 -2.67546 0.848361 1.20319 0.269248 -0.0800379 
0.888045 -2.64751 1.09116 1.21638 0.223152 -0.0681837 
0.896206 -2.41152 0.679583 1.0974 0.262928 -0.0774127 
0.700535 -2.31868 0.62114 1.05361 0.176472 -0.0710863 
0.829548 -2.24904 0.583618 1.0133 0.238379 -0.0767076 
0.770566 -2.37373 0.780563 1.05818 0.200296 -0.0714201 
0.99953 -2.32689 0.71242 1.06068 0.295472 -0.074729 
0.966392 -2.24497 0.620742 1.02781 0.248303 -0.0656077 
0.735694 -2.31264 0.576209 1.03775 0.220502 -0.0800328 
0.887086 -2.27139 0.815152 1.04338 0.226316 -0.0722982 
0.561207 -2.1204 0.541449 0.958223 0.172642 -0.084214 
0.812953 -2.07582 0.609592 0.930696 0.196653 -0.0696971 
0.85559 -2.09934 0.508376 0.948461 0.22905 -0.0759539 
0.783828 -1.89255 0.45427 0.841099 0.189882 -0.0689691 
0.724402 -1.95593 0.42448 0.868564 0.201563 -0.0823593 
0.971543 -1.74542 0.492545 0.771423 0.252037 -0.0647491 
0.763587 -1.76075 0.232445 0.76455 0.22139 -0.0783672 
0.777611 -1.57384 0.285033 0.694919 0.179679 -0.0686357 
0.812108 -1.51598 0.228441 0.667956 0.213528 -0.075272 
0.770954 -1.33526 0.108893 0.584719 0.182248 -0.0687138 
0.70968 -1.28 -0.033829 0.556359 0.194181 -0.077769 
0.923463 -1.08654 0.0412362 0.46174 0.227677 -0.0671003 
0.832499 -1.16618 0.0460211 0.498548 0.237967 -0.0725951 
0.802116 -1.05498 -0.105648 0.448804 0.193549 -0.0704951 
0.802116 -1.05498 -0.105648 0.448804 0.193549 -0.0704951 
0.398916 -0.164723 -0.603985 0.0357877 0.102856 -0.0559093 
0.349848 -0.130364 -0.705881 0.00602427 0.0734957 -0.0553969 
0.390128 -0.19211 -0.565332 0.039437 0.102776 -0.0566409 
0.35409 -0.331179 -0.458525 0.062859 0.0881726 -0.0580099 
0.44144 0.0655749 -0.549834 -0.0287008 0.114659 -0.0491118 
0.359437 -0.168606 -0.5499 0.0131876 0.0847827 -0.0572737 
0.411356 -0.237063 -0.530757 0.0545445 0.0956115 -0.0522265 
0.324948 -0.0348911 -0.618104 -0.0223539 0.085856 -0.059571 
0.436063 -0.118708 -0.56788 0.0195318 0.0991157 -0.0503298 
0.381949 -0.0694217 -0.642238 -0.00750509 0.10969 -0.0597163 
0.459102 -0.0548302 -0.616542 0.00521643 0.0938737 -0.0472099 
0.318063 -0.109291 -0.623153 0.00493603 0.0884747 -0.0612079 
0.482188 -0.152742 -0.499416 0.0286451 0.104919 -0.04759 
0.31833 -0.0765951 -0.731364 0.000322487 0.0951251 -0.064355 
0.378204 -0.107919 -0.603455 0.0116831 0.0752661 -0.0495479 
0.321621 -0.168886 -0.551106 0.0281726 0.0915162 -0.0592569 
0.410173 -0.0809575 -0.616196 0.0045753 0.079664 -0.0498387 
0.310483 -0.0540951 -0.651054 -0.000595372 0.0910547 -0.0614184 
0.389077 -0.0797797 -0.557513 -0.00191988 0.0850335 -0.052426 
0.345291 -0.152799 -0.680283 0.0252946 0.0966696 -0.0593363 
0.436887 -0.100936 -0.499793 -0.00118008 0.0962642 -0.0493705 
0.364551 -0.153224 -0.496367 0.0304433 0.0975008 -0.0558296 
0.406875 -0.0910795 -0.579363 -0.00301358 0.0900398 -0.0523732 
0.35524 -0.121585 -0.608342 0.0220326 0.0885886 -0.0558508 
0.370927 -0.0190417 -0.716795 -0.02011 0.0887859 -0.0560695 
0.417255 -0.123238 -0.561317 0.0176118 0.106065 -0.0552362 
0.379037 -0.0140534 -0.597248 -0.0285341 0.0908125 -0.0569469 
0.431571 -0.089496 -0.573168 0.0168671 0.0962221 -0.0503809 
0.319746 -0.0779003 -0.615933 -0.00851178 0.0788627 -0.0586697 
0.389153 -0.101586 -0.602805 0.0160783 0.0863309 -0.0538941 
0.382558 0.0046919 -0.628301 -0.0294174 0.103482 -0.060099 
0.421399 -0.0310218 -0.636412 -0.00581356 0.0894268 -0.0497675 
0.344717 -0.0419664 -0.560754 -0.0218758 0.0885106 -0.0583948 
0.347768 -0.160602 -0.498712 0.031425 0.0709525 -0.0498853 
0.373618 -0.100508 -0.681248 -0.00229728 0.102694 -0.0617503 
0.398585 -0.0950465 -0.532287 0.00636789 0.0853458 -0.0504907 
0.366137 -0.0319275 -0.68925 -0.0181544 0.104584 -0.0611366 
0.454064 -0.0529321 -0.486327 -0.00268836 0.0955558 -0.0460358 
0.36885 -0.0528533 -0.658999 -0.00962499 0.0972276 -0.0582964 
0.417791 -0.196497 -0.564865 0.0380633 0.0845523 -0.0482492 
0.287328 -0.0989555 -0.673713 0.000483942 0.087846 -0.0629345 
0.353744 -0.0781984 -0.664404 -0.00260691 0.0735108 -0.0516892 
0.376147 -0.157439 -0.623912 0.0194228 0.108348 -0.0596656 
0.406101 -0.052374 -0.577496 -0.00710064 0.081994 -0.0485002 
0.325192 -0.10946 -0.613452 0.0158293 0.0905265 -0.0594733 
0.352216 -0.0816011 -0.569509 -0.00137034 0.078361 -0.0524007 
0.295909 -0.116525 -0.623563 0.0181085 0.0887901 -0.0598887 
0.372844 -0.0243504 -0.601327 -0.021852 0.0838119 -0.051222 
0.413282 -0.142207 -0.485517 0.0251306 0.109198 -0.0548617 
0.391898 -0.10038 -0.608047 0.0048448 0.0874382 -0.0522416 
0.405396 -0.182015 -0.524303 0.043844 0.0992385 -0.052613 
0.407323 0.0443586 -0.691794 -0.0396467 0.101049 -0.0543378 
0.458254 -0.203393 -0.557174 0.042751 0.110666 -0.0547022 
0.350578 -0.118672 -0.575105 0.00152308 0.0889141 -0.0571702 
0.465949 -0.135649 -0.54127 0.0286522 0.106073 -0.0481467 
0.381718 -0.0571088 -0.706536 -0.00792821 0.0977825 -0.0564447 
0.447414 -0.220882 -0.536767 0.0518199 0.101832 -0.0507299 
0.36071 0.0125762 -0.709051 -0.0270613 0.101916 -0.0599296 
0.442998 -0.173865 -0.496769 0.0384675 0.0988425 -0.0475132 
0.375244 -0.0441555 -0.6702 -0.0108084 0.10286 -0.0577112 
0.468771 -0.166273 -0.465335 0.0323007 0.0970302 -0.0448196 
0.337463 -0.0923284 -0.675283 0.00384502 0.0970689 -0.0595924 
0.408636 -0.163941 -0.519671 0.02557 0.0894086 -0.0467949 
0.41454 -0.104127 -0.597865 0.00647014 0.118936 -0.059195 
0.447338 -0.136368 -0.395905 0.0140792 0.0928237 -0.0447587 
0.351074 -0.17387 -0.625662 0.0236565 0.101401 -0.0572084 
0.378188 -0.0982524 -0.602096 0.0157335 0.0731235 -0.0483861 
0.349841 -0.129688 -0.654893 0.0206263 0.0985027 -0.0601094 
0.448171 -0.0647692 -0.610595 -0.0102846 0.0992401 -0.0494259 
0.441326 -0.133873 -0.692733 0.0247363 0.121639 -0.0545945 
0.337189 -0.0908994 -0.541871 -0.00459715 0.0694911 -0.0485666 
0.346744 -0.179819 -0.584235 0.0341486 0.0952303 -0.0559997 
0.434851 -0.0333094 -0.663953 -0.0172645 0.101026 -0.0499233 
0.457298 -0.219228 -0.565248 0.0485945 0.118907 -0.0552742 
0.399299 0.0359163 -0.677368 -0.0381007 0.0949286 -0.0504638 
0.466911 -0.181422 -0.483065 0.0359192 0.119927 -0.0508286 
0.34547 -0.181028 -0.420365 0.0138907 0.0765527 -0.0524744 
0.399026 -0.0956696 -0.570765 0.0176191 0.0954977 -0.0523377 
0.303185 -0.0255568 -0.555454 -0.0196719 0.0792117 -0.0565609 
0.399824 -0.0843359 -0.512621 0.0131391 0.0988477 -0.050637 
0.42371 -0.0360822 -0.598092 -0.0187047 0.112182 -0.0561189 
0.379433 -0.0860006 -0.642885 0.0153777 0.0798114 -0.0488251 
0.383973 -0.0238683 -0.591419 -0.0235584 0.0966501 -0.0571457 
0.356232 -0.135157 -0.533507 0.0214742 0.0678702 -0.0499724 
0.398436 -0.0961499 -0.663077 -0.000880288 0.112595 -0.0587988 
0.409539 -0.0569856 -0.57683 -0.000653799 0.0892826 -0.0487579 
0.383621 -0.0225093 -0.601208 -0.0198503 0.108631 -0.0577173 
0.39431 -0.0840033 -0.504886 0.00590465 0.072138 -0.047146 
0.352212 -0.0710395 -0.592059 -0.00427095 0.0982668 -0.0594106 
0.46562 -0.00996675 -0.62714 -0.0129739 0.0996986 -0.0457168 
0.357283 -0.153975 -0.51631 0.0163788 0.106458 -0.0590881 
0.403113 -0.106999 -0.553338 0.00570162 0.0805275 -0.0480184 
0.339144 -0.133373 -0.660525 0.0210777 0.0909906 -0.0571369 
0.368095 -0.0428697 -0.566377 -0.0107308 0.0815298 -0.0492229 
0.371412 -0.105677 -0.678039 0.0165452 0.0999126 -0.0584035 
0.416901 -0.0701068 -0.52937 -0.00984003 0.0913824 -0.0507945 
0.435302 -0.0937683 -0.536138 0.0110336 0.115673 -0.0513672 
0.370017 -0.0832238 -0.60909 -0.00678406 0.0788657 -0.0498131 
0.396186 -0.246889 -0.505724 0.0488206 0.0992005 -0.0518146 
0.404619 -0.0332599 -0.635345 -0.0203269 0.0884587 -0.0503495 
0.383547 -0.172693 -0.582837 0.0302754 0.0967378 -0.0556239 
0.373176 -0.0963412 -0.567953 -0.00256182 0.089191 -0.0530268 
0.459721 -0.0677923 -0.638548 0.00782131 0.113786 -0.0481881 
0.399614 -0.0193489 -0.609004 -0.0285066 0.0962552 -0.0542537 
0.403917 -0.126059 -0.608661 0.0286852 0.0998456 -0.0496647 
0.383378 -0.0624583 -0.611946 -0.0164084 0.101126 -0.0553668 
0.501424 -0.0973482 -0.546144 0.00916947 0.127933 -0.047258 
0.427347 -0.0797253 -0.65242 -0.000342572 0.117764 -0.0550299 
0.380942 -0.133532 -0.532133 0.0276303 0.0876254 -0.0446873 
0.429469 -0.0756115 -0.678464 -0.00677029 0.123033 -0.0567438 
0.385221 -0.141417 -0.628711 0.0310036 0.0925245 -0.046323 
0.378867 -0.0918842 -0.555371 -1.13587e-05 0.11933 -0.0577988 
0.411037 -0.135866 -0.510282 0.0223209 0.101075 -0.0446995 
0.373697 -0.0673077 -0.645004 0.00858013 0.112111 -0.053622 
0.487126 -0.117051 -0.565082 0.0244178 0.112935 -0.0445765 
0.373512 -0.182471 -0.665901 0.0429801 0.120011 -0.0583837 
0.486393 -0.179957 -0.491785 0.0396211 0.122314 -0.0468629 
0.421116 -0.165941 -0.605221 0.047715 0.139583 -0.0555985 
0.495553 -0.127576 -0.483075 0.031197 0.127209 -0.0444881 
0.458995 -0.221504 -0.547508 0.0700373 0.146624 -0.0506923 
0.478539 -0.27786 -0.591512 0.0727892 0.133821 -0.0473636 
0.422862 -0.333171 -0.590638 0.114574 0.141205 -0.0542096 
0.470564 -0.271869 -0.450097 0.0916798 0.135912 -0.0469322 
0.474605 -0.364479 -0.588361 0.147673 0.14594 -0.0515551 
0.472272 -0.36221 -0.596958 0.14855 0.128888 -0.0477673 
0.45297 -0.585137 -0.495658 0.238673 0.134652 -0.0506401 
0.408212 -0.533023 -0.583801 0.225152 0.114657 -0.0529717 
0.535927 -0.749521 -0.399676 0.320959 0.158269 -0.0516829 
0.434435 -0.678511 -0.463664 0.299012 0.129848 -0.0529771 
0.569547 -0.899967 -0.505194 0.401548 0.153923 -0.0494539 
0.422645 -0.849367 -0.471734 0.392188 0.121477 -0.0543851 
0.482277 -1.12848 -0.372518 0.505927 0.136072 -0.0502407 
0.397743 -1.16619 -0.454435 0.518011 0.129343 -0.05727 
0.617142 -1.24021 -0.373471 0.587658 0.177033 -0.0485465 
0.524577 -1.38687 -0.396052 0.63126 0.161338 -0.056982 
0.635748 -1.51514 -0.0143309 0.701141 0.175485 -0.0465031 
0.606284 -1.55749 -0.134454 0.712158 0.216899 -0.0563658 
0.675579 -1.73152 0.0455771 0.799012 0.206006 -0.048542 
0.746903 -1.64754 0.173992 0.782104 0.265965 -0.0561198 
0.784589 -1.8788 0.338072 0.878746 0.249783 -0.0446975 
0.738983 -2.01406 0.362574 0.927777 0.27977 -0.0550279 
0.754417 -2.10604 0.476739 0.977929 0.246537 -0.0448026 
0.781302 -2.16759 0.475238 1.01894 0.285722 -0.0580852 
0.903857 -2.31398 0.669017 1.07739 0.295754 -0.0471587 
0.758866 -2.34674 0.715279 1.10951 0.307701 -0.0594462 
0.890946 -2.52254 0.85262 1.17684 0.295634 -0.0481121 
0.894099 -2.6642 0.93107 1.24623 0.328451 -0.0556831 
1.07373 -2.73262 1.05766 1.28196 0.366221 -0.0459341 
0.813339 -2.88376 1.11522 1.34106 0.29966 -0.0596193 
0.858178 -2.92533 1.28832 1.37665 0.315674 -0.0530391 
0.958327 -3.10491 1.315 1.45997 0.346324 -0.0546184 
0.958028 -3.10512 1.22966 1.46978 0.304977 -0.0587788 
0.876427 -3.3483 1.49494 1.57056 0.339748 -0.057925 
0.902661 -3.38386 1.58441 1.59432 0.302838 -0.0609665 
0.810887 -3.4804 1.60537 1.65183 0.284648 -0.0617735 
0.894599 -3.52612 1.74282 1.66421 0.314417 -0.0617414 
0.695309 -3.5931 1.68686 1.71058 0.244746 -0.0650901 
0.861724 -3.48142 1.75841 1.66398 0.285492 -0.0594321 
0.743289 -3.57475 1.82347 1.69339 0.258393 -0.0611125 
0.884985 -3.38853 1.62622 1.60336 0.300719 -0.0694651 
0.860227 -3.37982 1.69398 1.58342 0.283553 -0.0602337 
0.845859 -3.38372 1.81195 1.58144 0.289696 -0.0628878 
0.847534 -3.30103 1.45721 1.54695 0.256571 -0.0592919 
0.929538 -3.19965 1.40831 1.48895 0.304373 -0.0661796 
0.787594 -3.02308 1.25203 1.39141 0.259761 -0.0649859 
0.964884 -2.81755 1.16708 1.31719 0.332028 -0.0673704 
0.982685 -2.84348 1.27565 1.31903 0.301478 -0.0544922 
0.795673 -2.78333 1.16081 1.28888 0.276951 -0.0692079 
0.921665 -2.65383 1.03811 1.23372 0.279198 -0.0556488 
0.815229 -2.50347 0.889971 1.15133 0.2807 -0.0695226 
0.952036 -2.36117 0.807921 1.10143 0.282294 -0.0547576 
0.680452 -2.46168 0.848711 1.12473 0.241676 -0.0733086 
0.844953 -2.3565 0.783865 1.09186 0.24069 -0.0592973 
0.943127 -2.43936 0.826194 1.10013 0.304901 -0.0678325 
0.888373 -2.47029 0.901312 1.13571 0.250832 -0.0613355 
0.626819 -2.46483 0.789432 1.13675 0.212104 -0.0753384 
0.840336 -2.37865 0.921335 1.11088 0.248861 -0.0616411 
0.830859 -2.37741 0.759746 1.11787 0.261221 -0.0697985 
0.914344 -2.27526 0.772289 1.04295 0.265896 -0.059988 
0.836796 -2.49213 0.725202 1.14836 0.249508 -0.066966 
0.722538 -2.34745 0.824414 1.08837 0.211564 -0.0715497 
0.737398 -2.48156 0.771098 1.14477 0.234253 -0.0697376 
0.794395 -2.40186 0.79502 1.12402 0.236121 -0.0687558 
0.788426 -2.5397 0.922884 1.16556 0.231939 -0.0679134 
0.699981 -2.46099 0.809202 1.13401 0.214889 -0.0743534 
0.875917 -2.53328 0.912401 1.17325 0.239853 -0.064697 
0.709052 -2.53873 0.951254 1.15623 0.230934 -0.0769122 
0.867422 -2.61898 0.963495 1.20392 0.242055 -0.0650583 
0.846115 -2.47479 0.884125 1.13597 0.262628 -0.0714632 
0.702957 -2.49889 0.987613 1.13428 0.189145 -0.0685109 
0.879043 -2.60604 1.05633 1.19512 0.264127 -0.0757399 
0.902631 -2.51445 0.913075 1.16469 0.25797 -0.068816 
0.846678 -2.38714 0.866963 1.09405 0.259295 -0.074983 
1.03478 -2.52273 0.968997 1.13953 0.280824 -0.0568783 
0.883751 -2.38749 0.782502 1.09802 0.27121 -0.0732015 
0.77329 -2.28411 0.723166 1.06469 0.196768 -0.0661882 
0.85347 -2.27774 0.699953 1.03928 0.253641 -0.0753964 
0.761498 -2.23784 0.84259 1.01811 0.201547 -0.0667532 
0.765264 -2.21942 0.668141 1.00916 0.218909 -0.0748348 
0.714115 -2.19311 0.714726 0.997373 0.185047 -0.0687015 
0.811719 -2.25841 0.633313 1.03365 0.224345 -0.074829 
0.907317 -2.19196 0.637982 1.00984 0.237198 -0.0695657 
0.604287 -2.29207 0.661695 1.04189 0.184035 -0.0775166 
0.84393 -2.33822 0.800301 1.03845 0.217297 -0.067282 
0.729465 -2.39501 0.626341 1.08699 0.198359 -0.0720448 
0.679777 -2.40556 0.773027 1.08545 0.186427 -0.076742 
0.870465 -2.42337 0.851495 1.12015 0.243951 -0.0734114 
0.726307 -2.27352 0.696289 1.02914 0.212174 -0.0740547 
0.743983 -2.38351 0.78237 1.0953 0.205222 -0.0721015 
0.862156 -2.33102 0.657311 1.06344 0.24203 -0.0727549 
0.843015 -2.41826 0.796405 1.0859 0.224895 -0.0698032 
0.798235 -2.32764 0.68573 1.0574 0.229199 -0.0807613 
0.971153 -2.45686 0.859425 1.10521 0.244743 -0.0690444 
0.827204 -2.29989 0.687139 1.04512 0.258105 -0.0790139 
0.814827 -2.37765 0.926435 1.08052 0.19715 -0.0694769 
0.937325 -2.37769 0.74553 1.05923 0.26534 -0.0777561 
0.693832 -2.24874 0.659426 1.02116 0.175187 -0.0710371 
0.772995 -2.26351 0.536474 1.02029 0.23433 -0.080749 
0.910526 -2.11692 0.545216 0.951301 0.236576 -0.064746 
0.761622 -2.15093 0.553569 0.963128 0.221942 -0.0784919 
0.931063 -2.04155 0.610021 0.915477 0.221201 -0.0649304 
0.808499 -1.96359 0.402676 0.880573 0.234731 -0.0763664 
0.678912 -1.87657 0.437128 0.847159 0.159701 -0.0726093 
0.881515 -1.8669 0.359276 0.837915 0.256493 -0.0749456 
0.761099 -1.65581 0.285029 0.727949 0.193435 -0.0680119 
0.730216 -1.54854 0.189308 0.693875 0.198691 -0.0737687 
0.721379 -1.51237 0.123373 0.662233 0.171893 -0.0683604 
0.585619 -1.56286 0.204373 0.673747 0.156505 -0.0802431 
0.767121 -1.39025 0.175515 0.606951 0.198672 -0.0734818 
0.901961 -1.38627 0.203155 0.600545 0.240888 -0.0699155 
0.779235 -1.28625 0.19188 0.546156 0.200501 -0.0710386 
0.795 -1.40382 0.130139 0.601348 0.201598 -0.0679043 
0.795 -1.40382 0.130139 0.601348 0.201598 -0.0679043 
0.424787 -0.182252 -0.530432 0.0312421 0.0957737 -0.0544671 
0.28876 -0.0574645 -0.693943 -0.0177263 0.0763675 -0.0618615 
0.466366 -0.135918 -0.562037 0.0213457 0.110103 -0.0518608 
0.485508 -0.355639 -0.549793 0.0662981 0.127877 -0.0578876 
0.387306 0.0328737 -0.481261 -0.0324162 0.0779187 -0.0509561 
0.303178 -0.125551 -0.636638 0.00403736 0.077783 -0.0638562 
0.456002 -0.106709 -0.544421 0.0118722 0.104392 -0.0500315 
0.398566 0.000607114 -0.623719 -0.0319615 0.116771 -0.0610117 
0.460438 -0.170853 -0.476756 0.0267847 0.0920082 -0.0478246 
0.384754 -0.141377 -0.606991 0.0096492 0.106919 -0.0597578 
0.406856 -0.131153 -0.622798 0.0147129 0.0805087 -0.0504749 
0.347411 -0.131913 -0.634808 0.016392 0.103265 -0.0614246 
0.386975 -0.10294 -0.468113 0.00584174 0.0831444 -0.0511608 
0.342572 -0.123936 -0.628365 0.0121624 0.102749 -0.0609704 
0.430915 -0.12186 -0.489052 0.00583386 0.0873141 -0.0476198 
0.397731 -0.106166 -0.595962 0.0115674 0.10774 -0.0579642 
0.433985 -0.115689 -0.577095 0.00393819 0.087553 -0.0514138 
0.246662 -0.132895 -0.595948 0.0242204 0.0786309 -0.0606426 
0.394195 -0.0462546 -0.607304 -0.0104528 0.0915962 -0.0517469 
0.356331 -0.15087 -0.606077 0.0260404 0.0977365 -0.0574331 
0.391185 -0.176337 -0.626655 0.0176058 0.0829437 -0.0509543 
0.354524 -0.164012 -0.60425 0.0376181 0.0917065 -0.0561743 
0.310723 -0.0872695 -0.607324 -0.00783928 0.0720154 -0.0563597 
0.362051 -0.202945 -0.613351 0.0436988 0.0952602 -0.0566847 
0.383708 -0.0453589 -0.647645 -0.0146959 0.0961685 -0.0551049 
0.311264 -0.182562 -0.569699 0.0393855 0.0657668 -0.0536742 
0.429474 -0.0785258 -0.594965 -0.00852751 0.102426 -0.0553352 
0.377575 -0.184535 -0.519681 0.0413774 0.0884202 -0.0534331 
0.31614 -0.081729 -0.572349 -0.0143672 0.0836363 -0.0610942 
0.371562 -0.0571259 -0.648824 0.00539579 0.0898666 -0.0527301 
0.43708 -0.0494797 -0.518327 -0.0187589 0.111993 -0.0560178 
0.426633 -0.133483 -0.543009 0.020661 0.0856721 -0.0487914 
0.34411 -0.107245 -0.659012 6.74902e-05 0.0981339 -0.0587462 
0.382065 -0.118104 -0.606726 0.0209361 0.0834213 -0.0527645 
0.345506 -0.0225499 -0.621584 -0.0259058 0.0989898 -0.0616849 
0.432477 -0.207261 -0.45293 0.0371084 0.0932042 -0.0460884 
0.351901 -0.155971 -0.712578 0.0171946 0.0974887 -0.0605202 
0.396335 -0.146099 -0.555058 0.0181761 0.0782953 -0.0505701 
0.348333 -0.153891 -0.640498 0.0130247 0.0976852 -0.0629499 
0.414556 -0.152315 -0.501219 0.0170046 0.0851349 -0.0488187 
0.349682 -0.0159882 -0.574404 -0.027598 0.102517 -0.0611486 
0.495062 -0.179322 -0.436033 0.0243599 0.10061 -0.0468167 
0.414548 -0.105522 -0.63309 0.00319339 0.11069 -0.0591425 
0.403457 -0.12536 -0.537662 0.0123214 0.077506 -0.0502484 
0.326228 -0.137502 -0.615276 0.0123903 0.098208 -0.0607865 
0.389229 -0.0571111 -0.522381 -0.0123103 0.0827227 -0.0493947 
0.378336 -0.091028 -0.638316 0.00309844 0.104758 -0.0597785 
0.400366 -0.0740284 -0.566908 0.00194565 0.0789603 -0.0488743 
0.420807 -0.116591 -0.677625 0.0140863 0.115721 -0.0565151 
0.321644 -0.0520264 -0.569516 -0.0129468 0.0691406 -0.0512455 
0.305837 -0.119643 -0.590537 0.0147467 0.0985073 -0.0589239 
0.436017 -0.0445186 -0.590536 -0.0134571 0.0939542 -0.0493289 
0.2963 -0.104454 -0.681079 0.0118994 0.0869574 -0.0576656 
0.354144 -0.108686 -0.560496 0.00149297 0.0732552 -0.0526872 
0.386336 -0.0859255 -0.645755 0.0125892 0.107514 -0.0565241 
0.424006 -0.127188 -0.585924 0.00526663 0.0880384 -0.0518393 
0.419032 -0.194067 -0.568132 0.0427031 0.113296 -0.0541712 
0.458964 -0.0169155 -0.631047 -0.0253048 0.107657 -0.0497544 
0.327465 -0.0976131 -0.582283 0.020823 0.0669103 -0.054649 
0.357672 -0.0937179 -0.613262 -0.0011637 0.0846415 -0.0539886 
0.375337 -0.164592 -0.634752 0.0329211 0.097861 -0.0546295 
0.341502 -0.0310874 -0.645659 -0.0189055 0.0880607 -0.055617 
0.406942 -0.125762 -0.424676 0.0248646 0.0955691 -0.0498739 
0.381869 -0.0617027 -0.659623 -0.0102979 0.0968519 -0.0546451 
0.432537 -0.20596 -0.545281 0.0431723 0.0969984 -0.0498215 
0.380625 -0.0945692 -0.588793 -0.00437119 0.107182 -0.0577824 
0.372185 -0.108555 -0.540281 0.0196235 0.084429 -0.0503471 
0.435971 -0.0988981 -0.571849 -0.00666635 0.119807 -0.0563716 
0.4344 -0.174058 -0.543502 0.0318157 0.0929 -0.048328 
0.315543 -0.0288076 -0.624885 -0.0187938 0.0858936 -0.0581498 
0.439097 -0.139529 -0.614263 0.0206929 0.0939993 -0.0512118 
0.358957 -0.0722555 -0.644531 -0.00744977 0.107147 -0.0609167 
0.371977 -0.0213477 -0.666056 -0.00660984 0.0803129 -0.0478597 
0.294882 -0.0755246 -0.643118 -0.00167869 0.0914395 -0.0594165 
0.426717 -0.235987 -0.470922 0.0425879 0.0844605 -0.0448453 
0.383981 -0.115521 -0.653896 0.0105068 0.105682 -0.0590474 
0.417596 -0.146056 -0.546971 0.019965 0.0915063 -0.0481604 
0.328574 -0.16226 -0.590288 0.028895 0.101187 -0.0582415 
0.426661 -0.102663 -0.600997 0.00132617 0.0923107 -0.0489428 
0.415003 -0.154655 -0.591503 0.0268212 0.114169 -0.0547298 
0.403799 -0.0645314 -0.606791 -0.000653459 0.0889497 -0.049852 
0.399576 -0.240409 -0.544855 0.0529613 0.104415 -0.057131 
0.404387 -0.0419768 -0.6728 -0.0167919 0.0999939 -0.0525673 
0.381361 -0.0760485 -0.588096 0.0137101 0.100276 -0.0540384 
0.387099 -0.0317319 -0.578059 -0.0196445 0.0990148 -0.0523546 
0.371105 -0.161256 -0.554883 0.0344462 0.0803055 -0.0494415 
0.326137 -0.0534178 -0.73828 -0.0137643 0.0862775 -0.0560714 
0.401134 -0.128897 -0.519094 0.0263246 0.0953261 -0.0535389 
0.342732 -0.0672604 -0.588029 -0.00796487 0.093512 -0.0546838 
0.454951 -0.194197 -0.494057 0.0392465 0.103074 -0.0501815 
0.382487 -0.0665981 -0.57928 -0.0119711 0.0982991 -0.0561527 
0.460317 -0.19927 -0.464514 0.0468482 0.102582 -0.0476179 
0.264324 -0.0207748 -0.775127 -0.0144122 0.0787925 -0.059492 
0.401847 -0.152292 -0.594864 0.0249918 0.0856643 -0.049132 
0.342516 -0.0662223 -0.624383 -0.00933005 0.101999 -0.0593218 
0.406093 -0.0979739 -0.562725 0.0106998 0.0872881 -0.0467582 
0.355975 -0.118089 -0.582296 0.00516194 0.0968082 -0.0590032 
0.361196 -0.161698 -0.584457 0.0241303 0.0730349 -0.0485904 
0.355987 -0.178355 -0.603963 0.0242724 0.107198 -0.0592624 
0.355615 -0.0800378 -0.607452 -0.000382819 0.0739205 -0.04861 
0.372573 -0.0719916 -0.596085 -0.0047555 0.106275 -0.056363 
0.420459 -0.103573 -0.560353 0.00445231 0.0875964 -0.0463582 
0.387548 -0.158314 -0.552814 0.0232232 0.0983986 -0.0570148 
0.382057 -0.137265 -0.461451 0.00634237 0.0825267 -0.0489282 
0.362978 -0.145997 -0.605983 0.0226728 0.0994749 -0.0556299 
0.375554 -0.0866743 -0.573736 -0.011578 0.0862545 -0.0519821 
0.364155 -0.113685 -0.650009 0.0175488 0.0940745 -0.0538709 
0.393673 -0.0773237 -0.547979 -0.0118454 0.089618 -0.0495913 
0.401868 -0.200735 -0.570058 0.0410836 0.0991921 -0.0523768 
0.361438 -0.0542027 -0.670856 -0.011327 0.0934716 -0.0563565 
0.456692 -0.0864546 -0.489477 0.0141953 0.112779 -0.0491818 
0.430499 -0.0828564 -0.607462 -0.013426 0.114565 -0.0566857 
0.340782 -0.204754 -0.610241 0.0480866 0.0670629 -0.0488578 
0.379582 -0.112074 -0.606943 0.00465006 0.106006 -0.0551721 
0.458921 -0.125229 -0.584336 0.0208314 0.0998555 -0.0471681 
0.341249 -0.0137588 -0.726515 -0.0168801 0.11197 -0.0576344 
0.409766 -0.0836089 -0.643554 0.0113823 0.0960861 -0.046694 
0.328881 -0.0786869 -0.604773 -0.00201287 0.102582 -0.0567812 
0.408382 -0.0760918 -0.635747 0.0126769 0.0887958 -0.0447185 
0.396173 -0.148702 -0.618201 0.0223501 0.119432 -0.0574637 
0.460217 -0.112835 -0.581794 0.017387 0.106177 -0.0462412 
0.432505 -0.100021 -0.612007 0.0192013 0.138689 -0.0554315 
0.505393 -0.163004 -0.657211 0.0333129 0.12739 -0.0463779 
0.450345 -0.22396 -0.549702 0.0536259 0.137069 -0.0541844 
0.396165 -0.147714 -0.524649 0.0361273 0.0951922 -0.0485906 
0.414936 -0.240072 -0.619431 0.0742388 0.124398 -0.0540578 
0.448863 -0.254968 -0.580869 0.0711607 0.116956 -0.0480576 
0.456408 -0.342158 -0.48852 0.116666 0.13872 -0.0513207 
0.347763 -0.27508 -0.587578 0.0994249 0.0952822 -0.0501782 
0.419724 -0.40253 -0.458038 0.153596 0.118269 -0.0522075 
0.442062 -0.427964 -0.610816 0.160348 0.11872 -0.0479013 
0.394799 -0.545697 -0.541315 0.224708 0.117208 -0.0510002 
0.336987 -0.425995 -0.651267 0.180393 0.104602 -0.0546801 
0.549721 -0.648866 -0.413566 0.280884 0.153452 -0.0455215 
0.508418 -0.647808 -0.517034 0.27753 0.145884 -0.0540841 
0.518804 -0.86724 -0.43821 0.372939 0.137433 -0.0486655 
0.465493 -0.763127 -0.573414 0.344975 0.148974 -0.0552354 
0.493448 -0.971718 -0.404878 0.435401 0.14224 -0.048609 
0.540592 -0.988741 -0.393509 0.436341 0.173666 -0.0570206 
0.613837 -1.1635 -0.331359 0.524792 0.165326 -0.0459641 
0.45802 -1.17778 -0.450545 0.545176 0.148037 -0.056301 
0.478205 -1.30771 -0.376319 0.610489 0.125464 -0.047389 
0.530927 -1.35065 -0.157822 0.627675 0.190576 -0.0597718 
0.605333 -1.42291 -0.0774892 0.676215 0.188657 -0.0470713 
0.536668 -1.53566 -0.0589 0.723133 0.196889 -0.0581118 
0.720208 -1.73488 0.318111 0.802052 0.210191 -0.0437876 
0.545704 -1.76577 0.131169 0.834384 0.209507 -0.057646 
0.71003 -1.91619 0.395386 0.895355 0.226245 -0.0461194 
0.73901 -1.98815 0.281319 0.946552 0.265426 -0.0569192 
0.768 -2.07441 0.408057 0.990713 0.239354 -0.0472206 
0.739639 -2.22878 0.514782 1.05723 0.272134 -0.0569502 
0.644823 -2.33357 0.663685 1.09771 0.21382 -0.0488291 
0.720662 -2.45624 0.568087 1.15539 0.251842 -0.0594757 
0.820616 -2.36116 0.61531 1.13733 0.269894 -0.0516674 
0.742464 -2.58637 0.965444 1.21744 0.276394 -0.057173 
0.860703 -2.43065 0.844556 1.17409 0.28574 -0.0553929 
0.767941 -2.60091 0.870121 1.22311 0.266128 -0.0513974 
0.695783 -2.40518 0.791265 1.13518 0.24532 -0.0567679 
0.803579 -2.41239 0.731975 1.13519 0.253986 -0.0557425 
0.725458 -2.30856 0.929716 1.08759 0.273072 -0.0579812 
0.785382 -2.37711 0.889073 1.1164 0.247915 -0.0539864 
0.849739 -2.08674 0.685169 0.986088 0.291682 -0.0558575 
0.73482 -1.99291 0.593766 0.929997 0.237549 -0.0503322 
0.695686 -1.90251 0.532908 0.882533 0.240988 -0.0605276 
0.828219 -1.7664 0.449698 0.815455 0.255982 -0.0539662 
0.779464 -1.63324 0.290479 0.756863 0.269191 -0.059973 
0.855283 -1.5779 0.386027 0.728226 0.246639 -0.0464465 
0.889351 -1.65484 0.367022 0.758395 0.301773 -0.0563285 
0.655148 -1.64152 0.306773 0.744042 0.189021 -0.0506244 
0.706429 -1.67457 0.345859 0.758946 0.235523 -0.0630532 
0.666804 -1.6771 0.371452 0.776836 0.189308 -0.0534581 
0.671953 -1.8964 0.382406 0.868696 0.247176 -0.0643527 
0.745767 -1.76734 0.457273 0.804277 0.219941 -0.0505834 
0.733698 -1.78732 0.310291 0.830942 0.240676 -0.0606664 
0.831236 -1.91033 0.548657 0.856945 0.253211 -0.0526639 
0.682298 -1.97706 0.445869 0.90822 0.24182 -0.0634185 
0.758927 -1.8644 0.447515 0.865929 0.225218 -0.0563935 
0.795706 -1.95805 0.627411 0.90785 0.261821 -0.0585416 
0.656554 -2.05009 0.520161 0.922058 0.207835 -0.0609908 
0.792244 -2.08912 0.45708 0.95824 0.257056 -0.0593182 
0.856494 -2.06051 0.657347 0.953937 0.27218 -0.0591242 
0.756165 -2.17874 0.611179 1.01104 0.23082 -0.0633572 
0.575327 -2.15481 0.683554 1.01041 0.190495 -0.0660437 
0.94115 -2.28697 0.714753 1.06545 0.28726 -0.0567895 
0.783043 -2.19596 0.636238 1.02124 0.254463 -0.0641219 
0.62009 -2.25722 0.703561 1.05797 0.19538 -0.0619709 
0.880943 -2.19109 0.653621 1.02263 0.291704 -0.0662376 
0.738405 -2.25837 0.641026 1.05552 0.232774 -0.0567472 
0.877409 -2.18455 0.7196 1.03441 0.288955 -0.0670346 
0.917123 -2.18788 0.696578 1.03555 0.251494 -0.0550991 
0.662942 -2.2502 0.760242 1.02749 0.227415 -0.0700192 
0.680835 -2.28001 0.632952 1.03374 0.197389 -0.0607707 
0.755501 -2.29002 0.706614 1.05493 0.246112 -0.0716196 
0.71323 -2.05716 0.631881 0.959499 0.210924 -0.0582957 
0.724746 -2.20623 0.636683 1.01252 0.236434 -0.0687258 
0.959798 -2.22765 0.808407 1.03663 0.262458 -0.0570158 
0.801627 -2.21874 0.668267 1.01742 0.255158 -0.0695397 
0.754291 -2.20943 0.671354 1.01542 0.213323 -0.0638323 
0.737702 -2.19058 0.568942 1.00032 0.233628 -0.0684881 
0.802061 -2.15883 0.720735 0.983848 0.237027 -0.0613221 
0.749518 -2.27815 0.74619 1.0318 0.217033 -0.0664159 
0.788122 -2.07119 0.575477 0.93594 0.227406 -0.0692829 
0.637549 -2.20626 0.695703 0.998232 0.197951 -0.0697424 
0.769806 -2.08542 0.602976 0.963728 0.229851 -0.0669393 
0.829218 -2.18773 0.593355 0.97867 0.253796 -0.0600793 
0.687197 -2.1522 0.602382 0.98295 0.218466 -0.0681832 
0.928187 -2.38385 0.731463 1.07924 0.253018 -0.0620732 
0.704821 -2.21855 0.629696 0.999418 0.231572 -0.0734969 
0.788506 -2.13861 0.588026 0.980888 0.219657 -0.0631731 
0.88948 -2.03275 0.593443 0.944845 0.271613 -0.0702572 
0.936405 -2.19211 0.687579 0.993145 0.262948 -0.0607356 
0.8354 -2.26042 0.712585 1.0358 0.263327 -0.0740362 
0.936362 -2.39176 0.776114 1.10076 0.256233 -0.0616799 
0.984793 -2.34501 0.809734 1.07778 0.31501 -0.0685486 
0.698982 -2.41104 0.883889 1.11921 0.18987 -0.0672958 
0.978212 -2.5342 0.828497 1.16002 0.29207 -0.0713691 
0.686012 -2.44427 0.848121 1.12821 0.180109 -0.0676572 
0.662329 -2.52606 0.800421 1.14504 0.20319 -0.0787031 
0.867425 -2.27527 0.724478 1.04839 0.23668 -0.0630326 
0.818809 -2.37894 0.74538 1.08164 0.257602 -0.0738839 
0.67477 -2.26936 0.86409 1.04767 0.169047 -0.0691912 
0.936017 -2.23165 0.754174 1.01274 0.268001 -0.0648963 
0.749463 -2.23721 0.759232 1.01278 0.205841 -0.0707062 
0.8092 -2.27495 0.775271 1.04248 0.228365 -0.0715149 
0.688257 -2.16325 0.650887 1.00528 0.207009 -0.0723169 
0.854217 -2.32812 0.712231 1.06939 0.232115 -0.0699405 
0.668544 -2.30817 0.689261 1.03891 0.187449 -0.0747756 
0.77585 -2.40009 0.664352 1.07511 0.207641 -0.0700749 
0.800871 -2.21789 0.597676 1.01446 0.238587 -0.0750944 
0.900304 -2.1773 0.673104 1.00988 0.23969 -0.0693766 
0.758239 -2.23717 0.626929 1.01247 0.221518 -0.0757823 
0.826865 -2.23165 0.733352 1.01838 0.205553 -0.0648977 
0.658544 -2.22509 0.573344 0.99034 0.189929 -0.0828728 
0.685243 -2.16092 0.683309 0.977519 0.176006 -0.0685608 
0.874597 -2.12851 0.651272 0.975784 0.264614 -0.0770624 
0.847245 -2.0557 0.677696 0.939046 0.220011 -0.0670379 
0.797586 -2.05634 0.540408 0.938273 0.239283 -0.0729974 
0.891904 -2.10541 0.663973 0.949755 0.212561 -0.0641581 
0.850085 -2.12669 0.482292 0.958172 0.243554 -0.0754876 
0.71419 -2.05006 0.554523 0.939014 0.182045 -0.069557 
0.914921 -2.14709 0.707503 0.963145 0.256023 -0.0748256 
0.809767 -1.80116 0.337765 0.815483 0.197505 -0.0642811 
0.770234 -2.00666 0.434222 0.898044 0.202809 -0.0725669 
0.869065 -1.94178 0.35234 0.856578 0.21288 -0.0686528 
0.745972 -1.88957 0.323076 0.843476 0.189131 -0.0762089 
0.650103 -1.80511 0.318473 0.799697 0.16188 -0.0760305 
0.957663 -1.83229 0.45745 0.812204 0.255573 -0.0667021 
0.767963 -1.65571 0.258567 0.748236 0.19892 -0.0726188 
0.816767 -1.77825 0.253125 0.785967 0.191314 -0.0694472 
0.5985 -1.67376 0.204076 0.724687 0.1573 -0.0767811 
0.841261 -1.61195 0.203336 0.70606 0.206546 -0.0691974 
0.962084 -1.45041 0.138895 0.632877 0.266676 -0.0744405 
0.677042 -1.27393 0.0592375 0.554679 0.150572 -0.0664799 
0.695248 -1.29917 0.0347426 0.555885 0.193679 -0.0765342 
0.880749 -1.35482 0.0470734 0.569392 0.208856 -0.0629138 
0.793678 -1.29692 0.0676529 0.539217 0.222156 -0.076378 
0.793678 -1.29692 0.0676529 0.539217 0.222156 -0.076378 
