0.720349 ,-0.692971 ,-0.0298054, -0.564431 
-0.693541 ,-0.720224 ,-0.0166786, 0.0988836 
-0.00990878 ,0.0326857 ,-0.999417, 0.10663 
0 ,0 ,0, 1 
0.720349 ,-0.692971 ,-0.0298054, -0.564431 
-0.693541 ,-0.720224 ,-0.0166786, 0.0988836 
-0.00990878 ,0.0326857 ,-0.999417, 0.10663 
0 ,0 ,0, 1 
0.720349 ,-0.692971 ,-0.0298054, -0.564431 
-0.693541 ,-0.720224 ,-0.0166786, 0.0988836 
-0.00990878 ,0.0326857 ,-0.999417, 0.10663 
0 ,0 ,0, 1 
0.720349 ,-0.692971 ,-0.0298054, -0.564431 
-0.693541 ,-0.720224 ,-0.0166786, 0.0988836 
-0.00990878 ,0.0326857 ,-0.999417, 0.10663 
0 ,0 ,0, 1 
0.720349 ,-0.692971 ,-0.0298038, -0.56443 
-0.693541 ,-0.720224 ,-0.016679, 0.0988834 
-0.00990733 ,0.0326848 ,-0.999417, 0.10663 
0 ,0 ,0, 1 
0.720349 ,-0.692971 ,-0.0298038, -0.56443 
-0.693541 ,-0.720224 ,-0.016679, 0.0988834 
-0.00990733 ,0.0326848 ,-0.999417, 0.10663 
0 ,0 ,0, 1 
0.720349 ,-0.692971 ,-0.0298038, -0.56443 
-0.693541 ,-0.720224 ,-0.016679, 0.0988834 
-0.00990733 ,0.0326848 ,-0.999417, 0.10663 
0 ,0 ,0, 1 
0.720349 ,-0.692971 ,-0.0298034, -0.564429 
-0.693541 ,-0.720224 ,-0.0166791, 0.0988833 
-0.009907 ,0.0326846 ,-0.999417, 0.10663 
0 ,0 ,0, 1 
0.720349 ,-0.692971 ,-0.0298022, -0.564429 
-0.693541 ,-0.720224 ,-0.0166793, 0.0988833 
-0.00990599 ,0.0326839 ,-0.999417, 0.10663 
0 ,0 ,0, 1 
0.720349 ,-0.692971 ,-0.0298022, -0.564429 
-0.693541 ,-0.720224 ,-0.0166793, 0.0988833 
-0.00990599 ,0.0326839 ,-0.999417, 0.10663 
0 ,0 ,0, 1 
0.720349 ,-0.692971 ,-0.0298005, -0.564428 
-0.693541 ,-0.720224 ,-0.0166796, 0.0988831 
-0.00990455 ,0.032683 ,-0.999417, 0.10663 
0 ,0 ,0, 1 
0.720349 ,-0.692971 ,-0.0298005, -0.564428 
-0.693541 ,-0.720224 ,-0.0166796, 0.0988831 
-0.00990455 ,0.032683 ,-0.999417, 0.10663 
0 ,0 ,0, 1 
0.720349 ,-0.692971 ,-0.0297992, -0.564428 
-0.693541 ,-0.720224 ,-0.0166798, 0.098883 
-0.00990344 ,0.0326822 ,-0.999417, 0.106629 
0 ,0 ,0, 1 
0.720349 ,-0.692971 ,-0.029798, -0.564427 
-0.693541 ,-0.720224 ,-0.01668, 0.0988829 
-0.00990244 ,0.0326816 ,-0.999417, 0.106629 
0 ,0 ,0, 1 
0.720349 ,-0.692971 ,-0.0297955, -0.564426 
-0.693541 ,-0.720224 ,-0.0166805, 0.0988827 
-0.00990033 ,0.0326802 ,-0.999417, 0.106628 
0 ,0 ,0, 1 
0.720349 ,-0.692972 ,-0.0297917, -0.564424 
-0.693541 ,-0.720224 ,-0.0166812, 0.0988823 
-0.00989712 ,0.032678 ,-0.999417, 0.106627 
0 ,0 ,0, 1 
0.720349 ,-0.692972 ,-0.0297863, -0.564421 
-0.693541 ,-0.720224 ,-0.0166822, 0.0988818 
-0.00989256 ,0.032675 ,-0.999417, 0.106625 
0 ,0 ,0, 1 
0.720349 ,-0.692972 ,-0.0297799, -0.564417 
-0.693541 ,-0.720224 ,-0.0166833, 0.0988811 
-0.00988714 ,0.0326714 ,-0.999417, 0.106623 
0 ,0 ,0, 1 
0.720349 ,-0.692972 ,-0.0297725, -0.564413 
-0.693541 ,-0.720224 ,-0.0166847, 0.0988804 
-0.00988081 ,0.0326672 ,-0.999417, 0.10662 
0 ,0 ,0, 1 
0.720349 ,-0.692973 ,-0.0297633, -0.564408 
-0.693541 ,-0.720224 ,-0.0166864, 0.0988795 
-0.00987305 ,0.0326621 ,-0.999418, 0.106618 
0 ,0 ,0, 1 
0.720349 ,-0.692973 ,-0.0297495, -0.5644 
-0.693541 ,-0.720224 ,-0.0166889, 0.0988781 
-0.00986129 ,0.0326543 ,-0.999418, 0.106613 
0 ,0 ,0, 1 
0.72035 ,-0.692974 ,-0.0297294, -0.564389 
-0.693541 ,-0.720223 ,-0.0166925, 0.0988762 
-0.00984433 ,0.0326431 ,-0.999419, 0.106605 
0 ,0 ,0, 1 
0.72035 ,-0.692975 ,-0.0297105, -0.564378 
-0.693541 ,-0.720223 ,-0.016696, 0.0988742 
-0.00982826 ,0.0326324 ,-0.999419, 0.106599 
0 ,0 ,0, 1 
0.72035 ,-0.692975 ,-0.0296942, -0.564369 
-0.693542 ,-0.720223 ,-0.016699, 0.0988726 
-0.00981451 ,0.0326233 ,-0.99942, 0.106593 
0 ,0 ,0, 1 
0.72035 ,-0.692976 ,-0.029678, -0.564359 
-0.693542 ,-0.720223 ,-0.0167019, 0.0988709 
-0.00980071 ,0.0326142 ,-0.99942, 0.106587 
0 ,0 ,0, 1 
0.72035 ,-0.692976 ,-0.0296599, -0.564349 
-0.693542 ,-0.720223 ,-0.0167053, 0.0988691 
-0.00978538 ,0.032604 ,-0.99942, 0.106582 
0 ,0 ,0, 1 
0.72035 ,-0.692977 ,-0.0296449, -0.56434 
-0.693542 ,-0.720223 ,-0.016708, 0.0988675 
-0.00977265 ,0.0325956 ,-0.999421, 0.106577 
0 ,0 ,0, 1 
0.72035 ,-0.692977 ,-0.0296347, -0.564334 
-0.693542 ,-0.720222 ,-0.0167099, 0.0988663 
-0.00976401 ,0.0325899 ,-0.999421, 0.106573 
0 ,0 ,0, 1 
0.72035 ,-0.692978 ,-0.0296158, -0.564323 
-0.693542 ,-0.720222 ,-0.0167133, 0.0988643 
-0.009748 ,0.0325793 ,-0.999422, 0.106567 
0 ,0 ,0, 1 
0.72035 ,-0.69298 ,-0.0295683, -0.564294 
-0.693542 ,-0.720222 ,-0.0167221, 0.0988593 
-0.00970766 ,0.0325526 ,-0.999423, 0.106551 
0 ,0 ,0, 1 
0.72035 ,-0.692979 ,-0.0295816, -0.564293 
-0.693542 ,-0.720222 ,-0.0167199, 0.0988589 
-0.00971877 ,0.0325603 ,-0.999422, 0.106562 
0 ,0 ,0, 1 
0.72035 ,-0.692979 ,-0.0295993, -0.564291 
-0.693542 ,-0.720222 ,-0.016717, 0.0988586 
-0.00973351 ,0.0325705 ,-0.999422, 0.106576 
0 ,0 ,0, 1 
0.72035 ,-0.692981 ,-0.0295402, -0.564257 
-0.693543 ,-0.720221 ,-0.0167278, 0.0988525 
-0.0096834 ,0.0325373 ,-0.999424, 0.106555 
0 ,0 ,0, 1 
0.72035 ,-0.692982 ,-0.0295252, -0.564245 
-0.693543 ,-0.720221 ,-0.0167307, 0.0988505 
-0.00967065 ,0.032529 ,-0.999424, 0.106552 
0 ,0 ,0, 1 
0.72035 ,-0.692981 ,-0.0295479, -0.564245 
-0.693543 ,-0.720221 ,-0.0167269, 0.0988503 
-0.00968959 ,0.032542 ,-0.999423, 0.106568 
0 ,0 ,0, 1 
0.72035 ,-0.692983 ,-0.0295064, -0.564212 
-0.693543 ,-0.72022 ,-0.0167348, 0.0988445 
-0.00965419 ,0.0325189 ,-0.999425, 0.106559 
0 ,0 ,0, 1 
0.72035 ,-0.692984 ,-0.0294877, -0.564196 
-0.693544 ,-0.72022 ,-0.0167384, 0.0988417 
-0.00963821 ,0.0325085 ,-0.999425, 0.106555 
0 ,0 ,0, 1 
0.720351 ,-0.692982 ,-0.0294915, -0.564188 
-0.693543 ,-0.720221 ,-0.016738, 0.0988403 
-0.00964128 ,0.0325108 ,-0.999425, 0.106563 
0 ,0 ,0, 1 
0.72035 ,-0.692984 ,-0.0294739, -0.564162 
-0.693544 ,-0.72022 ,-0.0167417, 0.0988354 
-0.00962597 ,0.0325013 ,-0.999425, 0.106567 
0 ,0 ,0, 1 
0.720351 ,-0.692985 ,-0.0294375, -0.564136 
-0.693543 ,-0.72022 ,-0.0167484, 0.098831 
-0.0095951 ,0.032481 ,-0.999426, 0.106557 
0 ,0 ,0, 1 
0.720351 ,-0.692985 ,-0.0294275, -0.564124 
-0.693543 ,-0.72022 ,-0.0167505, 0.0988288 
-0.00958646 ,0.0324755 ,-0.999427, 0.106558 
0 ,0 ,0, 1 
0.72035 ,-0.692987 ,-0.0294251, -0.564098 
-0.693545 ,-0.720219 ,-0.0167517, 0.0988239 
-0.00958384 ,0.0324747 ,-0.999427, 0.106572 
0 ,0 ,0, 1 
0.720351 ,-0.692987 ,-0.0293821, -0.564067 
-0.693544 ,-0.720219 ,-0.0167597, 0.0988185 
-0.00954727 ,0.0324506 ,-0.999428, 0.106562 
0 ,0 ,0, 1 
0.720351 ,-0.692988 ,-0.0293549, -0.564052 
-0.693544 ,-0.720219 ,-0.0167647, 0.0988158 
-0.00952424 ,0.0324354 ,-0.999428, 0.106551 
0 ,0 ,0, 1 
0.720351 ,-0.69299 ,-0.0293272, -0.564014 
-0.693545 ,-0.720218 ,-0.0167704, 0.098809 
-0.0095003 ,0.0324203 ,-0.999429, 0.106555 
0 ,0 ,0, 1 
0.72035 ,-0.692991 ,-0.0293208, -0.563992 
-0.693546 ,-0.720217 ,-0.0167721, 0.0988057 
-0.00949441 ,0.0324171 ,-0.999429, 0.106565 
0 ,0 ,0, 1 
0.720348 ,-0.692994 ,-0.0292894, -0.563971 
-0.693548 ,-0.720215 ,-0.0167778, 0.0988035 
-0.00946773 ,0.0323995 ,-0.99943, 0.106556 
0 ,0 ,0, 1 
0.720348 ,-0.692996 ,-0.0292308, -0.563922 
-0.693549 ,-0.720214 ,-0.016789, 0.0987947 
-0.00941776 ,0.0323669 ,-0.999432, 0.106544 
0 ,0 ,0, 1 
0.720348 ,-0.692996 ,-0.0292421, -0.563906 
-0.693549 ,-0.720214 ,-0.0167876, 0.0987918 
-0.00942684 ,0.0323737 ,-0.999431, 0.106562 
0 ,0 ,0, 1 
0.720341 ,-0.693005 ,-0.0292232, -0.563881 
-0.693557 ,-0.720206 ,-0.0167912, 0.0987933 
-0.00941037 ,0.0323633 ,-0.999432, 0.106564 
0 ,0 ,0, 1 
0.720336 ,-0.693013 ,-0.0291483, -0.563828 
-0.693563 ,-0.7202 ,-0.0168049, 0.0987883 
-0.00934661 ,0.0323214 ,-0.999434, 0.106543 
0 ,0 ,0, 1 
0.720332 ,-0.693018 ,-0.0291273, -0.563794 
-0.693567 ,-0.720196 ,-0.0168093, 0.0987852 
-0.00932825 ,0.03231 ,-0.999434, 0.106548 
0 ,0 ,0, 1 
0.720328 ,-0.693021 ,-0.0291358, -0.563776 
-0.693571 ,-0.720192 ,-0.0168083, 0.0987848 
-0.00933491 ,0.0323152 ,-0.999434, 0.106566 
0 ,0 ,0, 1 
0.720325 ,-0.693027 ,-0.0290698, -0.563724 
-0.693574 ,-0.720189 ,-0.0168206, 0.0987779 
-0.00927864 ,0.0322784 ,-0.999436, 0.10655 
0 ,0 ,0, 1 
0.720324 ,-0.693031 ,-0.0290184, -0.563681 
-0.693577 ,-0.720186 ,-0.0168303, 0.0987715 
-0.00923471 ,0.0322498 ,-0.999437, 0.106541 
0 ,0 ,0, 1 
0.720321 ,-0.693034 ,-0.0290163, -0.563652 
-0.69358 ,-0.720183 ,-0.0168315, 0.0987686 
-0.00923229 ,0.0322492 ,-0.999437, 0.106557 
0 ,0 ,0, 1 
0.72032 ,-0.693037 ,-0.0289774, -0.563608 
-0.693581 ,-0.720182 ,-0.0168392, 0.0987614 
-0.0091988 ,0.0322278 ,-0.999438, 0.106557 
0 ,0 ,0, 1 
0.720317 ,-0.693042 ,-0.0289246, -0.563561 
-0.693585 ,-0.720178 ,-0.0168492, 0.0987552 
-0.00915368 ,0.0321984 ,-0.99944, 0.106548 
0 ,0 ,0, 1 
0.720312 ,-0.693048 ,-0.0288959, -0.56352 
-0.69359 ,-0.720173 ,-0.016855, 0.0987515 
-0.00912869 ,0.0321828 ,-0.99944, 0.106553 
0 ,0 ,0, 1 
0.720309 ,-0.693054 ,-0.0288422, -0.563468 
-0.693594 ,-0.720169 ,-0.0168653, 0.0987451 
-0.00908269 ,0.032153 ,-0.999442, 0.106547 
0 ,0 ,0, 1 
0.720307 ,-0.693058 ,-0.0287934, -0.563414 
-0.693597 ,-0.720166 ,-0.0168749, 0.098737 
-0.00904073 ,0.0321261 ,-0.999443, 0.106546 
0 ,0 ,0, 1 
0.720303 ,-0.693063 ,-0.0287601, -0.563372 
-0.693601 ,-0.720162 ,-0.0168815, 0.0987325 
-0.00901198 ,0.0321079 ,-0.999444, 0.106547 
0 ,0 ,0, 1 
0.720298 ,-0.69307 ,-0.0287251, -0.563324 
-0.693607 ,-0.720156 ,-0.0168885, 0.0987282 
-0.00898158 ,0.0320887 ,-0.999445, 0.106549 
0 ,0 ,0, 1 
0.720293 ,-0.693077 ,-0.0286646, -0.563262 
-0.693612 ,-0.72015 ,-0.0169002, 0.0987209 
-0.00892966 ,0.0320552 ,-0.999446, 0.106543 
0 ,0 ,0, 1 
0.720289 ,-0.693083 ,-0.0286375, -0.563218 
-0.693617 ,-0.720146 ,-0.0169058, 0.098716 
-0.00890609 ,0.0320405 ,-0.999447, 0.106548 
0 ,0 ,0, 1 
0.720285 ,-0.693087 ,-0.0286199, -0.563174 
-0.693621 ,-0.720142 ,-0.0169097, 0.0987118 
-0.00889048 ,0.0320312 ,-0.999447, 0.106559 
0 ,0 ,0, 1 
0.720283 ,-0.693093 ,-0.0285506, -0.563101 
-0.693625 ,-0.720138 ,-0.0169232, 0.0987011 
-0.00883103 ,0.0319929 ,-0.999449, 0.106551 
0 ,0 ,0, 1 
0.720276 ,-0.6931 ,-0.0285463, -0.563064 
-0.693632 ,-0.720131 ,-0.0169246, 0.0986996 
-0.00882657 ,0.031991 ,-0.999449, 0.106565 
0 ,0 ,0, 1 
0.720267 ,-0.693113 ,-0.0284633, -0.562999 
-0.693642 ,-0.720121 ,-0.0169398, 0.0986954 
-0.00875575 ,0.0319445 ,-0.999451, 0.10654 
0 ,0 ,0, 1 
0.720259 ,-0.693124 ,-0.0283877, -0.562927 
-0.69365 ,-0.720112 ,-0.0169541, 0.0986885 
-0.00869108 ,0.0319025 ,-0.999453, 0.106524 
0 ,0 ,0, 1 
0.720252 ,-0.693131 ,-0.0283822, -0.562886 
-0.693658 ,-0.720105 ,-0.0169558, 0.0986864 
-0.00868557 ,0.0318999 ,-0.999453, 0.106536 
0 ,0 ,0, 1 
0.720245 ,-0.69314 ,-0.0283367, -0.562826 
-0.693665 ,-0.720097 ,-0.0169647, 0.0986809 
-0.00864629 ,0.0318749 ,-0.999454, 0.106532 
0 ,0 ,0, 1 
0.720239 ,-0.693148 ,-0.0283036, -0.562766 
-0.693672 ,-0.720091 ,-0.0169715, 0.0986747 
-0.0086174 ,0.031857 ,-0.999455, 0.106535 
0 ,0 ,0, 1 
0.720234 ,-0.693154 ,-0.0282847, -0.562714 
-0.693678 ,-0.720085 ,-0.0169758, 0.098669 
-0.00860049 ,0.031847 ,-0.999456, 0.106546 
0 ,0 ,0, 1 
0.720226 ,-0.693165 ,-0.0282327, -0.562649 
-0.693687 ,-0.720077 ,-0.0169858, 0.0986634 
-0.00855579 ,0.0318183 ,-0.999457, 0.106534 
0 ,0 ,0, 1 
0.720217 ,-0.693174 ,-0.0282472, -0.562607 
-0.693696 ,-0.720067 ,-0.0169835, 0.0986622 
-0.00856742 ,0.0318268 ,-0.999457, 0.106531 
0 ,0 ,0, 1 
0.720208 ,-0.693181 ,-0.0283061, -0.562587 
-0.693705 ,-0.720059 ,-0.0169731, 0.0986641 
-0.00861667 ,0.0318603 ,-0.999455, 0.106542 
0 ,0 ,0, 1 
0.720199 ,-0.693189 ,-0.0283274, -0.562554 
-0.693714 ,-0.720051 ,-0.0169691, 0.0986638 
-0.00863435 ,0.0318722 ,-0.999455, 0.106525 
0 ,0 ,0, 1 
0.720191 ,-0.693198 ,-0.0283006, -0.562491 
-0.693722 ,-0.720043 ,-0.0169748, 0.0986579 
-0.00861078 ,0.0318578 ,-0.999455, 0.106526 
0 ,0 ,0, 1 
0.72018 ,-0.693208 ,-0.0283324, -0.56245 
-0.693733 ,-0.720032 ,-0.0169697, 0.0986581 
-0.00863668 ,0.0318763 ,-0.999454, 0.106542 
0 ,0 ,0, 1 
0.720169 ,-0.693218 ,-0.0283604, -0.562412 
-0.693744 ,-0.720022 ,-0.0169648, 0.0986584 
-0.00865981 ,0.0318924 ,-0.999454, 0.106538 
0 ,0 ,0, 1 
0.720156 ,-0.693229 ,-0.028419, -0.562382 
-0.693757 ,-0.72001 ,-0.0169544, 0.0986615 
-0.00870868 ,0.0319257 ,-0.999452, 0.106545 
0 ,0 ,0, 1 
0.720146 ,-0.69324 ,-0.0284196, -0.562326 
-0.693768 ,-0.719999 ,-0.0169549, 0.0986599 
-0.0087083 ,0.0319266 ,-0.999452, 0.106548 
0 ,0 ,0, 1 
0.720136 ,-0.693251 ,-0.0283986, -0.562264 
-0.693779 ,-0.719989 ,-0.0169591, 0.0986558 
-0.00868975 ,0.0319152 ,-0.999453, 0.106539 
0 ,0 ,0, 1 
0.720124 ,-0.693265 ,-0.0283754, -0.562197 
-0.693792 ,-0.719976 ,-0.0169639, 0.098653 
-0.0086691 ,0.0319027 ,-0.999453, 0.106536 
0 ,0 ,0, 1 
0.720111 ,-0.693281 ,-0.028315, -0.562115 
-0.693805 ,-0.719963 ,-0.016975, 0.0986479 
-0.00861733 ,0.0318689 ,-0.999455, 0.106528 
0 ,0 ,0, 1 
0.7201 ,-0.693295 ,-0.0282468, -0.562029 
-0.693817 ,-0.719951 ,-0.0169879, 0.0986409 
-0.00855869 ,0.0318311 ,-0.999457, 0.106509 
0 ,0 ,0, 1 
0.720091 ,-0.693305 ,-0.0282303, -0.561961 
-0.693827 ,-0.719941 ,-0.0169916, 0.0986348 
-0.00854377 ,0.0318225 ,-0.999457, 0.106506 
0 ,0 ,0, 1 
0.72008 ,-0.693319 ,-0.028166, -0.561869 
-0.693839 ,-0.719929 ,-0.0170042, 0.0986267 
-0.0084882 ,0.0317871 ,-0.999459, 0.106498 
0 ,0 ,0, 1 
0.720063 ,-0.693339 ,-0.028137, -0.561793 
-0.693858 ,-0.719911 ,-0.0170094, 0.0986266 
-0.00846283 ,0.0317709 ,-0.999459, 0.106497 
0 ,0 ,0, 1 
0.720046 ,-0.693355 ,-0.0281465, -0.561723 
-0.693875 ,-0.719895 ,-0.0170086, 0.0986261 
-0.0084695 ,0.0317771 ,-0.999459, 0.106509 
0 ,0 ,0, 1 
0.72003 ,-0.693374 ,-0.0280928, -0.561632 
-0.693892 ,-0.719878 ,-0.0170184, 0.0986218 
-0.00842328 ,0.0317471 ,-0.99946, 0.106501 
0 ,0 ,0, 1 
0.720017 ,-0.69339 ,-0.028029, -0.561536 
-0.693906 ,-0.719864 ,-0.0170303, 0.0986151 
-0.00836838 ,0.0317116 ,-0.999462, 0.1065 
0 ,0 ,0, 1 
0.720003 ,-0.693405 ,-0.0280107, -0.561451 
-0.693921 ,-0.71985 ,-0.0170348, 0.0986097 
-0.00835148 ,0.0317023 ,-0.999462, 0.106507 
0 ,0 ,0, 1 
0.719989 ,-0.693421 ,-0.0279869, -0.561371 
-0.693935 ,-0.719836 ,-0.0170391, 0.0986052 
-0.00833076 ,0.0316891 ,-0.999463, 0.106499 
0 ,0 ,0, 1 
0.719976 ,-0.693435 ,-0.027961, -0.561284 
-0.693949 ,-0.719822 ,-0.0170443, 0.0985993 
-0.00830786 ,0.031675 ,-0.999464, 0.106509 
0 ,0 ,0, 1 
0.719965 ,-0.693449 ,-0.0279039, -0.561186 
-0.693961 ,-0.71981 ,-0.0170558, 0.09859 
-0.00825818 ,0.0316439 ,-0.999465, 0.106507 
0 ,0 ,0, 1 
0.719949 ,-0.693467 ,-0.0278743, -0.561104 
-0.693979 ,-0.719793 ,-0.0170612, 0.0985875 
-0.0082324 ,0.0316273 ,-0.999466, 0.1065 
0 ,0 ,0, 1 
0.719933 ,-0.693483 ,-0.0278806, -0.561022 
-0.693994 ,-0.719778 ,-0.0170606, 0.0985848 
-0.00823662 ,0.0316315 ,-0.999466, 0.106519 
0 ,0 ,0, 1 
0.71992 ,-0.6935 ,-0.0278067, -0.560918 
-0.694009 ,-0.719764 ,-0.0170742, 0.0985761 
-0.00817332 ,0.0315901 ,-0.999467, 0.106501 
0 ,0 ,0, 1 
0.719906 ,-0.693519 ,-0.0277031, -0.560799 
-0.694025 ,-0.719748 ,-0.0170927, 0.098566 
-0.00808516 ,0.0315317 ,-0.99947, 0.106482 
0 ,0 ,0, 1 
0.719891 ,-0.693533 ,-0.0277222, -0.56072 
-0.69404 ,-0.719734 ,-0.0170869, 0.0985627 
-0.00810227 ,0.031541 ,-0.99947, 0.106494 
0 ,0 ,0, 1 
0.71987 ,-0.693559 ,-0.0276314, -0.56059 
-0.694062 ,-0.719712 ,-0.0171008, 0.0985564 
-0.00802622 ,0.0314883 ,-0.999472, 0.106496 
0 ,0 ,0, 1 
0.719839 ,-0.693592 ,-0.0275913, -0.560492 
-0.694095 ,-0.71968 ,-0.0171058, 0.0985636 
-0.00799245 ,0.0314644 ,-0.999473, 0.10649 
0 ,0 ,0, 1 
0.719821 ,-0.69361 ,-0.0276161, -0.560414 
-0.694113 ,-0.719663 ,-0.0170991, 0.0985621 
-0.00801414 ,0.031477 ,-0.999472, 0.106484 
0 ,0 ,0, 1 
0.719808 ,-0.693624 ,-0.0275999, -0.560314 
-0.694127 ,-0.719649 ,-0.0171003, 0.0985541 
-0.00800106 ,0.0314668 ,-0.999473, 0.106501 
0 ,0 ,0, 1 
0.719775 ,-0.693656 ,-0.0276403, -0.560247 
-0.69416 ,-0.719617 ,-0.0170899, 0.0985674 
-0.00803592 ,0.0314877 ,-0.999472, 0.106486 
0 ,0 ,0, 1 
0.719745 ,-0.693688 ,-0.0276467, -0.560166 
-0.694192 ,-0.719587 ,-0.0170847, 0.0985764 
-0.00804279 ,0.0314887 ,-0.999472, 0.106472 
0 ,0 ,0, 1 
0.719733 ,-0.693699 ,-0.0276744, -0.560082 
-0.694204 ,-0.719576 ,-0.0170756, 0.0985693 
-0.0080685 ,0.0315016 ,-0.999471, 0.106486 
0 ,0 ,0, 1 
0.719702 ,-0.693732 ,-0.0276721, -0.559993 
-0.694237 ,-0.719545 ,-0.017068, 0.0985786 
-0.00807064 ,0.0314949 ,-0.999471, 0.106471 
0 ,0 ,0, 1 
0.719661 ,-0.693775 ,-0.0276455, -0.559885 
-0.694279 ,-0.719503 ,-0.0170704, 0.0985913 
-0.008048 ,0.0314786 ,-0.999472, 0.106466 
0 ,0 ,0, 1 
0.719651 ,-0.693783 ,-0.0277085, -0.559806 
-0.694289 ,-0.719494 ,-0.0170586, 0.0985837 
-0.00810115 ,0.0315139 ,-0.99947, 0.106493 
0 ,0 ,0, 1 
0.719638 ,-0.693797 ,-0.0276898, -0.559701 
-0.694303 ,-0.719481 ,-0.01706, 0.0985741 
-0.00808612 ,0.0315021 ,-0.999471, 0.106495 
0 ,0 ,0, 1 
0.719595 ,-0.693842 ,-0.0276772, -0.559593 
-0.694347 ,-0.719438 ,-0.0170596, 0.0985877 
-0.00807537 ,0.0314936 ,-0.999471, 0.106483 
0 ,0 ,0, 1 
0.719568 ,-0.693866 ,-0.0277641, -0.55951 
-0.694374 ,-0.719413 ,-0.0170424, 0.0985919 
-0.00814873 ,0.0315419 ,-0.999469, 0.106518 
0 ,0 ,0, 1 
0.719561 ,-0.693872 ,-0.0278296, -0.559426 
-0.694381 ,-0.719406 ,-0.0170305, 0.0985801 
-0.00820386 ,0.0315788 ,-0.999468, 0.106551 
0 ,0 ,0, 1 
0.719527 ,-0.693906 ,-0.027832, -0.559331 
-0.694416 ,-0.719372 ,-0.0170286, 0.0985881 
-0.00820534 ,0.0315795 ,-0.999468, 0.106527 
0 ,0 ,0, 1 
0.719485 ,-0.693952 ,-0.0277718, -0.559201 
-0.69446 ,-0.71933 ,-0.0170319, 0.0986001 
-0.00815778 ,0.0315406 ,-0.999469, 0.106516 
0 ,0 ,0, 1 
0.719466 ,-0.693973 ,-0.0277413, -0.559085 
-0.69448 ,-0.719311 ,-0.017029, 0.0985943 
-0.00813693 ,0.0315176 ,-0.99947, 0.106501 
0 ,0 ,0, 1 
0.719444 ,-0.693995 ,-0.0277862, -0.558997 
-0.694503 ,-0.719289 ,-0.0170203, 0.0985937 
-0.00817435 ,0.0315427 ,-0.999469, 0.106502 
0 ,0 ,0, 1 
0.719399 ,-0.694041 ,-0.0277887, -0.558879 
-0.694549 ,-0.719244 ,-0.0170191, 0.0986069 
-0.00817491 ,0.0315442 ,-0.999469, 0.106513 
0 ,0 ,0, 1 
0.719381 ,-0.694063 ,-0.0277066, -0.558724 
-0.694568 ,-0.719225 ,-0.0170317, 0.0985932 
-0.00810624 ,0.0314964 ,-0.999471, 0.106527 
0 ,0 ,0, 1 
0.719356 ,-0.694087 ,-0.0277666, -0.558642 
-0.694594 ,-0.719201 ,-0.0170115, 0.0985982 
-0.00816229 ,0.0315238 ,-0.99947, 0.106506 
0 ,0 ,0, 1 
0.719308 ,-0.694136 ,-0.0277869, -0.558531 
-0.694643 ,-0.719153 ,-0.0170026, 0.098616 
-0.00818094 ,0.0315321 ,-0.999469, 0.106509 
0 ,0 ,0, 1 
0.719281 ,-0.694167 ,-0.0276972, -0.558367 
-0.694672 ,-0.719125 ,-0.0170196, 0.0986072 
-0.00810332 ,0.0314823 ,-0.999471, 0.106512 
0 ,0 ,0, 1 
0.719269 ,-0.694181 ,-0.0276571, -0.558232 
-0.694685 ,-0.719112 ,-0.0170252, 0.0985908 
-0.00806995 ,0.0314587 ,-0.999472, 0.106503 
0 ,0 ,0, 1 
0.71922 ,-0.694232 ,-0.0276465, -0.558102 
-0.694735 ,-0.719064 ,-0.0170153, 0.0986073 
-0.008067 ,0.0314447 ,-0.999473, 0.106517 
0 ,0 ,0, 1 
0.71918 ,-0.694272 ,-0.0276689, -0.557969 
-0.694776 ,-0.719025 ,-0.0170089, 0.0986148 
-0.00808583 ,0.0314561 ,-0.999472, 0.106552 
0 ,0 ,0, 1 
0.719161 ,-0.694296 ,-0.0275941, -0.557817 
-0.694798 ,-0.719004 ,-0.0170236, 0.0986017 
-0.00802089 ,0.031415 ,-0.999474, 0.106544 
0 ,0 ,0, 1 
0.719133 ,-0.694325 ,-0.027569, -0.557664 
-0.694826 ,-0.718976 ,-0.0170284, 0.0985942 
-0.00799823 ,0.0314014 ,-0.999475, 0.106569 
0 ,0 ,0, 1 
0.719077 ,-0.694384 ,-0.027556, -0.55752 
-0.694885 ,-0.71892 ,-0.0170172, 0.0986165 
-0.0079941 ,0.0313849 ,-0.999475, 0.106571 
0 ,0 ,0, 1 
0.71907 ,-0.694397 ,-0.0274191, -0.557344 
-0.694893 ,-0.718911 ,-0.0170359, 0.0986052 
-0.00788222 ,0.0313034 ,-0.999479, 0.106551 
0 ,0 ,0, 1 
0.719055 ,-0.694408 ,-0.0275258, -0.557256 
-0.694907 ,-0.718898 ,-0.0170168, 0.0986044 
-0.00797162 ,0.0313639 ,-0.999476, 0.106561 
0 ,0 ,0, 1 
0.719009 ,-0.694457 ,-0.0274941, -0.557097 
-0.694955 ,-0.718851 ,-0.0170228, 0.0986161 
-0.00794256 ,0.0313467 ,-0.999477, 0.10656 
0 ,0 ,0, 1 
0.718985 ,-0.694483 ,-0.0274363, -0.556936 
-0.69498 ,-0.718827 ,-0.0170273, 0.0986108 
-0.0078968 ,0.0313101 ,-0.999479, 0.106569 
0 ,0 ,0, 1 
0.718965 ,-0.694504 ,-0.0274662, -0.556814 
-0.695001 ,-0.718807 ,-0.0170128, 0.0986083 
-0.0079275 ,0.0313206 ,-0.999478, 0.10658 
0 ,0 ,0, 1 
0.718912 ,-0.694554 ,-0.0275746, -0.556721 
-0.695055 ,-0.718756 ,-0.0169898, 0.0986333 
-0.00801905 ,0.03138 ,-0.999475, 0.106573 
0 ,0 ,0, 1 
0.718875 ,-0.694596 ,-0.0274658, -0.55652 
-0.695094 ,-0.718718 ,-0.017011, 0.0986277 
-0.00792438 ,0.0313201 ,-0.999478, 0.106598 
0 ,0 ,0, 1 
0.718855 ,-0.694618 ,-0.0274486, -0.556367 
-0.695115 ,-0.718697 ,-0.0170023, 0.0986307 
-0.00791708 ,0.0313021 ,-0.999479, 0.1066 
0 ,0 ,0, 1 
0.718823 ,-0.694646 ,-0.027569, -0.556279 
-0.695147 ,-0.718668 ,-0.0169712, 0.0986531 
-0.00802399 ,0.0313638 ,-0.999476, 0.106587 
0 ,0 ,0, 1 
0.718799 ,-0.694675 ,-0.0274582, -0.55606 
-0.695172 ,-0.718642 ,-0.0169943, 0.0986446 
-0.00792709 ,0.0313036 ,-0.999478, 0.106632 
0 ,0 ,0, 1 
0.718772 ,-0.694703 ,-0.0274667, -0.555918 
-0.6952 ,-0.718615 ,-0.0169919, 0.0986494 
-0.00793365 ,0.0313082 ,-0.999478, 0.106637 
0 ,0 ,0, 1 
0.718742 ,-0.694728 ,-0.0276226, -0.555834 
-0.69523 ,-0.718588 ,-0.0169515, 0.098666 
-0.00807257 ,0.0313878 ,-0.999475, 0.106635 
0 ,0 ,0, 1 
0.71873 ,-0.694747 ,-0.0274701, -0.555609 
-0.695244 ,-0.718573 ,-0.0169738, 0.0986489 
-0.00794683 ,0.031298 ,-0.999479, 0.106661 
0 ,0 ,0, 1 
0.718713 ,-0.694769 ,-0.0273546, -0.555416 
-0.695263 ,-0.718555 ,-0.0169954, 0.0986353 
-0.0078479 ,0.0312334 ,-0.999481, 0.106634 
0 ,0 ,0, 1 
0.718685 ,-0.694789 ,-0.027589, -0.555346 
-0.695289 ,-0.71853 ,-0.0169506, 0.0986521 
-0.00804648 ,0.0313645 ,-0.999476, 0.106646 
0 ,0 ,0, 1 
0.718646 ,-0.694834 ,-0.0274546, -0.555126 
-0.695331 ,-0.71849 ,-0.0169576, 0.098658 
-0.00794315 ,0.0312765 ,-0.999479, 0.106681 
0 ,0 ,0, 1 
0.718629 ,-0.694859 ,-0.0272674, -0.554884 
-0.69535 ,-0.71847 ,-0.0169908, 0.0986399 
-0.00778458 ,0.0311704 ,-0.999484, 0.106669 
0 ,0 ,0, 1 
0.718596 ,-0.694882 ,-0.0275633, -0.554842 
-0.695382 ,-0.718441 ,-0.0169362, 0.0986631 
-0.00803396 ,0.0313373 ,-0.999477, 0.106686 
0 ,0 ,0, 1 
0.718582 ,-0.694901 ,-0.027418, -0.554626 
-0.695397 ,-0.718425 ,-0.0169639, 0.0986451 
-0.00790954 ,0.0312563 ,-0.99948, 0.106693 
0 ,0 ,0, 1 
0.718546 ,-0.694945 ,-0.02726, -0.554385 
-0.695436 ,-0.718387 ,-0.0169769, 0.098643 
-0.00778526 ,0.0311563 ,-0.999484, 0.10669 
0 ,0 ,0, 1 
0.718499 ,-0.694987 ,-0.0274169, -0.554269 
-0.695483 ,-0.718343 ,-0.0169452, 0.0986644 
-0.00791799 ,0.0312431 ,-0.99948, 0.106728 
0 ,0 ,0, 1 
0.718479 ,-0.695015 ,-0.0272583, -0.554037 
-0.695506 ,-0.71832 ,-0.016975, 0.0986494 
-0.00778228 ,0.0311545 ,-0.999484, 0.106719 
0 ,0 ,0, 1 
0.718461 ,-0.695034 ,-0.0272315, -0.553846 
-0.695524 ,-0.718302 ,-0.0169786, 0.0986402 
-0.00775972 ,0.0311386 ,-0.999485, 0.106733 
0 ,0 ,0, 1 
0.718424 ,-0.695071 ,-0.0272643, -0.553695 
-0.695562 ,-0.718266 ,-0.0169588, 0.0986553 
-0.00779542 ,0.0311476 ,-0.999484, 0.106723 
0 ,0 ,0, 1 
0.718395 ,-0.695103 ,-0.0272173, -0.5535 
-0.695593 ,-0.718236 ,-0.0169615, 0.0986594 
-0.00775844 ,0.0311172 ,-0.999486, 0.10673 
0 ,0 ,0, 1 
0.718382 ,-0.695112 ,-0.0273315, -0.553357 
-0.695605 ,-0.718225 ,-0.0169446, 0.0986639 
-0.00785181 ,0.0311846 ,-0.999483, 0.106769 
0 ,0 ,0, 1 
0.718381 ,-0.695116 ,-0.027236, -0.553143 
-0.695606 ,-0.718223 ,-0.016956, 0.0986542 
-0.00777513 ,0.0311264 ,-0.999485, 0.106759 
0 ,0 ,0, 1 
0.718361 ,-0.695137 ,-0.0272361, -0.552958 
-0.695627 ,-0.718203 ,-0.0169389, 0.0986773 
-0.00778617 ,0.0311144 ,-0.999485, 0.106771 
0 ,0 ,0, 1 
0.718401 ,-0.695094 ,-0.0273018, -0.552803 
-0.695585 ,-0.718244 ,-0.0169263, 0.0986862 
-0.00784404 ,0.0311506 ,-0.999484, 0.106752 
0 ,0 ,0, 1 
0.718438 ,-0.695061 ,-0.0271441, -0.552555 
-0.695548 ,-0.71828 ,-0.0169597, 0.0986571 
-0.0077091 ,0.0310645 ,-0.999488, 0.106775 
0 ,0 ,0, 1 
0.718371 ,-0.695124 ,-0.0272958, -0.552424 
-0.695616 ,-0.718215 ,-0.0169204, 0.0986844 
-0.00784245 ,0.0311425 ,-0.999484, 0.106816 
0 ,0 ,0, 1 
0.718309 ,-0.695188 ,-0.0273235, -0.552244 
-0.69568 ,-0.718153 ,-0.0169002, 0.0987031 
-0.00787365 ,0.031148 ,-0.999484, 0.106797 
0 ,0 ,0, 1 
0.718419 ,-0.695082 ,-0.0271029, -0.551968 
-0.695568 ,-0.71826 ,-0.0169454, 0.0986696 
-0.00768849 ,0.0310258 ,-0.999489, 0.106802 
0 ,0 ,0, 1 
0.718407 ,-0.695087 ,-0.027282, -0.551853 
-0.695578 ,-0.718251 ,-0.0169122, 0.0986882 
-0.00783988 ,0.0311267 ,-0.999485, 0.106809 
0 ,0 ,0, 1 
0.71833 ,-0.695163 ,-0.0273955, -0.551687 
-0.695657 ,-0.718176 ,-0.0168739, 0.0987183 
-0.00794469 ,0.031179 ,-0.999482, 0.106828 
0 ,0 ,0, 1 
0.718311 ,-0.695188 ,-0.0272727, -0.551435 
-0.695678 ,-0.718155 ,-0.0168906, 0.0986954 
-0.00784389 ,0.0311057 ,-0.999485, 0.106886 
0 ,0 ,0, 1 
0.718333 ,-0.695164 ,-0.0272816, -0.55123 
-0.695655 ,-0.718177 ,-0.0168923, 0.0986901 
-0.00785011 ,0.0311128 ,-0.999485, 0.106927 
0 ,0 ,0, 1 
0.718336 ,-0.695167 ,-0.0271421, -0.550987 
-0.695654 ,-0.718178 ,-0.0169183, 0.0986868 
-0.00773182 ,0.0310345 ,-0.999488, 0.106858 
0 ,0 ,0, 1 
0.718335 ,-0.695167 ,-0.0271652, -0.550788 
-0.695654 ,-0.718178 ,-0.0168954, 0.0987017 
-0.00776432 ,0.0310341 ,-0.999488, 0.106905 
0 ,0 ,0, 1 
0.718341 ,-0.695162 ,-0.0271131, -0.550551 
-0.695648 ,-0.718184 ,-0.0169004, 0.0986924 
-0.00772372 ,0.0310014 ,-0.999489, 0.106939 
0 ,0 ,0, 1 
0.718336 ,-0.695172 ,-0.0270243, -0.550326 
-0.695655 ,-0.718177 ,-0.0169187, 0.098691 
-0.00764682 ,0.0309529 ,-0.999492, 0.106897 
0 ,0 ,0, 1 
0.718334 ,-0.695173 ,-0.0270393, -0.550121 
-0.695656 ,-0.718176 ,-0.0169153, 0.0986915 
-0.00765994 ,0.0309609 ,-0.999491, 0.10694 
0 ,0 ,0, 1 
0.718326 ,-0.695184 ,-0.0269624, -0.549861 
-0.695665 ,-0.718167 ,-0.0169087, 0.0986881 
-0.00760881 ,0.0309028 ,-0.999493, 0.106968 
0 ,0 ,0, 1 
0.718292 ,-0.695213 ,-0.0271073, -0.549718 
-0.695698 ,-0.718135 ,-0.0168812, 0.0987089 
-0.00773065 ,0.0309842 ,-0.99949, 0.10697 
0 ,0 ,0, 1 
0.718278 ,-0.695231 ,-0.0270405, -0.549458 
-0.695714 ,-0.71812 ,-0.0168974, 0.0986993 
-0.00767075 ,0.0309495 ,-0.999492, 0.106999 
0 ,0 ,0, 1 
0.718284 ,-0.695228 ,-0.0269515, -0.549225 
-0.695709 ,-0.718125 ,-0.0169024, 0.0986903 
-0.00760353 ,0.0308911 ,-0.999494, 0.106987 
0 ,0 ,0, 1 
0.718249 ,-0.69526 ,-0.0270553, -0.549052 
-0.695744 ,-0.718092 ,-0.01687, 0.0987088 
-0.00769915 ,0.0309405 ,-0.999492, 0.107008 
0 ,0 ,0, 1 
0.718225 ,-0.695283 ,-0.0271004, -0.54884 
-0.695768 ,-0.718069 ,-0.0168648, 0.0987078 
-0.00773415 ,0.0309683 ,-0.99949, 0.107043 
0 ,0 ,0, 1 
0.718217 ,-0.695295 ,-0.0269995, -0.548591 
-0.695777 ,-0.71806 ,-0.0168855, 0.0986949 
-0.00764687 ,0.0309131 ,-0.999493, 0.107021 
0 ,0 ,0, 1 
0.718186 ,-0.695324 ,-0.027077, -0.548395 
-0.695808 ,-0.71803 ,-0.0168539, 0.0987131 
-0.00772318 ,0.0309447 ,-0.999491, 0.107047 
0 ,0 ,0, 1 
0.718159 ,-0.695349 ,-0.027166, -0.548199 
-0.695835 ,-0.718004 ,-0.0168282, 0.0987316 
-0.00780379 ,0.0309884 ,-0.999489, 0.107086 
0 ,0 ,0, 1 
0.718157 ,-0.695348 ,-0.0272222, -0.548007 
-0.695836 ,-0.718003 ,-0.0168205, 0.0987197 
-0.0078495 ,0.031022 ,-0.999488, 0.107094 
0 ,0 ,0, 1 
0.718142 ,-0.695364 ,-0.0272057, -0.547767 
-0.695852 ,-0.717988 ,-0.0168237, 0.0987218 
-0.00783471 ,0.0310129 ,-0.999488, 0.107103 
0 ,0 ,0, 1 
0.718114 ,-0.695394 ,-0.0271879, -0.547532 
-0.695881 ,-0.717961 ,-0.0168035, 0.0987383 
-0.0078348 ,0.0309864 ,-0.999489, 0.107105 
0 ,0 ,0, 1 
0.718127 ,-0.695385 ,-0.0270579, -0.547239 
-0.695869 ,-0.717972 ,-0.0168289, 0.0987105 
-0.00772426 ,0.030914 ,-0.999492, 0.107129 
0 ,0 ,0, 1 
0.718103 ,-0.695408 ,-0.027106, -0.547027 
-0.695893 ,-0.717948 ,-0.0168227, 0.0987155 
-0.00776207 ,0.0309433 ,-0.999491, 0.107159 
0 ,0 ,0, 1 
0.718086 ,-0.695429 ,-0.027041, -0.546759 
-0.695912 ,-0.71793 ,-0.0168264, 0.0987162 
-0.00771199 ,0.030901 ,-0.999493, 0.107165 
0 ,0 ,0, 1 
0.718095 ,-0.695424 ,-0.0269163, -0.546475 
-0.695903 ,-0.717938 ,-0.0168323, 0.0987084 
-0.00761863 ,0.0308183 ,-0.999496, 0.107167 
0 ,0 ,0, 1 
0.718114 ,-0.6954 ,-0.0270474, -0.54628 
-0.695883 ,-0.717959 ,-0.0168122, 0.0987133 
-0.00772771 ,0.0308949 ,-0.999493, 0.107208 
0 ,0 ,0, 1 
0.718146 ,-0.695369 ,-0.0269722, -0.546009 
-0.69585 ,-0.71799 ,-0.0168291, 0.0987064 
-0.00766333 ,0.0308544 ,-0.999494, 0.107216 
0 ,0 ,0, 1 
0.718114 ,-0.695401 ,-0.0270173, -0.545803 
-0.695883 ,-0.717959 ,-0.0168044, 0.0987171 
-0.00771156 ,0.0308684 ,-0.999494, 0.10722 
0 ,0 ,0, 1 
0.718176 ,-0.695335 ,-0.0270557, -0.545562 
-0.695818 ,-0.718022 ,-0.0167868, 0.0987221 
-0.00775413 ,0.0308818 ,-0.999493, 0.107228 
0 ,0 ,0, 1 
0.71816 ,-0.695354 ,-0.027008, -0.545287 
-0.695835 ,-0.718005 ,-0.0167998, 0.0987135 
-0.00771006 ,0.030858 ,-0.999494, 0.10728 
0 ,0 ,0, 1 
0.718171 ,-0.695346 ,-0.0269201, -0.545008 
-0.695825 ,-0.718015 ,-0.0168155, 0.0986984 
-0.00763644 ,0.030808 ,-0.999496, 0.107276 
0 ,0 ,0, 1 
0.718145 ,-0.695365 ,-0.0271184, -0.544854 
-0.695849 ,-0.717993 ,-0.0167531, 0.0987293 
-0.00782125 ,0.0309015 ,-0.999492, 0.107272 
0 ,0 ,0, 1 
0.718109 ,-0.695402 ,-0.0271122, -0.544584 
-0.695887 ,-0.717956 ,-0.016757, 0.0987255 
-0.00781251 ,0.0309003 ,-0.999492, 0.107329 
0 ,0 ,0, 1 
0.718099 ,-0.695416 ,-0.0270247, -0.54429 
-0.695898 ,-0.717945 ,-0.0167784, 0.0987061 
-0.00773433 ,0.030855 ,-0.999494, 0.107339 
0 ,0 ,0, 1 
0.718086 ,-0.69543 ,-0.0269906, -0.544037 
-0.695911 ,-0.717932 ,-0.0167722, 0.0987038 
-0.00771351 ,0.030827 ,-0.999495, 0.107321 
0 ,0 ,0, 1 
0.71804 ,-0.695479 ,-0.0269835, -0.54376 
-0.695959 ,-0.717886 ,-0.0167613, 0.0987112 
-0.00771391 ,0.0308147 ,-0.999495, 0.107369 
0 ,0 ,0, 1 
0.718009 ,-0.69551 ,-0.0270055, -0.54349 
-0.695991 ,-0.717855 ,-0.0167605, 0.0987074 
-0.00772894 ,0.0308297 ,-0.999495, 0.107443 
0 ,0 ,0, 1 
0.717996 ,-0.695524 ,-0.026987, -0.543235 
-0.696005 ,-0.717842 ,-0.0167632, 0.0986831 
-0.0077132 ,0.030819 ,-0.999495, 0.10743 
0 ,0 ,0, 1 
0.717939 ,-0.69559 ,-0.0268156, -0.542902 
-0.696065 ,-0.717783 ,-0.0167799, 0.0986855 
-0.00757583 ,0.0307123 ,-0.9995, 0.107416 
0 ,0 ,0, 1 
0.717891 ,-0.695636 ,-0.0268942, -0.542654 
-0.696114 ,-0.717736 ,-0.0167598, 0.0986959 
-0.00764424 ,0.0307531 ,-0.999498, 0.107498 
0 ,0 ,0, 1 
0.717881 ,-0.695646 ,-0.0268843, -0.542409 
-0.696124 ,-0.717726 ,-0.0167627, 0.0986709 
-0.00763466 ,0.0307484 ,-0.999498, 0.107459 
0 ,0 ,0, 1 
0.717836 ,-0.695692 ,-0.0268913, -0.542147 
-0.69617 ,-0.717682 ,-0.0167556, 0.0986756 
-0.0076427 ,0.0307487 ,-0.999498, 0.107463 
0 ,0 ,0, 1 
0.717773 ,-0.695759 ,-0.0268492, -0.541827 
-0.696236 ,-0.717618 ,-0.0167538, 0.0986853 
-0.00761081 ,0.0307188 ,-0.999499, 0.107537 
0 ,0 ,0, 1 
0.71775 ,-0.69578 ,-0.0269137, -0.5416 
-0.696258 ,-0.717596 ,-0.0167349, 0.0986782 
-0.00766931 ,0.0307504 ,-0.999498, 0.10754 
0 ,0 ,0, 1 
0.717732 ,-0.695799 ,-0.026906, -0.541341 
-0.696277 ,-0.717578 ,-0.0167363, 0.098665 
-0.00766207 ,0.0307462 ,-0.999498, 0.107519 
0 ,0 ,0, 1 
0.717673 ,-0.695862 ,-0.0268482, -0.54102 
-0.696338 ,-0.717519 ,-0.0167389, 0.0986695 
-0.00761612 ,0.0307085 ,-0.999499, 0.107561 
0 ,0 ,0, 1 
0.717636 ,-0.695901 ,-0.026834, -0.540748 
-0.696377 ,-0.717481 ,-0.0167275, 0.0986773 
-0.00761222 ,0.0306908 ,-0.9995, 0.107571 
0 ,0 ,0, 1 
0.717607 ,-0.695923 ,-0.0270343, -0.540564 
-0.696404 ,-0.717455 ,-0.0166925, 0.0986727 
-0.00777923 ,0.0308055 ,-0.999495, 0.107575 
0 ,0 ,0, 1 
0.717571 ,-0.695963 ,-0.0269816, -0.540247 
-0.696442 ,-0.717418 ,-0.0167022, 0.0986691 
-0.00773299 ,0.0307761 ,-0.999496, 0.107632 
0 ,0 ,0, 1 
0.717557 ,-0.695981 ,-0.0268679, -0.539906 
-0.696458 ,-0.717403 ,-0.0167044, 0.0986729 
-0.00764916 ,0.0306987 ,-0.999499, 0.107666 
0 ,0 ,0, 1 
0.717542 ,-0.695995 ,-0.0269152, -0.539656 
-0.696472 ,-0.717389 ,-0.0166949, 0.0986575 
-0.00768914 ,0.030725 ,-0.999498, 0.107658 
0 ,0 ,0, 1 
0.717509 ,-0.696034 ,-0.0267676, -0.539303 
-0.696508 ,-0.717354 ,-0.0167256, 0.0986411 
-0.00756023 ,0.0306446 ,-0.999502, 0.107678 
0 ,0 ,0, 1 
0.717456 ,-0.696083 ,-0.0269213, -0.539077 
-0.696561 ,-0.717303 ,-0.0166857, 0.0986573 
-0.00769606 ,0.0307236 ,-0.999498, 0.107738 
0 ,0 ,0, 1 
0.717428 ,-0.696115 ,-0.0268324, -0.538749 
-0.696591 ,-0.717275 ,-0.0166936, 0.09865 
-0.00762551 ,0.0306677 ,-0.999501, 0.107727 
0 ,0 ,0, 1 
0.717402 ,-0.696142 ,-0.0268612, -0.538473 
-0.696618 ,-0.717249 ,-0.016685, 0.0986514 
-0.00765103 ,0.0306818 ,-0.9995, 0.107753 
0 ,0 ,0, 1 
0.717365 ,-0.696172 ,-0.027054, -0.538257 
-0.696653 ,-0.717215 ,-0.0166424, 0.0986694 
-0.0078176 ,0.0307859 ,-0.999495, 0.107806 
0 ,0 ,0, 1 
0.717353 ,-0.696193 ,-0.0268458, -0.537889 
-0.696668 ,-0.7172 ,-0.0166759, 0.0986416 
-0.00764415 ,0.0306651 ,-0.999501, 0.107788 
0 ,0 ,0, 1 
0.71733 ,-0.696217 ,-0.026844, -0.537587 
-0.696692 ,-0.717176 ,-0.0166754, 0.0986379 
-0.00764223 ,0.0306637 ,-0.999501, 0.10781 
0 ,0 ,0, 1 
0.717292 ,-0.696246 ,-0.0270986, -0.537388 
-0.696729 ,-0.717142 ,-0.0166229, 0.0986643 
-0.00785992 ,0.0308038 ,-0.999495, 0.107866 
0 ,0 ,0, 1 
0.71729 ,-0.696256 ,-0.0268741, -0.537011 
-0.696732 ,-0.717138 ,-0.0166525, 0.098648 
-0.00767799 ,0.0306688 ,-0.9995, 0.107858 
0 ,0 ,0, 1 
0.71732 ,-0.696227 ,-0.0268222, -0.536683 
-0.696702 ,-0.717167 ,-0.0166618, 0.0986302 
-0.00763562 ,0.0306389 ,-0.999501, 0.107877 
0 ,0 ,0, 1 
0.717343 ,-0.696192 ,-0.0271219, -0.536501 
-0.696676 ,-0.717194 ,-0.0166073, 0.0986413 
-0.00788983 ,0.0308083 ,-0.999494, 0.107923 
0 ,0 ,0, 1 
0.717272 ,-0.696277 ,-0.0268148, -0.536089 
-0.696751 ,-0.717119 ,-0.0166481, 0.0986303 
-0.00763777 ,0.0306245 ,-0.999502, 0.107901 
0 ,0 ,0, 1 
0.71726 ,-0.69629 ,-0.0267771, -0.53575 
-0.696764 ,-0.717108 ,-0.0166527, 0.0986193 
-0.00760695 ,0.0306016 ,-0.999503, 0.107961 
0 ,0 ,0, 1 
0.717309 ,-0.696231 ,-0.0270255, -0.535529 
-0.696712 ,-0.717159 ,-0.0166121, 0.0986255 
-0.00781571 ,0.0307449 ,-0.999497, 0.108021 
0 ,0 ,0, 1 
0.717313 ,-0.696236 ,-0.0267977, -0.535158 
-0.69671 ,-0.71716 ,-0.0166509, 0.0986064 
-0.00762523 ,0.0306141 ,-0.999502, 0.107982 
0 ,0 ,0, 1 
0.717288 ,-0.696258 ,-0.0268906, -0.53487 
-0.696734 ,-0.717137 ,-0.0166154, 0.0986202 
-0.0077157 ,0.0306536 ,-0.9995, 0.108037 
0 ,0 ,0, 1 
0.717312 ,-0.696227 ,-0.0270506, -0.53463 
-0.696708 ,-0.717163 ,-0.0165904, 0.098623 
-0.00784899 ,0.0307469 ,-0.999496, 0.10807 
0 ,0 ,0, 1 
0.717352 ,-0.696196 ,-0.0267734, -0.534223 
-0.696669 ,-0.717199 ,-0.0166466, 0.0985969 
-0.00761255 ,0.0305937 ,-0.999503, 0.108031 
0 ,0 ,0, 1 
0.717306 ,-0.696237 ,-0.0269578, -0.533949 
-0.696715 ,-0.717156 ,-0.0165898, 0.0986213 
-0.00778255 ,0.0306818 ,-0.999499, 0.108134 
0 ,0 ,0, 1 
0.717347 ,-0.696195 ,-0.0269318, -0.533637 
-0.696673 ,-0.717197 ,-0.0165973, 0.0986062 
-0.00776049 ,0.0306687 ,-0.999499, 0.108155 
0 ,0 ,0, 1 
0.717335 ,-0.696212 ,-0.0268043, -0.533287 
-0.696686 ,-0.717183 ,-0.0166282, 0.09858 
-0.00764681 ,0.0306022 ,-0.999502, 0.108122 
0 ,0 ,0, 1 
0.717283 ,-0.696254 ,-0.0271261, -0.53308 
-0.696737 ,-0.717135 ,-0.01655, 0.0986128 
-0.00793009 ,0.0307708 ,-0.999495, 0.108195 
0 ,0 ,0, 1 
0.717273 ,-0.69627 ,-0.026988, -0.532716 
-0.696749 ,-0.717124 ,-0.0165733, 0.0986004 
-0.00781428 ,0.0306914 ,-0.999498, 0.108204 
0 ,0 ,0, 1 
0.717243 ,-0.696305 ,-0.0268511, -0.53234 
-0.696781 ,-0.717092 ,-0.0166074, 0.09857 
-0.00769087 ,0.0306209 ,-0.999501, 0.108225 
0 ,0 ,0, 1 
0.717184 ,-0.696359 ,-0.0270478, -0.53207 
-0.696839 ,-0.717036 ,-0.0165564, 0.0985956 
-0.00786508 ,0.0307219 ,-0.999497, 0.108297 
0 ,0 ,0, 1 
0.717175 ,-0.696378 ,-0.0267907, -0.53166 
-0.696851 ,-0.717024 ,-0.0165979, 0.098575 
-0.00765118 ,0.0305727 ,-0.999503, 0.108281 
0 ,0 ,0, 1 
0.71715 ,-0.696401 ,-0.0268424, -0.531352 
-0.696876 ,-0.717 ,-0.0165949, 0.0985612 
-0.00768929 ,0.0306068 ,-0.999502, 0.108328 
0 ,0 ,0, 1 
0.71712 ,-0.696427 ,-0.02699, -0.531069 
-0.696906 ,-0.716971 ,-0.0165602, 0.0985663 
-0.00781812 ,0.0306852 ,-0.999499, 0.108385 
0 ,0 ,0, 1 
0.717103 ,-0.696446 ,-0.0269523, -0.530753 
-0.696924 ,-0.716954 ,-0.01655, 0.0985782 
-0.0077974 ,0.0306517 ,-0.9995, 0.10834 
0 ,0 ,0, 1 
0.717163 ,-0.696384 ,-0.0269754, -0.530422 
-0.696862 ,-0.717014 ,-0.0165548, 0.0985481 
-0.00781325 ,0.0306707 ,-0.999499, 0.108411 
0 ,0 ,0, 1 
0.717176 ,-0.69637 ,-0.0269848, -0.530094 
-0.696849 ,-0.717027 ,-0.0165556, 0.0985359 
-0.00782005 ,0.0306776 ,-0.999499, 0.108432 
0 ,0 ,0, 1 
0.717122 ,-0.696426 ,-0.0269475, -0.529764 
-0.696904 ,-0.716974 ,-0.0165393, 0.0985528 
-0.0078023 ,0.0306405 ,-0.9995, 0.108394 
0 ,0 ,0, 1 
0.717164 ,-0.696383 ,-0.0269672, -0.529406 
-0.696861 ,-0.717016 ,-0.0165447, 0.0985359 
-0.00781446 ,0.0306577 ,-0.999499, 0.108502 
0 ,0 ,0, 1 
0.717151 ,-0.696398 ,-0.0269031, -0.52907 
-0.696875 ,-0.717002 ,-0.0165582, 0.0985299 
-0.00775849 ,0.0306228 ,-0.999501, 0.108491 
0 ,0 ,0, 1 
0.717105 ,-0.69644 ,-0.0270585, -0.528792 
-0.69692 ,-0.716958 ,-0.0165143, 0.0985462 
-0.00789864 ,0.0307001 ,-0.999497, 0.108497 
0 ,0 ,0, 1 
0.717096 ,-0.696448 ,-0.0270703, -0.528444 
-0.696929 ,-0.71695 ,-0.0165082, 0.0985376 
-0.00791096 ,0.0307041 ,-0.999497, 0.108582 
0 ,0 ,0, 1 
0.717084 ,-0.696469 ,-0.026853, -0.528039 
-0.696944 ,-0.716934 ,-0.0165567, 0.0985165 
-0.0077206 ,0.0305876 ,-0.999502, 0.108551 
0 ,0 ,0, 1 
0.717051 ,-0.696491 ,-0.0271634, -0.527797 
-0.696975 ,-0.716906 ,-0.0164852, 0.0985176 
-0.00799186 ,0.0307529 ,-0.999495, 0.108663 
0 ,0 ,0, 1 
0.716995 ,-0.696553 ,-0.0270468, -0.527415 
-0.697034 ,-0.716849 ,-0.0164998, 0.0985094 
-0.00789551 ,0.0306828 ,-0.999498, 0.108668 
0 ,0 ,0, 1 
0.717002 ,-0.696549 ,-0.02697, -0.52705 
-0.697027 ,-0.716854 ,-0.0165196, 0.0984912 
-0.00782684 ,0.0306434 ,-0.9995, 0.108677 
0 ,0 ,0, 1 
0.716938 ,-0.696609 ,-0.0271166, -0.526753 
-0.697091 ,-0.716793 ,-0.0164822, 0.0984935 
-0.00795535 ,0.0307194 ,-0.999496, 0.108755 
0 ,0 ,0, 1 
0.716891 ,-0.696656 ,-0.0271541, -0.526439 
-0.697139 ,-0.716747 ,-0.0164628, 0.098506 
-0.00799372 ,0.0307322 ,-0.999496, 0.108719 
0 ,0 ,0, 1 
0.716927 ,-0.696618 ,-0.0271898, -0.526092 
-0.697102 ,-0.716782 ,-0.0164684, 0.0984817 
-0.00801699 ,0.0307607 ,-0.999495, 0.108803 
0 ,0 ,0, 1 
0.71688 ,-0.696671 ,-0.0270621, -0.525692 
-0.697152 ,-0.716734 ,-0.0164856, 0.0984647 
-0.00791134 ,0.0306846 ,-0.999498, 0.108836 
0 ,0 ,0, 1 
0.716817 ,-0.696731 ,-0.0271829, -0.525402 
-0.697215 ,-0.716674 ,-0.0164415, 0.0984914 
-0.00802603 ,0.0307379 ,-0.999495, 0.108811 
0 ,0 ,0, 1 
0.716804 ,-0.696747 ,-0.0271191, -0.525008 
-0.697229 ,-0.716659 ,-0.016465, 0.0984609 
-0.0079632 ,0.0307105 ,-0.999497, 0.108873 
0 ,0 ,0, 1 
0.716773 ,-0.696784 ,-0.0270001, -0.524617 
-0.697262 ,-0.716626 ,-0.0164918, 0.09843 
-0.00785777 ,0.030647 ,-0.999499, 0.108908 
0 ,0 ,0, 1 
0.7167 ,-0.696847 ,-0.0272891, -0.524365 
-0.697334 ,-0.716558 ,-0.0164099, 0.0984769 
-0.00811907 ,0.0307906 ,-0.999493, 0.108944 
0 ,0 ,0, 1 
0.716668 ,-0.696888 ,-0.0270913, -0.523929 
-0.697369 ,-0.716523 ,-0.0164591, 0.0984444 
-0.00794135 ,0.0306884 ,-0.999497, 0.108969 
0 ,0 ,0, 1 
0.716656 ,-0.696906 ,-0.0269653, -0.523533 
-0.697383 ,-0.716509 ,-0.0164902, 0.0984064 
-0.00782872 ,0.030623 ,-0.9995, 0.108988 
0 ,0 ,0, 1 
0.71662 ,-0.69693 ,-0.0272797, -0.52329 
-0.697416 ,-0.716478 ,-0.0164044, 0.0984453 
-0.00811259 ,0.0307811 ,-0.999493, 0.109051 
0 ,0 ,0, 1 
0.7166 ,-0.696955 ,-0.0271642, -0.52289 
-0.697438 ,-0.716457 ,-0.0164241, 0.0984399 
-0.00801514 ,0.0307148 ,-0.999496, 0.109052 
0 ,0 ,0, 1 
0.716628 ,-0.696931 ,-0.0270671, -0.522481 
-0.697411 ,-0.716483 ,-0.0164547, 0.0984089 
-0.00792532 ,0.0306688 ,-0.999498, 0.109118 
0 ,0 ,0, 1 
0.71665 ,-0.696896 ,-0.0273387, -0.522252 
-0.697385 ,-0.71651 ,-0.0163851, 0.0984274 
-0.00816974 ,0.030808 ,-0.999492, 0.109132 
0 ,0 ,0, 1 
0.716568 ,-0.69699 ,-0.0271033, -0.521781 
-0.697471 ,-0.716424 ,-0.0164205, 0.09841 
-0.0079725 ,0.0306702 ,-0.999498, 0.109137 
0 ,0 ,0, 1 
0.716585 ,-0.696968 ,-0.0272081, -0.521449 
-0.697453 ,-0.716443 ,-0.0164128, 0.0983935 
-0.00805385 ,0.0307375 ,-0.999495, 0.109246 
0 ,0 ,0, 1 
0.716592 ,-0.696958 ,-0.0272981, -0.521148 
-0.697445 ,-0.716451 ,-0.0163869, 0.098403 
-0.00813681 ,0.0307816 ,-0.999493, 0.109211 
0 ,0 ,0, 1 
0.716559 ,-0.696994 ,-0.027254, -0.520744 
-0.697479 ,-0.716418 ,-0.0163795, 0.098405 
-0.00810886 ,0.030746 ,-0.999494, 0.109272 
0 ,0 ,0, 1 
0.716591 ,-0.696961 ,-0.0272496, -0.520391 
-0.697446 ,-0.71645 ,-0.0163909, 0.0983871 
-0.00809913 ,0.0307507 ,-0.999494, 0.109286 
0 ,0 ,0, 1 
0.716632 ,-0.696917 ,-0.0272999, -0.520033 
-0.697404 ,-0.716491 ,-0.0163792, 0.0983765 
-0.00814517 ,0.0307769 ,-0.999493, 0.109349 
0 ,0 ,0, 1 
0.716599 ,-0.696953 ,-0.0272531, -0.519628 
-0.697438 ,-0.716458 ,-0.0163663, 0.0983757 
-0.00811915 ,0.0307355 ,-0.999495, 0.109419 
0 ,0 ,0, 1 
0.716602 ,-0.696951 ,-0.0272236, -0.519257 
-0.697435 ,-0.716461 ,-0.0163815, 0.0983539 
-0.00808753 ,0.0307257 ,-0.999495, 0.109394 
0 ,0 ,0, 1 
0.71662 ,-0.69693 ,-0.0272806, -0.518908 
-0.697417 ,-0.716479 ,-0.0163759, 0.0983408 
-0.00813312 ,0.0307612 ,-0.999494, 0.109483 
0 ,0 ,0, 1 
0.716546 ,-0.697012 ,-0.0271315, -0.51847 
-0.697494 ,-0.716404 ,-0.0163787, 0.0983561 
-0.00802092 ,0.0306602 ,-0.999498, 0.109475 
0 ,0 ,0, 1 
0.716577 ,-0.696969 ,-0.0274239, -0.518216 
-0.697459 ,-0.716439 ,-0.0163241, 0.09835 
-0.00827013 ,0.0308245 ,-0.999491, 0.109526 
0 ,0 ,0, 1 
0.716593 ,-0.696944 ,-0.0276524, -0.517966 
-0.697441 ,-0.716458 ,-0.0162853, 0.0983538 
-0.0084618 ,0.0309558 ,-0.999485, 0.10953 
0 ,0 ,0, 1 
0.716569 ,-0.696962 ,-0.0277943, -0.517652 
-0.697463 ,-0.716436 ,-0.0162368, 0.0983767 
-0.00859638 ,0.0310203 ,-0.999482, 0.109549 
0 ,0 ,0, 1 
0.716557 ,-0.696962 ,-0.0281047, -0.517402 
-0.697472 ,-0.71643 ,-0.0161672, 0.0984016 
-0.00886707 ,0.0311869 ,-0.999474, 0.109583 
0 ,0 ,0, 1 
0.716617 ,-0.696892 ,-0.0283138, -0.517123 
-0.697409 ,-0.716492 ,-0.0161345, 0.0983936 
-0.00904258 ,0.0313086 ,-0.999469, 0.109614 
0 ,0 ,0, 1 
0.716604 ,-0.696892 ,-0.0286567, -0.51689 
-0.697418 ,-0.716485 ,-0.0160525, 0.0984175 
-0.00934527 ,0.031489 ,-0.99946, 0.10968 
0 ,0 ,0, 1 
0.716527 ,-0.696961 ,-0.0288956, -0.516618 
-0.697494 ,-0.716412 ,-0.0159902, 0.0984416 
-0.00955666 ,0.0316119 ,-0.999455, 0.109661 
0 ,0 ,0, 1 
0.716575 ,-0.696894 ,-0.0293085, -0.516416 
-0.697439 ,-0.716467 ,-0.0159173, 0.09845 
-0.00990589 ,0.0318468 ,-0.999444, 0.109736 
0 ,0 ,0, 1 
0.716545 ,-0.696912 ,-0.0296067, -0.516177 
-0.697466 ,-0.716442 ,-0.0158481, 0.098474 
-0.0101668 ,0.0320056 ,-0.999436, 0.109752 
0 ,0 ,0, 1 
0.716459 ,-0.696987 ,-0.0299311, -0.515922 
-0.697551 ,-0.716362 ,-0.0157628, 0.0985101 
-0.010455 ,0.0321719 ,-0.999428, 0.109758 
0 ,0 ,0, 1 
0.716432 ,-0.696999 ,-0.0303086, -0.515708 
-0.697574 ,-0.716341 ,-0.0156962, 0.0985129 
-0.0107711 ,0.0323878 ,-0.999417, 0.109828 
0 ,0 ,0, 1 
0.716395 ,-0.697025 ,-0.0305531, -0.51544 
-0.697608 ,-0.716309 ,-0.0156416, 0.0985291 
-0.0109829 ,0.0325196 ,-0.999411, 0.109813 
0 ,0 ,0, 1 
0.716306 ,-0.697095 ,-0.0310563, -0.515243 
-0.697693 ,-0.716229 ,-0.0155186, 0.098579 
-0.0114255 ,0.0327838 ,-0.999397, 0.109877 
0 ,0 ,0, 1 
0.71628 ,-0.697111 ,-0.0313038, -0.514991 
-0.697716 ,-0.716207 ,-0.0154723, 0.0985812 
-0.0116341 ,0.0329237 ,-0.99939, 0.109864 
0 ,0 ,0, 1 
0.716257 ,-0.697115 ,-0.0317241, -0.514777 
-0.697733 ,-0.716192 ,-0.0153897, 0.0985886 
-0.0119921 ,0.033158 ,-0.999378, 0.109925 
0 ,0 ,0, 1 
0.716192 ,-0.697164 ,-0.0321019, -0.514545 
-0.697794 ,-0.716135 ,-0.0152938, 0.0986245 
-0.012327 ,0.0333538 ,-0.999368, 0.109931 
0 ,0 ,0, 1 
0.716139 ,-0.697201 ,-0.0324924, -0.514311 
-0.697842 ,-0.71609 ,-0.0152102, 0.0986497 
-0.012663 ,0.0335672 ,-0.999356, 0.110003 
0 ,0 ,0, 1 
0.716096 ,-0.697226 ,-0.0329036, -0.514104 
-0.697881 ,-0.716054 ,-0.0151267, 0.0986707 
-0.0130141 ,0.033795 ,-0.999344, 0.110041 
0 ,0 ,0, 1 
0.715997 ,-0.697308 ,-0.0333214, -0.513863 
-0.697975 ,-0.715965 ,-0.0150117, 0.0987349 
-0.0133892 ,0.0340059 ,-0.999332, 0.110064 
0 ,0 ,0, 1 
0.715964 ,-0.697325 ,-0.0336821, -0.513643 
-0.698003 ,-0.715939 ,-0.0149425, 0.098744 
-0.0136946 ,0.0342085 ,-0.999321, 0.110086 
0 ,0 ,0, 1 
0.715936 ,-0.697328 ,-0.034195, -0.513466 
-0.698023 ,-0.715922 ,-0.0148416, 0.0987582 
-0.0141315 ,0.0344945 ,-0.999305, 0.110175 
0 ,0 ,0, 1 
0.715875 ,-0.697372 ,-0.0345619, -0.513211 
-0.698078 ,-0.715869 ,-0.0147515, 0.0987902 
-0.0144545 ,0.0346871 ,-0.999294, 0.11019 
0 ,0 ,0, 1 
0.715835 ,-0.697393 ,-0.0349818, -0.513014 
-0.698113 ,-0.715838 ,-0.0146621, 0.0988136 
-0.014816 ,0.0349169 ,-0.99928, 0.110219 
0 ,0 ,0, 1 
0.715792 ,-0.697411 ,-0.0354998, -0.512825 
-0.698147 ,-0.715806 ,-0.0145565, 0.0988408 
-0.0152591 ,0.0352035 ,-0.999264, 0.110304 
0 ,0 ,0, 1 
0.715742 ,-0.69744 ,-0.0359181, -0.512579 
-0.69819 ,-0.715767 ,-0.0144593, 0.0988759 
-0.0156245 ,0.0354268 ,-0.99925, 0.110322 
0 ,0 ,0, 1 
0.715707 ,-0.697448 ,-0.0364572, -0.512415 
-0.698215 ,-0.715744 ,-0.0143437, 0.0989145 
-0.01609 ,0.0357208 ,-0.999232, 0.110408 
0 ,0 ,0, 1 
0.715701 ,-0.697435 ,-0.0368368, -0.512167 
-0.698214 ,-0.715747 ,-0.0142645, 0.09893 
-0.0164173 ,0.0359291 ,-0.999219, 0.110442 
0 ,0 ,0, 1 
0.715714 ,-0.697395 ,-0.0373328, -0.511959 
-0.69819 ,-0.715772 ,-0.0141575, 0.0989695 
-0.0168484 ,0.0361981 ,-0.999203, 0.110485 
0 ,0 ,0, 1 
0.715634 ,-0.697451 ,-0.037816, -0.511781 
-0.698262 ,-0.715705 ,-0.0140406, 0.0990119 
-0.0172724 ,0.0364534 ,-0.999186, 0.110517 
0 ,0 ,0, 1 
0.715599 ,-0.697459 ,-0.0383391, -0.511578 
-0.698287 ,-0.715683 ,-0.0139312, 0.0990206 
-0.0177222 ,0.0367408 ,-0.999168, 0.110591 
0 ,0 ,0, 1 
0.715613 ,-0.697419 ,-0.038791, -0.511375 
-0.698262 ,-0.715709 ,-0.013837, 0.0990481 
-0.0181129 ,0.0369882 ,-0.999152, 0.110585 
0 ,0 ,0, 1 
0.715574 ,-0.697428 ,-0.0393414, -0.511196 
-0.698289 ,-0.715685 ,-0.0137098, 0.0990948 
-0.0185944 ,0.037282 ,-0.999132, 0.110685 
0 ,0 ,0, 1 
0.715545 ,-0.697427 ,-0.0398841, -0.51101 
-0.698306 ,-0.71567 ,-0.0135879, 0.0991339 
-0.0190673 ,0.0375741 ,-0.999112, 0.110711 
0 ,0 ,0, 1 
0.715499 ,-0.697443 ,-0.0404355, -0.510833 
-0.69834 ,-0.715639 ,-0.0134707, 0.0991713 
-0.0195422 ,0.037876 ,-0.999091, 0.110755 
0 ,0 ,0, 1 
0.715463 ,-0.697446 ,-0.0410221, -0.510678 
-0.698363 ,-0.715619 ,-0.013343, 0.0992099 
-0.0200501 ,0.0381947 ,-0.999069, 0.110825 
0 ,0 ,0, 1 
0.715422 ,-0.69745 ,-0.0416473, -0.510494 
-0.698389 ,-0.715597 ,-0.013207, 0.0992422 
-0.0205914 ,0.0385346 ,-0.999045, 0.110912 
0 ,0 ,0, 1 
0.715365 ,-0.697481 ,-0.042105, -0.510283 
-0.698435 ,-0.715554 ,-0.013098, 0.0992857 
-0.0209928 ,0.0387775 ,-0.999027, 0.110926 
0 ,0 ,0, 1 
0.715327 ,-0.69747 ,-0.0429287, -0.510219 
-0.698453 ,-0.715539 ,-0.0129314, 0.0993334 
-0.0216979 ,0.0392339 ,-0.998994, 0.111053 
0 ,0 ,0, 1 
0.715276 ,-0.697493 ,-0.0434014, -0.509991 
-0.698492 ,-0.715503 ,-0.0128214, 0.0993712 
-0.022111 ,0.0394864 ,-0.998975, 0.111055 
0 ,0 ,0, 1 
0.715223 ,-0.697507 ,-0.0440586, -0.509841 
-0.698529 ,-0.71547 ,-0.0126739, 0.0994213 
-0.0226825 ,0.0398408 ,-0.998949, 0.111141 
0 ,0 ,0, 1 
0.71519 ,-0.697504 ,-0.0446299, -0.509675 
-0.698546 ,-0.715455 ,-0.0125536, 0.0994508 
-0.0231745 ,0.0401542 ,-0.998925, 0.111212 
0 ,0 ,0, 1 
0.715163 ,-0.697494 ,-0.0452021, -0.509479 
-0.698556 ,-0.715447 ,-0.0124247, 0.0994838 
-0.0236736 ,0.0404619 ,-0.998901, 0.111253 
0 ,0 ,0, 1 
0.71514 ,-0.697475 ,-0.0458577, -0.50932 
-0.69856 ,-0.715446 ,-0.0122752, 0.099537 
-0.024247 ,0.0408129 ,-0.998873, 0.111343 
0 ,0 ,0, 1 
0.715203 ,-0.697369 ,-0.0465025, -0.509165 
-0.698477 ,-0.715529 ,-0.0121485, 0.099564 
-0.0248019 ,0.0411696 ,-0.998844, 0.111447 
0 ,0 ,0, 1 
0.715108 ,-0.697436 ,-0.0469376, -0.508915 
-0.69856 ,-0.71545 ,-0.0120438, 0.0995918 
-0.0251817 ,0.0414014 ,-0.998825, 0.111443 
0 ,0 ,0, 1 
0.71505 ,-0.697451 ,-0.0475852, -0.508749 
-0.698599 ,-0.715415 ,-0.0118952, 0.099642 
-0.0257468 ,0.0417486 ,-0.998796, 0.111584 
0 ,0 ,0, 1 
0.714927 ,-0.69754 ,-0.0481279, -0.508514 
-0.698706 ,-0.715313 ,-0.0117285, 0.0997649 
-0.0262454 ,0.0420123 ,-0.998772, 0.111643 
0 ,0 ,0, 1 
0.714377 ,-0.69808 ,-0.0484799, -0.508144 
-0.699253 ,-0.714783 ,-0.0114311, 0.100194 
-0.0266728 ,0.0420658 ,-0.998759, 0.111677 
0 ,0 ,0, 1 
0.714166 ,-0.698261 ,-0.0489649, -0.507897 
-0.699445 ,-0.7146 ,-0.011083, 0.100451 
-0.0272515 ,0.0421634 ,-0.998739, 0.111746 
0 ,0 ,0, 1 
0.71422 ,-0.698165 ,-0.0495577, -0.507704 
-0.699372 ,-0.714673 ,-0.0110034, 0.100394 
-0.0277354 ,0.0425181 ,-0.998711, 0.11185 
0 ,0 ,0, 1 
0.71426 ,-0.698087 ,-0.050081, -0.507505 
-0.699315 ,-0.71473 ,-0.0109535, 0.100322 
-0.0281479 ,0.0428461 ,-0.998685, 0.1119 
0 ,0 ,0, 1 
0.714263 ,-0.698032 ,-0.0507916, -0.507397 
-0.699287 ,-0.71476 ,-0.0108265, 0.100301 
-0.0287465 ,0.0432509 ,-0.998651, 0.112008 
0 ,0 ,0, 1 
0.714268 ,-0.697981 ,-0.0514199, -0.507199 
-0.69926 ,-0.714787 ,-0.0107103, 0.1003 
-0.0292787 ,0.0436059 ,-0.99862, 0.112113 
0 ,0 ,0, 1 
0.714175 ,-0.698026 ,-0.0520934, -0.507055 
-0.69933 ,-0.714721 ,-0.0105653, 0.10034 
-0.0298574 ,0.043976 ,-0.998586, 0.112192 
0 ,0 ,0, 1 
0.714115 ,-0.698042 ,-0.0526987, -0.506869 
-0.699369 ,-0.714685 ,-0.0104243, 0.100385 
-0.0303864 ,0.0443 ,-0.998556, 0.112296 
0 ,0 ,0, 1 
0.714072 ,-0.698034 ,-0.0533832, -0.50671 
-0.699386 ,-0.71467 ,-0.0102792, 0.100418 
-0.0309762 ,0.0446756 ,-0.998521, 0.112355 
0 ,0 ,0, 1 
0.713989 ,-0.698062 ,-0.0541219, -0.50657 
-0.699443 ,-0.714616 ,-0.0101274, 0.100451 
-0.0316069 ,0.045086 ,-0.998483, 0.112479 
0 ,0 ,0, 1 
0.713987 ,-0.698014 ,-0.054756, -0.506407 
-0.699419 ,-0.714642 ,-0.00997989, 0.100502 
-0.0321648 ,0.0454229 ,-0.99845, 0.112545 
0 ,0 ,0, 1 
0.713948 ,-0.698003 ,-0.0554018, -0.506212 
-0.699434 ,-0.71463 ,-0.00984042, 0.100531 
-0.0327231 ,0.0457754 ,-0.998416, 0.112625 
0 ,0 ,0, 1 
0.713901 ,-0.69799 ,-0.0561745, -0.506087 
-0.69945 ,-0.714616 ,-0.00967175, 0.10058 
-0.0333924 ,0.046196 ,-0.998374, 0.112775 
0 ,0 ,0, 1 
0.713893 ,-0.697939 ,-0.0569038, -0.505943 
-0.699428 ,-0.71464 ,-0.00951845, 0.100615 
-0.0340224 ,0.0465953 ,-0.998334, 0.112864 
0 ,0 ,0, 1 
0.713884 ,-0.697893 ,-0.0575749, -0.50576 
-0.699408 ,-0.714661 ,-0.00937349, 0.100648 
-0.0346048 ,0.0469599 ,-0.998297, 0.112955 
0 ,0 ,0, 1 
0.713745 ,-0.69797 ,-0.0583658, -0.505649 
-0.699517 ,-0.714557 ,-0.00919586, 0.100706 
-0.0352872 ,0.0473913 ,-0.998253, 0.113096 
0 ,0 ,0, 1 
0.713773 ,-0.697885 ,-0.0590361, -0.505468 
-0.699458 ,-0.714617 ,-0.00904685, 0.100743 
-0.0358745 ,0.0477507 ,-0.998215, 0.113186 
0 ,0 ,0, 1 
0.713761 ,-0.697834 ,-0.0597764, -0.505334 
-0.699436 ,-0.714639 ,-0.00888824, 0.100786 
-0.0365161 ,0.0481539 ,-0.998172, 0.113282 
0 ,0 ,0, 1 
0.713651 ,-0.69788 ,-0.0605449, -0.50519 
-0.699515 ,-0.714565 ,-0.00872946, 0.100815 
-0.0371712 ,0.0485819 ,-0.998127, 0.113437 
0 ,0 ,0, 1 
0.713606 ,-0.697871 ,-0.061168, -0.504979 
-0.699531 ,-0.714551 ,-0.00858765, 0.100846 
-0.0377146 ,0.0489171 ,-0.998091, 0.113533 
0 ,0 ,0, 1 
0.713564 ,-0.697852 ,-0.0618831, -0.504822 
-0.699541 ,-0.714543 ,-0.00843013, 0.100887 
-0.0383352 ,0.0493052 ,-0.998048, 0.113663 
0 ,0 ,0, 1 
0.713489 ,-0.697861 ,-0.0626353, -0.504672 
-0.699581 ,-0.714506 ,-0.00826691, 0.100925 
-0.0389841 ,0.0497168 ,-0.998002, 0.113789 
0 ,0 ,0, 1 
0.713429 ,-0.69786 ,-0.0633313, -0.504485 
-0.699608 ,-0.71448 ,-0.00811681, 0.100959 
-0.0395846 ,0.0500978 ,-0.99796, 0.113921 
0 ,0 ,0, 1 
0.713372 ,-0.697856 ,-0.0640175, -0.504316 
-0.699633 ,-0.714458 ,-0.00796227, 0.10101 
-0.0401813 ,0.0504688 ,-0.997917, 0.114024 
0 ,0 ,0, 1 
0.713298 ,-0.697871 ,-0.0646641, -0.504118 
-0.699676 ,-0.714418 ,-0.00781741, 0.101047 
-0.0407417 ,0.0508201 ,-0.997876, 0.114139 
0 ,0 ,0, 1 
0.71322 ,-0.697881 ,-0.0654111, -0.50394 
-0.699717 ,-0.714379 ,-0.00765658, 0.101086 
-0.0413849 ,0.0512301 ,-0.997829, 0.114288 
0 ,0 ,0, 1 
0.71314 ,-0.697896 ,-0.0661175, -0.503798 
-0.699762 ,-0.714337 ,-0.00750034, 0.101125 
-0.0419957 ,0.0516153 ,-0.997784, 0.114375 
0 ,0 ,0, 1 
0.713035 ,-0.697941 ,-0.0667778, -0.503671 
-0.699835 ,-0.714267 ,-0.00735037, 0.101173 
-0.042567 ,0.0519745 ,-0.997741, 0.114487 
0 ,0 ,0, 1 
