1.43979e+07 -1.17711e+07 8.17502e+06 -1.13237e+06 -1.94802e+06 19023 
1.43979e+07 -1.17711e+07 8.17502e+06 -1.13237e+06 -1.94802e+06 19023 
1.42047e+07 -1.20439e+07 8.11395e+06 -1.16603e+06 -1.94484e+06 52064 
1.45587e+07 -1.17464e+07 8.06011e+06 -1.15911e+06 -1.99205e+06 10894 
1.45024e+07 -1.16444e+07 8.17268e+06 -1.12948e+06 -1.96154e+06 9126 
1.42275e+07 -1.2025e+07 8.1081e+06 -1.15867e+06 -1.93961e+06 48614 
1.44527e+07 -1.18342e+07 8.09927e+06 -1.15832e+06 -1.98429e+06 20908 
1.4627e+07 -1.15921e+07 8.20125e+06 -1.1288e+06 -1.98008e+06 -7237 
1.42732e+07 -1.19727e+07 8.25558e+06 -1.1587e+06 -1.94274e+06 41501 
1.44254e+07 -1.19355e+07 8.11036e+06 -1.1703e+06 -1.97984e+06 30445 
1.46906e+07 -1.15078e+07 8.15129e+06 -1.11718e+06 -1.99771e+06 -17679 
1.43739e+07 -1.1841e+07 8.19309e+06 -1.14708e+06 -1.95178e+06 26700 
1.4318e+07 -1.20065e+07 8.08074e+06 -1.17663e+06 -1.96772e+06 36746 
1.46846e+07 -1.15482e+07 8.14571e+06 -1.13096e+06 -2.00679e+06 -12585 
1.45177e+07 -1.16432e+07 8.19496e+06 -1.12193e+06 -1.96747e+06 2978 
1.43152e+07 -1.20252e+07 8.12202e+06 -1.16697e+06 -1.96397e+06 40357 
1.46341e+07 -1.16802e+07 8.17225e+06 -1.1504e+06 -2.0076e+06 -5218 
1.45764e+07 -1.16208e+07 8.21865e+06 -1.12516e+06 -1.97797e+06 -1877 
1.42712e+07 -1.19529e+07 8.17105e+06 -1.15165e+06 -1.95668e+06 38861 
1.45685e+07 -1.1727e+07 8.14879e+06 -1.1497e+06 -2.00367e+06 7394 
1.46207e+07 -1.15822e+07 8.16835e+06 -1.12424e+06 -1.98721e+06 -9493 
1.42223e+07 -1.19277e+07 8.22763e+06 -1.15502e+06 -1.94339e+06 40703 
1.44611e+07 -1.18086e+07 8.08934e+06 -1.1545e+06 -1.9905e+06 20522 
1.46442e+07 -1.15301e+07 8.17918e+06 -1.1124e+06 -1.99576e+06 -14260 
1.42662e+07 -1.19067e+07 8.24072e+06 -1.14603e+06 -1.94116e+06 32680 
1.4315e+07 -1.19484e+07 8.10996e+06 -1.16785e+06 -1.96853e+06 40295 
1.46379e+07 -1.1535e+07 8.1918e+06 -1.12352e+06 -1.99595e+06 -7485 
1.44009e+07 -1.17339e+07 8.20295e+06 -1.12393e+06 -1.95421e+06 21566 
1.4253e+07 -1.20329e+07 8.12288e+06 -1.16505e+06 -1.95289e+06 48179 
1.4535e+07 -1.17223e+07 8.17713e+06 -1.15355e+06 -1.99144e+06 6789 
1.44692e+07 -1.17042e+07 8.19116e+06 -1.12739e+06 -1.95497e+06 14483 
1.42304e+07 -1.20128e+07 8.11511e+06 -1.15688e+06 -1.94972e+06 47307 
1.45397e+07 -1.17548e+07 8.05463e+06 -1.15999e+06 -1.98902e+06 12524 
1.45181e+07 -1.16826e+07 8.11277e+06 -1.13613e+06 -1.96452e+06 2695 
1.4242e+07 -1.19619e+07 8.18584e+06 -1.15926e+06 -1.9412e+06 48742 
1.45282e+07 -1.18636e+07 8.11077e+06 -1.16978e+06 -1.99124e+06 15954 
1.4638e+07 -1.15989e+07 8.18382e+06 -1.12885e+06 -1.98802e+06 -7385 
1.4311e+07 -1.18787e+07 8.19641e+06 -1.15407e+06 -1.94237e+06 33617 
1.43102e+07 -1.19636e+07 8.06349e+06 -1.1785e+06 -1.96934e+06 40070 
1.46595e+07 -1.16036e+07 8.15523e+06 -1.13617e+06 -2.00054e+06 -9941 
1.44725e+07 -1.15932e+07 8.13348e+06 -1.11507e+06 -1.96561e+06 7451 
1.43212e+07 -1.19743e+07 8.12516e+06 -1.16941e+06 -1.96317e+06 40353 
1.45399e+07 -1.1717e+07 8.16048e+06 -1.1557e+06 -1.99851e+06 7072 
1.4615e+07 -1.15662e+07 8.18285e+06 -1.12141e+06 -1.97958e+06 -4888 
1.42908e+07 -1.18393e+07 8.18645e+06 -1.13682e+06 -1.95368e+06 33928 
1.45124e+07 -1.18377e+07 8.09961e+06 -1.16332e+06 -1.99785e+06 15811 
1.46095e+07 -1.15491e+07 8.14944e+06 -1.12508e+06 -1.98912e+06 -10951 
1.42897e+07 -1.18546e+07 8.19389e+06 -1.14373e+06 -1.94732e+06 30372 
1.4377e+07 -1.19015e+07 8.11327e+06 -1.16107e+06 -1.98285e+06 25753 
1.46626e+07 -1.14964e+07 8.14201e+06 -1.11459e+06 -1.99587e+06 -14140 
1.44157e+07 -1.17229e+07 8.20963e+06 -1.12312e+06 -1.95697e+06 21426 
1.42303e+07 -1.19955e+07 8.13352e+06 -1.17546e+06 -1.95939e+06 44004 
1.45888e+07 -1.16222e+07 8.16078e+06 -1.13377e+06 -1.99657e+06 -2169 
1.44645e+07 -1.16391e+07 8.17182e+06 -1.11467e+06 -1.95772e+06 5514 
1.42626e+07 -1.19518e+07 8.17868e+06 -1.15451e+06 -1.95692e+06 42762 
1.44963e+07 -1.17995e+07 8.15843e+06 -1.16145e+06 -1.99152e+06 16181 
1.4491e+07 -1.16326e+07 8.17874e+06 -1.12731e+06 -1.96473e+06 4254 
1.41788e+07 -1.19547e+07 8.24162e+06 -1.15115e+06 -1.9363e+06 44379 
1.43914e+07 -1.18525e+07 8.16932e+06 -1.15714e+06 -1.97674e+06 26285 
1.45619e+07 -1.15856e+07 8.15359e+06 -1.12374e+06 -1.97875e+06 -2901 
1.42256e+07 -1.18723e+07 8.249e+06 -1.14831e+06 -1.93676e+06 37529 
1.42906e+07 -1.19526e+07 8.11872e+06 -1.17936e+06 -1.9646e+06 43145 
1.45875e+07 -1.15982e+07 8.17277e+06 -1.1323e+06 -1.98501e+06 -1938 
1.43088e+07 -1.17629e+07 8.15942e+06 -1.13058e+06 -1.94354e+06 23540 
1.42263e+07 -1.20484e+07 8.2092e+06 -1.18735e+06 -1.95426e+06 48833 
1.45791e+07 -1.17211e+07 8.14559e+06 -1.15392e+06 -1.99304e+06 2783 
1.44569e+07 -1.1672e+07 8.22221e+06 -1.13094e+06 -1.9588e+06 11610 
1.4265e+07 -1.19724e+07 8.15234e+06 -1.16233e+06 -1.95501e+06 39857 
1.45193e+07 -1.17388e+07 8.07649e+06 -1.15742e+06 -1.99421e+06 8612 
1.45376e+07 -1.16278e+07 8.18228e+06 -1.1332e+06 -1.97531e+06 -1339 
1.42905e+07 -1.19374e+07 8.15646e+06 -1.15495e+06 -1.9495e+06 36121 
1.44528e+07 -1.17793e+07 8.07913e+06 -1.15693e+06 -1.99096e+06 12603 
1.46494e+07 -1.15131e+07 8.09254e+06 -1.11395e+06 -1.99425e+06 -15339 
1.43202e+07 -1.18234e+07 8.19903e+06 -1.1404e+06 -1.95018e+06 25797 
1.43872e+07 -1.18835e+07 8.15164e+06 -1.16808e+06 -1.98276e+06 33136 
1.4606e+07 -1.15494e+07 8.11691e+06 -1.12232e+06 -2.00268e+06 -13331 
1.44611e+07 -1.15955e+07 8.17932e+06 -1.10805e+06 -1.97047e+06 5697 
1.42371e+07 -1.19653e+07 8.13517e+06 -1.16583e+06 -1.95702e+06 43147 
1.44878e+07 -1.16867e+07 8.15888e+06 -1.15204e+06 -1.99808e+06 5171 
1.44692e+07 -1.15931e+07 8.20639e+06 -1.11885e+06 -1.96854e+06 3801 
1.4207e+07 -1.19096e+07 8.11982e+06 -1.14449e+06 -1.94607e+06 39740 
1.44151e+07 -1.17907e+07 8.14464e+06 -1.15483e+06 -1.98123e+06 22098 
1.45738e+07 -1.16449e+07 8.15182e+06 -1.13688e+06 -1.97747e+06 960 
1.423e+07 -1.18779e+07 8.23527e+06 -1.14585e+06 -1.93758e+06 40986 
1.43504e+07 -1.1889e+07 8.13997e+06 -1.16874e+06 -1.97174e+06 32519 
1.45443e+07 -1.15819e+07 8.16044e+06 -1.13007e+06 -1.98448e+06 -1472 
1.42828e+07 -1.17873e+07 8.2088e+06 -1.14295e+06 -1.94132e+06 32394 
1.4205e+07 -1.20226e+07 8.14542e+06 -1.18063e+06 -1.95337e+06 48783 
1.45452e+07 -1.16328e+07 8.12036e+06 -1.13936e+06 -1.99073e+06 -2338 
1.44448e+07 -1.1717e+07 8.19726e+06 -1.12881e+06 -1.95737e+06 12448 
1.42162e+07 -1.20254e+07 8.15789e+06 -1.17803e+06 -1.9503e+06 46763 
1.45199e+07 -1.1783e+07 8.14696e+06 -1.15955e+06 -1.98999e+06 10297 
1.45207e+07 -1.15855e+07 8.19916e+06 -1.12711e+06 -1.96903e+06 4994 
1.42081e+07 -1.19123e+07 8.19685e+06 -1.1509e+06 -1.95136e+06 34788 
1.45476e+07 -1.17644e+07 8.10852e+06 -1.15478e+06 -1.99866e+06 9026 
1.45599e+07 -1.15752e+07 8.17153e+06 -1.13076e+06 -1.98153e+06 -6221 
1.42991e+07 -1.18711e+07 8.2165e+06 -1.14731e+06 -1.95306e+06 33961 
1.44284e+07 -1.17481e+07 8.1347e+06 -1.15592e+06 -1.9912e+06 18333 
1.46387e+07 -1.15107e+07 8.12145e+06 -1.11374e+06 -1.99422e+06 -14481 
1.42727e+07 -1.17302e+07 8.20926e+06 -1.12591e+06 -1.95588e+06 23141 
1.42696e+07 -1.18983e+07 8.17128e+06 -1.16619e+06 -1.96846e+06 36214 
1.46442e+07 -1.15903e+07 8.10278e+06 -1.12795e+06 -1.99646e+06 -10868 
1.44152e+07 -1.16548e+07 8.1617e+06 -1.11547e+06 -1.96016e+06 10416 
1.42368e+07 -1.19237e+07 8.13212e+06 -1.15552e+06 -1.95479e+06 37908 
1.45051e+07 -1.16706e+07 8.11194e+06 -1.13962e+06 -1.98967e+06 2629 
1.44914e+07 -1.15289e+07 8.25175e+06 -1.1191e+06 -1.9747e+06 3892 
1.41912e+07 -1.18577e+07 8.25456e+06 -1.1533e+06 -1.94973e+06 43307 
1.44046e+07 -1.17604e+07 8.04591e+06 -1.15568e+06 -1.98845e+06 15081 
1.44708e+07 -1.15694e+07 8.14037e+06 -1.13221e+06 -1.98292e+06 -2152 
1.41429e+07 -1.17756e+07 8.21726e+06 -1.15742e+06 -1.94164e+06 39967 
1.4193e+07 -1.18014e+07 8.1723e+06 -1.18004e+06 -1.97782e+06 39481 
1.4416e+07 -1.15002e+07 8.21164e+06 -1.15446e+06 -1.99851e+06 -4032 
1.42703e+07 -1.16204e+07 8.19681e+06 -1.15027e+06 -1.96595e+06 22042 
1.40215e+07 -1.18812e+07 8.18695e+06 -1.19937e+06 -1.96426e+06 53071 
1.43908e+07 -1.15128e+07 8.06329e+06 -1.18164e+06 -2.01836e+06 11050 
1.43397e+07 -1.14019e+07 8.17201e+06 -1.15026e+06 -1.99085e+06 8101 
1.40025e+07 -1.17375e+07 8.1378e+06 -1.19478e+06 -1.96746e+06 47232 
1.4217e+07 -1.1664e+07 8.12466e+06 -1.20393e+06 -2.00972e+06 22287 
1.43089e+07 -1.13491e+07 8.12484e+06 -1.17537e+06 -2.01549e+06 -1422 
1.40419e+07 -1.1629e+07 8.22998e+06 -1.20098e+06 -1.98284e+06 38943 
1.40791e+07 -1.16036e+07 8.13718e+06 -1.20954e+06 -2.01556e+06 26984 
1.4295e+07 -1.11734e+07 8.19306e+06 -1.17329e+06 -2.04501e+06 -12408 
1.39768e+07 -1.15094e+07 8.14966e+06 -1.20389e+06 -2.00394e+06 27242 
1.39686e+07 -1.15467e+07 8.19375e+06 -1.22608e+06 -2.0272e+06 36236 
1.42155e+07 -1.11599e+07 8.14068e+06 -1.20032e+06 -2.06302e+06 -10191 
1.39986e+07 -1.11662e+07 8.17477e+06 -1.18114e+06 -2.02785e+06 789 
1.37979e+07 -1.15215e+07 8.19075e+06 -1.23455e+06 -2.03276e+06 38214 
1.41143e+07 -1.1265e+07 8.18962e+06 -1.23533e+06 -2.08348e+06 2857 
1.40171e+07 -1.10261e+07 8.2814e+06 -1.1961e+06 -2.05929e+06 -5609 
1.37392e+07 -1.13013e+07 8.25336e+06 -1.22805e+06 -2.0466e+06 33561 
1.39465e+07 -1.12673e+07 8.21988e+06 -1.24927e+06 -2.09476e+06 17305 
1.39905e+07 -1.0942e+07 8.20923e+06 -1.2279e+06 -2.09585e+06 -11604 
1.36633e+07 -1.12099e+07 8.29944e+06 -1.24787e+06 -2.0627e+06 25699 
1.36947e+07 -1.12171e+07 8.15368e+06 -1.26749e+06 -2.09244e+06 29020 
1.38971e+07 -1.08526e+07 8.20527e+06 -1.23934e+06 -2.12512e+06 -12338 
1.35838e+07 -1.09999e+07 8.3214e+06 -1.25793e+06 -2.08277e+06 18365 
1.35012e+07 -1.11732e+07 8.29355e+06 -1.28573e+06 -2.09512e+06 41744 
1.37714e+07 -1.08551e+07 8.22198e+06 -1.27276e+06 -2.13805e+06 -64 
1.36337e+07 -1.08133e+07 8.30551e+06 -1.25975e+06 -2.11467e+06 1799 
1.32927e+07 -1.113e+07 8.34835e+06 -1.31392e+06 -2.10143e+06 45445 
1.35127e+07 -1.08775e+07 8.28238e+06 -1.3177e+06 -2.14408e+06 13832 
1.35339e+07 -1.06553e+07 8.33634e+06 -1.29195e+06 -2.14572e+06 2872 
1.32207e+07 -1.09874e+07 8.33314e+06 -1.32084e+06 -2.12194e+06 39427 
1.32936e+07 -1.08579e+07 8.34322e+06 -1.34228e+06 -2.15706e+06 28689 
1.33893e+07 -1.06081e+07 8.24496e+06 -1.32359e+06 -2.17903e+06 -4233 
1.30805e+07 -1.07836e+07 8.36037e+06 -1.33148e+06 -2.1413e+06 31678 
1.30526e+07 -1.08256e+07 8.2657e+06 -1.36202e+06 -2.17135e+06 35822 
1.33263e+07 -1.04857e+07 8.29703e+06 -1.34915e+06 -2.22268e+06 -4086 
1.3043e+07 -1.05457e+07 8.39861e+06 -1.36232e+06 -2.19132e+06 21828 
1.29228e+07 -1.07359e+07 8.33206e+06 -1.39547e+06 -2.19677e+06 43035 
1.30685e+07 -1.03919e+07 8.28795e+06 -1.37864e+06 -2.25548e+06 -5445 
1.30129e+07 -1.02591e+07 8.43746e+06 -1.37039e+06 -2.24298e+06 -1570 
1.26606e+07 -1.05148e+07 8.4571e+06 -1.41929e+06 -2.22221e+06 40036 
1.28468e+07 -1.02197e+07 8.38404e+06 -1.41722e+06 -2.2858e+06 7315 
1.27749e+07 -1.00576e+07 8.4799e+06 -1.40625e+06 -2.28195e+06 -8145 
1.25511e+07 -1.03034e+07 8.46186e+06 -1.43062e+06 -2.25789e+06 26353 
1.26374e+07 -1.0258e+07 8.34799e+06 -1.45559e+06 -2.31143e+06 13535 
1.27869e+07 -9.94026e+06 8.45728e+06 -1.43248e+06 -2.32072e+06 -16930 
1.24524e+07 -1.01508e+07 8.56154e+06 -1.46342e+06 -2.2984e+06 21110 
1.25104e+07 -1.01232e+07 8.44696e+06 -1.49461e+06 -2.33527e+06 25518 
1.26217e+07 -9.74285e+06 8.49992e+06 -1.46291e+06 -2.35449e+06 -16020 
1.23219e+07 -9.81541e+06 8.53557e+06 -1.46826e+06 -2.33691e+06 6157 
1.22804e+07 -1.00254e+07 8.61631e+06 -1.51695e+06 -2.34765e+06 30811 
1.24642e+07 -9.66179e+06 8.58511e+06 -1.51363e+06 -2.38773e+06 -10570 
1.22241e+07 -9.58313e+06 8.64244e+06 -1.51347e+06 -2.3823e+06 227 
1.20302e+07 -9.84707e+06 8.66969e+06 -1.54415e+06 -2.37144e+06 33011 
1.22916e+07 -9.50419e+06 8.64269e+06 -1.53728e+06 -2.42308e+06 -1343 
1.21101e+07 -9.37578e+06 8.73243e+06 -1.54695e+06 -2.42732e+06 -7087 
1.17861e+07 -9.61874e+06 8.76068e+06 -1.5818e+06 -2.411e+06 33692 
1.18507e+07 -9.4804e+06 8.7436e+06 -1.60553e+06 -2.4716e+06 14499 
1.19397e+07 -9.11626e+06 8.69066e+06 -1.57244e+06 -2.48325e+06 -17906 
1.1544e+07 -9.31309e+06 8.81217e+06 -1.6144e+06 -2.45969e+06 25515 
1.14032e+07 -9.39036e+06 8.69032e+06 -1.66435e+06 -2.49222e+06 32835 
1.16281e+07 -8.96504e+06 8.75807e+06 -1.63395e+06 -2.53404e+06 -8490 
1.14371e+07 -8.91896e+06 8.81396e+06 -1.64557e+06 -2.5318e+06 10613 
1.11412e+07 -9.21273e+06 8.82718e+06 -1.69466e+06 -2.52039e+06 36658 
1.12923e+07 -8.86584e+06 8.78375e+06 -1.69514e+06 -2.58798e+06 247 
1.11985e+07 -8.70352e+06 8.8921e+06 -1.69964e+06 -2.58136e+06 2228 
1.0893e+07 -8.93714e+06 8.9756e+06 -1.72984e+06 -2.56325e+06 33626 
1.09935e+07 -8.80963e+06 8.85714e+06 -1.74573e+06 -2.61836e+06 18558 
1.10734e+07 -8.49199e+06 8.89522e+06 -1.7386e+06 -2.64366e+06 -12246 
1.07536e+07 -8.66085e+06 9.02939e+06 -1.77285e+06 -2.61633e+06 27053 
1.07301e+07 -8.63628e+06 9.06365e+06 -1.80319e+06 -2.64945e+06 31937 
1.08143e+07 -8.27928e+06 9.03768e+06 -1.78334e+06 -2.69523e+06 -14593 
1.07087e+07 -8.2502e+06 9.19558e+06 -1.79135e+06 -2.67853e+06 4201 
1.04394e+07 -8.4505e+06 9.12345e+06 -1.85733e+06 -2.69167e+06 33943 
1.05353e+07 -8.17016e+06 9.16943e+06 -1.86219e+06 -2.76506e+06 -4246 
1.05485e+07 -7.92302e+06 9.229e+06 -1.84114e+06 -2.75695e+06 -12553 
1.01769e+07 -8.19573e+06 9.25412e+06 -1.89756e+06 -2.74912e+06 25121 
1.02422e+07 -8.04442e+06 9.32004e+06 -1.9212e+06 -2.81581e+06 6625 
1.03132e+07 -7.68966e+06 9.42448e+06 -1.90626e+06 -2.82788e+06 -19168 
9.89302e+06 -7.77436e+06 9.46268e+06 -1.92609e+06 -2.81427e+06 7647 
9.8176e+06 -7.82793e+06 9.40022e+06 -1.9689e+06 -2.847e+06 20406 
1.00449e+07 -7.43096e+06 9.47972e+06 -1.96934e+06 -2.9025e+06 -19724 
9.6793e+06 -7.43466e+06 9.57601e+06 -1.98809e+06 -2.88218e+06 2646 
9.39994e+06 -7.54458e+06 9.58343e+06 -2.02928e+06 -2.91444e+06 22756 
9.62211e+06 -7.16249e+06 9.53668e+06 -2.02742e+06 -2.95784e+06 -8177 
9.49083e+06 -7.00459e+06 9.63361e+06 -2.03519e+06 -2.95711e+06 -13505 
9.08692e+06 -7.19918e+06 9.69512e+06 -2.09e+06 -2.96638e+06 28057 
9.13513e+06 -7.05309e+06 9.52961e+06 -2.11703e+06 -3.03231e+06 3138 
9.16247e+06 -6.68011e+06 9.76321e+06 -2.11197e+06 -3.04525e+06 -14534 
8.71836e+06 -6.84084e+06 9.9438e+06 -2.15156e+06 -3.03505e+06 17629 
8.70083e+06 -6.74017e+06 9.80473e+06 -2.17317e+06 -3.09809e+06 11140 
8.77956e+06 -6.41318e+06 9.90937e+06 -2.19909e+06 -3.13829e+06 -16986 
8.45024e+06 -6.38014e+06 1.00199e+07 -2.2173e+06 -3.11667e+06 9623 
8.27209e+06 -6.5227e+06 1.0012e+07 -2.25879e+06 -3.14967e+06 30261 
8.42264e+06 -6.12926e+06 9.99495e+06 -2.25612e+06 -3.19672e+06 -11806 
8.23763e+06 -6.00403e+06 1.02111e+07 -2.2758e+06 -3.20391e+06 -6411 
7.9237e+06 -6.24314e+06 1.02118e+07 -2.32261e+06 -3.20174e+06 30797 
7.95665e+06 -5.96964e+06 1.023e+07 -2.34373e+06 -3.26366e+06 4254 
7.99045e+06 -5.6347e+06 1.03694e+07 -2.34326e+06 -3.27948e+06 -9317 
7.59649e+06 -5.87002e+06 1.04815e+07 -2.38871e+06 -3.27718e+06 23950 
7.67767e+06 -5.72793e+06 1.03944e+07 -2.41207e+06 -3.33678e+06 11200 
7.61522e+06 -5.32052e+06 1.05778e+07 -2.42548e+06 -3.37889e+06 -17866 
7.14142e+06 -5.32834e+06 1.0751e+07 -2.47196e+06 -3.37257e+06 15875 
7.16382e+06 -5.36522e+06 1.05599e+07 -2.48978e+06 -3.42716e+06 12874 
7.11836e+06 -4.9065e+06 1.07419e+07 -2.50517e+06 -3.49036e+06 -22703 
6.9507e+06 -4.96477e+06 1.07803e+07 -2.52508e+06 -3.47232e+06 -7659 
6.55042e+06 -4.95518e+06 1.04823e+07 -2.57778e+06 -3.5029e+06 20267 
6.81316e+06 -4.59587e+06 9.4448e+06 -2.54492e+06 -3.55361e+06 -19431 
6.65315e+06 -4.48556e+06 9.09009e+06 -2.53888e+06 -3.53636e+06 -19543 
6.19584e+06 -4.59295e+06 7.51986e+06 -2.55289e+06 -3.5349e+06 15630 
6.27856e+06 -4.36614e+06 5.8371e+06 -2.54423e+06 -3.57108e+06 -6517 
6.32209e+06 -4.00926e+06 5.61155e+06 -2.51628e+06 -3.5622e+06 -26539 
5.84925e+06 -4.08397e+06 4.39475e+06 -2.52093e+06 -3.55703e+06 8526 
5.80994e+06 -4.01185e+06 2.73371e+06 -2.51943e+06 -3.59663e+06 -627 
5.97658e+06 -3.68584e+06 2.62527e+06 -2.49397e+06 -3.59938e+06 -24402 
5.50708e+06 -3.57652e+06 1.06739e+06 -2.49573e+06 -3.57489e+06 -1184 
5.28673e+06 -3.59398e+06 -456895 -2.50025e+06 -3.59729e+06 16520 
5.51625e+06 -3.27054e+06 -1.05965e+06 -2.47196e+06 -3.62849e+06 -24516 
5.19323e+06 -3.19032e+06 -2.12458e+06 -2.46855e+06 -3.61861e+06 -5667 
4.94695e+06 -3.35418e+06 -3.1877e+06 -2.49402e+06 -3.61489e+06 21596 
5.01192e+06 -3.03293e+06 -4.50931e+06 -2.46758e+06 -3.64917e+06 -8155 
4.73326e+06 -2.66558e+06 -5.96579e+06 -2.43352e+06 -3.65395e+06 -17059 
4.35872e+06 -2.76476e+06 -6.26167e+06 -2.4448e+06 -3.62232e+06 19506 
4.32059e+06 -2.69253e+06 -6.80939e+06 -2.4521e+06 -3.60916e+06 8240 
4.19301e+06 -2.25426e+06 -6.96536e+06 -2.40668e+06 -3.59261e+06 -20464 
3.70796e+06 -2.2425e+06 -7.47171e+06 -2.42036e+06 -3.52965e+06 14185 
3.70796e+06 -2.2425e+06 -7.47171e+06 -2.42036e+06 -3.52965e+06 14185 
3.59968e+06 -1.83595e+06 -7.88094e+06 -2.3858e+06 -3.5111e+06 -13546 
3.40414e+06 -1.76414e+06 -8.17222e+06 -2.38642e+06 -3.4843e+06 3202 
3.03075e+06 -1.76668e+06 -8.33086e+06 -2.39138e+06 -3.43966e+06 22332 
3.0832e+06 -1.42131e+06 -8.66721e+06 -2.36156e+06 -3.44037e+06 -11501 
2.95433e+06 -1.269e+06 -9.04597e+06 -2.35542e+06 -3.41973e+06 -7302 
2.58144e+06 -1.35011e+06 -9.2542e+06 -2.37086e+06 -3.37424e+06 21651 
2.63397e+06 -1.0987e+06 -9.36302e+06 -2.34519e+06 -3.37862e+06 -5862 
2.59406e+06 -774201 -9.77496e+06 -2.32032e+06 -3.36759e+06 -20939 
2.14832e+06 -821238 -1.00995e+07 -2.33547e+06 -3.31199e+06 16500 
1.92471e+06 -685009 -1.01961e+07 -2.32264e+06 -3.28537e+06 11962 
2.00762e+06 -233155 -1.07592e+07 -2.28741e+06 -3.28584e+06 -25023 
1.66113e+06 -188483 -1.11677e+07 -2.29452e+06 -3.24011e+06 1091 
1.24706e+06 -230704 -1.12975e+07 -2.3031e+06 -3.19135e+06 22778 
1.30418e+06 201674 -1.15976e+07 -2.26219e+06 -3.19328e+06 -22925 
1.16123e+06 479819 -1.16256e+07 -2.23174e+06 -3.17687e+06 -24519 
621604 417943 -1.19502e+07 -2.2484e+06 -3.11072e+06 11921 
547440 583934 -1.23329e+07 -2.24039e+06 -3.09627e+06 -1363 
546605 1.06653e+06 -1.29508e+07 -2.20361e+06 -3.08636e+06 -24831 
204352 952108 -1.28751e+07 -2.21448e+06 -3.04899e+06 -1386 
-59913 1.05501e+06 -1.28261e+07 -2.2014e+06 -3.02013e+06 3128 
-135534 1.40538e+06 -1.34904e+07 -2.18052e+06 -3.00105e+06 -23280 
-249734 1.522e+06 -1.39422e+07 -2.18102e+06 -2.98073e+06 -1234 
-747842 1.45234e+06 -1.35427e+07 -2.17705e+06 -2.93125e+06 10717 
-751799 1.84202e+06 -1.38936e+07 -2.14279e+06 -2.92537e+06 -18131 
-862598 2.04768e+06 -1.47658e+07 -2.14505e+06 -2.89866e+06 -9142 
-1.30529e+06 1.97766e+06 -1.45598e+07 -2.14723e+06 -2.85214e+06 18792 
-1.33383e+06 2.13111e+06 -1.46843e+07 -2.13301e+06 -2.84708e+06 -2844 
-1.38882e+06 2.56572e+06 -1.53714e+07 -2.10358e+06 -2.82993e+06 -23690 
-1.93502e+06 2.53799e+06 -1.53073e+07 -2.10519e+06 -2.76943e+06 10881 
-2.20155e+06 2.64913e+06 -1.55868e+07 -2.10052e+06 -2.73496e+06 11536 
-2.00533e+06 2.99868e+06 -1.62615e+07 -2.08029e+06 -2.74625e+06 -17333 
-2.52362e+06 3.21932e+06 -1.64622e+07 -2.06119e+06 -2.68476e+06 -4417 
-2.87337e+06 3.20383e+06 -1.6181e+07 -2.05481e+06 -2.65001e+06 9066 
-2.82669e+06 3.52012e+06 -1.71911e+07 -2.04794e+06 -2.63896e+06 -13392 
-3.12314e+06 3.82825e+06 -1.75255e+07 -2.02297e+06 -2.60027e+06 -8088 
-3.52709e+06 3.79422e+06 -1.74821e+07 -2.02571e+06 -2.55548e+06 14994 
-3.50155e+06 4.08308e+06 -1.80667e+07 -2.00949e+06 -2.54904e+06 -12637 
-3.68217e+06 4.40147e+06 -1.83922e+07 -1.98291e+06 -2.52358e+06 -19071 
-4.12627e+06 4.33364e+06 -1.83622e+07 -1.98982e+06 -2.47403e+06 5839 
-4.1767e+06 4.433e+06 -1.85687e+07 -1.98432e+06 -2.46508e+06 -3619 
-4.25421e+06 4.96474e+06 -1.94781e+07 -1.95045e+06 -2.44179e+06 -23326 
-4.47425e+06 4.82585e+06 -1.90252e+07 -1.9532e+06 -2.42434e+06 -5120 
-4.69899e+06 4.86291e+06 -1.91775e+07 -1.9535e+06 -2.39656e+06 5823 
-4.61998e+06 5.14513e+06 -2.01707e+07 -1.94994e+06 -2.38942e+06 -18154 
-4.76195e+06 5.39299e+06 -2.02237e+07 -1.92364e+06 -2.37269e+06 -17944 
-5.07937e+06 5.36561e+06 -2.00001e+07 -1.92045e+06 -2.34058e+06 1137 
-4.96379e+06 5.48957e+06 -2.07518e+07 -1.92801e+06 -2.34137e+06 -10922 
-5.14537e+06 5.81371e+06 -2.13857e+07 -1.90978e+06 -2.31073e+06 -12709 
-5.38733e+06 5.64285e+06 -2.11502e+07 -1.92254e+06 -2.2872e+06 12500 
-5.3801e+06 5.89548e+06 -2.16843e+07 -1.90918e+06 -2.27946e+06 -5415 
-5.32989e+06 6.26398e+06 -2.25654e+07 -1.89296e+06 -2.2709e+06 -21827 
-5.57007e+06 6.13316e+06 -2.23434e+07 -1.90155e+06 -2.24739e+06 640 
-5.65084e+06 6.02143e+06 -2.29009e+07 -1.93044e+06 -2.22905e+06 17585 
-5.50437e+06 6.49488e+06 -2.36728e+07 -1.89921e+06 -2.23318e+06 -8484 
-5.77879e+06 6.5113e+06 -2.36279e+07 -1.89617e+06 -2.20302e+06 5539 
-5.91899e+06 6.36951e+06 -2.35053e+07 -1.90861e+06 -2.18918e+06 16366 
-5.74402e+06 6.62459e+06 -2.44595e+07 -1.90724e+06 -2.1934e+06 -2204 
-5.887e+06 6.83176e+06 -2.48418e+07 -1.89515e+06 -2.17111e+06 4840 
-6.11736e+06 6.3572e+06 -2.31125e+07 -1.89844e+06 -2.17333e+06 15762 
-6.05483e+06 6.59356e+06 -2.37158e+07 -1.88904e+06 -2.17065e+06 916 
-6.28726e+06 6.9479e+06 -2.41817e+07 -1.86217e+06 -2.13714e+06 -13901 
-6.5355e+06 6.82059e+06 -2.4075e+07 -1.87395e+06 -2.11077e+06 17798 
-6.54359e+06 6.8879e+06 -2.49334e+07 -1.89112e+06 -2.09583e+06 18514 
-6.37723e+06 7.24842e+06 -2.56592e+07 -1.87131e+06 -2.10288e+06 -3316 
-6.6418e+06 7.34224e+06 -2.5525e+07 -1.85702e+06 -2.07533e+06 8421 
-6.85004e+06 7.29356e+06 -2.60326e+07 -1.87732e+06 -2.04352e+06 26583 
-6.43173e+06 7.50087e+06 -2.72295e+07 -1.8885e+06 -2.07108e+06 6130 
-6.636e+06 7.71428e+06 -2.7376e+07 -1.86872e+06 -2.04581e+06 8543 
-6.85944e+06 7.58217e+06 -2.71582e+07 -1.87734e+06 -2.02416e+06 22404 
-6.71442e+06 7.76193e+06 -2.79164e+07 -1.87899e+06 -2.02814e+06 13862 
-6.75666e+06 7.93088e+06 -2.79988e+07 -1.86215e+06 -2.02217e+06 3264 
-7.10878e+06 7.98671e+06 -2.78171e+07 -1.8509e+06 -1.98549e+06 24628 
-7.02411e+06 8.11216e+06 -2.87698e+07 -1.86416e+06 -1.97949e+06 17106 
-6.94147e+06 8.362e+06 -2.92641e+07 -1.8501e+06 -1.98087e+06 497 
-7.22946e+06 8.35156e+06 -2.9008e+07 -1.84412e+06 -1.9526e+06 19553 
-7.27122e+06 8.16761e+06 -2.91493e+07 -1.86902e+06 -1.94546e+06 31825 
-7.14578e+06 8.5931e+06 -2.99454e+07 -1.84367e+06 -1.94685e+06 1201 
-7.30747e+06 8.68438e+06 -3.01839e+07 -1.84057e+06 -1.92473e+06 15460 
-7.40483e+06 8.54518e+06 -3.02043e+07 -1.85715e+06 -1.9133e+06 34838 
-7.2572e+06 8.82212e+06 -3.12067e+07 -1.85468e+06 -1.91368e+06 16295 
-7.43874e+06 9.00497e+06 -3.1514e+07 -1.84301e+06 -1.8883e+06 20273 
-7.57929e+06 8.91195e+06 -3.11413e+07 -1.84306e+06 -1.87847e+06 38848 
-7.41572e+06 8.88201e+06 -3.12778e+07 -1.85002e+06 -1.8947e+06 22016 
-7.3237e+06 9.0159e+06 -3.21628e+07 -1.86064e+06 -1.89059e+06 22031 
-7.57732e+06 8.91277e+06 -3.19034e+07 -1.86518e+06 -1.86615e+06 49010 
-7.52962e+06 9.0427e+06 -3.25947e+07 -1.87038e+06 -1.86028e+06 41447 
-7.36926e+06 9.18023e+06 -3.18043e+07 -1.83168e+06 -1.89145e+06 13210 
-8.21289e+06 7.4928e+06 -2.1517e+07 -1.72253e+06 -1.96471e+06 -10518 
-8.86819e+06 5.56849e+06 -1.04752e+07 -1.6175e+06 -2.07158e+06 -62833 
-8.94162e+06 5.65863e+06 -9.70575e+06 -1.58434e+06 -2.07615e+06 -93080 
-9.37548e+06 5.76412e+06 -9.43273e+06 -1.56474e+06 -2.03182e+06 -74651 
-9.56919e+06 5.69629e+06 -9.03143e+06 -1.56056e+06 -2.01662e+06 -73762 
-9.45444e+06 6.16341e+06 -1.00087e+07 -1.53586e+06 -2.01383e+06 -101231 
-9.7408e+06 6.29452e+06 -1.05091e+07 -1.53598e+06 -1.97338e+06 -77149 
-9.7304e+06 6.28102e+06 -1.14889e+07 -1.56622e+06 -1.95839e+06 -58413 
-9.585e+06 6.7629e+06 -1.30143e+07 -1.55578e+06 -1.95005e+06 -81715 
-9.70147e+06 7.05008e+06 -1.36566e+07 -1.54214e+06 -1.92654e+06 -79145 
-9.8093e+06 6.77994e+06 -1.37692e+07 -1.57617e+06 -1.91233e+06 -52554 
-9.60717e+06 7.02832e+06 -1.51558e+07 -1.5883e+06 -1.91246e+06 -61332 
-9.60425e+06 7.34211e+06 -1.59195e+07 -1.57486e+06 -1.90047e+06 -74111 
-9.74986e+06 7.33486e+06 -1.61568e+07 -1.58315e+06 -1.88006e+06 -46101 
-9.52128e+06 7.34449e+06 -1.68231e+07 -1.60127e+06 -1.89487e+06 -53791 
-9.44819e+06 7.70293e+06 -1.78044e+07 -1.58899e+06 -1.88726e+06 -73567 
-9.67368e+06 7.65342e+06 -1.81451e+07 -1.60502e+06 -1.85614e+06 -40130 
-9.64326e+06 7.67477e+06 -1.8743e+07 -1.62008e+06 -1.84973e+06 -33013 
-9.54973e+06 8.10926e+06 -1.96158e+07 -1.59595e+06 -1.84627e+06 -61598 
-9.39994e+06 8.12356e+06 -2.04802e+07 -1.61983e+06 -1.84884e+06 -46363 
-9.44713e+06 7.93325e+06 -2.095e+07 -1.65535e+06 -1.83562e+06 -18335 
-9.33198e+06 8.20225e+06 -2.19212e+07 -1.65299e+06 -1.83282e+06 -31886 
-9.26943e+06 8.46727e+06 -2.26027e+07 -1.64286e+06 -1.82882e+06 -39268 
-9.4565e+06 8.34551e+06 -2.25398e+07 -1.65517e+06 -1.80865e+06 -13941 
-9.25966e+06 8.36631e+06 -2.33943e+07 -1.67758e+06 -1.81678e+06 -16156 
-9.22704e+06 8.69935e+06 -2.40326e+07 -1.65822e+06 -1.81023e+06 -36008 
-9.45824e+06 8.64557e+06 -2.42206e+07 -1.67013e+06 -1.78101e+06 -9550 
-9.43787e+06 8.49061e+06 -2.44285e+07 -1.69388e+06 -1.77975e+06 6038 
