-0.118844 0.156336 -0.054678 0.300853 0.0150286 -0.00520726 
-0.237689 0.312672 -0.109356 0.601706 0.0300572 -0.0104145 
-0.422438 0.457743 -0.176249 0.902205 0.0292488 -0.0109464 
-0.515051 0.594834 -0.253908 1.19987 0.050155 -0.0169637 
-0.601204 0.754301 -0.309055 1.49824 0.0732892 -0.0231868 
-0.661215 0.742498 -0.322439 1.49987 0.0590277 -0.0190255 
-0.662393 0.725833 -0.337589 1.49683 0.0571623 -0.0186508 
-0.538781 0.730021 -0.32013 1.49526 0.0863791 -0.0268526 
-0.61116 0.738381 -0.281037 1.49846 0.0702812 -0.0228945 
-0.663229 0.708106 -0.2935 1.50013 0.0568317 -0.0201159 
-0.524602 0.715749 -0.284862 1.49509 0.0869873 -0.0292775 
-0.536706 0.725922 -0.266098 1.49747 0.0861704 -0.0284981 
-0.638998 0.710998 -0.2902 1.49793 0.0620031 -0.0227065 
-0.520788 0.71285 -0.312173 1.49285 0.0866885 -0.030021 
-0.466389 0.741125 -0.295253 1.49192 0.0989838 -0.0339562 
-0.592642 0.721019 -0.301107 1.49624 0.0705097 -0.0260546 
-0.533111 0.706937 -0.305275 1.49249 0.0820682 -0.0306449 
-0.442025 0.724912 -0.277693 1.49177 0.102451 -0.035703 
-0.557708 0.726112 -0.272626 1.49539 0.0755705 -0.0288477 
-0.562358 0.707026 -0.281862 1.49271 0.0728761 -0.0280652 
-0.456498 0.726421 -0.272598 1.48899 0.0973342 -0.0349334 
-0.5497 0.749576 -0.261523 1.4897 0.077356 -0.0285594 
-0.592548 0.739228 -0.287387 1.48784 0.0660127 -0.0253307 
-0.479981 0.746155 -0.285763 1.4856 0.0908459 -0.0326299 
-0.548135 0.76338 -0.26738 1.48891 0.0774603 -0.0296285 
-0.643123 0.754713 -0.279063 1.48848 0.0559427 -0.022472 
-0.528796 0.751361 -0.286232 1.48678 0.0805096 -0.0287122 
-0.526716 0.770333 -0.263513 1.4895 0.0820239 -0.0284793 
-0.653129 0.754443 -0.274777 1.49351 0.0551823 -0.0197105 
-0.588988 0.742355 -0.287499 1.48956 0.0695691 -0.022963 
-0.532613 0.754962 -0.271261 1.49269 0.0837779 -0.0264783 
-0.657806 0.744961 -0.286601 1.49815 0.0550665 -0.0192141 
-0.641115 0.722251 -0.316269 1.49625 0.0605078 -0.0204834 
-0.554065 0.734178 -0.318294 1.49494 0.0825371 -0.027022 
-0.629395 0.741703 -0.316554 1.49878 0.0664234 -0.0208807 
-0.643587 0.710713 -0.332634 1.49801 0.0627282 -0.0209471 
-0.527379 0.711443 -0.318896 1.49591 0.0904427 -0.0284405 
-0.577214 0.726191 -0.290541 1.49779 0.0803583 -0.0257293 
-0.646325 0.71578 -0.300398 1.49472 0.063601 -0.0202842 
-0.536574 0.707255 -0.306525 1.49249 0.0869382 -0.0287492 
-0.506172 0.753259 -0.301986 1.48903 0.0925325 -0.0296385 
-0.604045 0.744881 -0.313722 1.48982 0.0705376 -0.022978 
-0.548785 0.735236 -0.320912 1.48493 0.0804407 -0.0266295 
-0.449452 0.748177 -0.297043 1.48671 0.10265 -0.0327007 
-0.534896 0.76683 -0.290803 1.4871 0.0821241 -0.0264985 
-0.563814 0.726464 -0.29758 1.48878 0.0751474 -0.0256057 
-0.462868 0.745645 -0.292728 1.4851 0.0974159 -0.0329106 
-0.517665 0.761349 -0.286053 1.48881 0.0854935 -0.0299075 
-0.598707 0.747419 -0.299973 1.48759 0.0647581 -0.0261565 
-0.497583 0.743188 -0.308864 1.48637 0.0878843 -0.0327628 
-0.494967 0.772856 -0.286867 1.4877 0.088855 -0.0316213 
-0.611674 0.763122 -0.290056 1.48796 0.0629446 -0.0240739 
-0.536473 0.753551 -0.296683 1.48565 0.078544 -0.0283332 
-0.486938 0.778041 -0.284979 1.48759 0.0913562 -0.0309606 
-0.607851 0.769922 -0.277654 1.4898 0.0639497 -0.0231519 
-0.607249 0.747505 -0.287898 1.48694 0.0646525 -0.0241398 
-0.519003 0.76174 -0.278861 1.48817 0.0852528 -0.0295009 
-0.623947 0.772421 -0.262698 1.49032 0.0627844 -0.0233263 
-0.664412 0.752343 -0.263204 1.48803 0.0531874 -0.0203339 
-0.570237 0.761555 -0.268227 1.48649 0.0757779 -0.0266921 
-0.618734 0.789238 -0.250121 1.4867 0.0662239 -0.0239164 
-0.692267 0.772019 -0.262132 1.48518 0.0501178 -0.0182868 
-0.583989 0.764356 -0.27591 1.48379 0.0750737 -0.0243244 
-0.582925 0.788384 -0.277898 1.48461 0.0763431 -0.0248902 
-0.695789 0.77012 -0.266784 1.48456 0.0528152 -0.0178565 
-0.624369 0.741265 -0.287473 1.48561 0.068389 -0.0226316 
-0.561098 0.757138 -0.266782 1.48758 0.0825811 -0.0270941 
-0.659586 0.74957 -0.270874 1.49009 0.0596399 -0.0216426 
-0.626341 0.722938 -0.287468 1.48809 0.0668391 -0.0235909 
-0.522753 0.73803 -0.29286 1.48809 0.0892326 -0.0305836 
-0.594072 0.747926 -0.290694 1.49086 0.0727841 -0.0260521 
-0.609779 0.733041 -0.319318 1.48821 0.0668408 -0.0262914 
-0.490379 0.743299 -0.331287 1.48656 0.0925092 -0.0338103 
-0.530452 0.75923 -0.306785 1.48937 0.0835895 -0.0315941 
-0.587832 0.744128 -0.312919 1.48837 0.0691484 -0.0263724 
-0.488309 0.754194 -0.320834 1.48247 0.0887413 -0.0333311 
-0.461118 0.778971 -0.300796 1.48378 0.0934379 -0.0339545 
-0.583377 0.773353 -0.292269 1.48325 0.0670567 -0.0258726 
-0.540348 0.769011 -0.300299 1.47645 0.0756395 -0.0287129 
-0.487709 0.798629 -0.289344 1.47566 0.0875037 -0.033076 
-0.595091 0.804264 -0.288759 1.47873 0.0643929 -0.0256575 
-0.629213 0.783319 -0.295693 1.47749 0.0585887 -0.0233478 
-0.5363 0.781151 -0.292359 1.47929 0.0812494 -0.0290244 
-0.599804 0.790693 -0.277077 1.48524 0.0687028 -0.0237632 
-0.658458 0.765692 -0.29036 1.4861 0.0565702 -0.0197103 
-0.56441 0.764272 -0.282236 1.48292 0.0791139 -0.0251604 
-0.582593 0.78322 -0.26941 1.4838 0.0773008 -0.0236786 
-0.688106 0.781695 -0.270697 1.48153 0.0532314 -0.0172418 
-0.608805 0.771458 -0.293689 1.47885 0.0700434 -0.0235355 
-0.571052 0.782097 -0.28224 1.48277 0.078488 -0.026452 
-0.680099 0.765541 -0.282756 1.48611 0.0553136 -0.020008 
-0.645907 0.732398 -0.295129 1.4878 0.0616562 -0.0233491 
-0.539376 0.749271 -0.284388 1.48743 0.0858716 -0.0289811 
-0.626517 0.757206 -0.269094 1.48837 0.0652995 -0.0241571 
-0.618637 0.735772 -0.286846 1.4862 0.0656077 -0.0245665 
-0.506314 0.750588 -0.284124 1.48364 0.0903392 -0.0318616 
-0.54994 0.769096 -0.270222 1.48426 0.0799374 -0.0284601 
-0.585944 0.758933 -0.283119 1.48066 0.0693624 -0.0268412 
-0.468209 0.754643 -0.298205 1.48166 0.0955717 -0.033195 
-0.502181 0.798091 -0.278065 1.47731 0.0867371 -0.0314658 
-0.58884 0.793077 -0.278123 1.47573 0.0659446 -0.0255408 
-0.500288 0.783727 -0.300874 1.47597 0.0852685 -0.0318626 
-0.488886 0.798458 -0.295483 1.48119 0.087581 -0.033138 
-0.604054 0.79648 -0.293359 1.4814 0.0623247 -0.026074 
-0.562719 0.771767 -0.312828 1.48312 0.0726293 -0.0289029 
-0.479098 0.792489 -0.296738 1.4818 0.0917938 -0.0329281 
-0.580957 0.81861 -0.266385 1.47558 0.0695529 -0.0251661 
-0.597412 0.805182 -0.289543 1.47087 0.0659444 -0.0246949 
-0.514269 0.822313 -0.287889 1.46468 0.0851988 -0.0302738 
-0.580377 0.858764 -0.266824 1.45671 0.073465 -0.0248383 
-0.66115 0.862495 -0.282713 1.44693 0.0558456 -0.0201236 
-0.578829 0.881361 -0.291294 1.43411 0.0753588 -0.0271861 
-0.578057 0.920227 -0.261114 1.42477 0.0780839 -0.025847 
-0.6857 0.939663 -0.251798 1.41143 0.055901 -0.0180334 
-0.613505 0.941904 -0.28259 1.39736 0.0714477 -0.0216793 
-0.536316 0.977906 -0.282642 1.38827 0.090022 -0.0257353 
-0.628392 1.003 -0.297405 1.3794 0.0707162 -0.0182622 
-0.642126 1.00446 -0.311832 1.36559 0.0677086 -0.018623 
-0.526262 1.03917 -0.324251 1.35104 0.094009 -0.0261526 
-0.592075 1.0721 -0.290913 1.34185 0.0808399 -0.0225906 
-0.657462 1.08038 -0.297881 1.32753 0.0648558 -0.02077 
-0.536303 1.11861 -0.286833 1.30706 0.0895194 -0.0291797 
-0.54844 1.17444 -0.281835 1.28993 0.0864701 -0.0286582 
-0.624541 1.19467 -0.268053 1.27424 0.0677377 -0.0234234 
-0.533628 1.23633 -0.285917 1.25023 0.0852695 -0.0306356 
-0.483133 1.30937 -0.278405 1.22897 0.0956369 -0.0345207 
-0.602686 1.33033 -0.27887 1.21536 0.0678954 -0.027984 
-0.548657 1.34532 -0.270881 1.19464 0.0783428 -0.0312883 
-0.468134 1.4118 -0.253358 1.17259 0.095285 -0.0374001 
-0.555472 1.45898 -0.230827 1.15526 0.0737119 -0.0313335 
-0.577142 1.45191 -0.221808 1.13814 0.0669892 -0.0286598 
-0.467902 1.5063 -0.21812 1.11267 0.0919771 -0.035491 
-0.52386 1.57767 -0.196161 1.09041 0.0788817 -0.032723 
-0.596456 1.5961 -0.22171 1.07049 0.0610801 -0.0279873 
-0.510666 1.63704 -0.231331 1.045 0.0789193 -0.0347034 
-0.524138 1.726 -0.211031 1.01648 0.0775821 -0.0350658 
-0.626086 1.76273 -0.194162 0.996199 0.0533794 -0.0274914 
-0.560635 1.79754 -0.209657 0.971375 0.0670907 -0.0307711 
-0.512169 1.86321 -0.179293 0.947469 0.078373 -0.0349067 
-0.636939 1.90963 -0.150673 0.924629 0.05253 -0.0271414 
-0.629696 1.937 -0.158479 0.899007 0.0546071 -0.0278868 
-0.551809 2.00546 -0.149924 0.868867 0.0731933 -0.0334857 
-0.648485 2.06484 -0.127688 0.84476 0.0514798 -0.0285707 
-0.702931 2.10665 -0.120146 0.813532 0.0398065 -0.0248895 
-0.615416 2.16651 -0.140833 0.782688 0.0580729 -0.0323477 
-0.663319 2.24109 -0.12523 0.756891 0.0451703 -0.0303449 
-0.755527 2.28505 -0.139359 0.729751 0.0220161 -0.0265763 
-0.669563 2.34057 -0.146593 0.693967 0.0391774 -0.0328397 
-0.660891 2.42027 -0.135511 0.660545 0.0399588 -0.0341104 
-0.744964 2.46825 -0.11809 0.632054 0.0208334 -0.0272443 
-0.691206 2.52486 -0.132585 0.591573 0.0284714 -0.0331871 
-0.616706 2.61054 -0.0982363 0.551907 0.0433594 -0.0386237 
-0.714972 2.70055 -0.0662234 0.512389 0.0220618 -0.0328906 
-0.696536 2.77394 -0.0691497 0.467906 0.0223335 -0.035392 
-0.621538 2.89056 -0.0395863 0.41624 0.0357946 -0.0436327 
-0.682209 2.97619 -0.00480773 0.380196 0.0235207 -0.0392408 
-0.735153 3.02933 -0.0227037 0.342036 0.00896353 -0.0378949 
-0.636065 3.09269 -0.0226701 0.306024 0.0285068 -0.0464732 
-0.682155 3.15823 0.0128289 0.27575 0.0186285 -0.0452098 
-0.728878 3.18642 0.00624161 0.246921 0.0086686 -0.0399182 
-0.639635 3.25561 0.0138524 0.206386 0.028057 -0.0458816 
-0.6217 3.36276 0.0513661 0.165691 0.032044 -0.0470354 
-0.705448 3.42247 0.0831751 0.129954 0.0135341 -0.040088 
-0.634622 3.48978 0.0878844 0.0885963 0.0306041 -0.0444558 
-0.598757 3.60661 0.126978 0.0408444 0.038139 -0.0486792 
-0.697259 3.67586 0.160938 0.00388801 0.0158842 -0.0419292 
-0.657558 3.72411 0.18236 -0.0340893 0.0261677 -0.0423463 
-0.589776 3.84 0.205582 -0.0872604 0.0408132 -0.0481426 
-0.679611 3.94203 0.240696 -0.133777 0.0185773 -0.0421547 
-0.717898 4.00919 0.260925 -0.181461 0.00679406 -0.0405683 
-0.6273 4.12495 0.265108 -0.238355 0.0238883 -0.0482927 
-0.705959 4.25736 0.298997 -0.297709 0.00458837 -0.0455151 
-0.807956 4.35493 0.290566 -0.354391 -0.0205442 -0.0407486 
-0.737868 4.46948 0.290037 -0.415709 -0.00821228 -0.0473315 
-0.716985 4.60729 0.304106 -0.474272 -0.00437288 -0.0477597 
-0.843552 4.70647 0.331407 -0.529265 -0.0326621 -0.0407959 
-0.815923 4.80522 0.32572 -0.590167 -0.0305834 -0.0452239 
-0.747798 4.93133 0.366074 -0.649186 -0.016383 -0.0495717 
-0.847869 5.03942 0.409585 -0.702637 -0.0387851 -0.0443279 
-0.895122 5.11746 0.418218 -0.754205 -0.0519178 -0.044294 
-0.802837 5.22902 0.431826 -0.81384 -0.0336671 -0.0515559 
-0.850123 5.33448 0.480959 -0.863916 -0.0416676 -0.0478029 
-0.906924 5.41046 0.515276 -0.913429 -0.0547005 -0.0436939 
-0.825068 5.51476 0.527694 -0.97329 -0.0396604 -0.0511136 
-0.786342 5.63441 0.595388 -1.02841 -0.0292241 -0.0530698 
-0.870173 5.72992 0.641034 -1.08381 -0.0458732 -0.0465059 
-0.831658 5.8301 0.669039 -1.15027 -0.041931 -0.0518199 
-0.756458 5.9564 0.702102 -1.21213 -0.0277142 -0.0587358 
-0.834773 6.05796 0.74538 -1.26962 -0.0440813 -0.0533166 
-0.871635 6.15285 0.770265 -1.33842 -0.0568437 -0.0541119 
-0.781876 6.27817 0.830467 -1.40637 -0.0404348 -0.0623177 
-0.81676 6.42486 0.889113 -1.47091 -0.0493683 -0.0612618 
-0.906733 6.54169 0.923356 -1.54 -0.0726653 -0.0575677 
-0.817285 6.66863 0.968479 -1.61366 -0.0555782 -0.0641317 
-0.81065 6.83429 1.01967 -1.68689 -0.0532878 -0.065056 
-0.919401 6.98417 1.05146 -1.76527 -0.0827538 -0.06019 
-0.87125 7.10915 1.06627 -1.8402 -0.0733317 -0.0621709 
-0.80103 7.27175 1.11295 -1.91841 -0.0570377 -0.0671891 
-0.903769 7.43999 1.15602 -1.99945 -0.0816953 -0.0610101 
-0.926835 7.57099 1.14674 -2.08043 -0.0920632 -0.0618523 
-0.838144 7.72667 1.1827 -2.16136 -0.0705085 -0.0669852 
-0.920448 7.89979 1.26411 -2.24749 -0.0899695 -0.0646053 
-0.994761 8.04861 1.29833 -2.33545 -0.114034 -0.0621733 
-0.927076 8.20309 1.34118 -2.42575 -0.101241 -0.0694775 
-0.928751 8.39498 1.43923 -2.51599 -0.099334 -0.0686067 
-1.03241 8.54299 1.48898 -2.60023 -0.126305 -0.063013 
-0.97359 8.68525 1.49921 -2.68357 -0.115599 -0.067435 
-0.935046 8.85499 1.58048 -2.7696 -0.10359 -0.070134 
-1.03206 9.00009 1.64097 -2.84412 -0.125923 -0.0637394 
-1.04383 9.12789 1.68298 -2.92481 -0.132502 -0.065413 
-0.958106 9.29321 1.75447 -3.00998 -0.111426 -0.0711101 
-1.03836 9.44697 1.85178 -3.09203 -0.129459 -0.0666398 
-1.07854 9.56529 1.88845 -3.16891 -0.141723 -0.064541 
-0.991723 9.73934 1.96164 -3.26621 -0.124386 -0.0720396 
-1.01638 9.94541 2.06584 -3.36857 -0.129311 -0.0708502 
-1.09517 10.1003 2.10392 -3.46073 -0.154534 -0.069053 
-1.02652 10.304 2.15602 -3.57389 -0.146212 -0.0767472 
-1.0214 10.5146 2.23319 -3.67851 -0.147613 -0.0807806 
-1.12034 10.7168 2.21409 -3.78153 -0.17521 -0.076485 
-1.06324 10.867 1.95286 -3.8576 -0.172787 -0.0821462 
-1.01112 11.0637 1.6589 -3.93402 -0.165231 -0.0874687 
-1.09725 11.2384 1.01448 -3.98368 -0.193517 -0.0826996 
-1.10774 11.4185 0.0258493 -4.02845 -0.210053 -0.0831339 
-1.0063 11.5846 -0.948299 -4.05222 -0.196682 -0.0898114 
-1.07019 11.793 -1.95832 -4.08586 -0.22292 -0.0865247 
-1.12254 11.9796 -3.22959 -4.11343 -0.25338 -0.0846588 
-1.0253 12.1388 -4.2085 -4.13598 -0.241728 -0.090093 
-1.02269 12.3592 -5.16246 -4.17168 -0.250166 -0.0893823 
-1.11044 12.5645 -6.37614 -4.20387 -0.287763 -0.0837751 
-1.04251 12.7266 -7.46702 -4.2264 -0.285261 -0.0886863 
-1.01353 12.9297 -8.43869 -4.2583 -0.288224 -0.0892337 
-1.11232 13.1226 -9.60128 -4.28751 -0.324197 -0.0833413 
-1.10549 13.2695 -10.7166 -4.30781 -0.338687 -0.0848206 
-1.05249 13.4789 -11.8184 -4.34053 -0.341389 -0.0903753 
-1.14474 13.7143 -12.8588 -4.38004 -0.375818 -0.0847679 
-1.19774 13.908 -13.7958 -4.41038 -0.395551 -0.0839384 
-1.14886 14.1703 -14.5513 -4.45613 -0.390639 -0.0914143 
-1.22159 14.4668 -15.1438 -4.50953 -0.404767 -0.0896833 
-1.30673 14.6715 -15.445 -4.54646 -0.416801 -0.0863615 
-1.28277 14.9103 -15.7688 -4.58896 -0.402406 -0.0927287 
-1.28111 15.1712 -16.0414 -4.63715 -0.39404 -0.0941985 
-1.37645 15.4041 -16.3145 -4.67959 -0.405527 -0.0889252 
-1.34868 15.6086 -16.5536 -4.71679 -0.392825 -0.0936394 
-1.31766 15.853 -16.8684 -4.76067 -0.377177 -0.0974951 
-1.39296 16.0656 -17.1431 -4.79889 -0.384491 -0.093106 
-1.40783 16.2689 -17.3812 -4.83588 -0.380583 -0.0957573 
-1.32931 16.4712 -17.6701 -4.87158 -0.35595 -0.102478 
-1.37668 16.6882 -17.9565 -4.91048 -0.357156 -0.0987086 
-1.43969 16.9164 -18.1865 -4.95279 -0.363344 -0.0971722 
-1.36294 17.1556 -18.4875 -4.99587 -0.338745 -0.104699 
-1.37186 17.422 -18.8485 -5.04339 -0.32987 -0.104094 
-1.48546 17.6892 -19.153 -5.09225 -0.34422 -0.0992446 
-1.46026 17.9535 -19.4526 -5.1405 -0.330336 -0.106899 
-1.40358 18.2264 -19.7385 -5.19086 -0.310318 -0.113048 
-1.5075 18.5144 -19.9767 -5.24539 -0.324687 -0.109306 
-1.55579 18.7812 -20.2097 -5.29558 -0.327859 -0.111752 
-1.47152 19.0641 -20.5404 -5.34708 -0.300839 -0.119327 
-1.52095 19.3258 -20.7959 -5.39583 -0.303449 -0.116998 
-1.61231 19.5799 -21.036 -5.44329 -0.315189 -0.114676 
-1.57984 19.8269 -21.344 -5.48782 -0.299518 -0.121237 
-1.55994 20.0723 -21.6659 -5.53182 -0.285854 -0.121101 
-1.68839 20.3097 -21.7843 -5.57836 -0.308885 -0.118268 
-1.69783 20.5709 -21.988 -5.62802 -0.304945 -0.122408 
-1.67098 20.8248 -22.3759 -5.67236 -0.287931 -0.124563 
-1.7554 21.0709 -22.5898 -5.71877 -0.298933 -0.119136 
-1.82265 21.3106 -22.7382 -5.76511 -0.308559 -0.121922 
-1.75593 21.5589 -23.104 -5.80875 -0.284048 -0.12731 
-1.82477 21.8244 -23.3867 -5.85769 -0.289831 -0.124071 
-1.92918 22.0991 -23.5509 -5.91099 -0.306598 -0.123569 
-1.88388 22.3427 -23.8912 -5.95414 -0.287299 -0.129927 
-1.89823 22.6648 -24.2468 -6.01323 -0.279777 -0.131299 
-2.01799 22.9651 -24.4087 -6.07189 -0.299745 -0.128888 
-2.0053 23.2304 -24.7855 -6.11877 -0.286073 -0.133885 
-1.96886 23.5273 -25.1732 -6.17199 -0.267129 -0.137311 
-2.07163 23.8553 -25.4173 -6.23466 -0.281125 -0.134536 
-2.08785 24.1159 -25.7382 -6.28174 -0.275038 -0.137171 
-2.03286 24.3995 -26.1805 -6.33106 -0.250652 -0.141724 
-2.10161 24.6984 -26.4147 -6.38791 -0.257936 -0.140502 
-2.16509 24.9327 -26.6233 -6.43191 -0.264942 -0.141951 
-2.10246 25.2013 -27.0225 -6.479 -0.240305 -0.148283 
-2.1351 25.4444 -27.2142 -6.52524 -0.241409 -0.148222 
-2.21386 25.6543 -27.3713 -6.56534 -0.25302 -0.145987 
-2.16922 25.84 -27.7329 -6.59617 -0.233141 -0.149822 
-2.11659 26.0602 -28.0639 -6.63483 -0.21249 -0.151551 
-2.177 26.2353 -28.1682 -6.66891 -0.221865 -0.148787 
-2.1528 26.4001 -28.5135 -6.69582 -0.20662 -0.149546 
-2.08194 26.5998 -28.9551 -6.72795 -0.17889 -0.151533 
-2.12055 26.7808 -29.1509 -6.76139 -0.180975 -0.146894 
-2.13745 26.9415 -29.443 -6.78861 -0.17576 -0.145196 
-2.04635 27.1063 -29.956 -6.81204 -0.141701 -0.147401 
-2.04158 27.2854 -30.2743 -6.84252 -0.131217 -0.145289 
-2.08427 27.3887 -30.5773 -6.85768 -0.130912 -0.14069 
-1.98086 27.5281 -31.0817 -6.87607 -0.0945346 -0.142084 
-1.9507 27.674 -31.4704 -6.89827 -0.0766626 -0.139275 
-2.01966 27.7748 -31.6583 -6.9153 -0.0852171 -0.13387 
-1.97539 27.8715 -32.0814 -6.9266 -0.0634369 -0.133305 
-1.89476 28.0221 -32.4695 -6.94974 -0.0352323 -0.133747 
-2.00158 28.0921 -32.3574 -6.96663 -0.0606872 -0.132193 
-2.02963 28.1455 -32.3749 -6.97735 -0.0660516 -0.134044 
-2.00057 28.2823 -32.5101 -7.00284 -0.056207 -0.139492 
-2.08545 28.4248 -32.4331 -7.03398 -0.0761067 -0.138278 
-2.17104 28.5285 -32.4513 -7.05509 -0.0933191 -0.138274 
-2.08241 28.6943 -32.9606 -7.07886 -0.0598705 -0.139774 
-2.06025 28.8863 -33.3223 -7.11114 -0.0445063 -0.13798 
-2.09168 29.0179 -33.6924 -7.13082 -0.0398218 -0.131062 
-1.98151 29.1026 -34.3232 -7.13533 0.00180868 -0.130281 
-1.87845 29.2358 -34.8116 -7.15286 0.0376875 -0.129467 
-1.9002 29.3544 -35.1113 -7.17129 0.0422024 -0.125188 
-1.85189 29.4274 -35.5894 -7.17657 0.0665151 -0.122797 
-1.74929 29.5076 -35.9826 -7.18508 0.0993987 -0.124563 
-1.77715 29.6755 -36.1 -7.2175 0.0971301 -0.122005 
-1.7766 29.7902 -36.3786 -7.23554 0.105554 -0.120488 
-1.67875 29.9158 -36.7996 -7.25286 0.138274 -0.122199 
-1.66906 30.0757 -37.0178 -7.28152 0.14675 -0.121072 
-1.70927 30.186 -37.2478 -7.2997 0.145359 -0.116754 
-1.62964 30.2808 -37.6733 -7.31056 0.174436 -0.119248 
-1.58975 30.406 -37.9559 -7.33073 0.191085 -0.118624 
-1.63032 30.5016 -38.1438 -7.34678 0.188396 -0.11313 
-1.56867 30.5763 -38.5834 -7.35324 0.214271 -0.112084 
-1.47489 30.7225 -39.0562 -7.37381 0.247736 -0.111883 
-1.49209 30.8332 -39.2952 -7.39196 0.251437 -0.105064 
-1.4804 30.8806 -39.5138 -7.39737 0.26039 -0.103484 
-1.40335 30.94 -39.9053 -7.40167 0.287979 -0.10386 
-1.43673 31.0021 -40.0445 -7.41182 0.285331 -0.0984134 
-1.44521 31.0244 -40.2605 -7.41214 0.290105 -0.0944583 
-1.37858 31.0367 -40.3929 -7.41206 0.307731 -0.097618 
-1.68893 30.9566 -38.4406 -7.43603 0.184704 -0.11316 
-2.39633 30.6909 -34.1029 -7.47089 -0.0923331 -0.150583 
-3.0509 30.4272 -29.6632 -7.5082 -0.361752 -0.197888 
-3.7769 30.2281 -25.0307 -7.56286 -0.651658 -0.242239 
-4.58197 30.0502 -20.4759 -7.62031 -0.955503 -0.283152 
-4.94661 30.0418 -18.1741 -7.66617 -1.10058 -0.312079 
-4.96812 30.2723 -18.1806 -7.71375 -1.10504 -0.316015 
-4.99251 30.4762 -18.537 -7.7487 -1.09937 -0.310188 
-4.88187 30.6517 -19.2531 -7.77027 -1.05511 -0.308645 
-4.71014 30.8665 -20.1779 -7.79567 -0.991932 -0.305031 
-4.67419 31.0085 -20.9298 -7.80968 -0.961806 -0.294489 
-4.55256 31.098 -21.8589 -7.80911 -0.908738 -0.287876 
-4.38576 31.235 -22.7448 -7.81923 -0.847771 -0.286318 
-4.3293 31.3441 -23.373 -7.82901 -0.817144 -0.277716 
-4.26329 31.3651 -24.006 -7.82046 -0.784405 -0.27071 
-4.08283 31.4496 -24.8128 -7.82137 -0.722978 -0.269706 
-4.00499 31.5525 -25.4104 -7.83049 -0.688904 -0.263339 
-3.96461 31.61 -25.9748 -7.83097 -0.663475 -0.254016 
-3.82794 31.6963 -26.6663 -7.83464 -0.614558 -0.253211 
-3.70174 31.7943 -27.3974 -7.83997 -0.566516 -0.248155 
-3.67013 31.8316 -28.0262 -7.83494 -0.540898 -0.236225 
-3.54532 31.8659 -28.7812 -7.82661 -0.4924 -0.230922 
-3.38149 31.9301 -29.5528 -7.82409 -0.43539 -0.227421 
-3.336 31.9551 -30.1373 -7.81744 -0.40825 -0.216571 
-3.28294 31.9745 -30.7198 -7.80962 -0.379684 -0.208975 
-3.14458 32.0566 -31.3361 -7.81399 -0.33268 -0.208548 
-3.10084 32.142 -31.7956 -7.82234 -0.309796 -0.202932 
-3.12245 32.1739 -32.1605 -7.82162 -0.303172 -0.194556 
