-0.594222 0.78168 -0.27339 1.50426 0.0751431 -0.0260363 
-0.594222 0.78168 -0.27339 1.50426 0.0751431 -0.0260363 
-0.923745 0.725353 -0.334463 1.50249 -0.00404241 -0.00265936 
-0.463069 0.685457 -0.388298 1.48833 0.104531 -0.0300865 
-0.430762 0.797334 -0.275731 1.49182 0.115671 -0.0311154 
-0.894277 0.722664 -0.340313 1.51242 0.00383577 -0.00523005 
-0.60011 0.698354 -0.349141 1.48909 0.0658159 -0.0241628 
-0.305688 0.746296 -0.247163 1.49462 0.142041 -0.0436685 
-0.82496 0.727259 -0.192833 1.50435 0.0240417 -0.010296 
-0.69111 0.645957 -0.338051 1.50016 0.0484234 -0.0172224 
-0.20114 0.760879 -0.29712 1.4872 0.154614 -0.051038 
-0.66063 0.749217 -0.255322 1.50102 0.0617315 -0.0202657 
-0.81715 0.671677 -0.367673 1.49692 0.0212051 -0.0147105 
-0.233909 0.736521 -0.302701 1.47897 0.147468 -0.0468683 
-0.419116 0.787333 -0.253449 1.49549 0.1099 -0.0368986 
-0.832402 0.660346 -0.326389 1.5088 0.0122431 -0.0115299 
-0.362978 0.67881 -0.276164 1.48227 0.119524 -0.043217 
-0.361721 0.76155 -0.229761 1.4933 0.123121 -0.040001 
-0.812325 0.742519 -0.277367 1.4971 0.0130644 -0.0125919 
-0.442365 0.691907 -0.299629 1.48206 0.0964281 -0.0329861 
-0.303099 0.757321 -0.280067 1.49024 0.134533 -0.0458707 
-0.82899 0.794583 -0.220793 1.48581 0.0196329 -0.0113474 
-0.57596 0.70981 -0.359082 1.484 0.0664047 -0.0238573 
-0.249489 0.777153 -0.269245 1.48589 0.13723 -0.0490879 
-0.783138 0.778034 -0.207716 1.4986 0.0295001 -0.0179792 
-0.778039 0.713984 -0.33848 1.48812 0.0269453 -0.010088 
-0.257351 0.777827 -0.256636 1.47728 0.142468 -0.0425487 
-0.565565 0.804669 -0.245487 1.49761 0.0739761 -0.0226929 
-0.881552 0.6977 -0.325567 1.50595 0.00302215 -0.00524368 
-0.462432 0.717596 -0.271325 1.47885 0.101434 -0.0342419 
-0.496166 0.777015 -0.257291 1.50377 0.0979896 -0.0276646 
-0.883317 0.727824 -0.333336 1.50459 -0.00108948 -0.00622749 
-0.482108 0.691121 -0.393827 1.48807 0.101183 -0.0290394 
-0.446304 0.757331 -0.335695 1.49941 0.113169 -0.0379365 
-0.839082 0.755224 -0.26262 1.49806 0.0208653 -0.00353545 
-0.567122 0.622066 -0.337695 1.49992 0.0795136 -0.0279967 
-0.302277 0.731474 -0.264644 1.49406 0.137483 -0.0436947 
-0.731283 0.76486 -0.252053 1.49749 0.0507607 -0.0154833 
-0.791862 0.705276 -0.384981 1.48408 0.0293823 -0.0107109 
-0.290325 0.7126 -0.293251 1.48688 0.137551 -0.0458605 
-0.41511 0.852084 -0.315003 1.48265 0.107485 -0.0324435 
-0.791644 0.689584 -0.32332 1.49803 0.0275082 -0.0103919 
-0.454982 0.716634 -0.288003 1.47303 0.100276 -0.0337409 
-0.2952 0.769983 -0.265638 1.49297 0.140428 -0.0410667 
-0.717544 0.805866 -0.26205 1.48882 0.0349227 -0.0148494 
-0.559702 0.650253 -0.348888 1.49107 0.0726016 -0.0279797 
-0.286914 0.785488 -0.299061 1.47964 0.138851 -0.046916 
-0.728966 0.795154 -0.254625 1.49158 0.0406645 -0.0187258 
-0.700409 0.700335 -0.335241 1.48684 0.0367511 -0.0223116 
-0.211923 0.784709 -0.306503 1.48272 0.150554 -0.0478809 
-0.546624 0.798595 -0.238904 1.49772 0.0774552 -0.0222721 
-0.87045 0.736816 -0.31501 1.48096 0.00929863 -0.00917897 
-0.352959 0.747302 -0.287756 1.48 0.118662 -0.0400223 
-0.452737 0.822784 -0.276725 1.49653 0.100812 -0.0354486 
-0.816488 0.744116 -0.269878 1.4938 0.0135214 -0.00883755 
-0.54361 0.68651 -0.290119 1.4834 0.080969 -0.0272116 
-0.429222 0.80799 -0.269825 1.4871 0.1123 -0.0359846 
-0.877679 0.800705 -0.206945 1.49078 0.0063197 -0.00914896 
-0.655063 0.722394 -0.279253 1.48507 0.0528271 -0.020487 
-0.345611 0.790177 -0.294993 1.48608 0.126474 -0.0406282 
-0.786097 0.824923 -0.19959 1.48446 0.0331992 -0.0133334 
-0.796887 0.721894 -0.329877 1.47953 0.0317692 -0.00783645 
-0.336285 0.762394 -0.275835 1.48383 0.131099 -0.0393372 
-0.649746 0.84253 -0.289195 1.48918 0.0591737 -0.0233158 
-0.909931 0.698857 -0.239422 1.4858 0.00883439 -0.00545971 
-0.428996 0.680648 -0.303034 1.4897 0.111068 -0.0372089 
-0.480532 0.801263 -0.226426 1.48937 0.10273 -0.0301487 
-0.828723 0.724553 -0.296293 1.4964 0.0163938 -0.0120797 
-0.483519 0.709369 -0.372165 1.4792 0.0951693 -0.0330576 
-0.391995 0.774316 -0.266383 1.4858 0.120802 -0.040423 
-0.78559 0.73013 -0.292202 1.50353 0.0288253 -0.0145515 
-0.559069 0.726838 -0.369545 1.47613 0.0730137 -0.0313451 
-0.231722 0.775839 -0.356138 1.48815 0.144735 -0.0496742 
-0.683887 0.789027 -0.249655 1.49323 0.0505711 -0.0219768 
-0.678893 0.698807 -0.297057 1.48079 0.0485964 -0.0143142 
-0.287976 0.780458 -0.331776 1.47405 0.12679 -0.0493453 
-0.423113 0.850726 -0.269354 1.48267 0.0964968 -0.0344619 
-0.843016 0.747745 -0.313504 1.4855 0.0128291 -0.00926489 
-0.468742 0.767318 -0.289802 1.45926 0.0934852 -0.0361781 
-0.415698 0.846898 -0.242283 1.47683 0.107917 -0.0361298 
-0.824887 0.808634 -0.328854 1.48938 0.0112359 -0.0122526 
-0.593724 0.746 -0.304022 1.47648 0.0674758 -0.0229134 
-0.378449 0.736904 -0.296837 1.49452 0.126133 -0.037648 
-0.78626 0.815031 -0.21339 1.48897 0.0307525 -0.0098723 
-0.708973 0.72189 -0.308698 1.48116 0.0472539 -0.0158649 
-0.354645 0.801536 -0.288234 1.47345 0.123955 -0.0395034 
-0.684636 0.840738 -0.239894 1.48089 0.0584101 -0.0155043 
-0.906014 0.729279 -0.303271 1.48315 0.00578568 -0.00546396 
-0.389758 0.763845 -0.328348 1.47561 0.114812 -0.041341 
-0.520204 0.775086 -0.251453 1.50077 0.0894772 -0.0304472 
-0.899882 0.718755 -0.290816 1.4901 0.0080828 -0.00728366 
-0.513678 0.675025 -0.301759 1.48936 0.0901232 -0.0322097 
-0.37336 0.813644 -0.249565 1.48132 0.126862 -0.0336239 
-0.825461 0.803519 -0.251877 1.48028 0.0119518 -0.0172209 
-0.480806 0.667918 -0.340211 1.48995 0.091018 -0.0324946 
-0.338267 0.792831 -0.27721 1.47732 0.131741 -0.043759 
-0.731808 0.767569 -0.232247 1.49244 0.0381138 -0.0152023 
-0.553377 0.762826 -0.314051 1.46332 0.0739878 -0.0255292 
-0.236788 0.782071 -0.327306 1.48526 0.142998 -0.04899 
-0.650665 0.885159 -0.23951 1.46824 0.0468451 -0.0238485 
-0.771563 0.767762 -0.2775 1.46938 0.0277784 -0.0141343 
-0.289044 0.720815 -0.346004 1.49364 0.134733 -0.0468112 
-0.496371 0.836482 -0.287095 1.48944 0.0855503 -0.0319061 
-0.812624 0.772179 -0.316687 1.48629 0.0167163 -0.01367 
-0.44399 0.761599 -0.336853 1.47685 0.0983685 -0.0379931 
-0.353463 0.871371 -0.197049 1.46277 0.123601 -0.0342604 
-0.798336 0.851419 -0.194239 1.46255 0.0235287 -0.00800121 
-0.578646 0.76934 -0.402885 1.46587 0.0675074 -0.0295497 
-0.396909 0.857837 -0.308419 1.45536 0.112989 -0.0415647 
-0.774532 0.94385 -0.23153 1.437 0.0396992 -0.0108156 
-0.757329 0.890028 -0.276492 1.4139 0.0355039 -0.0106866 
-0.386728 0.945748 -0.237145 1.39845 0.121095 -0.0433142 
-0.574787 0.963673 -0.251982 1.41915 0.0811331 -0.0228541 
-0.935121 0.955016 -0.26184 1.38867 0.00207413 -0.00249682 
-0.41356 0.955055 -0.385489 1.36665 0.117433 -0.0290449 
-0.371384 1.07004 -0.276752 1.36842 0.128375 -0.0309664 
-0.847107 1.0712 -0.310964 1.35412 0.0245659 -0.00594871 
-0.643457 0.971016 -0.324113 1.35009 0.0660949 -0.0246584 
-0.355803 1.12857 -0.323938 1.31593 0.133576 -0.0401445 
-0.742621 1.11967 -0.218795 1.32065 0.0515877 -0.0112348 
-0.698319 1.11143 -0.311594 1.29684 0.0484543 -0.0218635 
-0.241316 1.26236 -0.255726 1.2518 0.147884 -0.0479977 
-0.704141 1.25016 -0.299122 1.26442 0.0508485 -0.0220507 
-0.736306 1.22973 -0.255028 1.2375 0.0399143 -0.0139703 
-0.288057 1.32799 -0.308116 1.20057 0.139246 -0.0472961 
-0.445842 1.4766 -0.27403 1.19056 0.100291 -0.0412887 
-0.839083 1.36719 -0.258054 1.18374 0.00917636 -0.0153141 
-0.433997 1.32507 -0.259174 1.16081 0.103085 -0.0385722 
-0.333687 1.56216 -0.167415 1.12726 0.124626 -0.0445294 
-0.72475 1.56386 -0.195459 1.11392 0.0313808 -0.0169632 
-0.55419 1.44128 -0.22894 1.10495 0.0666776 -0.0279203 
-0.292887 1.63914 -0.239612 1.05642 0.134116 -0.0494698 
-0.713785 1.68189 -0.149382 1.04948 0.0376084 -0.0247326 
-0.696667 1.65433 -0.295155 1.02767 0.0356176 -0.0208506 
-0.295803 1.76856 -0.243567 0.986473 0.120577 -0.0505435 
-0.621545 1.8861 -0.127436 0.962346 0.0599918 -0.0297324 
-0.802631 1.82279 -0.155271 0.955029 0.0131025 -0.0115979 
-0.386529 1.8559 -0.226854 0.925355 0.106165 -0.0411311 
-0.454337 1.98272 -0.143335 0.908141 0.0920288 -0.0415286 
-0.919651 2.00065 -0.100469 0.872273 -0.00863819 -0.0117168 
-0.585334 2.02293 -0.166465 0.834234 0.0703774 -0.0334598 
-0.413195 2.16508 -0.112496 0.804332 0.106033 -0.0395921 
-0.869909 2.15279 -0.115676 0.804822 -0.00240243 -0.0165561 
-0.726567 2.1918 -0.105622 0.752 0.0336622 -0.0231228 
-0.482075 2.29993 -0.203906 0.71805 0.082694 -0.0490076 
-0.824847 2.39584 -0.0884491 0.705251 0.00586417 -0.0234457 
-0.874237 2.3849 -0.183143 0.668634 -0.00973719 -0.020749 
-0.440088 2.43039 -0.151845 0.625902 0.0834039 -0.0478733 
-0.683206 2.5903 -0.0502138 0.584889 0.0375693 -0.0294762 
-0.902443 2.53981 -0.116797 0.575595 -0.0129329 -0.0146772 
-0.556058 2.67892 -0.160928 0.502846 0.0440537 -0.0531596 
-0.501733 2.81326 -0.0113978 0.470301 0.064703 -0.0479323 
-0.931422 2.88045 0.00821917 0.428316 -0.0230841 -0.0192077 
-0.591026 2.95725 -0.0648454 0.362473 0.0389279 -0.041983 
-0.527453 3.12294 0.0310203 0.317266 0.0543727 -0.0558812 
-0.85941 3.10706 0.012965 0.322624 -0.0173162 -0.0312 
-0.766452 3.07898 -0.100877 0.279503 -0.00808265 -0.0412025 
-0.435986 3.19725 0.00838694 0.248256 0.0746325 -0.0620995 
-0.821474 3.2849 0.11265 0.211104 -0.0104641 -0.0356658 
-0.761071 3.2639 -0.00191633 0.173117 0.00457343 -0.0294232 
-0.413195 3.45302 0.0510189 0.119948 0.079626 -0.0610172 
-0.676774 3.61475 0.086691 0.0760302 0.0118524 -0.0469715 
-0.854727 3.49579 0.167432 0.0695703 -0.0179172 -0.0273623 
-0.467345 3.62143 0.136196 0.00431594 0.0748857 -0.0575046 
-0.581746 3.84807 0.19355 -0.0656425 0.0422481 -0.0505403 
-0.905703 3.79927 0.220822 -0.0648339 -0.0316482 -0.0272672 
-0.47827 3.85602 0.1938 -0.113856 0.0632699 -0.049057 
-0.515816 4.07524 0.283541 -0.196285 0.0553105 -0.056344 
-0.91652 4.13157 0.311767 -0.228265 -0.0362937 -0.0275649 
-0.77318 4.18386 0.294696 -0.304062 -0.0166682 -0.0426081 
-0.452716 4.37805 0.241738 -0.349306 0.0538229 -0.0658893 
-0.871561 4.51806 0.363241 -0.410627 -0.0332296 -0.0351689 
-1.0258 4.5631 0.241389 -0.479694 -0.0703521 -0.0325119 
-0.56608 4.70431 0.309123 -0.534857 0.0253656 -0.0604794 
-0.668765 4.87295 0.365037 -0.596879 0.00252877 -0.0447489 
-1.08555 4.87395 0.378246 -0.624267 -0.0876234 -0.0310705 
-0.733418 5.01182 0.334804 -0.715138 -0.022836 -0.057309 
-0.685175 5.19361 0.443162 -0.774789 0.000649776 -0.0542505 
-1.06644 5.24477 0.526678 -0.802113 -0.0866448 -0.0342607 
-0.905028 5.26314 0.408198 -0.854717 -0.0631347 -0.0445796 
-0.624127 5.43177 0.446287 -0.922445 0.00362997 -0.0673799 
-0.969849 5.53911 0.580472 -0.965518 -0.0628381 -0.0385438 
-0.969178 5.57351 0.614745 -1.02235 -0.0645149 -0.0337058 
-0.657159 5.76629 0.588768 -1.10142 -0.0114443 -0.0713588 
-0.711399 5.86138 0.746669 -1.13031 -0.0109529 -0.0543607 
-1.04328 5.90928 0.674515 -1.19946 -0.0796158 -0.0345604 
-0.777272 6.04002 0.720499 -1.29783 -0.0431272 -0.0651138 
-0.59318 6.20503 0.780058 -1.33165 0.00656895 -0.0682853 
-1.04873 6.27409 0.80516 -1.38885 -0.0932797 -0.0442629 
-0.895707 6.33581 0.871094 -1.4743 -0.0747649 -0.0583371 
-0.594487 6.53591 0.975525 -1.53924 0.00242884 -0.0755893 
-0.951692 6.77346 1.01373 -1.62052 -0.0877949 -0.0598342 
-1.04304 6.78919 0.951275 -1.67709 -0.109916 -0.0498148 
-0.601493 6.9088 1.03077 -1.75718 -0.00784438 -0.077083 
-0.86253 7.16412 1.12705 -1.84042 -0.0633129 -0.0629586 
-1.13825 7.2853 1.13449 -1.93114 -0.144901 -0.0512593 
-0.710935 7.39833 1.08775 -1.99518 -0.0406846 -0.0697389 
-0.691947 7.60221 1.18466 -2.06812 -0.0284455 -0.0749055 
-1.11519 7.74998 1.24617 -2.16241 -0.131132 -0.0461883 
-0.97786 7.81913 1.08065 -2.2453 -0.115152 -0.0671696 
-0.69479 8.06369 1.31425 -2.3358 -0.0371276 -0.0769237 
-1.12246 8.26393 1.49484 -2.42583 -0.137989 -0.0578392 
-1.06351 8.34631 1.35574 -2.50792 -0.148767 -0.0627458 
-0.776764 8.5224 1.4604 -2.61391 -0.0671705 -0.0827092 
-0.986233 8.77856 1.57093 -2.6965 -0.105615 -0.0628158 
-1.21306 8.80376 1.563 -2.75697 -0.171982 -0.0489552 
-0.828384 8.97521 1.54597 -2.84257 -0.0844601 -0.079949 
-0.870791 9.19503 1.76208 -2.93807 -0.0887206 -0.0762409 
-1.26183 9.24787 1.76287 -2.98652 -0.178838 -0.0507359 
-1.0451 9.41756 1.78098 -3.09994 -0.13851 -0.0711841 
-0.784427 9.63039 1.92045 -3.18282 -0.0666025 -0.0774406 
-1.22965 9.74396 2.03249 -3.25279 -0.174626 -0.0575972 
-1.0717 9.78666 1.94545 -3.32251 -0.150039 -0.065747 
-0.827739 10.1181 2.1288 -3.473 -0.0921513 -0.0882292 
-1.16837 10.4479 2.302 -3.61173 -0.163138 -0.065237 
-1.17837 10.405 2.11087 -3.64364 -0.192715 -0.0684543 
-0.886426 10.7625 2.29296 -3.81859 -0.133016 -0.0960684 
-1.04611 10.8393 2.33132 -3.84557 -0.157046 -0.0859138 
-1.32243 11.1293 2.0333 -3.98813 -0.230135 -0.0667516 
-0.882876 11.1989 0.995842 -3.99208 -0.151022 -0.0935428 
-0.917766 11.3886 0.641099 -4.02571 -0.154937 -0.095067 
-1.31706 11.636 -0.929138 -4.06693 -0.274444 -0.0722228 
-1.09858 11.7397 -2.61186 -4.06942 -0.239727 -0.0880854 
-0.815208 11.9597 -2.83744 -4.10698 -0.163279 -0.100139 
-1.20232 12.2408 -4.05425 -4.16024 -0.282213 -0.0771093 
-1.17955 12.3217 -5.71524 -4.16356 -0.307235 -0.0857371 
-0.830852 12.4323 -5.82373 -4.1797 -0.216186 -0.099394 
-1.0855 12.8413 -7.38162 -4.24792 -0.281916 -0.0845318 
-1.25398 12.9865 -8.90586 -4.26793 -0.351265 -0.0721032 
-0.862679 13.0513 -9.50866 -4.2729 -0.269704 -0.101665 
-1.03462 13.3371 -10.5736 -4.32303 -0.322049 -0.0884743 
-1.32483 13.3965 -11.6367 -4.32574 -0.396054 -0.0699316 
-1.05132 13.5758 -12.9583 -4.34942 -0.354365 -0.0919283 
-0.98901 14.0339 -14.4148 -4.43155 -0.364771 -0.0998769 
-1.32394 14.2284 -14.7107 -4.47045 -0.441851 -0.0736284 
-1.2996 14.3056 -15.2584 -4.47474 -0.420714 -0.0843269 
-1.08046 14.7079 -15.4143 -4.55447 -0.371492 -0.107311 
-1.41495 15.0582 -15.9207 -4.61643 -0.425007 -0.0832737 
-1.41469 15.0573 -15.9207 -4.6162 -0.424943 -0.0832677 
-1.20415 15.4227 -16.3299 -4.68297 -0.369873 -0.105464 
-1.29132 15.6099 -16.6212 -4.71568 -0.378884 -0.0916758 
-1.55716 15.8725 -16.7799 -4.76666 -0.428928 -0.0809444 
-1.27611 16.0807 -17.1162 -4.80243 -0.361494 -0.106845 
-1.25959 16.2792 -17.495 -4.83561 -0.346707 -0.102546 
-1.58061 16.4857 -17.7032 -4.87405 -0.406441 -0.083519 
-1.36569 16.6264 -17.812 -4.90064 -0.359343 -0.104932 
-1.16455 16.8838 -18.224 -4.94517 -0.305766 -0.114549 
-1.51297 17.1659 -18.5485 -4.99691 -0.367521 -0.0879968 
-1.57465 17.4199 -18.6451 -5.04721 -0.377648 -0.0948638 
-1.19683 17.6819 -19.2082 -5.08941 -0.283448 -0.121151 
-1.41029 17.9585 -19.6167 -5.13824 -0.314968 -0.10191 
-1.73257 18.22 -19.7465 -5.18948 -0.377512 -0.090301 
-1.38696 18.4875 -20.0465 -5.23819 -0.298104 -0.126268 
-1.29124 18.7844 -20.0746 -5.29901 -0.27756 -0.125608 
-1.71642 19.1217 -20.3992 -5.36202 -0.355289 -0.102443 
-1.65175 19.2925 -20.7819 -5.3892 -0.330831 -0.114139 
-1.31121 19.6346 -21.3997 -5.44697 -0.242411 -0.128176 
-1.63411 19.796 -21.3241 -5.48193 -0.311154 -0.114624 
-1.74807 20.0547 -21.2751 -5.53633 -0.336262 -0.114 
-1.55409 20.3567 -21.9394 -5.58466 -0.276932 -0.135243 
-1.55221 20.5195 -22.3912 -5.6092 -0.262513 -0.113462 
-1.95347 20.8216 -21.9917 -5.6797 -0.357564 -0.114009 
-1.6813 21.102 -22.3426 -5.73019 -0.291453 -0.135325 
-1.61385 21.3244 -23.2148 -5.75807 -0.251194 -0.124777 
-1.97616 21.587 -23.0088 -5.81667 -0.331942 -0.108107 
-1.88846 21.7179 -23.1333 -5.84093 -0.310643 -0.12739 
-1.61988 22.0633 -23.8204 -5.89786 -0.235008 -0.140949 
-2.02549 22.4292 -23.7562 -5.97491 -0.32037 -0.119129 
-2.13589 22.6982 -24.0358 -6.02459 -0.335027 -0.122269 
-1.74967 22.8049 -24.7105 -6.03243 -0.235449 -0.139897 
-1.96021 23.3282 -24.9111 -6.13636 -0.273029 -0.134249 
-2.21867 23.5652 -24.63 -6.19117 -0.334849 -0.128894 
-1.96205 23.7555 -25.64 -6.20928 -0.252009 -0.144114 
-1.95372 24.183 -25.9745 -6.29071 -0.240311 -0.139401 
-2.26352 24.4449 -25.931 -6.34579 -0.305429 -0.12602 
-2.04127 24.6308 -26.5156 -6.37174 -0.242593 -0.147425 
-1.94375 24.9834 -26.8411 -6.4378 -0.212917 -0.151657 
-2.3058 25.2499 -26.8112 -6.49351 -0.288429 -0.138007 
-2.27114 25.3547 -27.0177 -6.5107 -0.275341 -0.146647 
-1.95036 25.7876 -27.927 -6.58124 -0.182247 -0.157679 
-2.20446 25.8466 -27.4741 -6.60297 -0.24811 -0.14712 
-2.33752 26.0327 -27.6264 -6.63831 -0.270974 -0.140485 
-2.08261 26.1785 -28.6195 -6.64765 -0.189034 -0.157178 
-2.008 26.4556 -28.6724 -6.70395 -0.172084 -0.155292 
-2.25241 26.6631 -28.4488 -6.75164 -0.229123 -0.143858 
-2.08347 26.6707 -29.2005 -6.73754 -0.171886 -0.150915 
-1.98322 27.0312 -29.8343 -6.79897 -0.132324 -0.150424 
-2.27564 27.0835 -29.5987 -6.81488 -0.199456 -0.133983 
-2.09249 27.2593 -30.1328 -6.84003 -0.146012 -0.146802 
-1.79691 27.487 -31.0138 -6.86881 -0.0588246 -0.154882 
-2.05964 27.566 -30.7918 -6.88993 -0.119469 -0.140357 
-2.19664 27.5476 -31.3492 -6.87473 -0.130801 -0.127426 
-1.75862 27.7805 -32.1211 -6.90685 -0.0175666 -0.140952 
-1.94167 27.9891 -32.076 -6.95103 -0.0566526 -0.132756 
-2.14175 27.9906 -31.9533 -6.95397 -0.101597 -0.127857 
-1.83827 28.0499 -32.9075 -6.94641 -0.0105678 -0.137531 
-1.79348 28.3004 -33.2897 -6.99045 0.0102227 -0.129639 
-2.29275 28.1306 -31.5603 -6.99127 -0.144841 -0.133183 
-2.08191 28.256 -32.1636 -7.00466 -0.0834744 -0.142011 
-1.99645 28.6745 -32.6293 -7.08138 -0.0523744 -0.155099 
-2.26265 28.7626 -32.5225 -7.10214 -0.110066 -0.131459 
-2.22143 28.8188 -33.3809 -7.09598 -0.0758396 -0.129619 
-1.84963 28.9597 -34.1065 -7.11012 0.0224016 -0.140684 
-1.97108 29.216 -33.9722 -7.16606 -0.00665324 -0.13304 
-2.15359 29.3326 -34.4797 -7.17978 -0.0289521 -0.120506 
-1.7118 29.186 -35.6766 -7.12473 0.0980867 -0.127557 
-1.70613 29.4848 -35.8229 -7.18359 0.103555 -0.125548 
-1.95838 29.5528 -35.605 -7.20227 0.0449762 -0.11929 
-1.72952 29.581 -36.363 -7.1925 0.11491 -0.121085 
-1.64064 29.7334 -36.4454 -7.22233 0.135466 -0.129333 
-1.85107 30.0257 -36.2635 -7.2868 0.0867437 -0.114769 
-1.70338 30.0584 -37.2161 -7.27381 0.145673 -0.11796 
-1.46913 30.1804 -37.7102 -7.28884 0.208577 -0.127846 
-1.68109 30.3807 -37.4539 -7.33583 0.157291 -0.115454 
-1.84169 30.2845 -37.5952 -7.3132 0.128511 -0.107741 
-1.4529 30.4999 -38.3911 -7.3411 0.232125 -0.127242 
-1.50392 30.6845 -38.6293 -7.37467 0.22892 -0.114836 
-1.67199 30.6582 -38.6497 -7.36908 0.195131 -0.10038 
-1.37284 30.7542 -39.6518 -7.36817 0.286667 -0.11022 
-1.37279 31.0158 -39.959 -7.41603 0.295836 -0.106738 
-1.5389 31.0534 -39.5861 -7.43187 0.250631 -0.0931485 
-1.44551 30.9212 -39.7224 -7.4017 0.273685 -0.106934 
-1.28674 30.9553 -40.6072 -7.3906 0.333079 -0.102259 
-1.53973 31.0647 -40.3477 -7.41892 0.273427 -0.0829874 
-1.4152 31.1273 -41.0388 -7.41761 0.319704 -0.0869624 
-1.20572 31.1149 -40.2482 -7.4315 0.338758 -0.108947 
-2.99729 30.5207 -29.9609 -7.52152 -0.341449 -0.184646 
-4.82374 29.6267 -18.9189 -7.56492 -1.05211 -0.289375 
-4.81256 29.7465 -18.1492 -7.60545 -1.07367 -0.319509 
-5.04518 30.1315 -17.876 -7.69091 -1.12982 -0.30872 
-5.23106 30.2255 -17.4745 -7.71872 -1.18047 -0.31351 
-4.82049 30.479 -18.4516 -7.75086 -1.06684 -0.32928 
-4.93131 30.7789 -18.9517 -7.80283 -1.07441 -0.309055 
-4.93451 30.7662 -19.9313 -7.78019 -1.0453 -0.290373 
-4.492 31.0089 -21.4565 -7.79874 -0.908532 -0.301007 
-4.37238 31.2994 -22.0985 -7.84574 -0.864576 -0.295438 
-4.64074 31.1891 -22.2109 -7.8209 -0.916211 -0.276574 
-4.32319 31.2263 -23.5973 -7.79998 -0.809076 -0.275989 
-4.10048 31.4515 -24.3606 -7.8308 -0.74046 -0.282583 
-4.2097 31.5544 -24.5976 -7.84766 -0.755395 -0.257995 
-4.04234 31.4042 -25.2637 -7.80295 -0.700885 -0.260408 
-3.73843 31.6115 -26.2447 -7.82549 -0.609075 -0.271555 
-3.93401 31.7406 -26.5851 -7.84557 -0.638707 -0.244155 
-3.89858 31.7394 -27.1827 -7.83318 -0.613315 -0.235965 
-3.52634 31.9858 -28.0552 -7.86601 -0.51081 -0.25397 
-3.41133 31.8943 -28.9193 -7.82959 -0.460675 -0.235129 
-3.58041 31.7981 -29.3888 -7.80036 -0.480984 -0.211908 
-3.30995 31.9121 -30.3597 -7.80391 -0.396218 -0.21764 
-3.0794 32.0601 -31.0409 -7.82057 -0.328261 -0.218455 
-3.2989 32.1111 -30.9777 -7.83279 -0.375111 -0.199721 
-3.14603 31.9911 -31.832 -7.79045 -0.317848 -0.197149 
-2.88862 32.2087 -32.47 -7.82224 -0.24596 -0.209773 
-3.09124 32.3391 -32.6576 -7.84566 -0.281801 -0.189561 
-3.18746 32.2197 -32.8652 -7.81699 -0.295139 -0.176576 
