2.51115e-08 -4.45502e-10 6.3387e-09 -2.5042e-11 -1.6913e-09 -8.87179e-10 
8.70986e-08 -4.28849e-09 1.31564e-08 -1.9981e-10 -1.34949e-08 -7.07879e-09 
2.54784e-07 -1.46844e-08 3.15995e-08 -6.72585e-10 -4.54254e-08 -2.38281e-08 
5.80202e-07 -3.48592e-08 6.73911e-08 -1.59008e-09 -1.07392e-07 -5.63327e-08 
1.48654e-07 1.11088e-07 -8.9491e-07 3.15682e-07 1.48872e-06 -1.27848e-07 
9.43428e-07 6.1815e-08 -8.07496e-07 3.13442e-07 1.33738e-06 -2.07234e-07 
2.04872e-06 -6.70926e-09 -6.8593e-07 3.10326e-07 1.12691e-06 -3.17637e-07 
2.99201e-06 -4.22454e-08 -1.46604e-06 3.98268e-07 1.22111e-06 -5.10676e-07 
4.50287e-06 -8.67098e-08 -1.26263e-06 5.99368e-07 2.06862e-06 -6.89639e-07 
6.83648e-06 -2.31386e-07 -1.00596e-06 5.92789e-07 1.62425e-06 -9.22734e-07 
8.71123e-06 -2.60152e-07 -1.71405e-06 9.04241e-07 2.78067e-06 -1.26749e-06 
1.21056e-05 -4.7059e-07 -1.34072e-06 8.94672e-07 2.13431e-06 -1.60654e-06 
1.52476e-05 -5.54757e-07 -1.17321e-06 1.12036e-06 2.67808e-06 -1.99858e-06 
1.9116e-05 -6.99386e-07 -9.24088e-07 1.32273e-06 2.98001e-06 -2.43257e-06 
2.28248e-05 -7.07413e-07 -8.63114e-07 1.76119e-06 4.45314e-06 -2.92959e-06 
2.64754e-05 -6.57383e-07 -1.00578e-06 2.43264e-06 7.09159e-06 -3.55622e-06 
2.99677e-05 -4.76635e-07 -2.00713e-06 3.40223e-06 1.11561e-05 -4.23666e-06 
3.30912e-05 -1.00219e-07 -2.78353e-06 4.55695e-06 1.60951e-05 -4.94769e-06 
3.67413e-05 2.37699e-07 -3.43287e-06 5.89087e-06 2.1934e-05 -5.77814e-06 
4.04246e-05 7.3078e-07 -5.00284e-06 7.54396e-06 2.9295e-05 -6.69758e-06 
4.13875e-05 1.81755e-06 -7.09673e-06 1.00512e-05 4.11801e-05 -7.63756e-06 
3.98083e-05 3.51243e-06 -1.01104e-05 1.36624e-05 5.90412e-05 -8.65877e-06 
3.95642e-05 5.08381e-06 -1.30331e-05 1.70906e-05 7.5636e-05 -9.77339e-06 
4.20986e-05 6.27887e-06 -1.52836e-05 2.00191e-05 8.92944e-05 -1.10091e-05 
4.53372e-05 7.47284e-06 -1.7667e-05 2.29629e-05 0.000102771 -1.23578e-05 
4.91624e-05 8.67892e-06 -2.06569e-05 2.62322e-05 0.000117846 -1.39049e-05 
5.55834e-05 9.60219e-06 -2.25173e-05 2.89425e-05 0.000129616 -1.54765e-05 
6.64051e-05 9.85845e-06 -2.32156e-05 3.07688e-05 0.000136307 -1.72263e-05 
7.28666e-05 1.10602e-05 -2.56142e-05 3.41771e-05 0.000151479 -1.90289e-05 
6.02695e-05 1.59703e-05 -3.50713e-05 4.28508e-05 0.000195082 -2.07887e-05 
8.23484e-05 1.47123e-05 -3.6072e-05 4.06489e-05 0.000177482 -2.29583e-05 
0.000106409 1.32981e-05 -3.66919e-05 3.77081e-05 0.000155281 -2.52418e-05 
9.08777e-05 1.92529e-05 -4.7885e-05 4.84601e-05 0.000209646 -2.73128e-05 
0.000104286 2.00731e-05 -5.02939e-05 5.12144e-05 0.000219557 -2.9814e-05 
0.000134257 1.80916e-05 -5.04144e-05 4.7403e-05 0.00019151 -3.25476e-05 
0.000126952 2.31952e-05 -6.22083e-05 5.51841e-05 0.000227443 -3.50103e-05 
0.000140367 2.45623e-05 -6.62559e-05 5.86778e-05 0.000240239 -3.79304e-05 
0.000165632 2.30665e-05 -6.79929e-05 5.81482e-05 0.000230155 -4.2645e-05 
0.000171626 2.73351e-05 -7.87107e-05 6.18265e-05 0.000241217 -4.40488e-05 
0.000178348 2.96173e-05 -8.59666e-05 6.84686e-05 0.000270703 -4.89158e-05 
0.000203229 2.97287e-05 -8.79675e-05 7.03896e-05 0.000273544 -5.24893e-05 
0.000216143 3.34433e-05 -9.9962e-05 7.15377e-05 0.000268425 -5.43929e-05 
0.000222091 3.64944e-05 -0.000109814 7.94482e-05 0.000303599 -5.97068e-05 
0.000246978 3.71852e-05 -0.000110466 8.42754e-05 0.000322583 -6.38254e-05 
0.000251225 4.2178e-05 -0.000125632 8.98911e-05 0.000341729 -6.76789e-05 
0.000275597 4.35896e-05 -0.000134056 9.15174e-05 0.000339283 -7.08137e-05 
0.000300431 4.50174e-05 -0.000137537 9.72063e-05 0.000361441 -7.28189e-05 
0.000295683 5.22616e-05 -0.000154508 0.000108241 0.000410391 -7.71705e-05 
0.000333802 5.19377e-05 -0.000159994 0.000106716 0.000389092 -8.20833e-05 
0.000362381 5.34898e-05 -0.000167307 0.000110475 0.000397796 -7.6977e-05 
0.000358832 6.12062e-05 -0.000183368 0.000124304 0.000462063 -7.42547e-05 
0.000381879 6.4379e-05 -0.000195092 0.000128662 0.000472033 -7.44063e-05 
0.000425542 6.40152e-05 -0.000201485 0.000127668 0.000452019 -7.50141e-05 
0.000430616 7.09474e-05 -0.000217111 0.000139962 0.000506173 -7.67162e-05 
0.000446554 7.61178e-05 -0.000230557 0.000149627 0.000545307 -8.00541e-05 
0.00048521 7.74836e-05 -0.000240554 0.00015067 0.000534706 -8.24255e-05 
0.000506327 8.23312e-05 -0.000255426 0.000158272 0.000560513 -8.73694e-05 
0.000525799 8.76785e-05 -0.000269799 0.000168236 0.000599767 -9.00021e-05 
0.000555789 9.14416e-05 -0.000283374 0.000174056 0.000614625 -9.03238e-05 
0.000574363 9.75789e-05 -0.000300395 0.000184321 0.00065395 -9.20232e-05 
0.000594146 0.000103773 -0.000318778 0.000193821 0.00068796 -9.64689e-05 
0.00062994 0.000107317 -0.000330572 0.000200367 0.000706034 -9.86983e-05 
0.000661044 0.000112071 -0.000344765 0.000207392 0.000725498 -9.84188e-05 
0.000678486 0.000119613 -0.000364421 0.000219032 0.00076993 -9.95097e-05 
0.000719827 0.000123111 -0.000375338 0.000224552 0.000780452 -0.000102247 
0.000764167 0.000125243 -0.000386534 0.000228439 0.000781038 -0.000105731 
0.000777031 0.00013462 -0.000408811 0.000241798 0.000832896 -0.000109824 
0.000835127 0.000136027 -0.000415139 0.000243285 0.000819383 -0.000109346 
0.000859226 0.000143812 -0.000427902 0.000258636 0.000884178 -0.000105 
0.00088003 0.000152634 -0.000445506 0.00027294 0.000940979 -0.000103332 
0.000941212 0.000154496 -0.00044905 0.000274643 0.000927278 -0.000103267 
0.000982244 0.000160305 -0.000460172 0.000283547 0.000953069 -0.000103311 
0.00102668 0.000165903 -0.000471402 0.000290367 0.000965935 -0.000104762 
0.00108273 0.000169621 -0.000480855 0.000294633 0.000964146 -0.000107978 
0.00112554 0.000176185 -0.000487611 0.000304616 0.000994946 -0.000107078 
0.00120126 0.000177693 -0.000463742 0.000302371 0.000958826 -0.000105149 
0.00130605 0.000174211 -0.000427988 0.000292018 0.00087776 -0.00010479 
0.00139648 0.000173888 -0.000385519 0.000288075 0.000833871 -0.000103952 
0.00145438 0.000179171 -0.000388578 0.000293706 0.000837514 -0.000105044 
0.00154287 0.000179528 -0.000372782 0.000288726 0.000782191 -0.000101974 
0.00163759 0.000179343 -0.000338216 0.00028389 0.000730052 -9.9602e-05 
0.00174559 0.000177222 -0.000297532 0.000273657 0.000646867 -9.46397e-05 
0.00182455 0.000179298 -0.000285478 0.000274192 0.000621178 -9.26165e-05 
0.00189783 0.000183696 -0.000273707 0.000278507 0.00061655 -9.16822e-05 
0.00196895 0.000188755 -0.000269268 0.000283451 0.000613719 -8.73974e-05 
0.00202262 0.000196838 -0.00028165 0.000294622 0.000647575 -8.28912e-05 
0.00207534 0.00020581 -0.000286406 0.000307653 0.000688655 -8.05176e-05 
0.00215358 0.000210747 -0.000277109 0.000311376 0.000677462 -8.17426e-05 
0.00220617 0.000220416 -0.00028985 0.000324028 0.000713586 -8.007e-05 
0.00228168 0.000226179 -0.000289275 0.000329531 0.000714131 -6.95992e-05 
0.00236982 0.000230531 -0.000280066 0.000328928 0.000675515 -6.11768e-05 
0.00243271 0.000239349 -0.00028529 0.000338971 0.000699577 -5.35709e-05 
0.00249298 0.000248721 -0.000304181 0.000351075 0.000733152 -4.96024e-05 
0.00257141 0.000255811 -0.000304262 0.000355604 0.000720702 -4.59424e-05 
0.0026566 0.000261895 -0.000292476 0.000360036 0.000713123 -4.23528e-05 
0.00273751 0.000268868 -0.000299044 0.000365341 0.000707177 -3.97923e-05 
0.00280718 0.00027831 -0.000311771 0.000376892 0.000731864 -4.00913e-05 
0.00289943 0.000284041 -0.000302406 0.000382397 0.000728636 -3.37038e-05 
0.00299733 0.000288128 -0.000299144 0.000381947 0.000688919 -2.94799e-05 
0.0030682 0.000298371 -0.000304095 0.000395599 0.000728849 -2.7679e-05 
0.00312323 0.000311427 -0.000324779 0.000414198 0.000797987 -2.42416e-05 
0.00323465 0.000314763 -0.000305338 0.00040852 0.000743751 -2.14128e-05 
0.0032865 0.000328346 -0.000339271 0.000422784 0.000799141 -9.2136e-06 
0.00338082 0.000335272 -0.000335868 0.000428485 0.000803513 1.67648e-05 
0.0035025 0.000338499 -0.000294256 0.000422032 0.000741982 2.28542e-05 
0.00360073 0.000345331 -0.000299749 0.000423205 0.000720844 2.2437e-05 
0.00374343 0.000344576 -0.000239711 0.000413517 0.000643025 4.85665e-05 
0.00387056 0.000347261 -0.000199272 0.000408938 0.000598595 7.2266e-05 
0.00399743 0.000349916 -0.000174835 0.000399779 0.000531847 6.80021e-05 
0.00412247 0.000352466 -0.000138313 0.000392861 0.000495116 9.26407e-05 
0.00422899 0.000360165 -0.000125426 0.000396281 0.000482278 0.000130473 
0.00437359 0.000361025 -9.29874e-05 0.000384208 0.00037852 0.000122667 
0.00448619 0.000368213 -8.1586e-05 0.000385549 0.000355985 0.000120169 
0.00460358 0.000375418 -5.35672e-05 0.000386276 0.000327529 0.000159404 
0.00475788 0.000376731 -1.37632e-05 0.000369469 0.000198543 0.000174632 
0.00490823 0.000379044 1.58118e-05 0.000357166 8.99663e-05 0.0001622 
0.00504804 0.000383917 6.58052e-05 0.000355972 4.4662e-05 0.00018772 
0.00515024 0.000392312 6.73436e-05 0.0003603 6.16064e-05 0.000225537 
0.00527001 0.000398776 9.06069e-05 0.000357553 4.77043e-05 0.000229505 
0.00542797 0.000401649 0.000141437 0.000349011 -4.21632e-05 0.000237708 
0.00555838 0.000409482 0.000157099 0.000348963 -8.9579e-05 0.000277637 
0.00564137 0.000424608 0.000122171 0.000361595 -5.35678e-05 0.00028007 
0.00581659 0.000422376 0.000205215 0.00034165 -0.000160034 0.000291383 
0.0059656 0.000427001 0.000241503 0.000333993 -0.000226952 0.000335383 
0.00604872 0.000444478 0.000213326 0.000351294 -0.000184715 0.000350047 
0.00616739 0.000455795 0.000227007 0.000356743 -0.000193101 0.000342473 
0.0063026 0.000461399 0.000235028 0.000347982 -0.000230626 0.00038637 
0.0064397 0.00046908 0.000241094 0.000342346 -0.000302029 0.000417171 
0.00654767 0.000483944 0.000235067 0.000357078 -0.000277194 0.000420134 
0.00666358 0.000497617 0.000223854 0.000362232 -0.000302453 0.000432931 
0.00679706 0.000503027 0.000243627 0.000352487 -0.000339667 0.000487244 
0.00688152 0.000506059 0.000215622 0.000370709 -0.000254628 0.000471517 
0.00708278 0.000498875 0.000296506 0.00035136 -0.000413723 0.00046368 
0.00720664 0.000508103 0.000308684 0.000358354 -0.000434131 0.000502805 
0.007326 0.000515948 0.00029701 0.000363001 -0.000429593 0.000509208 
0.00749525 0.000515852 0.000335293 0.000348418 -0.000513369 0.000510286 
0.0077093 0.000512541 0.000435296 0.000326686 -0.000675438 0.000556136 
0.00779277 0.000532667 0.000378414 0.000348494 -0.00062117 0.000581153 
0.00793567 0.000527267 0.00039928 0.000339753 -0.00065943 0.000581343 
0.00816157 0.000507743 0.000513998 0.000308975 -0.000835788 0.000595453 
0.00823405 0.000520093 0.000437086 0.000332115 -0.000781369 0.000601085 
0.00839911 0.000518429 0.000468584 0.000329958 -0.000846956 0.000610123 
0.00864137 0.000501712 0.000594356 0.000289788 -0.00106044 0.0006206 
0.00871138 0.000513311 0.000513591 0.000311628 -0.000966304 0.000609645 
0.00881918 0.000524292 0.000508234 0.000332981 -0.000909528 0.000604045 
0.00909271 0.000504618 0.000663746 0.000288328 -0.00120333 0.000610587 
0.00918024 0.00051199 0.000586861 0.000295905 -0.00112825 0.000636238 
0.00924133 0.000529003 0.000525614 0.000328853 -0.00100136 0.00063135 
0.00955777 0.000504849 0.000712646 0.000274564 -0.0013582 0.000643252 
0.00965415 0.000517659 0.000657558 0.000301834 -0.00127441 0.000631936 
0.00972964 0.000530981 0.000606327 0.000315288 -0.00117802 0.000653051 
0.00996786 0.000522387 0.00069309 0.000284415 -0.00139688 0.000685476 
0.0100558 0.000537488 0.000646349 0.000314034 -0.00130129 0.00068343 
0.0102013 0.000540484 0.000652807 0.00031728 -0.00133814 0.000675082 
0.0103987 0.000532456 0.000719117 0.000297901 -0.00143473 0.000694955 
0.0105444 0.000531018 0.000721494 0.000300685 -0.00145217 0.000702885 
0.0107607 0.0005134 0.000784295 0.000283213 -0.00163189 0.000685912 
0.010884 0.000503849 0.000778195 0.000293614 -0.00160247 0.000652835 
0.011052 0.000473769 0.000804753 0.000276278 -0.00166883 0.000647055 
0.0112517 0.000409812 0.000899392 0.000261092 -0.00180287 0.000553967 
0.0113379 0.000391442 0.000824336 0.000292003 -0.00171375 0.000465748 
0.011591 0.000390716 0.000909244 0.000254204 -0.00193216 0.000524683 
0.0117833 0.000397417 0.000982241 0.000235305 -0.00202722 0.000578073 
0.0118336 0.000327032 0.000891641 0.000275294 -0.00187841 0.00038592 
0.0121048 0.000290638 0.0010263 0.000241431 -0.00212721 0.000363829 
0.0123313 0.000294897 0.00111164 0.000204921 -0.00230926 0.00043688 
0.012441 0.000313036 0.00102344 0.000221194 -0.00225665 0.000428855 
0.0126085 0.000277762 0.00102764 0.00022093 -0.0023374 0.000359117 
0.0127272 0.000260013 0.00105679 0.000245805 -0.00226973 0.000319828 
0.0129107 0.000220008 0.00106457 0.000221795 -0.00236513 0.000282741 
0.01305 0.000201676 0.00104205 0.000225383 -0.00238598 0.000235649 
0.013201 0.000186837 0.00107469 0.000242858 -0.00237027 0.000206609 
0.0133847 0.000163646 0.00108067 0.000238321 -0.00245904 0.000170085 
0.0135082 0.000149499 0.00105208 0.000230914 -0.0024561 0.000143345 
0.0137775 0.000127844 0.00117367 0.000203463 -0.00267505 0.000150949 
0.0139076 0.000127345 0.00114782 0.000219014 -0.00268312 0.000133431 
0.014062 0.000108562 0.00115255 0.000222622 -0.00266987 8.61221e-05 
0.0143049 8.90782e-05 0.00123415 0.000190331 -0.0028491 9.45533e-05 
0.0145027 8.39244e-05 0.00126641 0.000184758 -0.00297029 8.84205e-05 
0.0146498 8.13069e-05 0.00127287 0.000204565 -0.00294625 6.01009e-05 
0.0148736 5.92318e-05 0.00133525 0.000172909 -0.00310066 6.31868e-05 
0.0151001 3.4213e-05 0.00139076 0.000146929 -0.00326701 6.04671e-05 
0.0153261 2.13044e-05 0.00145801 0.000138054 -0.00340175 2.0863e-05 
0.0155012 6.57824e-06 0.00148242 0.000140572 -0.00346378 1.2848e-06 
0.0156855 -1.50605e-05 0.00151633 0.000120112 -0.00352477 7.31401e-08 
0.0157961 -1.92928e-05 0.0014622 0.00014378 -0.0034748 -5.90729e-05 
0.016014 -3.17323e-05 0.00150327 0.000137208 -0.00360266 -6.72352e-05 
0.0161653 -4.32273e-05 0.00150478 0.000140329 -0.00361796 -8.35569e-05 
0.0162932 -6.69099e-05 0.00147891 0.000144657 -0.00357453 -0.000137939 
0.0165383 -0.000115583 0.00155716 0.000122571 -0.00378783 -0.000209485 
0.0166856 -0.00015763 0.00155111 0.000137059 -0.00379541 -0.000297888 
0.0169214 -0.000171915 0.00161981 0.000112123 -0.00392224 -0.000295517 
0.0171112 -0.000254205 0.00168006 9.10287e-05 -0.00404505 -0.000428876 
0.0172714 -0.000257362 0.00164674 0.000103283 -0.00408018 -0.000448711 
0.0174216 -0.000275121 0.0016465 0.000117301 -0.00407622 -0.000507665 
0.0177329 -0.000319986 0.00181128 5.4428e-05 -0.00435818 -0.000516953 
0.017912 -0.000313524 0.0017959 5.82596e-05 -0.00443568 -0.000508784 
0.0180562 -0.000310287 0.00178187 7.87246e-05 -0.00443293 -0.000538354 
0.018249 -0.000325224 0.00182776 7.17445e-05 -0.00448387 -0.000564396 
0.0184285 -0.000323944 0.00182319 6.11503e-05 -0.00456139 -0.000542351 
0.0186183 -0.000323069 0.001807 5.99875e-05 -0.0046688 -0.000543381 
0.0188176 -0.000315384 0.00185657 6.18101e-05 -0.00473656 -0.000570042 
0.0189315 -0.00029721 0.00182225 7.93027e-05 -0.00465062 -0.000531427 
0.0191563 -0.000299795 0.00183099 5.94238e-05 -0.00481549 -0.000508939 
0.0193729 -0.000294544 0.00191228 6.12573e-05 -0.00489302 -0.000541364 
0.0195798 -0.000292465 0.00195926 5.43339e-05 -0.00498712 -0.000523313 
0.0197289 -0.000279997 0.00190879 5.346e-05 -0.0050319 -0.000477956 
0.0199781 -0.000285399 0.00199088 3.38692e-05 -0.00518471 -0.000492822 
0.0201898 -0.000285593 0.0020552 3.44766e-05 -0.00526586 -0.000513286 
0.0203412 -0.000271747 0.00202937 3.77137e-05 -0.00529615 -0.000475613 
0.0205447 -0.000279339 0.00206019 2.61513e-05 -0.00537094 -0.000468723 
0.0208599 -0.000285713 0.00221683 -9.40459e-06 -0.00566099 -0.00047738 
0.0210182 -0.000280557 0.00217841 1.41122e-07 -0.00569801 -0.00047195 
0.0211456 -0.000300903 0.00213042 1.46452e-06 -0.0056749 -0.000498453 
0.0213813 -0.00030377 0.00221381 -9.08054e-06 -0.00581319 -0.000525762 
0.0214992 -0.000285849 0.00215884 2.13947e-05 -0.00575631 -0.000524564 
0.0217795 -0.000294669 0.00223473 -1.82167e-05 -0.00600084 -0.00049844 
0.0219307 -0.000292995 0.00224535 -1.08046e-05 -0.00600357 -0.000505971 
0.0221483 -0.000303711 0.00228561 -2.00384e-05 -0.00612438 -0.000516816 
0.0224459 -0.000327935 0.00238991 -6.304e-05 -0.00640944 -0.000515285 
0.0225475 -0.000314441 0.0023408 -3.04818e-05 -0.00629404 -0.000543779 
0.02274 -0.000321799 0.00236735 -3.17333e-05 -0.00638531 -0.000559567 
0.0230656 -0.000355176 0.00250411 -8.46057e-05 -0.00673305 -0.000557486 
0.0231603 -0.000362238 0.0024379 -5.62977e-05 -0.00660257 -0.000602063 
0.0233192 -0.000395816 0.00243967 -4.95898e-05 -0.00664587 -0.000694509 
0.023663 -0.000461331 0.00261217 -0.000106602 -0.00704114 -0.000779882 
0.0237283 -0.000418545 0.00251263 -6.47371e-05 -0.00682724 -0.000724582 
0.023888 -0.00042741 0.00248282 -6.1258e-05 -0.00688458 -0.00075773 
0.0241878 -0.000506171 0.00261099 -0.000105238 -0.00722991 -0.000879689 
0.0242969 -0.000514115 0.00257433 -6.78892e-05 -0.00709801 -0.000933251 
0.0245273 -0.000542999 0.00262349 -0.000104296 -0.00728663 -0.000949837 
0.0248065 -0.000597707 0.00272957 -0.000131715 -0.00754375 -0.00103674 
0.0248728 -0.000624032 0.00266531 -7.81612e-05 -0.00736412 -0.00114119 
0.0251343 -0.000650076 0.00271697 -0.000135263 -0.00764447 -0.00112837 
0.0253246 -0.000695642 0.00273283 -0.000130684 -0.00771673 -0.00123843 
0.0254743 -0.000685895 0.0027448 -0.000100798 -0.00768633 -0.00127092 
0.0258215 -0.000718448 0.00290324 -0.000179143 -0.00810485 -0.00125024 
0.0259593 -0.000725004 0.00286843 -0.000157049 -0.00806439 -0.00128597 
0.0260894 -0.000697281 0.00282075 -0.000123383 -0.00802492 -0.00129336 
0.026365 -0.000714361 0.00290964 -0.000174308 -0.00831878 -0.00126276 
0.0264477 -0.000710469 0.00283463 -0.00013382 -0.00816004 -0.0012981 
0.0266685 -0.00070871 0.00286725 -0.000137726 -0.00831003 -0.00131543 
0.0269253 -0.000725385 0.00294354 -0.000173175 -0.00855616 -0.00132561 
0.0271285 -0.000755224 0.00301981 -0.000184443 -0.0086173 -0.00135271 
0.0273147 -0.00080069 0.00301361 -0.000183156 -0.00874144 -0.00149095 
0.0275101 -0.000828759 0.00304878 -0.000184485 -0.00885089 -0.00156219 
0.0277077 -0.00083649 0.00311896 -0.000200675 -0.00891222 -0.00153748 
0.0278721 -0.00088129 0.00307255 -0.000198217 -0.00903306 -0.00164998 
0.0280583 -0.000893719 0.00310035 -0.000185893 -0.00906895 -0.0016832 
0.0283295 -0.000911077 0.00323184 -0.000230174 -0.00932383 -0.0016719 
0.0285141 -0.000927204 0.00320486 -0.000237605 -0.00943614 -0.00171275 
0.0286176 -0.00092015 0.003167 -0.000190088 -0.00931927 -0.00174492 
0.0289432 -0.000936776 0.00327857 -0.000262676 -0.00973005 -0.00175514 
0.0290876 -0.000913758 0.00326063 -0.000247764 -0.00971327 -0.00172601 
0.0292467 -0.00092847 0.00325965 -0.000229767 -0.00973789 -0.00178782 
0.0295066 -0.000918126 0.00331389 -0.00026701 -0.00998456 -0.00175186 
0.0297362 -0.000927869 0.00342334 -0.00028665 -0.0101226 -0.00173841 
0.0299229 -0.000960447 0.00340933 -0.000283883 -0.010261 -0.00184278 
0.0300517 -0.000935941 0.00335727 -0.000266772 -0.0102341 -0.00182783 
0.0303188 -0.000951251 0.00350172 -0.00031076 -0.0104555 -0.00179282 
0.0304572 -0.00093817 0.00345416 -0.000288366 -0.0104936 -0.00182636 
0.0305959 -0.000910726 0.00340504 -0.000262194 -0.0104761 -0.00183419 
0.0309216 -0.000944075 0.00358095 -0.000343904 -0.010866 -0.00178717 
0.0310082 -0.000911336 0.00349627 -0.00029512 -0.0107698 -0.00179278 
0.03114 -0.000890466 0.00345963 -0.000265189 -0.0107461 -0.0018273 
0.0314745 -0.000944632 0.00362189 -0.00035202 -0.0111626 -0.00183422 
0.0316056 -0.000951975 0.00360901 -0.000333378 -0.0111494 -0.00185828 
0.0317244 -0.000968193 0.00354025 -0.000305166 -0.0111559 -0.00195012 
0.03206 -0.00104409 0.00372821 -0.000377574 -0.0115313 -0.00204054 
0.0321188 -0.000989818 0.00364554 -0.00034102 -0.0113969 -0.0019737 
0.0323379 -0.00101846 0.0036432 -0.0003512 -0.0116054 -0.00205387 
0.0325868 -0.00106724 0.00377953 -0.000379166 -0.0117989 -0.0021191 
0.0327258 -0.00107535 0.0037462 -0.000387224 -0.0118574 -0.00212515 
0.0329108 -0.00111101 0.00378083 -0.000378486 -0.0119572 -0.0022258 
0.0330964 -0.00116293 0.00379651 -0.000393283 -0.0121119 -0.0023388 
0.0332361 -0.00116888 0.00375316 -0.000406812 -0.0121679 -0.00234524 
0.0334043 -0.00117814 0.00381207 -0.000393483 -0.012242 -0.00240383 
0.0336042 -0.00120969 0.00380469 -0.000401456 -0.0124031 -0.00248407 
0.0337053 -0.00119908 0.00378436 -0.000397874 -0.0123558 -0.00243135 
0.034022 -0.00125443 0.00394287 -0.000455659 -0.0127528 -0.00253371 
0.0343374 -0.00130629 0.00411327 -0.000497049 -0.0130855 -0.00261357 
0.0345854 -0.00134811 0.00422365 -0.000546809 -0.0133307 -0.0026358 
0.0349137 -0.00140448 0.00440961 -0.000618368 -0.0137447 -0.00267762 
0.0351923 -0.00147656 0.00454251 -0.000655005 -0.0140591 -0.0028205 
0.0355414 -0.0015327 0.00471455 -0.000739073 -0.0145057 -0.00286126 
0.0358482 -0.00153873 0.00491368 -0.000801232 -0.0148467 -0.00280959 
0.0362267 -0.00162463 0.00511233 -0.00087818 -0.0153647 -0.00293921 
0.0365668 -0.00166671 0.00530936 -0.000948815 -0.0157661 -0.00295549 
0.0369003 -0.00168058 0.00552879 -0.00103382 -0.0161924 -0.00289104 
0.0372737 -0.00170405 0.00571213 -0.00110215 -0.0166733 -0.00291276 
0.0375786 -0.00173169 0.00590949 -0.00115794 -0.0170208 -0.00291953 
0.0379898 -0.00176312 0.00616853 -0.00128089 -0.0176259 -0.00285411 
0.0383089 -0.00178371 0.0063641 -0.00132869 -0.0179766 -0.00287591 
0.0386843 -0.00181739 0.00657909 -0.00141323 -0.0185002 -0.00290544 
0.0390427 -0.0018494 0.00682763 -0.00150969 -0.0189803 -0.00287404 
0.0393985 -0.00187851 0.00701529 -0.00159433 -0.0194734 -0.00286011 
0.0397817 -0.00191043 0.00724836 -0.00167912 -0.0199874 -0.00285967 
0.0401379 -0.00194835 0.00750181 -0.00179356 -0.0205066 -0.00278125 
0.0405005 -0.00197416 0.00772251 -0.0018644 -0.0209702 -0.00279525 
0.0409209 -0.00201477 0.00795863 -0.00196732 -0.0215861 -0.00282102 
0.0412508 -0.00204562 0.00819036 -0.00205812 -0.0220551 -0.00279642 
0.0416419 -0.0020832 0.00843609 -0.00214894 -0.0225775 -0.00280145 
0.0420508 -0.00212608 0.00867855 -0.00225615 -0.023198 -0.0028058 
0.0423927 -0.00217016 0.00893438 -0.0023546 -0.0237185 -0.00279939 
0.0428268 -0.00223167 0.00918721 -0.00247213 -0.02436 -0.00281574 
0.0431552 -0.00228568 0.00940511 -0.00255397 -0.0248426 -0.00287011 
0.043532 -0.0023825 0.00967791 -0.00266451 -0.025442 -0.00295545 
0.043949 -0.00241457 0.00995502 -0.00278176 -0.0260263 -0.00290758 
0.0443399 -0.00244576 0.0102095 -0.00289316 -0.0266516 -0.00292468 
0.0447132 -0.00252989 0.0105059 -0.00299099 -0.0272065 -0.00301182 
0.0451295 -0.002599 0.0107502 -0.00312021 -0.0278588 -0.00302525 
0.0455339 -0.00266692 0.011064 -0.00324446 -0.0285034 -0.00305249 
0.0459505 -0.00272039 0.011364 -0.00336341 -0.0291562 -0.00305609 
0.0463909 -0.00278412 0.0116575 -0.00349331 -0.0298444 -0.0030748 
0.0468056 -0.00284034 0.0119535 -0.00363152 -0.0305711 -0.00308988 
0.0471768 -0.00289006 0.0122321 -0.00374173 -0.0311295 -0.00307639 
0.0477279 -0.0029701 0.0125964 -0.00391113 -0.0320547 -0.00310112 
0.048081 -0.00301894 0.0128935 -0.00402259 -0.032628 -0.00309718 
0.0485302 -0.0030856 0.0132083 -0.004172 -0.0333858 -0.0030956 
0.0489517 -0.00314269 0.0134901 -0.00429477 -0.0340579 -0.00312106 
0.0493399 -0.00320913 0.0138017 -0.00442645 -0.0347309 -0.00315691 
0.0497721 -0.00330209 0.0141114 -0.00457903 -0.0354874 -0.00320047 
0.0501948 -0.00342926 0.0143994 -0.00471242 -0.0362346 -0.00336595 
0.0505219 -0.00343532 0.0146794 -0.00481679 -0.0367684 -0.00329981 
0.0509495 -0.00350038 0.0149319 -0.00496727 -0.0375156 -0.00329473 
0.0513046 -0.00358974 0.0152109 -0.00513278 -0.0381561 -0.00319294 
0.0515658 -0.00368258 0.0154206 -0.00541078 -0.0385967 -0.00247481 
0.0519125 -0.003861 0.0156764 -0.00575395 -0.0391772 -0.00225039 
0.0522878 -0.00389272 0.0159293 -0.00583965 -0.0398712 -0.00240218 
0.0526491 -0.00389332 0.0161971 -0.00589496 -0.040495 -0.00253206 
0.0531236 -0.00393247 0.0165136 -0.00602645 -0.0413055 -0.00261875 
0.0534986 -0.00398914 0.016786 -0.00614712 -0.0420333 -0.00270391 
0.0539441 -0.0040191 0.0171112 -0.00629238 -0.0428044 -0.00265281 
0.0543355 -0.00407637 0.0173744 -0.00643499 -0.0435074 -0.0026448 
0.0547554 -0.00413729 0.0177255 -0.00658274 -0.04429 -0.00266715 
0.0552066 -0.00417022 0.0180387 -0.00673548 -0.0451259 -0.0026333 
0.0556083 -0.0042779 0.0183572 -0.00688734 -0.0458583 -0.00271243 
0.0559855 -0.00433563 0.0186636 -0.00702955 -0.0466015 -0.00273863 
0.0564454 -0.00441494 0.0189713 -0.00720105 -0.0474715 -0.00275992 
0.0568717 -0.0045057 0.0193147 -0.0073589 -0.0482985 -0.00283568 
0.0572538 -0.0045927 0.019624 -0.00750826 -0.0490669 -0.00290846 
0.0577374 -0.00461439 0.0199496 -0.00768451 -0.0499527 -0.00279993 
0.0581119 -0.00473285 0.0202602 -0.00783981 -0.0507206 -0.00292673 
0.0585434 -0.00483101 0.0206026 -0.00800309 -0.0515576 -0.00299991 
0.0589836 -0.00484349 0.0208978 -0.00816184 -0.0524208 -0.00293368 
0.0593305 -0.00490134 0.021174 -0.00830636 -0.0531392 -0.00295476 
0.0597385 -0.00497509 0.0214664 -0.00846707 -0.0539496 -0.00298392 
0.0601596 -0.00502404 0.0217831 -0.00863204 -0.0547963 -0.00296993 
0.0605349 -0.00507693 0.0220612 -0.00878443 -0.0555867 -0.00297414 
0.0609249 -0.00514858 0.0223648 -0.0089414 -0.0563671 -0.00298199 
0.0612833 -0.00519206 0.0226321 -0.00908769 -0.0571073 -0.00296446 
0.0616695 -0.0052406 0.0229189 -0.00925018 -0.0579477 -0.00294784 
0.0620842 -0.00528596 0.0232489 -0.0094078 -0.0587471 -0.00292598 
0.0625132 -0.00531881 0.02353 -0.00955762 -0.0594995 -0.00286515 
