0.720378 ,-0.692949 ,-0.029614, -0.564364 
-0.693513 ,-0.72025 ,-0.0166979, 0.0851579 
-0.00975869 ,0.0325665 ,-0.999422, 0.106563 
0 ,0 ,0, 1 
0.720379 ,-0.692948 ,-0.029614, -0.564364 
-0.693512 ,-0.720251 ,-0.0166979, 0.085158 
-0.00975875 ,0.0325665 ,-0.999422, 0.106563 
0 ,0 ,0, 1 
0.720378 ,-0.692949 ,-0.029614, -0.564364 
-0.693513 ,-0.72025 ,-0.0166979, 0.0851579 
-0.00975869 ,0.0325665 ,-0.999422, 0.106563 
0 ,0 ,0, 1 
0.720378 ,-0.692949 ,-0.029614, -0.564364 
-0.693513 ,-0.72025 ,-0.0166979, 0.0851579 
-0.00975869 ,0.0325665 ,-0.999422, 0.106563 
0 ,0 ,0, 1 
0.720378 ,-0.692949 ,-0.029614, -0.564364 
-0.693513 ,-0.72025 ,-0.0166979, 0.0851579 
-0.00975869 ,0.0325665 ,-0.999422, 0.106563 
0 ,0 ,0, 1 
0.720378 ,-0.692949 ,-0.029614, -0.564364 
-0.693513 ,-0.72025 ,-0.0166979, 0.0851579 
-0.00975869 ,0.0325665 ,-0.999422, 0.106563 
0 ,0 ,0, 1 
0.720378 ,-0.692949 ,-0.029614, -0.564364 
-0.693513 ,-0.72025 ,-0.0166979, 0.0851579 
-0.00975869 ,0.0325665 ,-0.999422, 0.106563 
0 ,0 ,0, 1 
0.720378 ,-0.692949 ,-0.029614, -0.564364 
-0.693513 ,-0.72025 ,-0.0166979, 0.0851579 
-0.00975869 ,0.0325665 ,-0.999422, 0.106563 
0 ,0 ,0, 1 
0.720378 ,-0.692949 ,-0.029614, -0.564364 
-0.693513 ,-0.72025 ,-0.0166979, 0.0851579 
-0.00975869 ,0.0325665 ,-0.999422, 0.106563 
0 ,0 ,0, 1 
0.720377 ,-0.692951 ,-0.029614, -0.564364 
-0.693514 ,-0.720249 ,-0.0166979, 0.0851579 
-0.00975864 ,0.0325665 ,-0.999422, 0.106563 
0 ,0 ,0, 1 
0.720377 ,-0.692951 ,-0.029614, -0.564364 
-0.693514 ,-0.720249 ,-0.0166979, 0.0851579 
-0.00975864 ,0.0325665 ,-0.999422, 0.106563 
0 ,0 ,0, 1 
0.720377 ,-0.692951 ,-0.029614, -0.564364 
-0.693514 ,-0.720249 ,-0.0166979, 0.0851579 
-0.00975864 ,0.0325665 ,-0.999422, 0.106563 
0 ,0 ,0, 1 
0.720377 ,-0.692951 ,-0.029614, -0.564364 
-0.693514 ,-0.720249 ,-0.0166979, 0.0851579 
-0.00975864 ,0.0325665 ,-0.999422, 0.106563 
0 ,0 ,0, 1 
0.720377 ,-0.692951 ,-0.029614, -0.564364 
-0.693514 ,-0.720249 ,-0.0166979, 0.0851579 
-0.00975864 ,0.0325665 ,-0.999422, 0.106563 
0 ,0 ,0, 1 
0.720377 ,-0.692951 ,-0.029614, -0.564364 
-0.693514 ,-0.720249 ,-0.0166979, 0.0851579 
-0.00975864 ,0.0325665 ,-0.999422, 0.106563 
0 ,0 ,0, 1 
0.720377 ,-0.692951 ,-0.029614, -0.564364 
-0.693514 ,-0.720249 ,-0.0166979, 0.0851579 
-0.00975864 ,0.0325665 ,-0.999422, 0.106563 
0 ,0 ,0, 1 
0.720375 ,-0.692952 ,-0.029614, -0.564364 
-0.693516 ,-0.720248 ,-0.0166979, 0.0851578 
-0.00975858 ,0.0325665 ,-0.999422, 0.106563 
0 ,0 ,0, 1 
0.720375 ,-0.692952 ,-0.029614, -0.564364 
-0.693516 ,-0.720248 ,-0.0166979, 0.0851578 
-0.00975858 ,0.0325665 ,-0.999422, 0.106563 
0 ,0 ,0, 1 
0.720375 ,-0.692952 ,-0.029614, -0.564364 
-0.693516 ,-0.720248 ,-0.0166979, 0.0851578 
-0.00975858 ,0.0325665 ,-0.999422, 0.106563 
0 ,0 ,0, 1 
0.720375 ,-0.692952 ,-0.029614, -0.564364 
-0.693516 ,-0.720248 ,-0.0166979, 0.0851578 
-0.00975858 ,0.0325665 ,-0.999422, 0.106563 
0 ,0 ,0, 1 
0.720375 ,-0.692952 ,-0.029614, -0.564364 
-0.693516 ,-0.720248 ,-0.0166979, 0.0851578 
-0.00975858 ,0.0325665 ,-0.999422, 0.106563 
0 ,0 ,0, 1 
0.720375 ,-0.692952 ,-0.029614, -0.564364 
-0.693516 ,-0.720248 ,-0.0166979, 0.0851578 
-0.00975858 ,0.0325665 ,-0.999422, 0.106563 
0 ,0 ,0, 1 
0.720375 ,-0.692952 ,-0.029614, -0.564364 
-0.693516 ,-0.720248 ,-0.0166979, 0.0851578 
-0.00975858 ,0.0325665 ,-0.999422, 0.106563 
0 ,0 ,0, 1 
0.720375 ,-0.692952 ,-0.0296152, -0.564364 
-0.693516 ,-0.720248 ,-0.0166977, 0.0851578 
-0.00975959 ,0.0325672 ,-0.999422, 0.106564 
0 ,0 ,0, 1 
0.720375 ,-0.692952 ,-0.0296151, -0.564364 
-0.693516 ,-0.720248 ,-0.0166977, 0.0851578 
-0.00975952 ,0.0325672 ,-0.999422, 0.106564 
0 ,0 ,0, 1 
0.720375 ,-0.692952 ,-0.0296151, -0.564364 
-0.693516 ,-0.720248 ,-0.0166977, 0.0851578 
-0.00975952 ,0.0325672 ,-0.999422, 0.106564 
0 ,0 ,0, 1 
0.720374 ,-0.692953 ,-0.0296151, -0.564364 
-0.693517 ,-0.720247 ,-0.0166977, 0.0851577 
-0.00975947 ,0.0325672 ,-0.999422, 0.106564 
0 ,0 ,0, 1 
0.720375 ,-0.692952 ,-0.0296154, -0.564364 
-0.693516 ,-0.720248 ,-0.0166977, 0.0851577 
-0.00975972 ,0.0325674 ,-0.999422, 0.106564 
0 ,0 ,0, 1 
0.720374 ,-0.692953 ,-0.0296179, -0.564364 
-0.693517 ,-0.720247 ,-0.0166973, 0.0851578 
-0.00976173 ,0.0325688 ,-0.999422, 0.106566 
0 ,0 ,0, 1 
0.720374 ,-0.692953 ,-0.0296192, -0.564364 
-0.693517 ,-0.720247 ,-0.0166971, 0.0851578 
-0.00976278 ,0.0325696 ,-0.999422, 0.106567 
0 ,0 ,0, 1 
0.720374 ,-0.692953 ,-0.0296191, -0.564364 
-0.693517 ,-0.720247 ,-0.0166972, 0.0851577 
-0.00976274 ,0.0325696 ,-0.999422, 0.106567 
0 ,0 ,0, 1 
0.720374 ,-0.692953 ,-0.0296164, -0.564362 
-0.693517 ,-0.720247 ,-0.0166976, 0.0851573 
-0.00976045 ,0.032568 ,-0.999422, 0.106566 
0 ,0 ,0, 1 
0.720374 ,-0.692954 ,-0.0296002, -0.564352 
-0.693517 ,-0.720247 ,-0.0167002, 0.0851559 
-0.00974698 ,0.0325586 ,-0.999422, 0.106561 
0 ,0 ,0, 1 
0.720374 ,-0.692954 ,-0.0295914, -0.564347 
-0.693517 ,-0.720246 ,-0.0167016, 0.085155 
-0.00973967 ,0.0325536 ,-0.999423, 0.106558 
0 ,0 ,0, 1 
0.720374 ,-0.692954 ,-0.029581, -0.56434 
-0.693517 ,-0.720246 ,-0.0167033, 0.085154 
-0.00973101 ,0.0325476 ,-0.999423, 0.106555 
0 ,0 ,0, 1 
0.720375 ,-0.692955 ,-0.0295645, -0.56433 
-0.693517 ,-0.720247 ,-0.0167039, 0.0851534 
-0.00971868 ,0.0325366 ,-0.999423, 0.106549 
0 ,0 ,0, 1 
0.720375 ,-0.692955 ,-0.0295556, -0.564324 
-0.693517 ,-0.720246 ,-0.0167053, 0.0851526 
-0.00971125 ,0.0325314 ,-0.999424, 0.106547 
0 ,0 ,0, 1 
0.720374 ,-0.692955 ,-0.0295522, -0.564322 
-0.693517 ,-0.720246 ,-0.0167079, 0.0851512 
-0.00970701 ,0.0325309 ,-0.999424, 0.106546 
0 ,0 ,0, 1 
0.720373 ,-0.692957 ,-0.029551, -0.564319 
-0.693519 ,-0.720245 ,-0.0167082, 0.0851508 
-0.00970589 ,0.0325302 ,-0.999424, 0.106546 
0 ,0 ,0, 1 
0.720374 ,-0.692957 ,-0.0295279, -0.564306 
-0.693519 ,-0.720245 ,-0.0167098, 0.0851496 
-0.00968815 ,0.0325155 ,-0.999424, 0.106538 
0 ,0 ,0, 1 
0.720374 ,-0.692958 ,-0.0295077, -0.564294 
-0.693519 ,-0.720245 ,-0.016713, 0.0851478 
-0.00967135 ,0.0325038 ,-0.999425, 0.106532 
0 ,0 ,0, 1 
0.720374 ,-0.692958 ,-0.0295114, -0.564294 
-0.693519 ,-0.720245 ,-0.0167125, 0.0851478 
-0.00967438 ,0.032506 ,-0.999425, 0.106534 
0 ,0 ,0, 1 
0.720374 ,-0.692958 ,-0.0295015, -0.564287 
-0.693519 ,-0.720245 ,-0.0167141, 0.0851467 
-0.0096661 ,0.0325003 ,-0.999425, 0.106532 
0 ,0 ,0, 1 
0.720375 ,-0.692959 ,-0.0294687, -0.564266 
-0.693518 ,-0.720245 ,-0.0167195, 0.0851427 
-0.00963876 ,0.0324813 ,-0.999426, 0.106521 
0 ,0 ,0, 1 
0.720375 ,-0.692958 ,-0.0294825, -0.564268 
-0.693518 ,-0.720245 ,-0.0167174, 0.0851431 
-0.00965012 ,0.0324894 ,-0.999425, 0.10653 
0 ,0 ,0, 1 
0.720373 ,-0.692958 ,-0.0295179, -0.564274 
-0.693519 ,-0.720244 ,-0.0167122, 0.0851439 
-0.00967918 ,0.0325102 ,-0.999425, 0.106551 
0 ,0 ,0, 1 
0.720373 ,-0.692959 ,-0.0295068, -0.564257 
-0.693519 ,-0.720244 ,-0.0167143, 0.0851412 
-0.00966978 ,0.0325041 ,-0.999425, 0.106554 
0 ,0 ,0, 1 
0.720373 ,-0.69296 ,-0.0294891, -0.564246 
-0.69352 ,-0.720244 ,-0.0167172, 0.0851395 
-0.00965501 ,0.0324938 ,-0.999425, 0.106548 
0 ,0 ,0, 1 
0.720373 ,-0.692959 ,-0.0294957, -0.564248 
-0.69352 ,-0.720244 ,-0.0167162, 0.0851397 
-0.0096605 ,0.0324977 ,-0.999425, 0.106551 
0 ,0 ,0, 1 
0.720373 ,-0.692961 ,-0.0294649, -0.564228 
-0.69352 ,-0.720244 ,-0.0167211, 0.0851367 
-0.00963486 ,0.0324799 ,-0.999426, 0.106542 
0 ,0 ,0, 1 
0.720373 ,-0.692962 ,-0.029436, -0.564209 
-0.69352 ,-0.720243 ,-0.0167258, 0.0851338 
-0.00961073 ,0.0324632 ,-0.999427, 0.106533 
0 ,0 ,0, 1 
0.720373 ,-0.692961 ,-0.0294486, -0.564211 
-0.69352 ,-0.720243 ,-0.0167239, 0.0851341 
-0.00962108 ,0.0324706 ,-0.999426, 0.106541 
0 ,0 ,0, 1 
0.720373 ,-0.692961 ,-0.0294498, -0.564205 
-0.69352 ,-0.720243 ,-0.016724, 0.085133 
-0.00962199 ,0.0324715 ,-0.999426, 0.106546 
0 ,0 ,0, 1 
0.720373 ,-0.692963 ,-0.0294147, -0.564179 
-0.69352 ,-0.720243 ,-0.0167297, 0.0851291 
-0.00959265 ,0.0324513 ,-0.999427, 0.106537 
0 ,0 ,0, 1 
0.720373 ,-0.692962 ,-0.0294236, -0.564176 
-0.69352 ,-0.720243 ,-0.0167285, 0.0851286 
-0.00959991 ,0.0324566 ,-0.999427, 0.106545 
0 ,0 ,0, 1 
0.720373 ,-0.692962 ,-0.0294312, -0.564174 
-0.69352 ,-0.720243 ,-0.0167275, 0.0851283 
-0.00960612 ,0.0324612 ,-0.999427, 0.106551 
0 ,0 ,0, 1 
0.720373 ,-0.692964 ,-0.0293895, -0.564147 
-0.693521 ,-0.720242 ,-0.0167342, 0.085124 
-0.00957131 ,0.0324371 ,-0.999428, 0.106539 
0 ,0 ,0, 1 
0.720372 ,-0.692966 ,-0.0293808, -0.564136 
-0.693522 ,-0.720241 ,-0.0167358, 0.0851223 
-0.00956389 ,0.0324322 ,-0.999428, 0.106539 
0 ,0 ,0, 1 
0.720371 ,-0.692965 ,-0.0294011, -0.564137 
-0.693522 ,-0.720241 ,-0.0167329, 0.0851225 
-0.00958057 ,0.0324442 ,-0.999428, 0.106553 
0 ,0 ,0, 1 
0.720371 ,-0.692966 ,-0.0293909, -0.564115 
-0.693523 ,-0.720241 ,-0.016735, 0.0851189 
-0.00957178 ,0.0324387 ,-0.999428, 0.106559 
0 ,0 ,0, 1 
0.720371 ,-0.692966 ,-0.0293873, -0.564103 
-0.693523 ,-0.72024 ,-0.0167359, 0.0851171 
-0.00956856 ,0.0324368 ,-0.999428, 0.106564 
0 ,0 ,0, 1 
0.720371 ,-0.692965 ,-0.0294049, -0.564104 
-0.693523 ,-0.72024 ,-0.0167333, 0.0851172 
-0.00958297 ,0.0324472 ,-0.999427, 0.106576 
0 ,0 ,0, 1 
0.720371 ,-0.692967 ,-0.0293747, -0.564076 
-0.693523 ,-0.72024 ,-0.0167384, 0.0851129 
-0.00955765 ,0.0324299 ,-0.999428, 0.106572 
0 ,0 ,0, 1 
0.720371 ,-0.692967 ,-0.0293646, -0.56406 
-0.693523 ,-0.72024 ,-0.0167404, 0.0851103 
-0.00954905 ,0.0324243 ,-0.999429, 0.106575 
0 ,0 ,0, 1 
0.720371 ,-0.692967 ,-0.0293773, -0.564059 
-0.693523 ,-0.72024 ,-0.0167386, 0.0851102 
-0.00955946 ,0.0324319 ,-0.999428, 0.106584 
0 ,0 ,0, 1 
0.720371 ,-0.692968 ,-0.0293431, -0.564032 
-0.693524 ,-0.720239 ,-0.0167442, 0.0851061 
-0.00953082 ,0.0324122 ,-0.999429, 0.106576 
0 ,0 ,0, 1 
0.720371 ,-0.692969 ,-0.0293371, -0.564013 
-0.693524 ,-0.720239 ,-0.0167457, 0.085103 
-0.00952552 ,0.0324091 ,-0.999429, 0.106584 
0 ,0 ,0, 1 
0.72037 ,-0.692968 ,-0.0293636, -0.564016 
-0.693524 ,-0.720239 ,-0.0167418, 0.0851034 
-0.00954724 ,0.0324247 ,-0.999429, 0.106601 
0 ,0 ,0, 1 
0.720369 ,-0.692971 ,-0.0293194, -0.563985 
-0.693526 ,-0.720237 ,-0.016749, 0.0850985 
-0.00951033 ,0.0323992 ,-0.99943, 0.106589 
0 ,0 ,0, 1 
0.720371 ,-0.692971 ,-0.029288, -0.56396 
-0.693525 ,-0.720238 ,-0.0167542, 0.0850947 
-0.00948418 ,0.0323812 ,-0.999431, 0.106582 
0 ,0 ,0, 1 
0.72037 ,-0.69297 ,-0.0293044, -0.563958 
-0.693525 ,-0.720238 ,-0.016752, 0.0850943 
-0.00949755 ,0.0323909 ,-0.99943, 0.106595 
0 ,0 ,0, 1 
0.720369 ,-0.692973 ,-0.0292755, -0.563929 
-0.693526 ,-0.720236 ,-0.0167569, 0.0850898 
-0.00947323 ,0.0323745 ,-0.999431, 0.106592 
0 ,0 ,0, 1 
0.720369 ,-0.692974 ,-0.0292567, -0.563904 
-0.693527 ,-0.720236 ,-0.0167603, 0.085086 
-0.00945726 ,0.0323639 ,-0.999431, 0.106594 
0 ,0 ,0, 1 
0.720369 ,-0.692973 ,-0.0292819, -0.563905 
-0.693527 ,-0.720236 ,-0.0167567, 0.085086 
-0.00947796 ,0.0323788 ,-0.999431, 0.106611 
0 ,0 ,0, 1 
0.720369 ,-0.692974 ,-0.0292517, -0.563874 
-0.693527 ,-0.720236 ,-0.0167619, 0.0850812 
-0.00945254 ,0.0323616 ,-0.999432, 0.106609 
0 ,0 ,0, 1 
0.720369 ,-0.692975 ,-0.0292392, -0.563852 
-0.693527 ,-0.720235 ,-0.0167644, 0.0850777 
-0.00944181 ,0.0323547 ,-0.999432, 0.106614 
0 ,0 ,0, 1 
0.720368 ,-0.692975 ,-0.0292431, -0.563839 
-0.693527 ,-0.720235 ,-0.0167642, 0.0850757 
-0.00944473 ,0.0323573 ,-0.999432, 0.106624 
0 ,0 ,0, 1 
0.720368 ,-0.692975 ,-0.0292384, -0.563821 
-0.693528 ,-0.720235 ,-0.0167654, 0.0850728 
-0.00944052 ,0.0323549 ,-0.999432, 0.106632 
0 ,0 ,0, 1 
0.720368 ,-0.692977 ,-0.0292104, -0.563791 
-0.693528 ,-0.720234 ,-0.0167703, 0.0850682 
-0.00941693 ,0.032339 ,-0.999433, 0.106631 
0 ,0 ,0, 1 
0.720368 ,-0.692977 ,-0.0292116, -0.563775 
-0.693528 ,-0.720234 ,-0.0167706, 0.0850657 
-0.00941758 ,0.0323401 ,-0.999433, 0.106641 
0 ,0 ,0, 1 
0.720366 ,-0.692978 ,-0.0292282, -0.56376 
-0.69353 ,-0.720233 ,-0.0167687, 0.0850632 
-0.00943082 ,0.0323502 ,-0.999432, 0.106662 
0 ,0 ,0, 1 
0.720366 ,-0.692979 ,-0.0292093, -0.563735 
-0.69353 ,-0.720233 ,-0.0167721, 0.0850593 
-0.00941475 ,0.0323396 ,-0.999433, 0.106664 
0 ,0 ,0, 1 
0.720366 ,-0.692979 ,-0.0291905, -0.563708 
-0.69353 ,-0.720232 ,-0.0167756, 0.085055 
-0.00939876 ,0.032329 ,-0.999433, 0.106668 
0 ,0 ,0, 1 
0.720366 ,-0.692979 ,-0.0292248, -0.563697 
-0.69353 ,-0.720232 ,-0.016771, 0.0850533 
-0.00942663 ,0.0323495 ,-0.999432, 0.106698 
0 ,0 ,0, 1 
0.720366 ,-0.69298 ,-0.0291757, -0.563662 
-0.693531 ,-0.720231 ,-0.016779, 0.0850479 
-0.00938568 ,0.0323213 ,-0.999433, 0.106685 
0 ,0 ,0, 1 
0.720366 ,-0.692982 ,-0.029153, -0.563634 
-0.693531 ,-0.720231 ,-0.0167831, 0.0850435 
-0.00936652 ,0.0323085 ,-0.999434, 0.106686 
0 ,0 ,0, 1 
0.720365 ,-0.692981 ,-0.0291784, -0.563618 
-0.693531 ,-0.720231 ,-0.01678, 0.085041 
-0.00938697 ,0.0323238 ,-0.999433, 0.106714 
0 ,0 ,0, 1 
0.720364 ,-0.692983 ,-0.0291595, -0.563587 
-0.693533 ,-0.720229 ,-0.0167836, 0.0850361 
-0.00937076 ,0.0323133 ,-0.999434, 0.106719 
0 ,0 ,0, 1 
0.720364 ,-0.692985 ,-0.0291192, -0.563552 
-0.693533 ,-0.720229 ,-0.0167903, 0.0850306 
-0.00933704 ,0.0322903 ,-0.999435, 0.106713 
0 ,0 ,0, 1 
0.720363 ,-0.692984 ,-0.0291495, -0.563541 
-0.693534 ,-0.720229 ,-0.0167864, 0.0850289 
-0.00936165 ,0.0323085 ,-0.999434, 0.10674 
0 ,0 ,0, 1 
0.720363 ,-0.692985 ,-0.0291295, -0.563507 
-0.693534 ,-0.720228 ,-0.0167902, 0.0850234 
-0.00934453 ,0.0322974 ,-0.999435, 0.106748 
0 ,0 ,0, 1 
0.720363 ,-0.692986 ,-0.0291056, -0.563471 
-0.693534 ,-0.720228 ,-0.0167947, 0.0850178 
-0.00932417 ,0.032284 ,-0.999435, 0.106753 
0 ,0 ,0, 1 
0.720363 ,-0.692985 ,-0.029141, -0.563464 
-0.693535 ,-0.720228 ,-0.0167899, 0.0850166 
-0.00935301 ,0.0323051 ,-0.999434, 0.106782 
0 ,0 ,0, 1 
0.720362 ,-0.692986 ,-0.0291311, -0.563427 
-0.693535 ,-0.720227 ,-0.0167924, 0.0850109 
-0.00934415 ,0.0323001 ,-0.999435, 0.106797 
0 ,0 ,0, 1 
0.720362 ,-0.692986 ,-0.0291402, -0.563397 
-0.693536 ,-0.720227 ,-0.016792, 0.0850062 
-0.00935092 ,0.0323061 ,-0.999434, 0.106822 
0 ,0 ,0, 1 
0.720361 ,-0.692986 ,-0.0291604, -0.563384 
-0.693536 ,-0.720227 ,-0.0167896, 0.085004 
-0.00936719 ,0.0323183 ,-0.999434, 0.106844 
0 ,0 ,0, 1 
0.72036 ,-0.69299 ,-0.0290925, -0.563335 
-0.693537 ,-0.720225 ,-0.0168006, 0.0849964 
-0.00931047 ,0.0322793 ,-0.999436, 0.106826 
0 ,0 ,0, 1 
0.72036 ,-0.692992 ,-0.0290409, -0.563288 
-0.693538 ,-0.720224 ,-0.0168093, 0.0849892 
-0.00926718 ,0.0322497 ,-0.999437, 0.106819 
0 ,0 ,0, 1 
0.72036 ,-0.692991 ,-0.0290636, -0.563275 
-0.693538 ,-0.720224 ,-0.0168065, 0.084987 
-0.00928554 ,0.0322635 ,-0.999436, 0.106842 
0 ,0 ,0, 1 
0.72036 ,-0.692992 ,-0.0290434, -0.563236 
-0.693539 ,-0.720223 ,-0.0168105, 0.0849809 
-0.00926819 ,0.0322524 ,-0.999437, 0.106852 
0 ,0 ,0, 1 
0.72036 ,-0.692994 ,-0.029021, -0.563196 
-0.693539 ,-0.720223 ,-0.0168149, 0.0849746 
-0.00924897 ,0.03224 ,-0.999437, 0.106861 
0 ,0 ,0, 1 
0.720359 ,-0.692994 ,-0.0290223, -0.563171 
-0.69354 ,-0.720222 ,-0.0168155, 0.0849707 
-0.00924945 ,0.0322413 ,-0.999437, 0.106877 
0 ,0 ,0, 1 
0.720359 ,-0.692994 ,-0.0290442, -0.563145 
-0.69354 ,-0.720222 ,-0.0168132, 0.0849665 
-0.00926683 ,0.0322548 ,-0.999437, 0.106908 
0 ,0 ,0, 1 
0.720359 ,-0.692996 ,-0.0289836, -0.563091 
-0.693541 ,-0.720221 ,-0.0168234, 0.0849581 
-0.00921607 ,0.0322202 ,-0.999438, 0.106899 
0 ,0 ,0, 1 
0.720358 ,-0.692997 ,-0.0289686, -0.563057 
-0.693541 ,-0.720221 ,-0.0168265, 0.0849527 
-0.00920307 ,0.0322121 ,-0.999439, 0.106909 
0 ,0 ,0, 1 
0.720358 ,-0.692997 ,-0.0289687, -0.563021 
-0.693542 ,-0.72022 ,-0.0168276, 0.0849472 
-0.0092024 ,0.0322129 ,-0.999439, 0.106931 
0 ,0 ,0, 1 
0.720358 ,-0.692999 ,-0.0289259, -0.562973 
-0.693542 ,-0.720219 ,-0.0168351, 0.0849396 
-0.00916629 ,0.0321886 ,-0.99944, 0.10693 
0 ,0 ,0, 1 
0.720357 ,-0.692999 ,-0.0289348, -0.562947 
-0.693542 ,-0.720219 ,-0.0168346, 0.0849356 
-0.00917304 ,0.0321944 ,-0.99944, 0.106952 
0 ,0 ,0, 1 
0.720357 ,-0.693 ,-0.0289213, -0.562904 
-0.693543 ,-0.720218 ,-0.0168378, 0.0849288 
-0.00916103 ,0.0321874 ,-0.99944, 0.106969 
0 ,0 ,0, 1 
0.720357 ,-0.693002 ,-0.0288938, -0.562856 
-0.693544 ,-0.720218 ,-0.0168431, 0.0849213 
-0.00913747 ,0.0321721 ,-0.999441, 0.106979 
0 ,0 ,0, 1 
0.720355 ,-0.693002 ,-0.0289329, -0.56284 
-0.693545 ,-0.720216 ,-0.0168381, 0.0849186 
-0.00916913 ,0.0321957 ,-0.99944, 0.107016 
0 ,0 ,0, 1 
0.720354 ,-0.693004 ,-0.0288927, -0.562785 
-0.693546 ,-0.720215 ,-0.0168454, 0.08491 
-0.00913499 ,0.0321731 ,-0.999441, 0.107021 
0 ,0 ,0, 1 
0.720354 ,-0.693006 ,-0.0288399, -0.56273 
-0.693547 ,-0.720215 ,-0.0168546, 0.0849014 
-0.00909059 ,0.0321431 ,-0.999442, 0.107018 
0 ,0 ,0, 1 
0.720354 ,-0.693005 ,-0.028888, -0.562712 
-0.693547 ,-0.720214 ,-0.0168483, 0.0848986 
-0.0091296 ,0.0321719 ,-0.999441, 0.107062 
0 ,0 ,0, 1 
0.720353 ,-0.693006 ,-0.028878, -0.562668 
-0.693547 ,-0.720214 ,-0.016851, 0.0848915 
-0.00912049 ,0.032167 ,-0.999441, 0.107082 
0 ,0 ,0, 1 
0.720353 ,-0.693009 ,-0.0288075, -0.562605 
-0.693548 ,-0.720213 ,-0.0168629, 0.0848818 
-0.00906137 ,0.0321266 ,-0.999443, 0.107071 
0 ,0 ,0, 1 
0.720352 ,-0.693009 ,-0.0288508, -0.56258 
-0.69355 ,-0.720212 ,-0.0168575, 0.0848785 
-0.00909629 ,0.0321527 ,-0.999442, 0.107116 
0 ,0 ,0, 1 
0.72035 ,-0.693008 ,-0.0289165, -0.562554 
-0.693551 ,-0.720211 ,-0.0168482, 0.084875 
-0.00915 ,0.0321917 ,-0.99944, 0.107178 
0 ,0 ,0, 1 
0.720349 ,-0.693008 ,-0.0289345, -0.562506 
-0.693551 ,-0.72021 ,-0.0168471, 0.0848675 
-0.00916373 ,0.0322034 ,-0.999439, 0.107219 
0 ,0 ,0, 1 
0.720347 ,-0.69301 ,-0.0289271, -0.562467 
-0.693553 ,-0.720208 ,-0.0168494, 0.0848612 
-0.00915677 ,0.0321999 ,-0.999439, 0.107238 
0 ,0 ,0, 1 
0.720347 ,-0.693011 ,-0.0288943, -0.562418 
-0.693553 ,-0.720208 ,-0.0168548, 0.0848544 
-0.00912939 ,0.032181 ,-0.99944, 0.107245 
0 ,0 ,0, 1 
0.720345 ,-0.693015 ,-0.0288582, -0.56236 
-0.693556 ,-0.720205 ,-0.0168616, 0.084846 
-0.00909846 ,0.0321609 ,-0.999441, 0.107255 
0 ,0 ,0, 1 
0.720344 ,-0.693016 ,-0.0288593, -0.562323 
-0.693557 ,-0.720204 ,-0.0168618, 0.084841 
-0.0090991 ,0.0321619 ,-0.999441, 0.107278 
0 ,0 ,0, 1 
0.720343 ,-0.69302 ,-0.0288039, -0.562263 
-0.693559 ,-0.720202 ,-0.0168708, 0.0848324 
-0.00905281 ,0.0321299 ,-0.999443, 0.107275 
0 ,0 ,0, 1 
0.720342 ,-0.693024 ,-0.028727, -0.562194 
-0.693561 ,-0.7202 ,-0.0168837, 0.0848224 
-0.0089884 ,0.032086 ,-0.999445, 0.107264 
0 ,0 ,0, 1 
0.72034 ,-0.693026 ,-0.0287231, -0.562157 
-0.693563 ,-0.720198 ,-0.0168827, 0.0848182 
-0.00898622 ,0.0320826 ,-0.999445, 0.107283 
0 ,0 ,0, 1 
0.72034 ,-0.693028 ,-0.0286871, -0.562096 
-0.693564 ,-0.720197 ,-0.0168916, 0.0848077 
-0.00895398 ,0.032064 ,-0.999446, 0.107295 
0 ,0 ,0, 1 
0.720338 ,-0.693031 ,-0.0286506, -0.562035 
-0.693565 ,-0.720196 ,-0.0168979, 0.0847989 
-0.00892325 ,0.0320433 ,-0.999447, 0.107306 
0 ,0 ,0, 1 
0.720336 ,-0.693032 ,-0.0286671, -0.562 
-0.693568 ,-0.720193 ,-0.0168959, 0.0847949 
-0.00893647 ,0.0320533 ,-0.999446, 0.107339 
0 ,0 ,0, 1 
0.720335 ,-0.693035 ,-0.0286392, -0.561936 
-0.693569 ,-0.720192 ,-0.0168991, 0.0847865 
-0.00891404 ,0.0320362 ,-0.999447, 0.107359 
0 ,0 ,0, 1 
0.72033 ,-0.693041 ,-0.0286182, -0.561878 
-0.693574 ,-0.720187 ,-0.0169049, 0.0847803 
-0.00889468 ,0.032026 ,-0.999447, 0.107378 
0 ,0 ,0, 1 
0.720329 ,-0.693042 ,-0.0286235, -0.561836 
-0.693576 ,-0.720185 ,-0.0169054, 0.0847742 
-0.00889805 ,0.03203 ,-0.999447, 0.107408 
0 ,0 ,0, 1 
0.720327 ,-0.693044 ,-0.0286159, -0.56177 
-0.693578 ,-0.720183 ,-0.0169058, 0.0847663 
-0.00889226 ,0.032025 ,-0.999448, 0.107442 
0 ,0 ,0, 1 
0.720321 ,-0.693048 ,-0.0286644, -0.561739 
-0.693583 ,-0.720178 ,-0.0169009, 0.0847642 
-0.00893031 ,0.0320553 ,-0.999446, 0.107494 
0 ,0 ,0, 1 
0.720316 ,-0.693056 ,-0.0285927, -0.561668 
-0.693589 ,-0.720172 ,-0.0169124, 0.084756 
-0.0088704 ,0.0320139 ,-0.999448, 0.107487 
0 ,0 ,0, 1 
0.720315 ,-0.69306 ,-0.0285306, -0.56159 
-0.693591 ,-0.72017 ,-0.0169208, 0.0847463 
-0.00881975 ,0.0319769 ,-0.99945, 0.10749 
0 ,0 ,0, 1 
0.720312 ,-0.693062 ,-0.0285641, -0.561557 
-0.693594 ,-0.720168 ,-0.0169184, 0.0847415 
-0.00884544 ,0.0319984 ,-0.999449, 0.107533 
0 ,0 ,0, 1 
0.720307 ,-0.69307 ,-0.0285062, -0.561485 
-0.6936 ,-0.720161 ,-0.0169278, 0.0847348 
-0.00879691 ,0.0319652 ,-0.99945, 0.107536 
0 ,0 ,0, 1 
0.720303 ,-0.693076 ,-0.0284496, -0.56141 
-0.693605 ,-0.720157 ,-0.0169373, 0.084726 
-0.00874934 ,0.0319328 ,-0.999452, 0.107541 
0 ,0 ,0, 1 
0.720299 ,-0.693079 ,-0.0284635, -0.561366 
-0.693608 ,-0.720153 ,-0.0169339, 0.0847229 
-0.00876154 ,0.0319399 ,-0.999451, 0.107578 
0 ,0 ,0, 1 
0.720294 ,-0.693086 ,-0.0284323, -0.5613 
-0.693614 ,-0.720147 ,-0.0169408, 0.0847146 
-0.00873399 ,0.0319234 ,-0.999452, 0.107595 
0 ,0 ,0, 1 
0.720289 ,-0.693093 ,-0.0283966, -0.56123 
-0.69362 ,-0.720142 ,-0.0169425, 0.0847091 
-0.00870688 ,0.0318999 ,-0.999453, 0.107613 
0 ,0 ,0, 1 
0.720284 ,-0.693098 ,-0.0283866, -0.561174 
-0.693625 ,-0.720137 ,-0.016944, 0.084704 
-0.00869838 ,0.0318942 ,-0.999453, 0.107639 
0 ,0 ,0, 1 
0.720279 ,-0.693105 ,-0.0283593, -0.561108 
-0.69363 ,-0.720132 ,-0.0169504, 0.0846964 
-0.00867404 ,0.0318799 ,-0.999454, 0.10766 
0 ,0 ,0, 1 
0.720276 ,-0.693108 ,-0.0283557, -0.561045 
-0.693634 ,-0.720129 ,-0.0169514, 0.0846887 
-0.00867061 ,0.0318782 ,-0.999454, 0.107695 
0 ,0 ,0, 1 
0.720271 ,-0.693113 ,-0.0283556, -0.560989 
-0.693639 ,-0.720124 ,-0.0169496, 0.0846838 
-0.0086715 ,0.0318768 ,-0.999454, 0.107728 
0 ,0 ,0, 1 
0.720267 ,-0.693119 ,-0.0283039, -0.56091 
-0.693643 ,-0.72012 ,-0.0169572, 0.0846744 
-0.00862885 ,0.0318466 ,-0.999456, 0.10774 
0 ,0 ,0, 1 
0.720257 ,-0.693129 ,-0.0283144, -0.560853 
-0.693653 ,-0.720109 ,-0.0169558, 0.0846727 
-0.00863696 ,0.0318529 ,-0.999455, 0.107781 
0 ,0 ,0, 1 
0.720244 ,-0.693145 ,-0.0282747, -0.560782 
-0.693668 ,-0.720096 ,-0.0169551, 0.0846737 
-0.00860815 ,0.031825 ,-0.999456, 0.107795 
0 ,0 ,0, 1 
0.720202 ,-0.693189 ,-0.0282373, -0.560699 
-0.693711 ,-0.720055 ,-0.0169295, 0.084701 
-0.00859709 ,0.0317812 ,-0.999458, 0.107818 
0 ,0 ,0, 1 
0.720195 ,-0.693194 ,-0.0282967, -0.560648 
-0.693718 ,-0.720048 ,-0.0169204, 0.0846981 
-0.00864588 ,0.0318159 ,-0.999456, 0.10789 
0 ,0 ,0, 1 
0.720192 ,-0.693201 ,-0.028215, -0.560569 
-0.693722 ,-0.720044 ,-0.0169342, 0.0846887 
-0.00857726 ,0.0317692 ,-0.999458, 0.10788 
0 ,0 ,0, 1 
0.720188 ,-0.693208 ,-0.0281458, -0.560484 
-0.693727 ,-0.720039 ,-0.0169458, 0.0846784 
-0.00851914 ,0.0317296 ,-0.99946, 0.107883 
0 ,0 ,0, 1 
0.720183 ,-0.693213 ,-0.028145, -0.560416 
-0.693731 ,-0.720034 ,-0.0169478, 0.0846706 
-0.00851692 ,0.0317306 ,-0.99946, 0.107923 
0 ,0 ,0, 1 
0.720181 ,-0.693218 ,-0.0280949, -0.560341 
-0.693735 ,-0.720031 ,-0.0169564, 0.084661 
-0.00847473 ,0.0317021 ,-0.999461, 0.107933 
0 ,0 ,0, 1 
0.720176 ,-0.693224 ,-0.0280459, -0.56026 
-0.69374 ,-0.720026 ,-0.016965, 0.0846505 
-0.0084332 ,0.0316744 ,-0.999463, 0.107947 
0 ,0 ,0, 1 
0.720175 ,-0.693226 ,-0.0280271, -0.560184 
-0.693742 ,-0.720024 ,-0.0169693, 0.0846394 
-0.00841659 ,0.0316644 ,-0.999463, 0.10798 
0 ,0 ,0, 1 
0.72017 ,-0.693232 ,-0.028021, -0.560124 
-0.693747 ,-0.720019 ,-0.0169705, 0.0846336 
-0.00841112 ,0.0316611 ,-0.999463, 0.108011 
0 ,0 ,0, 1 
0.720155 ,-0.693247 ,-0.0280214, -0.56005 
-0.693762 ,-0.720004 ,-0.0169708, 0.0846337 
-0.0084106 ,0.0316618 ,-0.999463, 0.108054 
0 ,0 ,0, 1 
0.720146 ,-0.693258 ,-0.027989, -0.559973 
-0.693772 ,-0.719995 ,-0.0169754, 0.0846291 
-0.00838359 ,0.0316428 ,-0.999464, 0.108077 
0 ,0 ,0, 1 
0.720143 ,-0.693263 ,-0.0279551, -0.559899 
-0.693776 ,-0.719991 ,-0.0169811, 0.0846188 
-0.00835504 ,0.0316234 ,-0.999465, 0.108098 
0 ,0 ,0, 1 
0.72014 ,-0.693266 ,-0.0279414, -0.559819 
-0.693778 ,-0.719988 ,-0.0169841, 0.0846078 
-0.00834299 ,0.0316161 ,-0.999465, 0.108136 
0 ,0 ,0, 1 
0.720131 ,-0.693275 ,-0.0279365, -0.559751 
-0.693788 ,-0.719979 ,-0.0169845, 0.0846045 
-0.00833878 ,0.0316131 ,-0.999465, 0.108173 
0 ,0 ,0, 1 
0.720118 ,-0.693291 ,-0.0278899, -0.55967 
-0.693802 ,-0.719965 ,-0.0169904, 0.0846029 
-0.00830044 ,0.0315852 ,-0.999467, 0.108188 
0 ,0 ,0, 1 
0.720107 ,-0.693303 ,-0.0278774, -0.559588 
-0.693814 ,-0.719954 ,-0.016991, 0.0845988 
-0.00829057 ,0.0315771 ,-0.999467, 0.108228 
0 ,0 ,0, 1 
0.720104 ,-0.693306 ,-0.0278903, -0.559522 
-0.693817 ,-0.719951 ,-0.0169891, 0.0845908 
-0.00830097 ,0.0315847 ,-0.999467, 0.108276 
0 ,0 ,0, 1 
0.720096 ,-0.693316 ,-0.0278297, -0.559432 
-0.693825 ,-0.719943 ,-0.0169976, 0.0845819 
-0.00825114 ,0.0315488 ,-0.999468, 0.108287 
0 ,0 ,0, 1 
0.720081 ,-0.693333 ,-0.0277924, -0.559341 
-0.693841 ,-0.719927 ,-0.0170031, 0.0845801 
-0.00821975 ,0.0315271 ,-0.999469, 0.108315 
0 ,0 ,0, 1 
0.72007 ,-0.693345 ,-0.027799, -0.55927 
-0.693853 ,-0.719916 ,-0.0170013, 0.0845776 
-0.00822525 ,0.0315305 ,-0.999469, 0.108361 
0 ,0 ,0, 1 
0.720064 ,-0.693353 ,-0.0277587, -0.559177 
-0.69386 ,-0.719909 ,-0.0170063, 0.0845684 
-0.00819237 ,0.0315062 ,-0.99947, 0.108388 
0 ,0 ,0, 1 
0.720055 ,-0.693362 ,-0.0277522, -0.559101 
-0.693869 ,-0.719901 ,-0.017006, 0.0845624 
-0.00818752 ,0.0315016 ,-0.99947, 0.108428 
0 ,0 ,0, 1 
0.720042 ,-0.693376 ,-0.0277598, -0.559022 
-0.693883 ,-0.719887 ,-0.0170022, 0.0845609 
-0.00819502 ,0.0315044 ,-0.99947, 0.10848 
0 ,0 ,0, 1 
0.720025 ,-0.693395 ,-0.0277119, -0.558928 
-0.6939 ,-0.71987 ,-0.017006, 0.0845604 
-0.00815715 ,0.031474 ,-0.999471, 0.108502 
0 ,0 ,0, 1 
0.72001 ,-0.693411 ,-0.0276953, -0.55885 
-0.693916 ,-0.719855 ,-0.0170029, 0.0845614 
-0.00814655 ,0.0314605 ,-0.999472, 0.108537 
0 ,0 ,0, 1 
0.719997 ,-0.693425 ,-0.0276837, -0.558753 
-0.69393 ,-0.719842 ,-0.0170025, 0.0845558 
-0.00813792 ,0.0314523 ,-0.999472, 0.108586 
0 ,0 ,0, 1 
0.719984 ,-0.693439 ,-0.0276574, -0.558677 
-0.693943 ,-0.719829 ,-0.0170042, 0.0845542 
-0.00811724 ,0.0314354 ,-0.999473, 0.108612 
0 ,0 ,0, 1 
0.719973 ,-0.693454 ,-0.0275854, -0.558566 
-0.693955 ,-0.719817 ,-0.0170127, 0.0845466 
-0.00805891 ,0.0313918 ,-0.999475, 0.108627 
0 ,0 ,0, 1 
0.719962 ,-0.693466 ,-0.0275717, -0.558483 
-0.693967 ,-0.719806 ,-0.0170136, 0.0845416 
-0.00804792 ,0.031383 ,-0.999475, 0.108667 
0 ,0 ,0, 1 
0.719952 ,-0.693478 ,-0.0275249, -0.558392 
-0.693978 ,-0.719795 ,-0.0170194, 0.0845355 
-0.00800978 ,0.0313548 ,-0.999476, 0.108688 
0 ,0 ,0, 1 
0.719944 ,-0.693487 ,-0.0275188, -0.558307 
-0.693986 ,-0.719787 ,-0.0170199, 0.0845288 
-0.00800459 ,0.031351 ,-0.999476, 0.108733 
0 ,0 ,0, 1 
0.719936 ,-0.693495 ,-0.0275304, -0.558225 
-0.693995 ,-0.719779 ,-0.0170186, 0.0845217 
-0.00801351 ,0.0313582 ,-0.999476, 0.10879 
0 ,0 ,0, 1 
0.719927 ,-0.693506 ,-0.0274651, -0.558126 
-0.694004 ,-0.71977 ,-0.017028, 0.084512 
-0.0079595 ,0.0313198 ,-0.999478, 0.108803 
0 ,0 ,0, 1 
0.71992 ,-0.693515 ,-0.0274425, -0.558034 
-0.694012 ,-0.719762 ,-0.0170311, 0.0845035 
-0.00794074 ,0.0313065 ,-0.999478, 0.108841 
0 ,0 ,0, 1 
0.719911 ,-0.693524 ,-0.0274478, -0.557947 
-0.694021 ,-0.719753 ,-0.0170302, 0.0844957 
-0.00794479 ,0.0313095 ,-0.999478, 0.108896 
0 ,0 ,0, 1 
0.719901 ,-0.693536 ,-0.0273875, -0.557843 
-0.694031 ,-0.719743 ,-0.0170403, 0.0844867 
-0.00789395 ,0.0312751 ,-0.99948, 0.108915 
0 ,0 ,0, 1 
0.719888 ,-0.693551 ,-0.0273564, -0.557745 
-0.694045 ,-0.71973 ,-0.0170446, 0.0844807 
-0.00786789 ,0.0312568 ,-0.99948, 0.108951 
0 ,0 ,0, 1 
0.719868 ,-0.69357 ,-0.0273814, -0.557665 
-0.694066 ,-0.71971 ,-0.017035, 0.0844851 
-0.00789168 ,0.0312674 ,-0.99948, 0.109014 
0 ,0 ,0, 1 
0.71985 ,-0.693594 ,-0.0272799, -0.557548 
-0.694086 ,-0.71969 ,-0.0170438, 0.0844832 
-0.00781163 ,0.0312036 ,-0.999483, 0.109013 
0 ,0 ,0, 1 
0.719837 ,-0.693608 ,-0.0272436, -0.557444 
-0.694099 ,-0.719678 ,-0.0170491, 0.0844757 
-0.00778125 ,0.0311824 ,-0.999483, 0.109048 
0 ,0 ,0, 1 
0.719824 ,-0.693621 ,-0.027274, -0.557365 
-0.694113 ,-0.719664 ,-0.0170422, 0.0844742 
-0.00780731 ,0.0311986 ,-0.999483, 0.109115 
0 ,0 ,0, 1 
0.719808 ,-0.69364 ,-0.0272099, -0.557255 
-0.69413 ,-0.719648 ,-0.0170496, 0.0844695 
-0.00775526 ,0.0311596 ,-0.999484, 0.109135 
0 ,0 ,0, 1 
0.719795 ,-0.693655 ,-0.0271646, -0.557145 
-0.694144 ,-0.719634 ,-0.0170557, 0.0844626 
-0.0077178 ,0.0311327 ,-0.999485, 0.109167 
0 ,0 ,0, 1 
0.719779 ,-0.69367 ,-0.0271966, -0.557067 
-0.69416 ,-0.719619 ,-0.0170497, 0.0844618 
-0.0077443 ,0.0311508 ,-0.999485, 0.109235 
0 ,0 ,0, 1 
0.719768 ,-0.693683 ,-0.0271615, -0.556964 
-0.694172 ,-0.719607 ,-0.0170549, 0.0844545 
-0.00771492 ,0.0311303 ,-0.999486, 0.10927 
0 ,0 ,0, 1 
0.719758 ,-0.693696 ,-0.0271063, -0.556856 
-0.694183 ,-0.719596 ,-0.0170638, 0.0844455 
-0.00766853 ,0.0310985 ,-0.999487, 0.109295 
0 ,0 ,0, 1 
0.719743 ,-0.693712 ,-0.0270839, -0.55676 
-0.694198 ,-0.719582 ,-0.0170661, 0.0844423 
-0.00765012 ,0.0310848 ,-0.999487, 0.109335 
0 ,0 ,0, 1 
0.719726 ,-0.693731 ,-0.0270371, -0.556651 
-0.694216 ,-0.719564 ,-0.0170703, 0.0844391 
-0.00761273 ,0.0310555 ,-0.999489, 0.109366 
0 ,0 ,0, 1 
0.719716 ,-0.693743 ,-0.0269968, -0.556544 
-0.694227 ,-0.719553 ,-0.0170751, 0.0844296 
-0.00757988 ,0.0310312 ,-0.99949, 0.109401 
0 ,0 ,0, 1 
0.719706 ,-0.693754 ,-0.0270058, -0.556455 
-0.694238 ,-0.719543 ,-0.0170724, 0.0844237 
-0.00758782 ,0.0310355 ,-0.999489, 0.109459 
0 ,0 ,0, 1 
0.719695 ,-0.693766 ,-0.0269821, -0.556344 
-0.694249 ,-0.719532 ,-0.0170742, 0.0844151 
-0.00756893 ,0.0310205 ,-0.99949, 0.109507 
0 ,0 ,0, 1 
0.719683 ,-0.693781 ,-0.0269176, -0.556229 
-0.694263 ,-0.719519 ,-0.017082, 0.0844074 
-0.00751656 ,0.0309815 ,-0.999492, 0.10953 
0 ,0 ,0, 1 
0.719667 ,-0.693796 ,-0.026952, -0.556143 
-0.694279 ,-0.719504 ,-0.017074, 0.0844055 
-0.00754613 ,0.0309998 ,-0.999491, 0.109603 
0 ,0 ,0, 1 
0.719651 ,-0.693814 ,-0.0269128, -0.55603 
-0.694296 ,-0.719487 ,-0.0170773, 0.0844009 
-0.00751493 ,0.0309752 ,-0.999492, 0.109641 
0 ,0 ,0, 1 
0.719633 ,-0.693836 ,-0.026841, -0.55591 
-0.694315 ,-0.719469 ,-0.0170861, 0.0843968 
-0.00745631 ,0.0309318 ,-0.999494, 0.109661 
0 ,0 ,0, 1 
0.719625 ,-0.693844 ,-0.0268372, -0.555811 
-0.694323 ,-0.719461 ,-0.017085, 0.0843863 
-0.00745404 ,0.0309285 ,-0.999494, 0.109716 
0 ,0 ,0, 1 
0.719618 ,-0.693854 ,-0.0267616, -0.555689 
-0.69433 ,-0.719453 ,-0.0170947, 0.0843731 
-0.00739244 ,0.0308831 ,-0.999496, 0.109736 
0 ,0 ,0, 1 
0.719601 ,-0.693872 ,-0.0267457, -0.555584 
-0.694349 ,-0.719436 ,-0.0170957, 0.0843705 
-0.00737956 ,0.0308729 ,-0.999496, 0.109784 
0 ,0 ,0, 1 
0.719579 ,-0.693895 ,-0.0267625, -0.555484 
-0.694371 ,-0.719414 ,-0.0170912, 0.0843714 
-0.00739384 ,0.0308816 ,-0.999496, 0.109853 
0 ,0 ,0, 1 
0.719572 ,-0.693904 ,-0.0267065, -0.555375 
-0.694379 ,-0.719407 ,-0.0170985, 0.0843587 
-0.00734809 ,0.030848 ,-0.999497, 0.109879 
0 ,0 ,0, 1 
0.719566 ,-0.693911 ,-0.0266919, -0.555266 
-0.694385 ,-0.7194 ,-0.0171005, 0.084346 
-0.0073359 ,0.0308394 ,-0.999497, 0.109931 
0 ,0 ,0, 1 
0.719549 ,-0.693929 ,-0.0266848, -0.555164 
-0.694403 ,-0.719383 ,-0.0171015, 0.0843437 
-0.00732936 ,0.0308354 ,-0.999498, 0.109985 
0 ,0 ,0, 1 
0.719527 ,-0.693954 ,-0.0266182, -0.555039 
-0.694426 ,-0.71936 ,-0.0171103, 0.0843409 
-0.00727429 ,0.0307957 ,-0.999499, 0.110011 
0 ,0 ,0, 1 
0.719518 ,-0.693965 ,-0.0265941, -0.554926 
-0.694436 ,-0.719351 ,-0.0171112, 0.0843297 
-0.00725592 ,0.0307797 ,-0.9995, 0.110059 
0 ,0 ,0, 1 
0.719511 ,-0.693972 ,-0.0265702, -0.55482 
-0.694443 ,-0.719344 ,-0.0171131, 0.0843182 
-0.00723707 ,0.0307646 ,-0.9995, 0.110104 
0 ,0 ,0, 1 
0.71949 ,-0.693995 ,-0.026563, -0.554703 
-0.694465 ,-0.719323 ,-0.0171126, 0.0843157 
-0.00723135 ,0.0307595 ,-0.999501, 0.110167 
0 ,0 ,0, 1 
0.719466 ,-0.69402 ,-0.0265394, -0.554589 
-0.69449 ,-0.719299 ,-0.0171142, 0.0843159 
-0.00721216 ,0.0307444 ,-0.999501, 0.110215 
0 ,0 ,0, 1 
0.719458 ,-0.69403 ,-0.026499, -0.554466 
-0.694499 ,-0.71929 ,-0.0171184, 0.0843033 
-0.0071798 ,0.0307195 ,-0.999502, 0.110258 
0 ,0 ,0, 1 
0.71945 ,-0.694035 ,-0.0265922, -0.55438 
-0.694507 ,-0.719283 ,-0.0171011, 0.0842955 
-0.00725857 ,0.0307719 ,-0.9995, 0.110372 
0 ,0 ,0, 1 
0.719429 ,-0.694058 ,-0.0265557, -0.554266 
-0.694528 ,-0.719262 ,-0.017104, 0.0842937 
-0.00722928 ,0.0307488 ,-0.999501, 0.110412 
0 ,0 ,0, 1 
0.719405 ,-0.694086 ,-0.0264703, -0.554137 
-0.694554 ,-0.719237 ,-0.0171149, 0.0842924 
-0.00715918 ,0.0306975 ,-0.999503, 0.110427 
0 ,0 ,0, 1 
0.719398 ,-0.694095 ,-0.0264237, -0.554016 
-0.694562 ,-0.719229 ,-0.0171213, 0.0842777 
-0.00712089 ,0.0306699 ,-0.999504, 0.110465 
0 ,0 ,0, 1 
0.71939 ,-0.694105 ,-0.0263934, -0.553902 
-0.69457 ,-0.719221 ,-0.0171251, 0.0842648 
-0.00709604 ,0.0306517 ,-0.999505, 0.11051 
0 ,0 ,0, 1 
0.719372 ,-0.694124 ,-0.0263694, -0.553784 
-0.694589 ,-0.719203 ,-0.0171244, 0.0842626 
-0.00707851 ,0.0306347 ,-0.999506, 0.110561 
0 ,0 ,0, 1 
0.71935 ,-0.694147 ,-0.0263579, -0.553667 
-0.694611 ,-0.719181 ,-0.0171218, 0.0842618 
-0.00707106 ,0.030625 ,-0.999506, 0.110619 
0 ,0 ,0, 1 
0.719343 ,-0.694156 ,-0.0263045, -0.553544 
-0.694619 ,-0.719174 ,-0.0171265, 0.0842492 
-0.00702906 ,0.0305915 ,-0.999507, 0.110654 
0 ,0 ,0, 1 
0.719337 ,-0.694165 ,-0.0262658, -0.553416 
-0.694626 ,-0.719167 ,-0.01713, 0.0842344 
-0.00699845 ,0.0305672 ,-0.999508, 0.1107 
0 ,0 ,0, 1 
0.719313 ,-0.69419 ,-0.0262381, -0.553298 
-0.694651 ,-0.719143 ,-0.017131, 0.0842349 
-0.00697676 ,0.0305489 ,-0.999509, 0.110748 
0 ,0 ,0, 1 
0.719293 ,-0.694212 ,-0.0262126, -0.553177 
-0.694672 ,-0.719123 ,-0.0171319, 0.0842319 
-0.00695691 ,0.0305321 ,-0.99951, 0.1108 
0 ,0 ,0, 1 
0.719288 ,-0.694219 ,-0.0261473, -0.553035 
-0.694677 ,-0.719117 ,-0.0171404, 0.0842141 
-0.00690375 ,0.0304928 ,-0.999511, 0.110837 
0 ,0 ,0, 1 
0.719279 ,-0.694227 ,-0.0261984, -0.55294 
-0.694686 ,-0.719109 ,-0.0171274, 0.0842073 
-0.00694923 ,0.0305191 ,-0.99951, 0.110926 
0 ,0 ,0, 1 
0.719256 ,-0.694254 ,-0.0261395, -0.552807 
-0.694711 ,-0.719085 ,-0.0171333, 0.0842054 
-0.00690164 ,0.0304826 ,-0.999511, 0.110961 
0 ,0 ,0, 1 
0.719238 ,-0.694273 ,-0.026118, -0.55268 
-0.69473 ,-0.719066 ,-0.0171339, 0.0842007 
-0.00688499 ,0.0304684 ,-0.999512, 0.111019 
0 ,0 ,0, 1 
0.719229 ,-0.69428 ,-0.0261557, -0.55258 
-0.694738 ,-0.719059 ,-0.0171257, 0.084191 
-0.00691747 ,0.0304886 ,-0.999511, 0.111101 
0 ,0 ,0, 1 
0.719222 ,-0.694291 ,-0.0260558, -0.552435 
-0.694746 ,-0.719051 ,-0.0171384, 0.0841749 
-0.00683639 ,0.0304285 ,-0.999514, 0.111116 
0 ,0 ,0, 1 
0.719205 ,-0.69431 ,-0.0260343, -0.552311 
-0.694764 ,-0.719033 ,-0.017139, 0.08417 
-0.00681975 ,0.0304142 ,-0.999514, 0.111172 
0 ,0 ,0, 1 
0.719187 ,-0.69433 ,-0.0260118, -0.552186 
-0.694783 ,-0.719015 ,-0.0171398, 0.0841649 
-0.00680227 ,0.0303993 ,-0.999515, 0.111227 
0 ,0 ,0, 1 
0.719172 ,-0.694346 ,-0.0259867, -0.552055 
-0.694799 ,-0.719 ,-0.0171412, 0.084156 
-0.00678252 ,0.030383 ,-0.999515, 0.111284 
0 ,0 ,0, 1 
0.719161 ,-0.694358 ,-0.0259567, -0.551929 
-0.694811 ,-0.718988 ,-0.0171446, 0.0841448 
-0.00675804 ,0.0303647 ,-0.999516, 0.111336 
0 ,0 ,0, 1 
0.719149 ,-0.694372 ,-0.0259198, -0.551802 
-0.694823 ,-0.718976 ,-0.0171471, 0.0841344 
-0.00672924 ,0.030341 ,-0.999517, 0.111383 
0 ,0 ,0, 1 
0.719128 ,-0.694395 ,-0.0258783, -0.551658 
-0.694845 ,-0.718955 ,-0.0171504, 0.0841285 
-0.00669612 ,0.0303147 ,-0.999518, 0.111436 
0 ,0 ,0, 1 
0.71911 ,-0.694414 ,-0.0258864, -0.551541 
-0.694864 ,-0.718936 ,-0.0171486, 0.0841245 
-0.00670245 ,0.0303192 ,-0.999518, 0.111507 
0 ,0 ,0, 1 
0.7191 ,-0.694427 ,-0.0258215, -0.551402 
-0.694875 ,-0.718926 ,-0.0171575, 0.084109 
-0.0066491 ,0.0302807 ,-0.999519, 0.111541 
0 ,0 ,0, 1 
0.719089 ,-0.694439 ,-0.0257939, -0.551268 
-0.694886 ,-0.718915 ,-0.0171616, 0.0840951 
-0.00662595 ,0.0302645 ,-0.99952, 0.111598 
0 ,0 ,0, 1 
0.719068 ,-0.694459 ,-0.0258598, -0.551168 
-0.694908 ,-0.718894 ,-0.0171483, 0.0840959 
-0.00668168 ,0.0303009 ,-0.999519, 0.111698 
0 ,0 ,0, 1 
0.719051 ,-0.694478 ,-0.025807, -0.551035 
-0.694926 ,-0.718877 ,-0.0171557, 0.0840872 
-0.00663784 ,0.0302698 ,-0.99952, 0.111738 
0 ,0 ,0, 1 
0.719034 ,-0.694496 ,-0.0257883, -0.550903 
-0.694943 ,-0.71886 ,-0.0171569, 0.0840795 
-0.0066228 ,0.0302578 ,-0.99952, 0.111799 
0 ,0 ,0, 1 
0.71902 ,-0.694512 ,-0.0257553, -0.55077 
-0.694958 ,-0.718846 ,-0.0171588, 0.0840704 
-0.00659708 ,0.0302364 ,-0.999521, 0.111851 
0 ,0 ,0, 1 
0.718998 ,-0.694536 ,-0.0257207, -0.550636 
-0.694981 ,-0.718824 ,-0.0171559, 0.0840675 
-0.00657328 ,0.0302104 ,-0.999522, 0.111904 
0 ,0 ,0, 1 
0.718976 ,-0.694561 ,-0.0256607, -0.550487 
-0.695004 ,-0.718801 ,-0.0171536, 0.0840642 
-0.00653067 ,0.0301673 ,-0.999524, 0.111946 
0 ,0 ,0, 1 
0.718966 ,-0.694571 ,-0.0256762, -0.550364 
-0.695015 ,-0.718791 ,-0.0171531, 0.084052 
-0.00654182 ,0.0301778 ,-0.999523, 0.112025 
0 ,0 ,0, 1 
0.718956 ,-0.694584 ,-0.0256158, -0.550217 
-0.695025 ,-0.71878 ,-0.0171635, 0.0840359 
-0.00649065 ,0.0301434 ,-0.999525, 0.112068 
0 ,0 ,0, 1 
0.718928 ,-0.694612 ,-0.0256233, -0.550096 
-0.695054 ,-0.718753 ,-0.0171456, 0.0840422 
-0.00650731 ,0.030136 ,-0.999525, 0.112141 
0 ,0 ,0, 1 
0.718911 ,-0.694631 ,-0.025599, -0.549959 
-0.695072 ,-0.718736 ,-0.0171439, 0.0840339 
-0.00649024 ,0.0301182 ,-0.999525, 0.112201 
0 ,0 ,0, 1 
0.7189 ,-0.694644 ,-0.0255528, -0.54982 
-0.695084 ,-0.718724 ,-0.0171521, 0.0840198 
-0.00645085 ,0.030092 ,-0.999526, 0.112247 
0 ,0 ,0, 1 
0.718889 ,-0.694656 ,-0.0255155, -0.549686 
-0.695095 ,-0.718713 ,-0.0171594, 0.0840058 
-0.0064184 ,0.0300714 ,-0.999527, 0.112297 
0 ,0 ,0, 1 
0.718863 ,-0.694683 ,-0.0255238, -0.549556 
-0.695122 ,-0.718687 ,-0.0171483, 0.0840057 
-0.00643099 ,0.0300695 ,-0.999527, 0.112375 
0 ,0 ,0, 1 
0.718842 ,-0.694706 ,-0.0254997, -0.549419 
-0.695144 ,-0.718666 ,-0.0171402, 0.0840035 
-0.00641837 ,0.030047 ,-0.999528, 0.112436 
0 ,0 ,0, 1 
0.718831 ,-0.694719 ,-0.0254536, -0.54928 
-0.695156 ,-0.718654 ,-0.0171483, 0.0839887 
-0.0063791 ,0.0300209 ,-0.999529, 0.112482 
0 ,0 ,0, 1 
0.718821 ,-0.69473 ,-0.0254214, -0.549133 
-0.695166 ,-0.718644 ,-0.0171554, 0.0839718 
-0.00635059 ,0.0300038 ,-0.99953, 0.112542 
0 ,0 ,0, 1 
0.718807 ,-0.694746 ,-0.0253997, -0.549002 
-0.695181 ,-0.71863 ,-0.0171546, 0.0839629 
-0.00633487 ,0.0299882 ,-0.99953, 0.112601 
0 ,0 ,0, 1 
0.718774 ,-0.694783 ,-0.0253177, -0.548842 
-0.695216 ,-0.718596 ,-0.0171508, 0.0839665 
-0.00627711 ,0.0299288 ,-0.999532, 0.112634 
0 ,0 ,0, 1 
0.718761 ,-0.694797 ,-0.0253155, -0.548709 
-0.695229 ,-0.718583 ,-0.0171518, 0.0839547 
-0.00627433 ,0.0299281 ,-0.999532, 0.112707 
0 ,0 ,0, 1 
0.71875 ,-0.694807 ,-0.0253401, -0.548587 
-0.69524 ,-0.718573 ,-0.0171499, 0.0839425 
-0.00629284 ,0.029944 ,-0.999532, 0.112791 
0 ,0 ,0, 1 
0.718735 ,-0.694824 ,-0.025301, -0.548449 
-0.695256 ,-0.718558 ,-0.0171538, 0.0839322 
-0.00626135 ,0.0299197 ,-0.999533, 0.112842 
0 ,0 ,0, 1 
0.718703 ,-0.694857 ,-0.0253017, -0.548313 
-0.695289 ,-0.718526 ,-0.0171348, 0.0839397 
-0.00627366 ,0.0299068 ,-0.999533, 0.112917 
0 ,0 ,0, 1 
0.718691 ,-0.694869 ,-0.0252932, -0.548179 
-0.695301 ,-0.718514 ,-0.0171362, 0.0839272 
-0.0062661 ,0.029902 ,-0.999533, 0.112986 
0 ,0 ,0, 1 
0.718682 ,-0.694881 ,-0.0252402, -0.548039 
-0.695311 ,-0.718504 ,-0.0171434, 0.0839131 
-0.00622257 ,0.0298705 ,-0.999534, 0.113028 
0 ,0 ,0, 1 
0.718668 ,-0.694896 ,-0.0252119, -0.547891 
-0.695326 ,-0.71849 ,-0.0171474, 0.083899 
-0.00619884 ,0.0298538 ,-0.999535, 0.113091 
0 ,0 ,0, 1 
0.718634 ,-0.694931 ,-0.0252332, -0.547759 
-0.695361 ,-0.718457 ,-0.0171268, 0.0839076 
-0.00622702 ,0.029854 ,-0.999535, 0.113177 
0 ,0 ,0, 1 
0.718623 ,-0.694944 ,-0.0251824, -0.547614 
-0.695373 ,-0.718445 ,-0.0171319, 0.0838943 
-0.00618646 ,0.0298226 ,-0.999536, 0.113224 
0 ,0 ,0, 1 
0.718611 ,-0.694957 ,-0.0251426, -0.547458 
-0.695385 ,-0.718433 ,-0.0171398, 0.0838773 
-0.00615183 ,0.0298006 ,-0.999537, 0.113284 
0 ,0 ,0, 1 
0.718598 ,-0.694972 ,-0.0251059, -0.547317 
-0.695399 ,-0.71842 ,-0.0171428, 0.0838653 
-0.00612285 ,0.0297774 ,-0.999538, 0.113337 
0 ,0 ,0, 1 
0.718569 ,-0.695004 ,-0.0250526, -0.547163 
-0.695429 ,-0.71839 ,-0.0171336, 0.0838678 
-0.00608963 ,0.029734 ,-0.999539, 0.113386 
0 ,0 ,0, 1 
0.718555 ,-0.695019 ,-0.0250534, -0.547021 
-0.695444 ,-0.718377 ,-0.0171293, 0.0838571 
-0.00609254 ,0.0297316 ,-0.999539, 0.113465 
0 ,0 ,0, 1 
0.71854 ,-0.695031 ,-0.0251184, -0.546916 
-0.695458 ,-0.718363 ,-0.0171206, 0.0838495 
-0.00614479 ,0.0297706 ,-0.999538, 0.113566 
0 ,0 ,0, 1 
0.718523 ,-0.69505 ,-0.0251036, -0.546761 
-0.695476 ,-0.718345 ,-0.0171187, 0.0838404 
-0.00613468 ,0.0297591 ,-0.999538, 0.11364 
0 ,0 ,0, 1 
0.718488 ,-0.695085 ,-0.025143, -0.546633 
-0.695512 ,-0.718311 ,-0.0170986, 0.0838493 
-0.00617552 ,0.0297724 ,-0.999538, 0.113736 
0 ,0 ,0, 1 
0.71847 ,-0.695106 ,-0.0250715, -0.546484 
-0.695532 ,-0.718292 ,-0.0171023, 0.0838413 
-0.00612074 ,0.0297255 ,-0.999539, 0.11377 
0 ,0 ,0, 1 
0.71846 ,-0.695119 ,-0.0249845, -0.546316 
-0.695542 ,-0.718282 ,-0.0171154, 0.0838213 
-0.00604871 ,0.0296745 ,-0.999541, 0.113805 
0 ,0 ,0, 1 
0.718447 ,-0.695132 ,-0.0250063, -0.546182 
-0.695556 ,-0.718269 ,-0.0171105, 0.0838109 
-0.00606722 ,0.0296862 ,-0.999541, 0.113893 
0 ,0 ,0, 1 
0.718421 ,-0.695159 ,-0.0250057, -0.546044 
-0.695582 ,-0.718243 ,-0.0171029, 0.0838101 
-0.00607089 ,0.0296806 ,-0.999541, 0.113968 
0 ,0 ,0, 1 
0.718392 ,-0.695192 ,-0.0249265, -0.545879 
-0.695613 ,-0.718213 ,-0.0171018, 0.083809 
-0.00601353 ,0.0296249 ,-0.999543, 0.114005 
0 ,0 ,0, 1 
0.718376 ,-0.69521 ,-0.024884, -0.54572 
-0.695629 ,-0.718197 ,-0.0171074, 0.0837955 
-0.00597838 ,0.0295996 ,-0.999544, 0.114062 
0 ,0 ,0, 1 
0.718357 ,-0.695229 ,-0.0249133, -0.545602 
-0.695649 ,-0.718178 ,-0.0171027, 0.0837902 
-0.0060019 ,0.0296168 ,-0.999543, 0.114146 
0 ,0 ,0, 1 
0.718338 ,-0.69525 ,-0.0248613, -0.545441 
-0.695669 ,-0.718159 ,-0.0171047, 0.0837808 
-0.00596233 ,0.0295822 ,-0.999545, 0.114199 
0 ,0 ,0, 1 
0.718312 ,-0.695275 ,-0.024907, -0.545308 
-0.695695 ,-0.718134 ,-0.0170868, 0.0837802 
-0.00600653 ,0.0296013 ,-0.999544, 0.114302 
0 ,0 ,0, 1 
0.718298 ,-0.695291 ,-0.0248669, -0.54516 
-0.69571 ,-0.718119 ,-0.0170914, 0.0837674 
-0.00597393 ,0.0295768 ,-0.999545, 0.114356 
0 ,0 ,0, 1 
0.718268 ,-0.695322 ,-0.0248753, -0.545006 
-0.695741 ,-0.718089 ,-0.0170878, 0.0837659 
-0.00598114 ,0.0295804 ,-0.999545, 0.114443 
0 ,0 ,0, 1 
0.718256 ,-0.695336 ,-0.0248245, -0.544858 
-0.695754 ,-0.718077 ,-0.0170915, 0.0837521 
-0.00594157 ,0.0295478 ,-0.999546, 0.11449 
0 ,0 ,0, 1 
0.718234 ,-0.69536 ,-0.0247878, -0.544709 
-0.695777 ,-0.718055 ,-0.0170842, 0.0837469 
-0.00591933 ,0.0295173 ,-0.999547, 0.114547 
0 ,0 ,0, 1 
0.718209 ,-0.695386 ,-0.0247847, -0.544555 
-0.695802 ,-0.71803 ,-0.0170846, 0.0837409 
-0.00591578 ,0.0295156 ,-0.999547, 0.114628 
0 ,0 ,0, 1 
0.718186 ,-0.695409 ,-0.0247858, -0.544416 
-0.695826 ,-0.718008 ,-0.0170839, 0.0837351 
-0.00591609 ,0.0295161 ,-0.999547, 0.114703 
0 ,0 ,0, 1 
0.718177 ,-0.69542 ,-0.0247489, -0.544264 
-0.695836 ,-0.717998 ,-0.0170865, 0.0837182 
-0.00588733 ,0.0294923 ,-0.999548, 0.114761 
0 ,0 ,0, 1 
0.718153 ,-0.695445 ,-0.024729, -0.544112 
-0.69586 ,-0.717974 ,-0.0170782, 0.083714 
-0.00587786 ,0.0294727 ,-0.999548, 0.11483 
0 ,0 ,0, 1 
0.718121 ,-0.695478 ,-0.0247558, -0.543975 
-0.695894 ,-0.717942 ,-0.0170696, 0.0837189 
-0.00590172 ,0.0294854 ,-0.999548, 0.11492 
0 ,0 ,0, 1 
0.718106 ,-0.695495 ,-0.0247173, -0.543822 
-0.695909 ,-0.717927 ,-0.0170734, 0.0837061 
-0.00587075 ,0.0294616 ,-0.999549, 0.114977 
0 ,0 ,0, 1 
0.718098 ,-0.695503 ,-0.0247375, -0.543678 
-0.695918 ,-0.717919 ,-0.0170696, 0.0836874 
-0.00588758 ,0.0294729 ,-0.999548, 0.115068 
0 ,0 ,0, 1 
0.718079 ,-0.695522 ,-0.0247224, -0.543529 
-0.695937 ,-0.7179 ,-0.0170686, 0.0836781 
-0.0058766 ,0.0294619 ,-0.999549, 0.115138 
0 ,0 ,0, 1 
0.718043 ,-0.695561 ,-0.024685, -0.543368 
-0.695974 ,-0.717864 ,-0.0170683, 0.0836812 
-0.00584845 ,0.0294359 ,-0.99955, 0.115199 
0 ,0 ,0, 1 
0.718024 ,-0.695581 ,-0.0246679, -0.543213 
-0.695994 ,-0.717845 ,-0.0170615, 0.0836735 
-0.00584002 ,0.0294193 ,-0.99955, 0.115271 
0 ,0 ,0, 1 
0.718015 ,-0.695592 ,-0.0246025, -0.543053 
-0.696003 ,-0.717836 ,-0.0170692, 0.0836547 
-0.00578739 ,0.0293794 ,-0.999552, 0.115313 
0 ,0 ,0, 1 
0.717993 ,-0.695614 ,-0.0246381, -0.542919 
-0.696026 ,-0.717814 ,-0.0170616, 0.0836504 
-0.00581729 ,0.0293989 ,-0.999551, 0.115408 
0 ,0 ,0, 1 
0.717968 ,-0.69564 ,-0.0246475, -0.542772 
-0.696052 ,-0.717789 ,-0.0170568, 0.0836472 
-0.00582632 ,0.0294021 ,-0.999551, 0.115492 
0 ,0 ,0, 1 
0.717953 ,-0.695657 ,-0.0245926, -0.542613 
-0.696068 ,-0.717774 ,-0.0170576, 0.0836352 
-0.00578565 ,0.0293647 ,-0.999552, 0.115541 
0 ,0 ,0, 1 
0.71794 ,-0.695671 ,-0.0245933, -0.542469 
-0.696081 ,-0.717761 ,-0.0170492, 0.0836251 
-0.00579143 ,0.0293593 ,-0.999552, 0.115618 
0 ,0 ,0, 1 
0.71791 ,-0.695701 ,-0.0245833, -0.542318 
-0.696111 ,-0.717731 ,-0.0170454, 0.083624 
-0.00578567 ,0.0293498 ,-0.999552, 0.115692 
0 ,0 ,0, 1 
0.717886 ,-0.695728 ,-0.0245331, -0.542155 
-0.696137 ,-0.717707 ,-0.0170486, 0.0836183 
-0.00574641 ,0.0293174 ,-0.999554, 0.115745 
0 ,0 ,0, 1 
0.717874 ,-0.69574 ,-0.0245653, -0.54201 
-0.696149 ,-0.717695 ,-0.0170379, 0.0836054 
-0.00577649 ,0.0293322 ,-0.999553, 0.115844 
0 ,0 ,0, 1 
0.717855 ,-0.695761 ,-0.0245136, -0.541847 
-0.696169 ,-0.717676 ,-0.017039, 0.0835949 
-0.0057378 ,0.0292971 ,-0.999554, 0.115896 
0 ,0 ,0, 1 
0.717825 ,-0.695793 ,-0.0244755, -0.541686 
-0.6962 ,-0.717645 ,-0.017037, 0.0835947 
-0.00571047 ,0.0292694 ,-0.999555, 0.115956 
0 ,0 ,0, 1 
0.717801 ,-0.695819 ,-0.0244619, -0.541527 
-0.696225 ,-0.717621 ,-0.0170343, 0.0835872 
-0.00570156 ,0.0292582 ,-0.999556, 0.11603 
0 ,0 ,0, 1 
0.717783 ,-0.695838 ,-0.0244477, -0.541387 
-0.696244 ,-0.717604 ,-0.0170293, 0.0835804 
-0.00569413 ,0.0292449 ,-0.999556, 0.116095 
0 ,0 ,0, 1 
0.717759 ,-0.695862 ,-0.0244609, -0.54124 
-0.696268 ,-0.71758 ,-0.0170172, 0.0835773 
-0.00571097 ,0.0292456 ,-0.999556, 0.116182 
0 ,0 ,0, 1 
0.717738 ,-0.695883 ,-0.0244783, -0.541094 
-0.69629 ,-0.71756 ,-0.0170072, 0.0835715 
-0.00572963 ,0.0292507 ,-0.999556, 0.11627 
0 ,0 ,0, 1 
0.717718 ,-0.695905 ,-0.0244443, -0.540942 
-0.696311 ,-0.717539 ,-0.017006, 0.0835647 
-0.00570521 ,0.0292263 ,-0.999557, 0.116327 
0 ,0 ,0, 1 
0.717699 ,-0.695925 ,-0.024427, -0.540785 
-0.69633 ,-0.71752 ,-0.0169998, 0.0835575 
-0.00569633 ,0.02921 ,-0.999557, 0.116399 
0 ,0 ,0, 1 
0.717684 ,-0.695942 ,-0.0244078, -0.540632 
-0.696346 ,-0.717505 ,-0.0169944, 0.0835495 
-0.00568559 ,0.0291928 ,-0.999558, 0.116467 
0 ,0 ,0, 1 
0.717668 ,-0.695959 ,-0.0243766, -0.540472 
-0.696363 ,-0.717489 ,-0.0169896, 0.0835406 
-0.0056659 ,0.0291678 ,-0.999558, 0.11653 
0 ,0 ,0, 1 
0.717652 ,-0.695975 ,-0.0243891, -0.540318 
-0.696379 ,-0.717474 ,-0.0169816, 0.0835307 
-0.00567982 ,0.0291709 ,-0.999558, 0.11662 
0 ,0 ,0, 1 
0.71763 ,-0.695999 ,-0.0243582, -0.540159 
-0.696402 ,-0.717451 ,-0.0169748, 0.0835276 
-0.0056614 ,0.0291448 ,-0.999559, 0.116683 
0 ,0 ,0, 1 
0.717597 ,-0.696033 ,-0.0243365, -0.540012 
-0.696435 ,-0.717419 ,-0.0169627, 0.0835335 
-0.00565292 ,0.0291212 ,-0.99956, 0.116745 
0 ,0 ,0, 1 
0.717585 ,-0.696046 ,-0.0243358, -0.539862 
-0.696448 ,-0.717407 ,-0.0169611, 0.0835203 
-0.00565298 ,0.0291197 ,-0.99956, 0.116823 
0 ,0 ,0, 1 
0.717577 ,-0.696055 ,-0.0243199, -0.539708 
-0.696457 ,-0.717398 ,-0.0169621, 0.0835023 
-0.00564051 ,0.0291093 ,-0.99956, 0.116893 
0 ,0 ,0, 1 
0.71756 ,-0.696071 ,-0.0243666, -0.539572 
-0.696474 ,-0.717382 ,-0.0169533, 0.083494 
-0.00567942 ,0.0291357 ,-0.999559, 0.116994 
0 ,0 ,0, 1 
0.71752 ,-0.696111 ,-0.0243703, -0.539412 
-0.696515 ,-0.717342 ,-0.0169454, 0.0834999 
-0.00568593 ,0.0291329 ,-0.999559, 0.117079 
0 ,0 ,0, 1 
0.717506 ,-0.696124 ,-0.0244484, -0.539281 
-0.696529 ,-0.717329 ,-0.0169267, 0.0834912 
-0.00575443 ,0.029174 ,-0.999558, 0.117198 
0 ,0 ,0, 1 
0.7175 ,-0.696133 ,-0.0243548, -0.539115 
-0.696536 ,-0.717322 ,-0.0169447, 0.0834673 
-0.0056745 ,0.0291218 ,-0.99956, 0.117223 
0 ,0 ,0, 1 
0.717477 ,-0.696158 ,-0.0242941, -0.538943 
-0.696559 ,-0.717299 ,-0.0169548, 0.0834568 
-0.0056229 ,0.029087 ,-0.999561, 0.117272 
0 ,0 ,0, 1 
0.717443 ,-0.696192 ,-0.0243492, -0.538798 
-0.696594 ,-0.717265 ,-0.0169401, 0.0834605 
-0.00567129 ,0.0291151 ,-0.99956, 0.117382 
0 ,0 ,0, 1 
0.717427 ,-0.69621 ,-0.0242868, -0.53863 
-0.696611 ,-0.717249 ,-0.0169416, 0.0834477 
-0.00562484 ,0.0290728 ,-0.999561, 0.117429 
0 ,0 ,0, 1 
0.717424 ,-0.696214 ,-0.0242803, -0.538487 
-0.696614 ,-0.717246 ,-0.0169201, 0.0834408 
-0.005635 ,0.0290529 ,-0.999562, 0.1175 
0 ,0 ,0, 1 
0.7174 ,-0.696238 ,-0.0242942, -0.538339 
-0.696639 ,-0.717223 ,-0.0169186, 0.0834354 
-0.00564495 ,0.0290617 ,-0.999562, 0.117584 
0 ,0 ,0, 1 
0.717374 ,-0.696266 ,-0.0242508, -0.538177 
-0.696666 ,-0.717196 ,-0.0169201, 0.0834294 
-0.00561164 ,0.0290327 ,-0.999563, 0.117638 
0 ,0 ,0, 1 
0.717353 ,-0.696287 ,-0.0242899, -0.53803 
-0.696688 ,-0.717175 ,-0.0169064, 0.083423 
-0.00564836 ,0.0290503 ,-0.999562, 0.11774 
0 ,0 ,0, 1 
0.71734 ,-0.696299 ,-0.0242922, -0.537881 
-0.6967 ,-0.717164 ,-0.0169049, 0.0834093 
-0.00565056 ,0.0290509 ,-0.999562, 0.117817 
0 ,0 ,0, 1 
0.717323 ,-0.696317 ,-0.024298, -0.537726 
-0.696717 ,-0.717147 ,-0.0168923, 0.0834056 
-0.00566286 ,0.029046 ,-0.999562, 0.1179 
0 ,0 ,0, 1 
0.717295 ,-0.696346 ,-0.024273, -0.537568 
-0.696746 ,-0.717119 ,-0.0168821, 0.083406 
-0.00565086 ,0.0290216 ,-0.999563, 0.117965 
0 ,0 ,0, 1 
0.71728 ,-0.696364 ,-0.0242342, -0.537409 
-0.696763 ,-0.717103 ,-0.0168818, 0.083393 
-0.00562256 ,0.0289945 ,-0.999564, 0.118021 
0 ,0 ,0, 1 
0.717261 ,-0.696383 ,-0.02424, -0.537247 
-0.696782 ,-0.717084 ,-0.0168821, 0.0833811 
-0.00562571 ,0.0289988 ,-0.999564, 0.118106 
0 ,0 ,0, 1 
0.717241 ,-0.696403 ,-0.0242578, -0.537107 
-0.696803 ,-0.717064 ,-0.0168812, 0.083374 
-0.00563828 ,0.0290107 ,-0.999563, 0.118188 
0 ,0 ,0, 1 
0.717221 ,-0.696424 ,-0.0242413, -0.53696 
-0.696823 ,-0.717044 ,-0.0168684, 0.0833698 
-0.00563454 ,0.0289902 ,-0.999564, 0.118251 
0 ,0 ,0, 1 
0.7172 ,-0.696445 ,-0.0242602, -0.536804 
-0.696844 ,-0.717025 ,-0.0168544, 0.0833632 
-0.00565699 ,0.0289935 ,-0.999564, 0.118342 
0 ,0 ,0, 1 
0.717181 ,-0.696463 ,-0.0242837, -0.536665 
-0.696863 ,-0.717006 ,-0.0168492, 0.0833574 
-0.0056767 ,0.0290064 ,-0.999563, 0.118425 
0 ,0 ,0, 1 
0.717166 ,-0.69648 ,-0.0242654, -0.536504 
-0.69688 ,-0.71699 ,-0.016853, 0.0833436 
-0.00566027 ,0.0289965 ,-0.999564, 0.118494 
0 ,0 ,0, 1 
0.717142 ,-0.696502 ,-0.024326, -0.536363 
-0.696903 ,-0.716968 ,-0.0168282, 0.0833424 
-0.00572007 ,0.0290211 ,-0.999562, 0.118599 
0 ,0 ,0, 1 
0.717115 ,-0.696523 ,-0.0245456, -0.536313 
-0.69693 ,-0.716943 ,-0.016779, 0.0833566 
-0.00591085 ,0.0291391 ,-0.999558, 0.118657 
0 ,0 ,0, 1 
0.717096 ,-0.696543 ,-0.0245087, -0.536144 
-0.69695 ,-0.716924 ,-0.0167859, 0.0833443 
-0.0058788 ,0.0291185 ,-0.999559, 0.118729 
0 ,0 ,0, 1 
0.717082 ,-0.696559 ,-0.0244633, -0.535979 
-0.696964 ,-0.716909 ,-0.0167923, 0.0833297 
-0.00584119 ,0.0290915 ,-0.99956, 0.118803 
0 ,0 ,0, 1 
0.717066 ,-0.696578 ,-0.0244195, -0.535803 
-0.696981 ,-0.716893 ,-0.0167906, 0.0833174 
-0.00581022 ,0.0290599 ,-0.999561, 0.11888 
0 ,0 ,0, 1 
0.717037 ,-0.696607 ,-0.0244389, -0.535654 
-0.697011 ,-0.716864 ,-0.0167722, 0.0833198 
-0.00583573 ,0.0290604 ,-0.999561, 0.118978 
0 ,0 ,0, 1 
0.717017 ,-0.696629 ,-0.0244048, -0.535492 
-0.697032 ,-0.716844 ,-0.0167804, 0.0833083 
-0.00580468 ,0.0290427 ,-0.999561, 0.119047 
0 ,0 ,0, 1 
0.717006 ,-0.696641 ,-0.0243754, -0.535326 
-0.697043 ,-0.716833 ,-0.0167863, 0.0832908 
-0.00577909 ,0.0290266 ,-0.999562, 0.119118 
0 ,0 ,0, 1 
0.716989 ,-0.696658 ,-0.0243746, -0.535177 
-0.69706 ,-0.716816 ,-0.0167767, 0.0832828 
-0.00578448 ,0.0290193 ,-0.999562, 0.119201 
0 ,0 ,0, 1 
0.716958 ,-0.696692 ,-0.0243313, -0.535 
-0.697093 ,-0.716784 ,-0.0167729, 0.0832802 
-0.00575475 ,0.0289866 ,-0.999563, 0.119266 
0 ,0 ,0, 1 
0.716941 ,-0.696708 ,-0.0243592, -0.53485 
-0.69711 ,-0.716768 ,-0.0167697, 0.0832694 
-0.00577631 ,0.029004 ,-0.999563, 0.119363 
0 ,0 ,0, 1 
0.71693 ,-0.696721 ,-0.0243304, -0.534688 
-0.697122 ,-0.716757 ,-0.0167754, 0.0832518 
-0.00575124 ,0.028988 ,-0.999563, 0.119429 
0 ,0 ,0, 1 
0.716913 ,-0.696739 ,-0.0243011, -0.534521 
-0.697139 ,-0.716739 ,-0.0167754, 0.0832393 
-0.00572949 ,0.0289678 ,-0.999564, 0.119497 
0 ,0 ,0, 1 
0.716882 ,-0.69677 ,-0.0243356, -0.534393 
-0.697171 ,-0.716709 ,-0.0167549, 0.0832455 
-0.0057673 ,0.0289773 ,-0.999563, 0.119586 
0 ,0 ,0, 1 
0.716869 ,-0.696784 ,-0.0243209, -0.534231 
-0.697184 ,-0.716696 ,-0.0167604, 0.0832292 
-0.00575233 ,0.0289711 ,-0.999564, 0.119659 
0 ,0 ,0, 1 
0.716859 ,-0.696793 ,-0.0243631, -0.534088 
-0.697195 ,-0.716686 ,-0.0167592, 0.0832119 
-0.00578297 ,0.0289998 ,-0.999563, 0.119759 
0 ,0 ,0, 1 
0.716834 ,-0.696818 ,-0.024357, -0.533941 
-0.697219 ,-0.716662 ,-0.0167481, 0.0832101 
-0.00578535 ,0.0289878 ,-0.999563, 0.119832 
0 ,0 ,0, 1 
0.716805 ,-0.69685 ,-0.0243287, -0.533772 
-0.69725 ,-0.716632 ,-0.0167386, 0.0832099 
-0.00577045 ,0.0289615 ,-0.999564, 0.119899 
0 ,0 ,0, 1 
0.716795 ,-0.69686 ,-0.0243309, -0.533622 
-0.69726 ,-0.716623 ,-0.0167374, 0.083195 
-0.00577244 ,0.0289623 ,-0.999564, 0.119977 
0 ,0 ,0, 1 
0.716786 ,-0.69687 ,-0.0242942, -0.533462 
-0.69727 ,-0.716613 ,-0.0167421, 0.083178 
-0.00574249 ,0.0289402 ,-0.999565, 0.120035 
0 ,0 ,0, 1 
0.716772 ,-0.696883 ,-0.0243263, -0.533308 
-0.697283 ,-0.7166 ,-0.016735, 0.0831646 
-0.00576996 ,0.0289575 ,-0.999564, 0.120134 
0 ,0 ,0, 1 
0.716734 ,-0.696922 ,-0.0243573, -0.533167 
-0.697323 ,-0.716562 ,-0.0167093, 0.0831769 
-0.00580845 ,0.028961 ,-0.999564, 0.120224 
0 ,0 ,0, 1 
0.716721 ,-0.696936 ,-0.024337, -0.533014 
-0.697336 ,-0.716549 ,-0.0167096, 0.0831645 
-0.00579316 ,0.0289472 ,-0.999564, 0.120288 
0 ,0 ,0, 1 
0.716709 ,-0.696948 ,-0.0243194, -0.532856 
-0.697349 ,-0.716537 ,-0.016714, 0.0831489 
-0.00577695 ,0.0289382 ,-0.999565, 0.120357 
0 ,0 ,0, 1 
0.716692 ,-0.696965 ,-0.0243222, -0.532708 
-0.697366 ,-0.716521 ,-0.0167124, 0.0831386 
-0.00577938 ,0.0289392 ,-0.999564, 0.120433 
0 ,0 ,0, 1 
0.716656 ,-0.697001 ,-0.0243722, -0.532564 
-0.697403 ,-0.716485 ,-0.0166844, 0.0831479 
-0.00583326 ,0.0289542 ,-0.999564, 0.120537 
0 ,0 ,0, 1 
0.716642 ,-0.697015 ,-0.0243933, -0.532415 
-0.697417 ,-0.716472 ,-0.0166771, 0.0831362 
-0.00585293 ,0.0289638 ,-0.999563, 0.120625 
0 ,0 ,0, 1 
0.716628 ,-0.697027 ,-0.0244407, -0.532274 
-0.697431 ,-0.716458 ,-0.0166721, 0.0831245 
-0.00588983 ,0.0289934 ,-0.999562, 0.120725 
0 ,0 ,0, 1 
0.716613 ,-0.697045 ,-0.0243969, -0.532116 
-0.697447 ,-0.716442 ,-0.0166796, 0.0831117 
-0.00585257 ,0.0289684 ,-0.999563, 0.120776 
0 ,0 ,0, 1 
0.716595 ,-0.697065 ,-0.0243292, -0.531941 
-0.697466 ,-0.716424 ,-0.016681, 0.0830995 
-0.0058023 ,0.0289223 ,-0.999565, 0.12082 
0 ,0 ,0, 1 
0.716562 ,-0.697097 ,-0.0244, -0.531803 
-0.697499 ,-0.716392 ,-0.0166578, 0.0831036 
-0.00586789 ,0.0289553 ,-0.999563, 0.120934 
0 ,0 ,0, 1 
0.716547 ,-0.697113 ,-0.0243785, -0.531644 
-0.697514 ,-0.716377 ,-0.0166599, 0.0830924 
-0.00585037 ,0.0289419 ,-0.999564, 0.121 
0 ,0 ,0, 1 
0.716538 ,-0.697124 ,-0.0243216, -0.53148 
-0.697524 ,-0.716367 ,-0.0166663, 0.0830762 
-0.00580479 ,0.0289069 ,-0.999565, 0.121045 
0 ,0 ,0, 1 
0.716533 ,-0.697128 ,-0.024367, -0.53135 
-0.697529 ,-0.716363 ,-0.0166546, 0.0830614 
-0.00584523 ,0.0289303 ,-0.999564, 0.121141 
0 ,0 ,0, 1 
0.716489 ,-0.697173 ,-0.0243425, -0.53119 
-0.697574 ,-0.71632 ,-0.0166353, 0.0830755 
-0.00583933 ,0.0288997 ,-0.999565, 0.121205 
0 ,0 ,0, 1 
0.716464 ,-0.697199 ,-0.0243631, -0.531038 
-0.6976 ,-0.716295 ,-0.0166307, 0.0830712 
-0.00585629 ,0.028911 ,-0.999565, 0.121293 
0 ,0 ,0, 1 
0.716464 ,-0.697197 ,-0.0243882, -0.530899 
-0.697599 ,-0.716295 ,-0.016628, 0.0830489 
-0.00587616 ,0.0289265 ,-0.999564, 0.121379 
0 ,0 ,0, 1 
0.716459 ,-0.697202 ,-0.0244116, -0.53075 
-0.697604 ,-0.716291 ,-0.0166254, 0.083029 
-0.00589454 ,0.028941 ,-0.999564, 0.12147 
0 ,0 ,0, 1 
0.716414 ,-0.697251 ,-0.0243503, -0.530584 
-0.697651 ,-0.716245 ,-0.0166141, 0.0830427 
-0.00585661 ,0.0288906 ,-0.999565, 0.121514 
0 ,0 ,0, 1 
0.716383 ,-0.697282 ,-0.0243538, -0.530436 
-0.697682 ,-0.716215 ,-0.0166098, 0.0830418 
-0.00586081 ,0.0288902 ,-0.999565, 0.12159 
0 ,0 ,0, 1 
0.716383 ,-0.697282 ,-0.0243592, -0.530274 
-0.697683 ,-0.716214 ,-0.0166128, 0.0830162 
-0.00586261 ,0.0288961 ,-0.999565, 0.121676 
0 ,0 ,0, 1 
0.716378 ,-0.697286 ,-0.0243745, -0.530139 
-0.697688 ,-0.71621 ,-0.01661, 0.0829987 
-0.00587533 ,0.0289049 ,-0.999565, 0.121755 
0 ,0 ,0, 1 
0.716349 ,-0.697317 ,-0.0243559, -0.529983 
-0.697717 ,-0.716181 ,-0.0165994, 0.083002 
-0.00586816 ,0.0288845 ,-0.999566, 0.12182 
0 ,0 ,0, 1 
0.716308 ,-0.697358 ,-0.0243867, -0.529836 
-0.697759 ,-0.716141 ,-0.0165734, 0.083015 
-0.00590674 ,0.0288877 ,-0.999565, 0.121914 
0 ,0 ,0, 1 
0.716304 ,-0.697361 ,-0.0244097, -0.529701 
-0.697763 ,-0.716137 ,-0.016566, 0.0830001 
-0.00592822 ,0.0288985 ,-0.999565, 0.121996 
0 ,0 ,0, 1 
0.716297 ,-0.697369 ,-0.0243841, -0.529537 
-0.697771 ,-0.71613 ,-0.0165667, 0.0829833 
-0.00590907 ,0.0288812 ,-0.999565, 0.122063 
0 ,0 ,0, 1 
0.716282 ,-0.697383 ,-0.0244353, -0.529396 
-0.697785 ,-0.716116 ,-0.0165578, 0.0829716 
-0.00595137 ,0.0289107 ,-0.999564, 0.122166 
0 ,0 ,0, 1 
0.716242 ,-0.697425 ,-0.0244331, -0.529253 
-0.697827 ,-0.716075 ,-0.0165384, 0.0829838 
-0.00596166 ,0.0288956 ,-0.999565, 0.122234 
0 ,0 ,0, 1 
0.716231 ,-0.697435 ,-0.0244258, -0.529099 
-0.697838 ,-0.716065 ,-0.0165424, 0.0829663 
-0.00595326 ,0.0288934 ,-0.999565, 0.122308 
0 ,0 ,0, 1 
0.716221 ,-0.697447 ,-0.0244112, -0.52895 
-0.697848 ,-0.716054 ,-0.0165521, 0.0829471 
-0.00593558 ,0.0288903 ,-0.999565, 0.122375 
0 ,0 ,0, 1 
0.716207 ,-0.697461 ,-0.0243897, -0.528797 
-0.697863 ,-0.71604 ,-0.0165532, 0.0829353 
-0.00591875 ,0.0288762 ,-0.999565, 0.122438 
0 ,0 ,0, 1 
0.716169 ,-0.6975 ,-0.0244038, -0.52864 
-0.697901 ,-0.716003 ,-0.0165247, 0.0829473 
-0.00594723 ,0.028866 ,-0.999566, 0.122525 
0 ,0 ,0, 1 
0.716153 ,-0.697515 ,-0.024443, -0.528517 
-0.697917 ,-0.715988 ,-0.0165087, 0.0829434 
-0.00598582 ,0.0288819 ,-0.999565, 0.122612 
0 ,0 ,0, 1 
0.716151 ,-0.697518 ,-0.0244342, -0.528369 
-0.69792 ,-0.715986 ,-0.0165087, 0.0829249 
-0.0059794 ,0.0288759 ,-0.999565, 0.122681 
0 ,0 ,0, 1 
0.716144 ,-0.697524 ,-0.0244609, -0.528227 
-0.697927 ,-0.715979 ,-0.016502, 0.0829093 
-0.00600295 ,0.0288897 ,-0.999565, 0.122768 
0 ,0 ,0, 1 
0.716121 ,-0.697549 ,-0.0244018, -0.52807 
-0.69795 ,-0.715956 ,-0.0164978, 0.0829057 
-0.00596259 ,0.0288456 ,-0.999566, 0.122811 
0 ,0 ,0, 1 
0.716094 ,-0.697577 ,-0.0244157, -0.527912 
-0.697978 ,-0.715929 ,-0.0164804, 0.0829056 
-0.0059836 ,0.0288431 ,-0.999566, 0.1229 
0 ,0 ,0, 1 
0.716085 ,-0.697585 ,-0.0244431, -0.527775 
-0.697988 ,-0.71592 ,-0.016473, 0.0828943 
-0.00600799 ,0.028857 ,-0.999565, 0.122986 
0 ,0 ,0, 1 
0.716073 ,-0.697599 ,-0.0244017, -0.527624 
-0.698 ,-0.715908 ,-0.0164793, 0.0828798 
-0.00597344 ,0.0288328 ,-0.999566, 0.123035 
0 ,0 ,0, 1 
0.716046 ,-0.697625 ,-0.0244309, -0.527483 
-0.698027 ,-0.715882 ,-0.016466, 0.0828796 
-0.00600252 ,0.0288438 ,-0.999566, 0.123125 
0 ,0 ,0, 1 
0.71601 ,-0.697663 ,-0.0244064, -0.527333 
-0.698064 ,-0.715846 ,-0.0164522, 0.0828878 
-0.00599316 ,0.0288172 ,-0.999567, 0.123183 
0 ,0 ,0, 1 
0.716007 ,-0.697666 ,-0.0244128, -0.527193 
-0.698067 ,-0.715843 ,-0.0164567, 0.0828661 
-0.00599444 ,0.0288249 ,-0.999566, 0.123256 
0 ,0 ,0, 1 
0.716003 ,-0.697669 ,-0.0244665, -0.52706 
-0.698071 ,-0.715839 ,-0.0164517, 0.082847 
-0.00603627 ,0.0288588 ,-0.999565, 0.123359 
0 ,0 ,0, 1 
0.715984 ,-0.697689 ,-0.0244244, -0.526908 
-0.698091 ,-0.71582 ,-0.0164553, 0.0828377 
-0.00600281 ,0.0288322 ,-0.999566, 0.12341 
0 ,0 ,0, 1 
0.715948 ,-0.697726 ,-0.0244365, -0.526766 
-0.698128 ,-0.715785 ,-0.0164372, 0.0828455 
-0.00602259 ,0.028828 ,-0.999566, 0.123488 
0 ,0 ,0, 1 
0.715941 ,-0.697733 ,-0.0244336, -0.526622 
-0.698135 ,-0.715778 ,-0.0164394, 0.0828268 
-0.0060187 ,0.0288276 ,-0.999566, 0.123558 
0 ,0 ,0, 1 
0.715937 ,-0.697739 ,-0.0244007, -0.526476 
-0.698139 ,-0.715773 ,-0.0164458, 0.0828082 
-0.00599048 ,0.0288092 ,-0.999567, 0.12361 
0 ,0 ,0, 1 
0.715917 ,-0.697757 ,-0.0244446, -0.526336 
-0.698159 ,-0.715754 ,-0.0164361, 0.0828016 
-0.00602798 ,0.0288331 ,-0.999566, 0.123713 
0 ,0 ,0, 1 
0.715878 ,-0.697798 ,-0.024422, -0.526182 
-0.698199 ,-0.715715 ,-0.0164172, 0.0828126 
-0.00602327 ,0.0288042 ,-0.999567, 0.12378 
0 ,0 ,0, 1 
0.715868 ,-0.697809 ,-0.0244076, -0.526033 
-0.698209 ,-0.715705 ,-0.0164171, 0.0827984 
-0.00601264 ,0.0287941 ,-0.999567, 0.123851 
0 ,0 ,0, 1 
0.715863 ,-0.697815 ,-0.0243763, -0.525885 
-0.698215 ,-0.7157 ,-0.0164236, 0.0827793 
-0.00598552 ,0.0287769 ,-0.999568, 0.123916 
0 ,0 ,0, 1 
0.715858 ,-0.697822 ,-0.0243281, -0.525728 
-0.69822 ,-0.715694 ,-0.0164306, 0.0827602 
-0.00594585 ,0.0287484 ,-0.999569, 0.123978 
0 ,0 ,0, 1 
0.71583 ,-0.69785 ,-0.0243431, -0.525577 
-0.698249 ,-0.715667 ,-0.016408, 0.0827647 
-0.00597127 ,0.0287429 ,-0.999569, 0.124076 
0 ,0 ,0, 1 
0.715806 ,-0.697875 ,-0.0243238, -0.525425 
-0.698273 ,-0.715643 ,-0.0163952, 0.0827655 
-0.00596536 ,0.0287205 ,-0.99957, 0.124158 
0 ,0 ,0, 1 
0.715795 ,-0.697887 ,-0.0243232, -0.525268 
-0.698285 ,-0.715632 ,-0.0164031, 0.0827461 
-0.00595891 ,0.0287258 ,-0.99957, 0.124254 
0 ,0 ,0, 1 
0.715786 ,-0.697896 ,-0.0243225, -0.525123 
-0.698294 ,-0.715623 ,-0.0164074, 0.0827289 
-0.00595507 ,0.0287284 ,-0.99957, 0.124341 
0 ,0 ,0, 1 
0.715774 ,-0.697912 ,-0.0242037, -0.524957 
-0.698307 ,-0.715609 ,-0.0164279, 0.0827101 
-0.00585521 ,0.0286603 ,-0.999572, 0.124355 
0 ,0 ,0, 1 
0.715742 ,-0.697946 ,-0.0242071, -0.524811 
-0.698341 ,-0.715578 ,-0.0164077, 0.0827167 
-0.00587036 ,0.0286484 ,-0.999572, 0.124434 
0 ,0 ,0, 1 
0.715737 ,-0.69795 ,-0.0242232, -0.524663 
-0.698345 ,-0.715574 ,-0.0163818, 0.0827113 
-0.00589981 ,0.0286412 ,-0.999572, 0.124526 
0 ,0 ,0, 1 
0.715725 ,-0.697963 ,-0.0241823, -0.524516 
-0.698357 ,-0.715562 ,-0.0163907, 0.082697 
-0.00586387 ,0.0286191 ,-0.999573, 0.124578 
0 ,0 ,0, 1 
0.715712 ,-0.697978 ,-0.024153, -0.524366 
-0.698371 ,-0.715548 ,-0.0163998, 0.0826805 
-0.00583592 ,0.0286053 ,-0.999574, 0.124639 
0 ,0 ,0, 1 
0.715679 ,-0.698012 ,-0.0241509, -0.524226 
-0.698405 ,-0.715515 ,-0.0163855, 0.082686 
-0.00584311 ,0.0285938 ,-0.999574, 0.124713 
0 ,0 ,0, 1 
0.715664 ,-0.698028 ,-0.0241341, -0.52409 
-0.69842 ,-0.7155 ,-0.0163853, 0.0826763 
-0.00583055 ,0.0285821 ,-0.999574, 0.124779 
0 ,0 ,0, 1 
0.71566 ,-0.698031 ,-0.0241394, -0.523948 
-0.698424 ,-0.715496 ,-0.0163877, 0.0826565 
-0.00583253 ,0.0285875 ,-0.999574, 0.124856 
0 ,0 ,0, 1 
0.715652 ,-0.698039 ,-0.0241696, -0.523819 
-0.698432 ,-0.715488 ,-0.0163861, 0.0826415 
-0.00585488 ,0.0286076 ,-0.999574, 0.124943 
0 ,0 ,0, 1 
0.715635 ,-0.698057 ,-0.0241634, -0.523677 
-0.69845 ,-0.715471 ,-0.016384, 0.0826315 
-0.00585124 ,0.0286019 ,-0.999574, 0.125015 
0 ,0 ,0, 1 
0.715603 ,-0.69809 ,-0.0241385, -0.523526 
-0.698483 ,-0.715439 ,-0.0163745, 0.0826338 
-0.00583881 ,0.028578 ,-0.999575, 0.125076 
0 ,0 ,0, 1 
0.715597 ,-0.698096 ,-0.0241355, -0.523404 
-0.698489 ,-0.715433 ,-0.016376, 0.0826195 
-0.00583533 ,0.028577 ,-0.999575, 0.125135 
0 ,0 ,0, 1 
0.715589 ,-0.698106 ,-0.0241091, -0.523261 
-0.698497 ,-0.715425 ,-0.0163817, 0.0826031 
-0.00581211 ,0.0285627 ,-0.999575, 0.125191 
0 ,0 ,0, 1 
0.715578 ,-0.698115 ,-0.0241391, -0.523132 
-0.698508 ,-0.715415 ,-0.0163754, 0.082592 
-0.00583756 ,0.0285793 ,-0.999574, 0.125273 
0 ,0 ,0, 1 
0.715545 ,-0.698149 ,-0.0241462, -0.522999 
-0.698542 ,-0.715382 ,-0.0163585, 0.0825989 
-0.00585309 ,0.0285724 ,-0.999575, 0.125341 
0 ,0 ,0, 1 
0.715529 ,-0.698167 ,-0.0241168, -0.522858 
-0.698559 ,-0.715366 ,-0.0163587, 0.0825901 
-0.00583119 ,0.0285521 ,-0.999575, 0.125392 
0 ,0 ,0, 1 
0.715522 ,-0.698173 ,-0.0241335, -0.522727 
-0.698565 ,-0.715359 ,-0.0163598, 0.0825733 
-0.00584214 ,0.0285646 ,-0.999575, 0.125468 
0 ,0 ,0, 1 
0.715516 ,-0.698178 ,-0.0241783, -0.522614 
-0.698572 ,-0.715353 ,-0.0163541, 0.0825602 
-0.00587794 ,0.0285919 ,-0.999574, 0.125553 
0 ,0 ,0, 1 
0.715504 ,-0.698191 ,-0.0241551, -0.522481 
-0.698584 ,-0.715341 ,-0.0163544, 0.0825493 
-0.00586064 ,0.0285759 ,-0.999574, 0.125603 
0 ,0 ,0, 1 
0.715469 ,-0.698225 ,-0.0242028, -0.522354 
-0.69862 ,-0.715307 ,-0.0163312, 0.0825582 
-0.00590955 ,0.028593 ,-0.999574, 0.125695 
0 ,0 ,0, 1 
0.715461 ,-0.698232 ,-0.0242428, -0.522238 
-0.698627 ,-0.715299 ,-0.0163278, 0.0825439 
-0.00594031 ,0.0286186 ,-0.999573, 0.125777 
0 ,0 ,0, 1 
0.715454 ,-0.698241 ,-0.0241912, -0.522091 
-0.698635 ,-0.715292 ,-0.0163392, 0.0825252 
-0.00589507 ,0.0285908 ,-0.999574, 0.125816 
0 ,0 ,0, 1 
0.715443 ,-0.698251 ,-0.0242214, -0.521974 
-0.698646 ,-0.715281 ,-0.0163391, 0.0825126 
-0.00591629 ,0.0286119 ,-0.999573, 0.125891 
0 ,0 ,0, 1 
0.715427 ,-0.698267 ,-0.0242351, -0.521849 
-0.698662 ,-0.715266 ,-0.0163314, 0.0825064 
-0.00593085 ,0.0286161 ,-0.999573, 0.125961 
0 ,0 ,0, 1 
0.715398 ,-0.698298 ,-0.0241891, -0.521703 
-0.698692 ,-0.715236 ,-0.0163256, 0.0825074 
-0.00590082 ,0.02858 ,-0.999574, 0.126004 
0 ,0 ,0, 1 
0.715391 ,-0.698303 ,-0.0242652, -0.521596 
-0.698699 ,-0.715229 ,-0.0163171, 0.0824951 
-0.00596087 ,0.0286271 ,-0.999572, 0.126103 
0 ,0 ,0, 1 
0.715382 ,-0.698313 ,-0.024258, -0.521469 
-0.698708 ,-0.71522 ,-0.0163188, 0.082482 
-0.00595423 ,0.0286234 ,-0.999573, 0.12616 
0 ,0 ,0, 1 
0.715373 ,-0.698322 ,-0.0242391, -0.521329 
-0.698717 ,-0.715211 ,-0.0163247, 0.0824644 
-0.00593617 ,0.0286146 ,-0.999573, 0.126216 
0 ,0 ,0, 1 
0.715347 ,-0.698346 ,-0.0243145, -0.52123 
-0.698743 ,-0.715187 ,-0.0163004, 0.0824709 
-0.00600611 ,0.02865 ,-0.999571, 0.126311 
0 ,0 ,0, 1 
0.715325 ,-0.698369 ,-0.024288, -0.521093 
-0.698766 ,-0.715165 ,-0.0162976, 0.0824668 
-0.00598819 ,0.0286298 ,-0.999572, 0.126361 
0 ,0 ,0, 1 
0.71532 ,-0.698376 ,-0.0242576, -0.52096 
-0.698772 ,-0.715159 ,-0.0163057, 0.082449 
-0.00596059 ,0.0286143 ,-0.999573, 0.126409 
0 ,0 ,0, 1 
0.715312 ,-0.698381 ,-0.0243345, -0.520853 
-0.698779 ,-0.715152 ,-0.0162966, 0.0824366 
-0.00602163 ,0.0286617 ,-0.999571, 0.126514 
0 ,0 ,0, 1 
0.715306 ,-0.69839 ,-0.0242777, -0.520706 
-0.698786 ,-0.715145 ,-0.0163059, 0.0824189 
-0.00597421 ,0.0286287 ,-0.999572, 0.126553 
0 ,0 ,0, 1 
0.715278 ,-0.698419 ,-0.0242423, -0.520566 
-0.698814 ,-0.715117 ,-0.0163024, 0.0824192 
-0.0059502 ,0.0286016 ,-0.999573, 0.126605 
0 ,0 ,0, 1 
0.715255 ,-0.698442 ,-0.0242478, -0.520435 
-0.698838 ,-0.715095 ,-0.0162963, 0.0824157 
-0.00595751 ,0.0286013 ,-0.999573, 0.126687 
0 ,0 ,0, 1 
0.715249 ,-0.698452 ,-0.0241509, -0.520275 
-0.698845 ,-0.715087 ,-0.0163154, 0.0823947 
-0.00587446 ,0.0285473 ,-0.999575, 0.126728 
0 ,0 ,0, 1 
0.715241 ,-0.698462 ,-0.0240942, -0.520129 
-0.698853 ,-0.715079 ,-0.0163275, 0.0823773 
-0.00582506 ,0.0285164 ,-0.999576, 0.126782 
0 ,0 ,0, 1 
0.715233 ,-0.698472 ,-0.0240674, -0.519984 
-0.698862 ,-0.71507 ,-0.0163329, 0.0823617 
-0.0058018 ,0.0285016 ,-0.999577, 0.126863 
0 ,0 ,0, 1 
0.715201 ,-0.698507 ,-0.0239902, -0.519822 
-0.698895 ,-0.715038 ,-0.016331, 0.0823633 
-0.00574661 ,0.0284466 ,-0.999579, 0.126928 
0 ,0 ,0, 1 
0.715189 ,-0.698526 ,-0.0237734, -0.519601 
-0.698909 ,-0.715024 ,-0.0163644, 0.0823398 
-0.0055676 ,0.0283191 ,-0.999583, 0.126969 
0 ,0 ,0, 1 
0.71518 ,-0.698535 ,-0.0237915, -0.519472 
-0.698918 ,-0.715015 ,-0.0163647, 0.0823253 
-0.00557996 ,0.028332 ,-0.999583, 0.127046 
0 ,0 ,0, 1 
0.715171 ,-0.698546 ,-0.0237627, -0.519339 
-0.698928 ,-0.715005 ,-0.0163697, 0.082312 
-0.00555544 ,0.0283156 ,-0.999584, 0.127091 
0 ,0 ,0, 1 
0.715158 ,-0.698561 ,-0.0237059, -0.519203 
-0.698941 ,-0.714992 ,-0.016378, 0.0823007 
-0.00550853 ,0.0282819 ,-0.999585, 0.127127 
0 ,0 ,0, 1 
0.715121 ,-0.698599 ,-0.0236965, -0.51907 
-0.698979 ,-0.714955 ,-0.0163622, 0.0823115 
-0.0055113 ,0.0282643 ,-0.999585, 0.127188 
0 ,0 ,0, 1 
0.715107 ,-0.698612 ,-0.0237278, -0.518955 
-0.698993 ,-0.714941 ,-0.0163563, 0.0823036 
-0.00553726 ,0.0282821 ,-0.999585, 0.127267 
0 ,0 ,0, 1 
0.715098 ,-0.698624 ,-0.0236541, -0.51881 
-0.699002 ,-0.714932 ,-0.0163706, 0.0822866 
-0.00547414 ,0.0282409 ,-0.999586, 0.1273 
0 ,0 ,0, 1 
0.71509 ,-0.698632 ,-0.0236495, -0.518675 
-0.699011 ,-0.714924 ,-0.0163729, 0.0822718 
-0.00546902 ,0.0282394 ,-0.999586, 0.127382 
0 ,0 ,0, 1 
0.715078 ,-0.698646 ,-0.0235834, -0.518535 
-0.699023 ,-0.714911 ,-0.0163806, 0.0822601 
-0.00541578 ,0.0281988 ,-0.999588, 0.127421 
0 ,0 ,0, 1 
0.715073 ,-0.698727 ,-0.0212497, -0.517257 
-0.699041 ,-0.714889 ,-0.0166048, 0.0821596 
-0.00358891 ,0.026728 ,-0.999636, 0.127194 
0 ,0 ,0, 1 
0.714996 ,-0.698817 ,-0.0208809, -0.516993 
-0.699121 ,-0.71481 ,-0.0166397, 0.0821801 
-0.00329779 ,0.0264956 ,-0.999644, 0.127107 
0 ,0 ,0, 1 
0.714963 ,-0.69884 ,-0.0212464, -0.517061 
-0.699154 ,-0.714779 ,-0.0165973, 0.0822056 
-0.00358761 ,0.026721 ,-0.999636, 0.127297 
0 ,0 ,0, 1 
0.714972 ,-0.698821 ,-0.021553, -0.517104 
-0.699142 ,-0.714791 ,-0.0165543, 0.0822014 
-0.00383738 ,0.0269045 ,-0.999631, 0.127467 
0 ,0 ,0, 1 
0.714973 ,-0.69882 ,-0.0215312, -0.516998 
-0.699141 ,-0.714791 ,-0.0165638, 0.08218 
-0.0038152 ,0.026896 ,-0.999631, 0.127502 
0 ,0 ,0, 1 
0.714963 ,-0.698825 ,-0.0217051, -0.516952 
-0.699151 ,-0.714783 ,-0.0165382, 0.0821782 
-0.00395718 ,0.0269994 ,-0.999628, 0.127629 
0 ,0 ,0, 1 
0.714948 ,-0.698838 ,-0.0217717, -0.516882 
-0.699166 ,-0.714768 ,-0.0165309, 0.0821751 
-0.00400932 ,0.0270408 ,-0.999626, 0.1277 
0 ,0 ,0, 1 
0.714937 ,-0.698851 ,-0.0217063, -0.516758 
-0.699177 ,-0.714757 ,-0.0165449, 0.082162 
-0.0039523 ,0.0270052 ,-0.999627, 0.127716 
0 ,0 ,0, 1 
0.714934 ,-0.698856 ,-0.0216565, -0.516644 
-0.699181 ,-0.714753 ,-0.0165566, 0.0821438 
-0.00390837 ,0.0269787 ,-0.999628, 0.127738 
0 ,0 ,0, 1 
0.714923 ,-0.698867 ,-0.021692, -0.516561 
-0.699192 ,-0.714742 ,-0.0165545, 0.0821351 
-0.00393477 ,0.027002 ,-0.999628, 0.127796 
0 ,0 ,0, 1 
0.714908 ,-0.698882 ,-0.0216984, -0.516456 
-0.699208 ,-0.714727 ,-0.0165553, 0.0821286 
-0.00393824 ,0.0270072 ,-0.999627, 0.127847 
0 ,0 ,0, 1 
0.714885 ,-0.698905 ,-0.0217225, -0.516356 
-0.699231 ,-0.714704 ,-0.0165477, 0.0821285 
-0.00395989 ,0.0270187 ,-0.999627, 0.127906 
0 ,0 ,0, 1 
0.714867 ,-0.698923 ,-0.0217339, -0.516259 
-0.699249 ,-0.714687 ,-0.0165392, 0.0821259 
-0.00397325 ,0.0270207 ,-0.999627, 0.127956 
0 ,0 ,0, 1 
0.714854 ,-0.698937 ,-0.0217154, -0.516154 
-0.699263 ,-0.714673 ,-0.0165457, 0.0821165 
-0.003955 ,0.0270125 ,-0.999627, 0.127992 
0 ,0 ,0, 1 
0.714832 ,-0.698959 ,-0.0217149, -0.516054 
-0.699285 ,-0.714652 ,-0.0165492, 0.0821132 
-0.00395145 ,0.0270148 ,-0.999627, 0.128036 
0 ,0 ,0, 1 
0.714829 ,-0.69896 ,-0.0217614, -0.515977 
-0.699288 ,-0.714649 ,-0.0165434, 0.0821017 
-0.00398857 ,0.0270432 ,-0.999626, 0.128098 
0 ,0 ,0, 1 
0.71482 ,-0.69897 ,-0.0217419, -0.51587 
-0.699297 ,-0.71464 ,-0.016546, 0.0820896 
-0.00397248 ,0.0270315 ,-0.999627, 0.128135 
0 ,0 ,0, 1 
0.714786 ,-0.699005 ,-0.021764, -0.515776 
-0.699332 ,-0.714606 ,-0.0165344, 0.0821002 
-0.00399502 ,0.0270388 ,-0.999626, 0.12819 
0 ,0 ,0, 1 
0.714768 ,-0.699021 ,-0.0218436, -0.515699 
-0.69935 ,-0.714588 ,-0.016525, 0.0820979 
-0.00405788 ,0.0270878 ,-0.999625, 0.128272 
0 ,0 ,0, 1 
0.714766 ,-0.699024 ,-0.0217986, -0.515589 
-0.699352 ,-0.714586 ,-0.0165338, 0.0820804 
-0.00401942 ,0.0270627 ,-0.999626, 0.128294 
0 ,0 ,0, 1 
0.714763 ,-0.699026 ,-0.0218368, -0.515501 
-0.699355 ,-0.714583 ,-0.0165297, 0.0820672 
-0.00404949 ,0.0270865 ,-0.999625, 0.128357 
0 ,0 ,0, 1 
0.714732 ,-0.699054 ,-0.0219401, -0.515427 
-0.699386 ,-0.714553 ,-0.0165074, 0.0820783 
-0.00413783 ,0.027143 ,-0.999623, 0.128452 
0 ,0 ,0, 1 
0.714699 ,-0.699092 ,-0.0218059, -0.515292 
-0.69942 ,-0.71452 ,-0.0165201, 0.0820812 
-0.00403167 ,0.0270584 ,-0.999626, 0.128429 
0 ,0 ,0, 1 
0.714698 ,-0.699092 ,-0.0218648, -0.515217 
-0.699421 ,-0.714519 ,-0.0165146, 0.0820676 
-0.00407755 ,0.0270957 ,-0.999625, 0.128499 
0 ,0 ,0, 1 
0.714696 ,-0.699093 ,-0.0218892, -0.515133 
-0.699423 ,-0.714517 ,-0.0165144, 0.0820542 
-0.00409508 ,0.0271126 ,-0.999624, 0.128551 
0 ,0 ,0, 1 
0.714678 ,-0.699112 ,-0.0218381, -0.515017 
-0.699441 ,-0.714499 ,-0.0165234, 0.0820467 
-0.00405157 ,0.0270834 ,-0.999625, 0.128571 
0 ,0 ,0, 1 
0.714658 ,-0.69913 ,-0.0219312, -0.514952 
-0.699462 ,-0.71448 ,-0.0165109, 0.0820497 
-0.00412616 ,0.0271396 ,-0.999623, 0.128656 
0 ,0 ,0, 1 
0.71465 ,-0.699139 ,-0.0219247, -0.514856 
-0.699471 ,-0.714471 ,-0.0165101, 0.0820394 
-0.0041217 ,0.0271347 ,-0.999623, 0.128695 
0 ,0 ,0, 1 
0.714638 ,-0.699153 ,-0.021883, -0.51475 
-0.699483 ,-0.714458 ,-0.0165138, 0.0820303 
-0.00408886 ,0.0271081 ,-0.999624, 0.128717 
0 ,0 ,0, 1 
0.714621 ,-0.699168 ,-0.0219393, -0.514673 
-0.6995 ,-0.714442 ,-0.0165072, 0.082028 
-0.00413307 ,0.0271429 ,-0.999623, 0.128784 
0 ,0 ,0, 1 
0.714602 ,-0.699187 ,-0.0219728, -0.514593 
-0.699519 ,-0.714423 ,-0.0165018, 0.0820298 
-0.00416002 ,0.0271626 ,-0.999622, 0.128839 
0 ,0 ,0, 1 
0.714596 ,-0.699192 ,-0.0219788, -0.514506 
-0.699525 ,-0.714417 ,-0.0164992, 0.0820196 
-0.00416593 ,0.0271649 ,-0.999622, 0.128882 
0 ,0 ,0, 1 
0.714585 ,-0.699203 ,-0.0219885, -0.514419 
-0.699537 ,-0.714406 ,-0.0164932, 0.0820138 
-0.00417666 ,0.0271675 ,-0.999622, 0.128926 
0 ,0 ,0, 1 
0.714565 ,-0.699223 ,-0.0220153, -0.514334 
-0.699557 ,-0.714387 ,-0.0164859, 0.0820149 
-0.00420014 ,0.0271812 ,-0.999622, 0.12898 
0 ,0 ,0, 1 
0.714545 ,-0.699241 ,-0.022074, -0.514262 
-0.699576 ,-0.714368 ,-0.0164787, 0.0820153 
-0.0042464 ,0.0272172 ,-0.99962, 0.129047 
0 ,0 ,0, 1 
0.71454 ,-0.699246 ,-0.0220918, -0.514176 
-0.699582 ,-0.714363 ,-0.0164758, 0.0820054 
-0.00426093 ,0.0272276 ,-0.99962, 0.129095 
0 ,0 ,0, 1 
0.714536 ,-0.699249 ,-0.0221113, -0.514094 
-0.699586 ,-0.714359 ,-0.0164751, 0.0819929 
-0.00427515 ,0.0272408 ,-0.99962, 0.129144 
0 ,0 ,0, 1 
0.714514 ,-0.699271 ,-0.022123, -0.514009 
-0.699608 ,-0.714337 ,-0.0164716, 0.0819938 
-0.00428514 ,0.0272466 ,-0.99962, 0.129188 
0 ,0 ,0, 1 
0.714495 ,-0.699289 ,-0.0221624, -0.513926 
-0.699627 ,-0.714318 ,-0.016464, 0.0819951 
-0.00431797 ,0.0272689 ,-0.999619, 0.129247 
0 ,0 ,0, 1 
0.714491 ,-0.699295 ,-0.0221412, -0.513838 
-0.699632 ,-0.714314 ,-0.0164684, 0.0819825 
-0.00429946 ,0.0272572 ,-0.999619, 0.129273 
0 ,0 ,0, 1 
0.714484 ,-0.699301 ,-0.0221486, -0.513756 
-0.699638 ,-0.714307 ,-0.0164684, 0.0819722 
-0.00430456 ,0.0272624 ,-0.999619, 0.129315 
0 ,0 ,0, 1 
0.714467 ,-0.699318 ,-0.0221558, -0.51367 
-0.699655 ,-0.714291 ,-0.0164667, 0.0819703 
-0.00431019 ,0.0272663 ,-0.999619, 0.129356 
0 ,0 ,0, 1 
0.714451 ,-0.699336 ,-0.0221122, -0.513592 
-0.699672 ,-0.714274 ,-0.0164787, 0.0819648 
-0.00427002 ,0.0272445 ,-0.99962, 0.129362 
0 ,0 ,0, 1 
