1.47426e+07 -1.16931e+07 8.13369e+06 -1.13566e+06 -2.00136e+06 -8378 
1.47426e+07 -1.16931e+07 8.13369e+06 -1.13566e+06 -2.00136e+06 -8378 
1.44145e+07 -1.19876e+07 8.10312e+06 -1.14619e+06 -1.9617e+06 30864 
1.45614e+07 -1.19882e+07 8.07601e+06 -1.17216e+06 -2.00412e+06 21387 
1.47432e+07 -1.17093e+07 8.1056e+06 -1.13943e+06 -2.00156e+06 -8838 
1.44052e+07 -1.19568e+07 8.07807e+06 -1.14607e+06 -1.95172e+06 27813 
1.44453e+07 -1.20757e+07 8.0251e+06 -1.1768e+06 -1.98172e+06 37419 
1.47345e+07 -1.17378e+07 7.96213e+06 -1.14091e+06 -2.01238e+06 -8778 
1.45359e+07 -1.18628e+07 8.11731e+06 -1.14032e+06 -1.96103e+06 19918 
1.43779e+07 -1.21798e+07 8.05144e+06 -1.18384e+06 -1.9648e+06 49321 
1.46522e+07 -1.18613e+07 8.00847e+06 -1.16847e+06 -2.0042e+06 10973 
1.46063e+07 -1.18104e+07 8.08055e+06 -1.13681e+06 -1.96983e+06 4927 
1.43374e+07 -1.20905e+07 8.09447e+06 -1.16143e+06 -1.94945e+06 44892 
1.45952e+07 -1.19876e+07 7.97421e+06 -1.18203e+06 -2.00027e+06 22933 
1.47069e+07 -1.176e+07 8.03987e+06 -1.14787e+06 -1.99103e+06 -1688 
1.44088e+07 -1.20045e+07 8.12077e+06 -1.15754e+06 -1.94964e+06 35211 
1.44628e+07 -1.20994e+07 7.96522e+06 -1.18244e+06 -1.98203e+06 34986 
1.47853e+07 -1.17062e+07 8.01936e+06 -1.14342e+06 -2.01208e+06 -8787 
1.45244e+07 -1.18875e+07 8.13957e+06 -1.14975e+06 -1.96543e+06 22012 
1.43961e+07 -1.21478e+07 8.03083e+06 -1.18755e+06 -1.96797e+06 42895 
1.47856e+07 -1.17536e+07 8.0306e+06 -1.15557e+06 -2.02172e+06 -1978 
1.4672e+07 -1.17147e+07 8.09267e+06 -1.13321e+06 -1.98522e+06 -5775 
1.44484e+07 -1.20917e+07 8.08487e+06 -1.1661e+06 -1.96705e+06 34398 
1.46677e+07 -1.19274e+07 8.05016e+06 -1.17668e+06 -2.01725e+06 10555 
1.47851e+07 -1.16885e+07 8.06473e+06 -1.14042e+06 -2.00679e+06 -9397 
1.44354e+07 -1.19966e+07 8.0921e+06 -1.15275e+06 -1.96251e+06 31711 
1.45658e+07 -1.19672e+07 8.02827e+06 -1.16575e+06 -2.00274e+06 20241 
1.47971e+07 -1.16365e+07 8.10196e+06 -1.12933e+06 -2.01402e+06 -16153 
1.45096e+07 -1.19618e+07 8.18271e+06 -1.15068e+06 -1.9654e+06 22838 
1.43915e+07 -1.21292e+07 8.02346e+06 -1.18821e+06 -1.97702e+06 40563 
1.47746e+07 -1.17208e+07 7.98906e+06 -1.14219e+06 -2.01713e+06 -6322 
1.45745e+07 -1.1823e+07 8.0786e+06 -1.13515e+06 -1.9707e+06 12077 
1.43652e+07 -1.21137e+07 8.00072e+06 -1.16648e+06 -1.96346e+06 41047 
1.46369e+07 -1.18285e+07 8.04595e+06 -1.16e+06 -2.00428e+06 10154 
1.46439e+07 -1.17925e+07 8.08396e+06 -1.14243e+06 -1.9774e+06 5441 
1.43627e+07 -1.21025e+07 8.10674e+06 -1.16309e+06 -1.9506e+06 45907 
1.45325e+07 -1.19982e+07 8.00999e+06 -1.17427e+06 -1.99446e+06 22299 
1.46754e+07 -1.17358e+07 8.08429e+06 -1.13878e+06 -1.99088e+06 -4105 
1.43496e+07 -1.20411e+07 8.18731e+06 -1.15924e+06 -1.94366e+06 37838 
1.44783e+07 -1.20506e+07 8.00031e+06 -1.1842e+06 -1.98565e+06 38727 
1.47393e+07 -1.17815e+07 8.04767e+06 -1.15558e+06 -1.99816e+06 -2345 
1.44544e+07 -1.1964e+07 8.10564e+06 -1.14849e+06 -1.9528e+06 23243 
1.44516e+07 -1.2076e+07 7.95803e+06 -1.17838e+06 -1.97857e+06 37394 
1.47185e+07 -1.18331e+07 8.03134e+06 -1.16172e+06 -2.00974e+06 -3951 
1.45526e+07 -1.18876e+07 8.06734e+06 -1.14962e+06 -1.96468e+06 17629 
1.43565e+07 -1.21674e+07 8.07376e+06 -1.18718e+06 -1.96383e+06 42893 
1.46634e+07 -1.18555e+07 8.04391e+06 -1.16428e+06 -2.01376e+06 3505 
1.47023e+07 -1.17398e+07 8.04793e+06 -1.13749e+06 -1.99045e+06 -5672 
1.44208e+07 -1.20305e+07 8.09711e+06 -1.15925e+06 -1.96327e+06 37483 
1.45365e+07 -1.19732e+07 8.05653e+06 -1.18105e+06 -2.00079e+06 17782 
1.47418e+07 -1.16869e+07 8.10833e+06 -1.13887e+06 -2.00266e+06 -11908 
1.44344e+07 -1.19616e+07 8.09404e+06 -1.14675e+06 -1.9608e+06 24227 
1.45682e+07 -1.198e+07 7.97513e+06 -1.16644e+06 -2.00291e+06 21536 
1.47507e+07 -1.17257e+07 7.99135e+06 -1.1504e+06 -2.01249e+06 -11299 
1.44712e+07 -1.19163e+07 8.07857e+06 -1.1435e+06 -1.96494e+06 17806 
1.44408e+07 -1.20992e+07 8.11746e+06 -1.18181e+06 -1.98145e+06 38122 
1.47569e+07 -1.17264e+07 8.05331e+06 -1.14248e+06 -2.01752e+06 -12033 
1.46078e+07 -1.18283e+07 8.07808e+06 -1.12825e+06 -1.97411e+06 9733 
1.43898e+07 -1.21237e+07 8.02579e+06 -1.17758e+06 -1.96794e+06 42240 
1.46376e+07 -1.18613e+07 8.04444e+06 -1.16322e+06 -2.00948e+06 3094 
1.46281e+07 -1.17337e+07 8.11029e+06 -1.13192e+06 -1.97516e+06 6431 
1.43495e+07 -1.20635e+07 8.08156e+06 -1.15673e+06 -1.95406e+06 41565 
1.46249e+07 -1.18777e+07 8.03656e+06 -1.16205e+06 -2.00519e+06 11275 
1.46703e+07 -1.1756e+07 8.10478e+06 -1.13939e+06 -1.98539e+06 11 
1.43665e+07 -1.21002e+07 8.08222e+06 -1.16425e+06 -1.9469e+06 44247 
1.44928e+07 -1.20056e+07 8.0428e+06 -1.17984e+06 -1.98887e+06 26775 
1.46992e+07 -1.17279e+07 8.0483e+06 -1.13998e+06 -1.99278e+06 -4729 
1.44193e+07 -1.19681e+07 8.12732e+06 -1.14544e+06 -1.9514e+06 33765 
1.44045e+07 -1.2087e+07 7.96623e+06 -1.18729e+06 -1.97549e+06 41463 
1.468e+07 -1.17936e+07 8.05928e+06 -1.15922e+06 -1.99918e+06 -799 
1.45166e+07 -1.18763e+07 8.06912e+06 -1.14258e+06 -1.95706e+06 23564 
1.44522e+07 -1.20658e+07 8.01307e+06 -1.17521e+06 -1.97985e+06 35870 
1.47178e+07 -1.17847e+07 8.02956e+06 -1.15666e+06 -2.01003e+06 -1870 
1.45458e+07 -1.18879e+07 8.10106e+06 -1.15101e+06 -1.96588e+06 13443 
1.43832e+07 -1.21542e+07 8.03539e+06 -1.18432e+06 -1.96589e+06 42359 
1.46766e+07 -1.18281e+07 7.99504e+06 -1.16504e+06 -2.01133e+06 169 
1.46379e+07 -1.17137e+07 8.08746e+06 -1.12904e+06 -1.98395e+06 -4761 
1.43822e+07 -1.20267e+07 8.08438e+06 -1.16366e+06 -1.96418e+06 36009 
1.45764e+07 -1.18856e+07 8.09424e+06 -1.17524e+06 -2.00793e+06 13422 
1.47112e+07 -1.16976e+07 8.08961e+06 -1.1381e+06 -1.99454e+06 -6648 
1.44298e+07 -1.19579e+07 8.09433e+06 -1.14237e+06 -1.9638e+06 26218 
1.46099e+07 -1.18672e+07 8.06812e+06 -1.16225e+06 -2.00776e+06 16528 
1.47259e+07 -1.16654e+07 8.05158e+06 -1.13385e+06 -2.00684e+06 -13226 
1.4447e+07 -1.19085e+07 8.13224e+06 -1.14225e+06 -1.95951e+06 24887 
1.44998e+07 -1.19983e+07 7.98809e+06 -1.1736e+06 -1.99049e+06 28652 
1.47376e+07 -1.16284e+07 8.01836e+06 -1.12436e+06 -2.01015e+06 -13089 
1.45242e+07 -1.18618e+07 8.11011e+06 -1.1371e+06 -1.96393e+06 19471 
1.43828e+07 -1.2125e+07 8.06378e+06 -1.18131e+06 -1.97214e+06 41853 
1.46598e+07 -1.17805e+07 8.04851e+06 -1.15328e+06 -2.0047e+06 348 
1.4527e+07 -1.18238e+07 8.07699e+06 -1.1315e+06 -1.96513e+06 11530 
1.43714e+07 -1.2097e+07 8.11778e+06 -1.16723e+06 -1.96225e+06 43180 
1.46113e+07 -1.19226e+07 8.0462e+06 -1.17516e+06 -2.00364e+06 12890 
1.45452e+07 -1.18773e+07 8.13482e+06 -1.14855e+06 -1.96172e+06 15576 
1.43046e+07 -1.21057e+07 8.13072e+06 -1.17199e+06 -1.95239e+06 46339 
1.46038e+07 -1.19359e+07 8.02058e+06 -1.17494e+06 -2.00075e+06 17802 
1.46524e+07 -1.17674e+07 8.08564e+06 -1.13484e+06 -1.98028e+06 -1097 
1.4318e+07 -1.21004e+07 8.12556e+06 -1.1771e+06 -1.9508e+06 45034 
1.45622e+07 -1.20166e+07 8.06594e+06 -1.18816e+06 -1.99856e+06 25010 
1.47273e+07 -1.17091e+07 8.09698e+06 -1.13913e+06 -1.99705e+06 -5187 
1.44456e+07 -1.19878e+07 8.0644e+06 -1.15259e+06 -1.95859e+06 28844 
1.45049e+07 -1.19947e+07 8.10194e+06 -1.17351e+06 -1.99295e+06 27697 
1.47121e+07 -1.16702e+07 8.02689e+06 -1.14703e+06 -2.0045e+06 -4998 
1.44161e+07 -1.19905e+07 8.1475e+06 -1.15769e+06 -1.96002e+06 27745 
1.44561e+07 -1.1993e+07 8.048e+06 -1.17909e+06 -1.98587e+06 33599 
1.47507e+07 -1.17007e+07 7.9928e+06 -1.14687e+06 -2.01537e+06 -11093 
1.45401e+07 -1.18056e+07 8.10151e+06 -1.1323e+06 -1.97227e+06 8236 
1.43916e+07 -1.2046e+07 8.0668e+06 -1.17321e+06 -1.97906e+06 35900 
1.46602e+07 -1.17723e+07 7.96445e+06 -1.16266e+06 -2.01326e+06 -1321 
1.46279e+07 -1.17034e+07 8.15141e+06 -1.12601e+06 -1.98365e+06 -1914 
1.43754e+07 -1.20123e+07 8.11046e+06 -1.16408e+06 -1.9677e+06 36156 
1.4637e+07 -1.18081e+07 8.06311e+06 -1.15418e+06 -2.01662e+06 2745 
1.46507e+07 -1.1682e+07 8.17366e+06 -1.12801e+06 -1.99205e+06 -6186 
1.43652e+07 -1.2021e+07 8.09021e+06 -1.15998e+06 -1.95485e+06 37881 
1.45117e+07 -1.1954e+07 8.09664e+06 -1.17148e+06 -1.99288e+06 25189 
1.47116e+07 -1.16675e+07 7.99544e+06 -1.13316e+06 -2.00074e+06 -10742 
1.44081e+07 -1.18819e+07 8.1013e+06 -1.13474e+06 -1.95275e+06 25919 
1.4432e+07 -1.20882e+07 8.01037e+06 -1.18602e+06 -1.97999e+06 40880 
1.46615e+07 -1.17617e+07 8.04762e+06 -1.15673e+06 -2.00184e+06 2166 
1.453e+07 -1.18228e+07 8.16924e+06 -1.13226e+06 -1.96044e+06 20210 
1.43203e+07 -1.21316e+07 8.06975e+06 -1.17563e+06 -1.95661e+06 43387 
1.46586e+07 -1.18596e+07 8.06032e+06 -1.16724e+06 -2.00695e+06 9928 
1.45926e+07 -1.17811e+07 8.04986e+06 -1.14206e+06 -1.97087e+06 8865 
1.43314e+07 -1.2135e+07 8.14756e+06 -1.17891e+06 -1.95017e+06 46927 
1.44832e+07 -1.19125e+07 7.97787e+06 -1.16987e+06 -1.99291e+06 18467 
1.46437e+07 -1.1753e+07 8.13323e+06 -1.14468e+06 -1.98725e+06 -2544 
1.4328e+07 -1.20418e+07 8.15085e+06 -1.17085e+06 -1.94414e+06 36408 
1.44398e+07 -1.19916e+07 8.08554e+06 -1.18082e+06 -1.98765e+06 31070 
1.47088e+07 -1.16858e+07 7.99293e+06 -1.14483e+06 -2.00751e+06 -8629 
1.45014e+07 -1.18684e+07 8.10692e+06 -1.14191e+06 -1.96676e+06 17344 
1.43592e+07 -1.20691e+07 8.05265e+06 -1.18948e+06 -1.97463e+06 39810 
1.47625e+07 -1.17636e+07 8.07152e+06 -1.15644e+06 -2.02049e+06 -3450 
1.46415e+07 -1.17144e+07 8.05837e+06 -1.12083e+06 -1.98233e+06 -1024 
1.43965e+07 -1.19908e+07 8.09122e+06 -1.16505e+06 -1.97579e+06 35435 
1.46343e+07 -1.18385e+07 8.09522e+06 -1.16824e+06 -2.02022e+06 4822 
1.46702e+07 -1.16845e+07 8.06117e+06 -1.13011e+06 -1.98903e+06 -2381 
1.43367e+07 -1.19757e+07 8.09338e+06 -1.15088e+06 -1.95726e+06 31597 
1.45633e+07 -1.18182e+07 8.03783e+06 -1.1542e+06 -2.00917e+06 7523 
1.4677e+07 -1.16347e+07 8.02884e+06 -1.13255e+06 -2.00157e+06 -8978 
1.43757e+07 -1.19736e+07 8.13188e+06 -1.15165e+06 -1.95186e+06 28672 
1.44059e+07 -1.1989e+07 8.04544e+06 -1.17335e+06 -1.98551e+06 31761 
1.46574e+07 -1.16312e+07 8.04883e+06 -1.13506e+06 -2.00217e+06 -7968 
1.44395e+07 -1.18276e+07 8.15088e+06 -1.1258e+06 -1.95753e+06 18645 
1.4286e+07 -1.20991e+07 8.0152e+06 -1.17933e+06 -1.96205e+06 44290 
1.45882e+07 -1.17964e+07 8.05824e+06 -1.16205e+06 -2.00143e+06 5726 
1.45074e+07 -1.17617e+07 8.05585e+06 -1.12951e+06 -1.95916e+06 13177 
1.42995e+07 -1.20677e+07 8.12714e+06 -1.16499e+06 -1.95276e+06 43713 
1.45652e+07 -1.18565e+07 8.04291e+06 -1.17248e+06 -1.99873e+06 15387 
1.45696e+07 -1.1755e+07 8.0917e+06 -1.14139e+06 -1.97027e+06 10052 
1.42569e+07 -1.20167e+07 8.08771e+06 -1.16946e+06 -1.94157e+06 45888 
1.45317e+07 -1.1889e+07 8.07037e+06 -1.16972e+06 -1.99714e+06 18565 
1.46269e+07 -1.16888e+07 8.11445e+06 -1.13795e+06 -1.98961e+06 -3982 
1.43559e+07 -1.19987e+07 8.14615e+06 -1.16271e+06 -1.95301e+06 34581 
1.43912e+07 -1.20202e+07 8.06749e+06 -1.18384e+06 -1.98235e+06 34843 
1.46841e+07 -1.17193e+07 8.13686e+06 -1.15034e+06 -2.00699e+06 -6063 
1.44954e+07 -1.17555e+07 8.09815e+06 -1.12946e+06 -1.9667e+06 11649 
1.43553e+07 -1.2036e+07 8.04752e+06 -1.17739e+06 -1.97477e+06 39127 
1.46269e+07 -1.1765e+07 8.03576e+06 -1.16222e+06 -2.01021e+06 -1966 
1.45608e+07 -1.16821e+07 8.14832e+06 -1.12845e+06 -1.97696e+06 1511 
1.43463e+07 -1.19685e+07 8.08709e+06 -1.1631e+06 -1.97049e+06 35488 
1.46043e+07 -1.17768e+07 8.00134e+06 -1.15312e+06 -2.01373e+06 2033 
1.46162e+07 -1.1622e+07 8.15421e+06 -1.11866e+06 -1.98769e+06 -7738 
1.42917e+07 -1.19569e+07 8.15293e+06 -1.15671e+06 -1.9524e+06 38304 
1.45104e+07 -1.18781e+07 8.09161e+06 -1.1668e+06 -2.00296e+06 21878 
1.46041e+07 -1.16556e+07 8.08804e+06 -1.13034e+06 -1.99155e+06 -6440 
1.43696e+07 -1.18947e+07 8.04141e+06 -1.13234e+06 -1.94596e+06 23268 
1.44053e+07 -1.19546e+07 8.03345e+06 -1.16638e+06 -1.98484e+06 32164 
1.45693e+07 -1.17556e+07 8.03139e+06 -1.15885e+06 -1.99538e+06 623 
1.43971e+07 -1.1856e+07 8.19033e+06 -1.13685e+06 -1.9465e+06 26552 
1.43518e+07 -1.20345e+07 8.12468e+06 -1.16846e+06 -1.96583e+06 44641 
1.45687e+07 -1.17359e+07 8.03189e+06 -1.15539e+06 -2.0012e+06 6275 
1.44431e+07 -1.18124e+07 8.15406e+06 -1.13638e+06 -1.9564e+06 15768 
1.42744e+07 -1.21084e+07 8.13343e+06 -1.18237e+06 -1.95241e+06 52306 
1.45872e+07 -1.18376e+07 8.02897e+06 -1.17096e+06 -1.99904e+06 10362 
1.46488e+07 -1.17226e+07 8.14619e+06 -1.12921e+06 -1.97703e+06 991 
1.42788e+07 -1.20107e+07 8.12837e+06 -1.16864e+06 -1.95113e+06 42678 
1.4474e+07 -1.20004e+07 7.98085e+06 -1.18531e+06 -1.99158e+06 25792 
1.45518e+07 -1.16334e+07 8.12765e+06 -1.14248e+06 -1.98954e+06 -2905 
1.44002e+07 -1.19384e+07 8.17464e+06 -1.14313e+06 -1.95277e+06 25372 
1.44396e+07 -1.19699e+07 8.00788e+06 -1.1738e+06 -1.99434e+06 25392 
1.46423e+07 -1.17097e+07 8.10496e+06 -1.15328e+06 -2.00701e+06 -6071 
1.44097e+07 -1.18056e+07 8.16566e+06 -1.13852e+06 -1.96171e+06 15717 
1.43711e+07 -1.1932e+07 8.06344e+06 -1.15879e+06 -1.97942e+06 31629 
1.46329e+07 -1.16657e+07 8.06551e+06 -1.14483e+06 -2.01508e+06 -10239 
1.45183e+07 -1.16918e+07 8.18307e+06 -1.11759e+06 -1.97447e+06 4578 
1.43163e+07 -1.20403e+07 8.13003e+06 -1.17278e+06 -1.9658e+06 41613 
1.45956e+07 -1.17778e+07 8.03181e+06 -1.15365e+06 -2.00686e+06 616 
1.4555e+07 -1.15977e+07 8.15931e+06 -1.11146e+06 -1.98097e+06 -4744 
1.42533e+07 -1.19799e+07 8.14056e+06 -1.15979e+06 -1.95004e+06 40300 
1.44102e+07 -1.18831e+07 8.03246e+06 -1.169e+06 -1.98984e+06 22546 
1.45784e+07 -1.16295e+07 8.07515e+06 -1.12863e+06 -1.98371e+06 -2446 
1.42791e+07 -1.19364e+07 8.08636e+06 -1.13915e+06 -1.94131e+06 28940 
1.43189e+07 -1.20025e+07 8.05411e+06 -1.17784e+06 -1.97556e+06 36650 
1.45761e+07 -1.17042e+07 8.12664e+06 -1.15207e+06 -1.99043e+06 2443 
1.43495e+07 -1.18227e+07 8.11876e+06 -1.1366e+06 -1.94129e+06 26457 
1.43031e+07 -1.20517e+07 8.03444e+06 -1.17631e+06 -1.95969e+06 41514 
1.45561e+07 -1.17132e+07 8.04483e+06 -1.14858e+06 -1.99825e+06 952 
1.43824e+07 -1.18511e+07 8.09538e+06 -1.14428e+06 -1.95303e+06 19095 
1.42026e+07 -1.20595e+07 8.13505e+06 -1.18763e+06 -1.96199e+06 48882 
1.45168e+07 -1.17588e+07 7.99166e+06 -1.16553e+06 -2.00951e+06 6080 
1.44704e+07 -1.16752e+07 8.1155e+06 -1.13772e+06 -1.98445e+06 1143 
1.41594e+07 -1.19693e+07 8.14267e+06 -1.18575e+06 -1.96899e+06 42578 
1.43174e+07 -1.17954e+07 8.05491e+06 -1.19427e+06 -2.01776e+06 15207 
1.44713e+07 -1.15196e+07 8.12507e+06 -1.14843e+06 -2.01458e+06 -6904 
1.41252e+07 -1.17276e+07 8.11872e+06 -1.16266e+06 -1.98219e+06 26954 
1.42734e+07 -1.17732e+07 8.18023e+06 -1.19298e+06 -2.03022e+06 21936 
1.44166e+07 -1.148e+07 8.12722e+06 -1.16968e+06 -2.04105e+06 -12531 
1.41634e+07 -1.16097e+07 8.21288e+06 -1.16066e+06 -2.00189e+06 14736 
1.41043e+07 -1.17679e+07 8.19668e+06 -1.19797e+06 -2.02784e+06 29000 
1.43746e+07 -1.14184e+07 8.11306e+06 -1.16982e+06 -2.06088e+06 -13998 
1.41779e+07 -1.15284e+07 8.2844e+06 -1.16384e+06 -2.01645e+06 9075 
1.3963e+07 -1.18249e+07 8.2831e+06 -1.21551e+06 -2.02312e+06 38615 
1.42051e+07 -1.14289e+07 8.18508e+06 -1.19043e+06 -2.06639e+06 -338 
1.41542e+07 -1.13981e+07 8.27462e+06 -1.16457e+06 -2.03904e+06 -6011 
1.38562e+07 -1.17031e+07 8.31175e+06 -1.20865e+06 -2.01896e+06 39638 
1.40438e+07 -1.15597e+07 8.21106e+06 -1.21839e+06 -2.0693e+06 17711 
1.40499e+07 -1.13624e+07 8.29237e+06 -1.19883e+06 -2.05279e+06 1211 
1.37762e+07 -1.16349e+07 8.33484e+06 -1.21422e+06 -2.01852e+06 39935 
1.39614e+07 -1.15637e+07 8.29692e+06 -1.22714e+06 -2.06843e+06 26846 
1.40834e+07 -1.12836e+07 8.26594e+06 -1.20183e+06 -2.07851e+06 -7163 
1.3771e+07 -1.15562e+07 8.37016e+06 -1.22028e+06 -2.02703e+06 33088 
1.37952e+07 -1.16339e+07 8.30192e+06 -1.25247e+06 -2.06234e+06 41041 
1.40099e+07 -1.13009e+07 8.33696e+06 -1.22488e+06 -2.09632e+06 -3039 
1.38589e+07 -1.13375e+07 8.35136e+06 -1.21312e+06 -2.06483e+06 14302 
1.36299e+07 -1.15457e+07 8.3943e+06 -1.25421e+06 -2.07048e+06 43179 
1.38982e+07 -1.12706e+07 8.30464e+06 -1.24859e+06 -2.11605e+06 2495 
1.37376e+07 -1.12424e+07 8.44299e+06 -1.22884e+06 -2.07674e+06 9670 
1.35662e+07 -1.15106e+07 8.45775e+06 -1.26024e+06 -2.0827e+06 36312 
1.38813e+07 -1.12231e+07 8.34766e+06 -1.24749e+06 -2.14014e+06 -3056 
1.37586e+07 -1.11718e+07 8.50168e+06 -1.24577e+06 -2.10804e+06 -24 
1.35867e+07 -1.15101e+07 8.47624e+06 -1.27574e+06 -2.09887e+06 37129 
1.3766e+07 -1.1237e+07 8.41364e+06 -1.26689e+06 -2.14862e+06 3449 
1.38097e+07 -1.10416e+07 8.44919e+06 -1.23379e+06 -2.13602e+06 -16220 
1.34062e+07 -1.12861e+07 8.57032e+06 -1.26258e+06 -2.10772e+06 27625 
1.35678e+07 -1.12651e+07 8.44359e+06 -1.29133e+06 -2.14881e+06 18350 
1.37082e+07 -1.09291e+07 8.52234e+06 -1.25015e+06 -2.16867e+06 -19067 
1.34521e+07 -1.11499e+07 8.5124e+06 -1.24938e+06 -2.12499e+06 12361 
1.34666e+07 -1.12567e+07 8.53553e+06 -1.28932e+06 -2.15441e+06 22164 
1.36181e+07 -1.09215e+07 8.56881e+06 -1.26918e+06 -2.17936e+06 -12771 
1.34109e+07 -1.10193e+07 8.67233e+06 -1.26742e+06 -2.14055e+06 8244 
1.32729e+07 -1.12775e+07 8.63061e+06 -1.30384e+06 -2.15499e+06 32285 
1.35048e+07 -1.09149e+07 8.66999e+06 -1.27882e+06 -2.20142e+06 -7927 
1.34022e+07 -1.09515e+07 8.64672e+06 -1.27807e+06 -2.16531e+06 1339 
1.30742e+07 -1.12122e+07 8.62049e+06 -1.3124e+06 -2.15374e+06 39206 
1.3297e+07 -1.09967e+07 8.6478e+06 -1.31726e+06 -2.20943e+06 12081 
1.34222e+07 -1.08201e+07 8.63332e+06 -1.28293e+06 -2.19796e+06 -9432 
1.30581e+07 -1.11514e+07 8.66462e+06 -1.30821e+06 -2.1629e+06 29779 
1.31012e+07 -1.11257e+07 8.66222e+06 -1.34892e+06 -2.20526e+06 26773 
1.32694e+07 -1.08041e+07 8.66823e+06 -1.31415e+06 -2.22361e+06 -10610 
1.30188e+07 -1.09701e+07 8.73078e+06 -1.32318e+06 -2.18377e+06 24326 
1.30081e+07 -1.10422e+07 8.66799e+06 -1.34787e+06 -2.22393e+06 25862 
1.31917e+07 -1.0735e+07 8.75636e+06 -1.33406e+06 -2.25511e+06 -12255 
1.30039e+07 -1.08455e+07 8.78261e+06 -1.33581e+06 -2.21729e+06 9528 
1.28148e+07 -1.0977e+07 8.79169e+06 -1.36679e+06 -2.23395e+06 27961 
1.31234e+07 -1.06975e+07 8.73187e+06 -1.35028e+06 -2.28487e+06 -12032 
1.29332e+07 -1.06277e+07 8.82095e+06 -1.33682e+06 -2.25744e+06 -3572 
1.27466e+07 -1.09278e+07 8.81521e+06 -1.37463e+06 -2.25541e+06 28623 
1.29407e+07 -1.06901e+07 8.86149e+06 -1.38094e+06 -2.30833e+06 -653 
1.29562e+07 -1.04818e+07 8.87896e+06 -1.34118e+06 -2.29326e+06 -22314 
1.26077e+07 -1.07664e+07 8.93483e+06 -1.37584e+06 -2.27784e+06 20728 
1.27458e+07 -1.06481e+07 8.91326e+06 -1.40291e+06 -2.32865e+06 9479 
1.28888e+07 -1.03319e+07 8.96479e+06 -1.35623e+06 -2.33292e+06 -24829 
1.25398e+07 -1.05597e+07 9.00014e+06 -1.37391e+06 -2.29438e+06 9309 
1.26123e+07 -1.05659e+07 8.95181e+06 -1.40484e+06 -2.34627e+06 10785 
1.27337e+07 -1.03748e+07 8.95654e+06 -1.39571e+06 -2.3609e+06 -20431 
1.24861e+07 -1.04507e+07 9.04968e+06 -1.39336e+06 -2.31468e+06 7065 
1.23682e+07 -1.05241e+07 9.02465e+06 -1.41762e+06 -2.33585e+06 22373 
1.26699e+07 -1.03172e+07 8.96604e+06 -1.40482e+06 -2.37503e+06 -16217 
1.24584e+07 -1.02805e+07 9.01554e+06 -1.3945e+06 -2.34614e+06 -9634 
1.21861e+07 -1.05919e+07 9.06239e+06 -1.44553e+06 -2.33456e+06 31075 
1.24108e+07 -1.03543e+07 8.99541e+06 -1.44641e+06 -2.38406e+06 6591 
1.2469e+07 -1.01426e+07 8.97419e+06 -1.40846e+06 -2.37346e+06 -17184 
1.21242e+07 -1.04146e+07 9.11895e+06 -1.43563e+06 -2.34604e+06 21438 
1.21226e+07 -1.04764e+07 9.01156e+06 -1.48097e+06 -2.38934e+06 24588 
1.23265e+07 -1.00913e+07 9.18977e+06 -1.44755e+06 -2.41324e+06 -15770 
1.20921e+07 -1.01854e+07 9.16854e+06 -1.44325e+06 -2.37549e+06 7752 
1.20427e+07 -1.03902e+07 9.08468e+06 -1.48092e+06 -2.3989e+06 22861 
1.2237e+07 -1.01096e+07 9.16362e+06 -1.47748e+06 -2.44009e+06 -12331 
1.21067e+07 -1.01096e+07 9.14074e+06 -1.47356e+06 -2.40036e+06 258 
1.18871e+07 -1.0304e+07 9.09427e+06 -1.50158e+06 -2.4028e+06 28251 
1.21321e+07 -9.99002e+06 9.06798e+06 -1.49281e+06 -2.46788e+06 -11780 
1.20922e+07 -9.86832e+06 9.18892e+06 -1.46959e+06 -2.44848e+06 -17506 
1.18059e+07 -1.01544e+07 9.11841e+06 -1.50994e+06 -2.42984e+06 22507 
1.19295e+07 -9.98024e+06 9.13498e+06 -1.5299e+06 -2.48098e+06 4688 
1.20476e+07 -9.81876e+06 9.17703e+06 -1.49924e+06 -2.4852e+06 -30325 
1.17736e+07 -9.95544e+06 9.29925e+06 -1.50198e+06 -2.45454e+06 6738 
1.17233e+07 -1.00534e+07 9.22321e+06 -1.54859e+06 -2.48998e+06 15032 
1.19421e+07 -9.7653e+06 9.212e+06 -1.53173e+06 -2.51893e+06 -27117 
1.17282e+07 -9.74672e+06 9.2909e+06 -1.50764e+06 -2.48123e+06 -7821 
1.15571e+07 -9.95258e+06 9.22998e+06 -1.55489e+06 -2.5001e+06 14917 
1.17472e+07 -9.70192e+06 9.14656e+06 -1.54947e+06 -2.54123e+06 -14675 
1.16451e+07 -9.60475e+06 9.33393e+06 -1.5358e+06 -2.51437e+06 -16435 
1.14094e+07 -9.79776e+06 9.29018e+06 -1.55151e+06 -2.50917e+06 12818 
1.15936e+07 -9.71456e+06 9.19427e+06 -1.5662e+06 -2.55285e+06 -6100 
1.16274e+07 -9.5619e+06 9.27061e+06 -1.54728e+06 -2.54417e+06 -22789 
1.12745e+07 -9.744e+06 9.30302e+06 -1.57252e+06 -2.51248e+06 16781 
1.13791e+07 -9.73217e+06 9.21853e+06 -1.59691e+06 -2.55527e+06 13918 
1.1515e+07 -9.35388e+06 9.22619e+06 -1.56606e+06 -2.58144e+06 -26894 
1.12577e+07 -9.53031e+06 9.41678e+06 -1.57777e+06 -2.54594e+06 5817 
1.10916e+07 -9.73739e+06 9.25796e+06 -1.62899e+06 -2.5643e+06 25354 
1.13952e+07 -9.35825e+06 9.26145e+06 -1.60807e+06 -2.60857e+06 -14633 
1.12249e+07 -9.3809e+06 9.39589e+06 -1.59592e+06 -2.57956e+06 -10280 
1.09402e+07 -9.58681e+06 9.3505e+06 -1.63236e+06 -2.58277e+06 22911 
1.11539e+07 -9.44995e+06 9.32618e+06 -1.6544e+06 -2.63282e+06 995 
1.11439e+07 -9.20905e+06 9.40362e+06 -1.62731e+06 -2.61828e+06 -14495 
1.0851e+07 -9.45437e+06 9.44325e+06 -1.64986e+06 -2.60859e+06 17464 
1.0971e+07 -9.33415e+06 9.42233e+06 -1.67267e+06 -2.66479e+06 -1357 
1.10467e+07 -9.10147e+06 9.46738e+06 -1.64662e+06 -2.66373e+06 -26449 
1.0749e+07 -9.33201e+06 9.59072e+06 -1.67896e+06 -2.64042e+06 13005 
1.07596e+07 -9.29427e+06 9.45561e+06 -1.70537e+06 -2.68774e+06 6653 
1.09682e+07 -8.95895e+06 9.44975e+06 -1.67085e+06 -2.71066e+06 -34582 
1.06223e+07 -9.0324e+06 9.56625e+06 -1.67548e+06 -2.67874e+06 -4967 
1.06209e+07 -9.2819e+06 9.543e+06 -1.73085e+06 -2.707e+06 11640 
1.08874e+07 -8.85472e+06 9.53523e+06 -1.70055e+06 -2.75116e+06 -28863 
1.06245e+07 -8.84514e+06 9.64145e+06 -1.69288e+06 -2.71224e+06 -14683 
1.04401e+07 -9.09485e+06 9.58529e+06 -1.72953e+06 -2.7252e+06 7108 
1.06215e+07 -8.80814e+06 9.66656e+06 -1.72739e+06 -2.77698e+06 -23478 
1.05639e+07 -8.73722e+06 9.71562e+06 -1.72073e+06 -2.74888e+06 -21260 
1.02257e+07 -8.89439e+06 9.7461e+06 -1.74751e+06 -2.73836e+06 14558 
1.03995e+07 -8.84761e+06 9.67533e+06 -1.77944e+06 -2.79369e+06 -8746 
1.04384e+07 -8.54074e+06 9.77896e+06 -1.73678e+06 -2.78934e+06 -32106 
1.01298e+07 -8.73576e+06 9.83342e+06 -1.76127e+06 -2.767e+06 7821 
1.01978e+07 -8.79531e+06 9.8369e+06 -1.80842e+06 -2.80768e+06 5751 
1.03341e+07 -8.43576e+06 9.87211e+06 -1.7862e+06 -2.83205e+06 -27353 
1.00259e+07 -8.56712e+06 9.90602e+06 -1.78732e+06 -2.79241e+06 -1244 
9.95727e+06 -8.72988e+06 9.91805e+06 -1.82677e+06 -2.82377e+06 12572 
1.01833e+07 -8.37951e+06 9.86082e+06 -1.8165e+06 -2.85625e+06 -21179 
1.00313e+07 -8.47781e+06 9.9539e+06 -1.81651e+06 -2.81629e+06 -3541 
9.78044e+06 -8.65479e+06 9.88106e+06 -1.84846e+06 -2.81935e+06 23499 
1.00539e+07 -8.44871e+06 9.76584e+06 -1.8436e+06 -2.8779e+06 -15751 
9.99729e+06 -8.23966e+06 9.90163e+06 -1.82536e+06 -2.85492e+06 -23088 
9.67032e+06 -8.50384e+06 9.85687e+06 -1.85991e+06 -2.83902e+06 16460 
9.76863e+06 -8.40282e+06 9.90197e+06 -1.89241e+06 -2.89338e+06 2304 
9.96246e+06 -8.13218e+06 9.92933e+06 -1.86128e+06 -2.90832e+06 -31784 
9.67075e+06 -8.23582e+06 1.00544e+07 -1.85996e+06 -2.87982e+06 -4074 
9.61508e+06 -8.33129e+06 9.97678e+06 -1.90435e+06 -2.91657e+06 6863 
9.79177e+06 -8.09416e+06 9.92625e+06 -1.89376e+06 -2.94698e+06 -28335 
9.65303e+06 -8.09204e+06 1.0023e+07 -1.88764e+06 -2.9119e+06 -12916 
9.4869e+06 -8.29914e+06 1.00046e+07 -1.91518e+06 -2.92132e+06 8985 
9.67449e+06 -8.01061e+06 9.97987e+06 -1.9095e+06 -2.97799e+06 -29288 
9.60271e+06 -7.87287e+06 1.01028e+07 -1.8906e+06 -2.96095e+06 -28128 
9.31698e+06 -8.20568e+06 1.00751e+07 -1.93578e+06 -2.94474e+06 9896 
9.46106e+06 -7.95663e+06 1.00293e+07 -1.94547e+06 -3.00095e+06 -13982 
9.54823e+06 -7.73453e+06 1.00945e+07 -1.9241e+06 -3.00378e+06 -38197 
9.22698e+06 -7.87901e+06 1.0197e+07 -1.92789e+06 -2.97234e+06 -5186 
9.26322e+06 -7.95554e+06 1.0114e+07 -1.96743e+06 -3.01563e+06 -3537 
9.47019e+06 -7.73483e+06 1.00605e+07 -1.94983e+06 -3.01702e+06 -34738 
9.21564e+06 -7.83375e+06 1.01725e+07 -1.94199e+06 -2.97057e+06 -4286 
9.09283e+06 -7.91916e+06 1.00374e+07 -1.97829e+06 -3.00204e+06 8166 
9.25743e+06 -7.64021e+06 1.01113e+07 -1.96189e+06 -3.04688e+06 -31839 
9.091e+06 -7.59862e+06 1.0283e+07 -1.97132e+06 -3.02935e+06 -19033 
8.79074e+06 -7.83335e+06 1.02227e+07 -2.01794e+06 -3.02369e+06 16113 
9.03848e+06 -7.6037e+06 1.00908e+07 -2.02521e+06 -3.07723e+06 -14748 
9.02488e+06 -7.47825e+06 1.03024e+07 -1.9991e+06 -3.07128e+06 -27643 
8.6618e+06 -7.69409e+06 1.0224e+07 -2.01834e+06 -3.04525e+06 9125 
8.77336e+06 -7.59984e+06 1.01612e+07 -2.05931e+06 -3.10555e+06 -3856 
8.85168e+06 -7.36091e+06 1.02699e+07 -2.04705e+06 -3.10953e+06 -26480 
8.5526e+06 -7.52466e+06 1.03386e+07 -2.04553e+06 -3.075e+06 104 
8.6228e+06 -7.57528e+06 1.02591e+07 -2.07699e+06 -3.12676e+06 4106 
8.87304e+06 -7.24628e+06 1.01502e+07 -2.05672e+06 -3.15261e+06 -35755 
8.57347e+06 -7.32658e+06 1.0248e+07 -2.06018e+06 -3.11802e+06 -11406 
8.42351e+06 -7.46937e+06 1.02791e+07 -2.09553e+06 -3.13577e+06 10569 
8.71616e+06 -7.2317e+06 1.01241e+07 -2.08616e+06 -3.18254e+06 -29810 
8.60214e+06 -7.07067e+06 1.03335e+07 -2.06434e+06 -3.15453e+06 -31986 
8.32187e+06 -7.31751e+06 1.03389e+07 -2.09388e+06 -3.14809e+06 -237 
8.47226e+06 -7.22383e+06 1.02806e+07 -2.123e+06 -3.21054e+06 -17996 
8.5365e+06 -7.0066e+06 1.04103e+07 -2.10051e+06 -3.20522e+06 -37374 
8.2609e+06 -7.21157e+06 1.03925e+07 -2.11549e+06 -3.16322e+06 -2969 
8.27739e+06 -7.1189e+06 1.02939e+07 -2.13489e+06 -3.21113e+06 -9178 
8.49273e+06 -6.82373e+06 1.03265e+07 -2.11342e+06 -3.24184e+06 -46351 
8.1799e+06 -6.94537e+06 1.04598e+07 -2.11916e+06 -3.19761e+06 -14128 
8.12609e+06 -7.15096e+06 1.03452e+07 -2.17682e+06 -3.22352e+06 5446 
8.34025e+06 -6.79343e+06 1.05023e+07 -2.15689e+06 -3.26808e+06 -38074 
8.17113e+06 -6.75833e+06 1.05604e+07 -2.13516e+06 -3.2313e+06 -27700 
7.9816e+06 -7.07252e+06 1.03059e+07 -2.1598e+06 -3.22055e+06 1917 
8.22407e+06 -6.86929e+06 1.03013e+07 -2.16861e+06 -3.27103e+06 -24640 
8.19837e+06 -6.67028e+06 1.04462e+07 -2.15404e+06 -3.24987e+06 -27639 
7.89046e+06 -6.96364e+06 1.04651e+07 -2.17202e+06 -3.22766e+06 3743 
8.04831e+06 -6.81433e+06 1.03576e+07 -2.197e+06 -3.2896e+06 -19051 
8.08682e+06 -6.62839e+06 1.0518e+07 -2.17206e+06 -3.28606e+06 -32481 
7.66908e+06 -6.78695e+06 1.06131e+07 -2.20694e+06 -3.24762e+06 3729 
7.75105e+06 -6.71672e+06 1.05811e+07 -2.23367e+06 -3.30338e+06 -588 
7.93802e+06 -6.44369e+06 1.06362e+07 -2.20567e+06 -3.33448e+06 -36619 
7.6553e+06 -6.62575e+06 1.06954e+07 -2.22344e+06 -3.29933e+06 -8489 
7.54383e+06 -6.75379e+06 1.06612e+07 -2.26467e+06 -3.31488e+06 9970 
7.86006e+06 -6.45357e+06 1.04967e+07 -2.23925e+06 -3.33713e+06 -31006 
7.77877e+06 -6.53564e+06 1.04698e+07 -2.2087e+06 -3.29745e+06 -21973 
7.60692e+06 -6.81357e+06 1.03999e+07 -2.24085e+06 -3.306e+06 4881 
7.83895e+06 -6.62761e+06 1.04013e+07 -2.26047e+06 -3.35653e+06 -23469 
7.73592e+06 -6.4338e+06 1.05135e+07 -2.23673e+06 -3.32464e+06 -28683 
7.44664e+06 -6.59866e+06 1.06067e+07 -2.25306e+06 -3.31727e+06 2906 
7.56647e+06 -6.53163e+06 1.05533e+07 -2.27545e+06 -3.37891e+06 -20405 
7.73021e+06 -6.23362e+06 1.06141e+07 -2.25041e+06 -3.39089e+06 -43375 
7.3083e+06 -6.47976e+06 1.07266e+07 -2.28379e+06 -3.35286e+06 -4956 
7.3704e+06 -6.4589e+06 1.06958e+07 -2.30528e+06 -3.40438e+06 -8971 
7.59762e+06 -6.20149e+06 1.06694e+07 -2.28624e+06 -3.43465e+06 -46190 
7.24453e+06 -6.24336e+06 1.0818e+07 -2.27839e+06 -3.39604e+06 -19950 
7.21984e+06 -6.36037e+06 1.07964e+07 -2.33646e+06 -3.43682e+06 -5847 
7.39311e+06 -6.04394e+06 1.0955e+07 -2.32927e+06 -3.46811e+06 -40062 
7.08434e+06 -6.07196e+06 1.09766e+07 -2.31405e+06 -3.4286e+06 -25971 
6.96219e+06 -6.22175e+06 1.09609e+07 -2.34164e+06 -3.45401e+06 -9226 
7.2342e+06 -5.97248e+06 1.09632e+07 -2.35496e+06 -3.50384e+06 -35331 
7.06485e+06 -5.89583e+06 1.10019e+07 -2.33582e+06 -3.46906e+06 -30036 
6.79075e+06 -6.22544e+06 1.0938e+07 -2.37704e+06 -3.46493e+06 -555 
6.99976e+06 -5.9406e+06 1.08309e+07 -2.36244e+06 -3.513e+06 -32238 
7.03849e+06 -5.85779e+06 1.09778e+07 -2.33415e+06 -3.48825e+06 -40043 
6.72303e+06 -6.07769e+06 1.09843e+07 -2.37349e+06 -3.46479e+06 791 
6.843e+06 -6.04221e+06 1.10284e+07 -2.39986e+06 -3.5253e+06 -11002 
6.90463e+06 -5.72267e+06 1.10797e+07 -2.36889e+06 -3.53181e+06 -39759 
6.64051e+06 -5.88611e+06 1.11847e+07 -2.38002e+06 -3.50265e+06 -13731 
6.56598e+06 -5.96684e+06 1.12583e+07 -2.43399e+06 -3.53863e+06 -486 
6.75333e+06 -5.6658e+06 1.11902e+07 -2.42107e+06 -3.56923e+06 -39348 
6.46654e+06 -5.72874e+06 1.143e+07 -2.42129e+06 -3.54549e+06 -11555 
6.3505e+06 -5.78622e+06 1.13515e+07 -2.45228e+06 -3.57495e+06 -4782 
6.62572e+06 -5.50412e+06 1.14252e+07 -2.4491e+06 -3.61233e+06 -38878 
6.44459e+06 -5.55302e+06 1.14741e+07 -2.44689e+06 -3.57895e+06 -22328 
6.24523e+06 -5.80944e+06 1.14978e+07 -2.48488e+06 -3.59104e+06 2118 
6.60146e+06 -5.51642e+06 1.13014e+07 -2.46306e+06 -3.63172e+06 -33827 
6.46854e+06 -5.40194e+06 1.14194e+07 -2.43605e+06 -3.59747e+06 -38569 
6.24651e+06 -5.6741e+06 1.14168e+07 -2.47489e+06 -3.5937e+06 -3947 
6.44781e+06 -5.5408e+06 1.13886e+07 -2.50178e+06 -3.64407e+06 -24507 
6.45365e+06 -5.32267e+06 1.14859e+07 -2.4624e+06 -3.63168e+06 -42830 
6.16269e+06 -5.52086e+06 1.14753e+07 -2.47194e+06 -3.61784e+06 -13724 
6.36297e+06 -5.5268e+06 1.13684e+07 -2.50346e+06 -3.65492e+06 -24253 
6.55412e+06 -5.26669e+06 1.14026e+07 -2.46744e+06 -3.64988e+06 -50582 
6.22913e+06 -5.52975e+06 1.14363e+07 -2.47767e+06 -3.60143e+06 -15090 
6.3079e+06 -5.5964e+06 1.12554e+07 -2.49111e+06 -3.63676e+06 -16682 
6.5164e+06 -5.20558e+06 1.14112e+07 -2.466e+06 -3.66061e+06 -51044 
6.2998e+06 -5.38754e+06 1.14299e+07 -2.47072e+06 -3.6252e+06 -29221 
6.14031e+06 -5.5938e+06 1.14194e+07 -2.50948e+06 -3.64559e+06 -7097 
6.30091e+06 -5.23756e+06 1.09443e+07 -2.48068e+06 -3.67962e+06 -42828 
6.18652e+06 -5.22522e+06 1.14574e+07 -2.47479e+06 -3.65728e+06 -39564 
5.92324e+06 -5.42106e+06 1.0973e+07 -2.49481e+06 -3.64794e+06 -10049 
6.22229e+06 -5.33e+06 1.02356e+07 -2.49545e+06 -3.68719e+06 -31942 
6.18841e+06 -5.15444e+06 1.05176e+07 -2.47464e+06 -3.67555e+06 -41881 
5.82145e+06 -5.37505e+06 1.06365e+07 -2.48806e+06 -3.65055e+06 -7430 
6.00609e+06 -5.2938e+06 9.74851e+06 -2.4904e+06 -3.68103e+06 -22756 
6.08035e+06 -5.06397e+06 9.83075e+06 -2.46685e+06 -3.68219e+06 -44989 
5.76701e+06 -5.32657e+06 9.89787e+06 -2.49453e+06 -3.64865e+06 -4632 
6.01726e+06 -4.93821e+06 9.03886e+06 -2.45685e+06 -3.69469e+06 -43813 
6.01726e+06 -4.93821e+06 9.03886e+06 -2.45685e+06 -3.69469e+06 -43813 
5.79223e+06 -5.14318e+06 9.54224e+06 -2.47753e+06 -3.65682e+06 -20381 
5.68247e+06 -5.26286e+06 8.82018e+06 -2.4889e+06 -3.6728e+06 -2067 
5.85358e+06 -5.04614e+06 8.0691e+06 -2.47524e+06 -3.69805e+06 -31560 
5.81613e+06 -4.99879e+06 8.92939e+06 -2.46461e+06 -3.67424e+06 -29669 
5.59654e+06 -5.25934e+06 8.5982e+06 -2.48685e+06 -3.67311e+06 -6633 
5.82254e+06 -4.9985e+06 7.52436e+06 -2.47022e+06 -3.71212e+06 -36350 
5.74272e+06 -4.89648e+06 8.11816e+06 -2.45737e+06 -3.68552e+06 -38079 
5.5081e+06 -5.17337e+06 8.02367e+06 -2.48317e+06 -3.67216e+06 -4499 
5.75618e+06 -5.1053e+06 7.39159e+06 -2.47807e+06 -3.71645e+06 -27267 
5.9513e+06 -4.86514e+06 8.17616e+06 -2.451e+06 -3.71184e+06 -51074 
5.77206e+06 -5.2092e+06 9.4966e+06 -2.47828e+06 -3.66771e+06 -16491 
5.83441e+06 -5.2719e+06 8.79602e+06 -2.48859e+06 -3.6926e+06 -17023 
6.05347e+06 -5.01435e+06 8.84547e+06 -2.46625e+06 -3.70364e+06 -46129 
5.83659e+06 -5.06809e+06 9.41168e+06 -2.46408e+06 -3.6746e+06 -32233 
5.89707e+06 -5.27295e+06 9.35588e+06 -2.48726e+06 -3.68354e+06 -15139 
6.10397e+06 -5.04366e+06 9.00629e+06 -2.47465e+06 -3.69529e+06 -40882 
6.01494e+06 -5.01893e+06 9.8694e+06 -2.46924e+06 -3.66098e+06 -34599 
5.89921e+06 -5.25974e+06 9.97582e+06 -2.49376e+06 -3.64956e+06 -4012 
6.10916e+06 -5.13854e+06 9.72156e+06 -2.48352e+06 -3.67509e+06 -34262 
6.31531e+06 -5.13128e+06 1.1275e+07 -2.48053e+06 -3.65002e+06 -38466 
6.2998e+06 -5.76847e+06 1.12949e+07 -2.46812e+06 -3.55479e+06 -686 
6.70387e+06 -5.90245e+06 1.11242e+07 -2.4319e+06 -3.54156e+06 -9456 
7.0258e+06 -5.76787e+06 1.10348e+07 -2.36777e+06 -3.5073e+06 -39831 
6.88683e+06 -6.01178e+06 1.09522e+07 -2.34963e+06 -3.45094e+06 -9918 
6.86737e+06 -6.20408e+06 1.0954e+07 -2.38738e+06 -3.46624e+06 4899 
7.20588e+06 -6.00328e+06 1.08461e+07 -2.3524e+06 -3.45769e+06 -30980 
7.19501e+06 -6.13657e+06 1.08957e+07 -2.31325e+06 -3.40626e+06 -13539 
7.17477e+06 -6.38336e+06 1.07763e+07 -2.32944e+06 -3.39662e+06 7796 
7.60595e+06 -6.35495e+06 1.06492e+07 -2.2764e+06 -3.3793e+06 -25055 
1.4126e+07 -1.17367e+07 8.15221e+06 -1.16129e+06 -2.00009e+06 22751 
1.3675e+07 -1.18234e+07 8.00756e+06 -1.19657e+06 -1.98498e+06 38790 
1.39785e+07 -1.13873e+07 8.00649e+06 -1.17916e+06 -2.00728e+06 10023 
1.40448e+07 -1.12322e+07 8.06058e+06 -1.14258e+06 -2.00742e+06 -7194 
1.3791e+07 -1.15779e+07 8.1771e+06 -1.16066e+06 -1.97164e+06 30212 
1.38782e+07 -1.15708e+07 8.07519e+06 -1.18943e+06 -2.00297e+06 24676 
1.40585e+07 -1.12643e+07 8.12301e+06 -1.16056e+06 -2.01752e+06 -5323 
1.38937e+07 -1.14981e+07 8.13394e+06 -1.14175e+06 -1.95551e+06 20653 
1.38701e+07 -1.1664e+07 8.12899e+06 -1.16082e+06 -1.96918e+06 34973 
1.41982e+07 -1.13825e+07 8.14166e+06 -1.13842e+06 -2.00714e+06 -8771 
1.40507e+07 -1.1433e+07 8.15411e+06 -1.12785e+06 -1.96322e+06 4891 
1.37879e+07 -1.17266e+07 8.18204e+06 -1.17368e+06 -1.95014e+06 43130 
1.40594e+07 -1.14815e+07 8.074e+06 -1.1577e+06 -1.99959e+06 8386 
1.40866e+07 -1.13174e+07 8.15388e+06 -1.12102e+06 -1.97426e+06 -2649 
1.37778e+07 -1.16607e+07 8.2288e+06 -1.15774e+06 -1.94296e+06 43050 
1.39596e+07 -1.15983e+07 8.05052e+06 -1.16324e+06 -1.96851e+06 24598 
1.41693e+07 -1.14018e+07 8.12515e+06 -1.13105e+06 -1.97168e+06 2368 
1.38781e+07 -1.1698e+07 8.13902e+06 -1.14137e+06 -1.92668e+06 36087 
1.38838e+07 -1.17095e+07 8.06373e+06 -1.16372e+06 -1.95268e+06 35424 
1.42223e+07 -1.14555e+07 8.1411e+06 -1.13553e+06 -1.97552e+06 936 
1.39476e+07 -1.16396e+07 8.1939e+06 -1.13359e+06 -1.92579e+06 29534 
1.38475e+07 -1.18593e+07 8.05893e+06 -1.17798e+06 -1.93102e+06 52555 
1.41354e+07 -1.15348e+07 8.11185e+06 -1.15004e+06 -1.97184e+06 5517 
1.40639e+07 -1.14525e+07 8.11839e+06 -1.11633e+06 -1.93989e+06 7610 
1.38311e+07 -1.17927e+07 8.14663e+06 -1.16313e+06 -1.9279e+06 45747 
1.41057e+07 -1.16597e+07 8.11186e+06 -1.16289e+06 -1.97223e+06 16927 
1.41481e+07 -1.14351e+07 8.14481e+06 -1.12971e+06 -1.95766e+06 4641 
1.38975e+07 -1.17089e+07 8.08739e+06 -1.13981e+06 -1.93028e+06 33227 
1.4089e+07 -1.16341e+07 8.1192e+06 -1.15296e+06 -1.97605e+06 19690 
1.42621e+07 -1.13777e+07 8.12992e+06 -1.12367e+06 -1.98016e+06 -7470 
1.39442e+07 -1.16891e+07 8.13366e+06 -1.13783e+06 -1.93123e+06 24078 
1.39848e+07 -1.17171e+07 8.1778e+06 -1.16221e+06 -1.96037e+06 34074 
1.42496e+07 -1.14121e+07 8.09686e+06 -1.12293e+06 -1.98894e+06 -13028 
1.40613e+07 -1.15091e+07 8.20621e+06 -1.10788e+06 -1.94172e+06 12955 
1.38874e+07 -1.17879e+07 8.11918e+06 -1.16055e+06 -1.94443e+06 40195 
1.41552e+07 -1.14781e+07 8.11503e+06 -1.1392e+06 -1.97947e+06 1195 
1.40667e+07 -1.1417e+07 8.21795e+06 -1.10938e+06 -1.94747e+06 6211 
1.38612e+07 -1.17362e+07 8.15762e+06 -1.13849e+06 -1.92651e+06 38233 
1.41109e+07 -1.1564e+07 8.12785e+06 -1.13864e+06 -1.97663e+06 10572 
1.41179e+07 -1.14637e+07 8.16425e+06 -1.12502e+06 -1.94832e+06 6877 
1.38575e+07 -1.17866e+07 8.1947e+06 -1.14604e+06 -1.91682e+06 42581 
1.39542e+07 -1.17134e+07 8.09866e+06 -1.15804e+06 -1.95959e+06 29192 
