-0.0590494 0.118356 -0.0629516 0.305186 0.0270073 -0.00884044 
-0.118099 0.236711 -0.125903 0.610372 0.0540146 -0.0176809 
-0.26519 0.359806 -0.194969 0.918347 0.0600213 -0.0212937 
-0.391595 0.462043 -0.269457 1.22346 0.0702898 -0.0261475 
-0.452841 0.578017 -0.338026 1.52901 0.0970893 -0.0351404 
-0.537834 0.588433 -0.34915 1.53157 0.078446 -0.0304437 
-0.633973 0.576364 -0.370868 1.53302 0.0563292 -0.0241124 
-0.553387 0.566455 -0.399066 1.5306 0.0740673 -0.029631 
-0.539264 0.587804 -0.390806 1.53414 0.0801805 -0.0295477 
-0.657473 0.572935 -0.401637 1.53812 0.0539297 -0.0213931 
-0.609045 0.551508 -0.415557 1.53478 0.0650974 -0.0232826 
-0.54876 0.566269 -0.404467 1.53708 0.0803762 -0.0280218 
-0.654795 0.572537 -0.377999 1.5403 0.0584049 -0.0204453 
-0.664045 0.546496 -0.406619 1.538 0.0557466 -0.0200657 
-0.558141 0.559333 -0.408934 1.53535 0.0807296 -0.0271512 
-0.612813 0.573501 -0.386474 1.53943 0.0695024 -0.0239531 
-0.673983 0.552918 -0.409539 1.5385 0.0546721 -0.0197154 
-0.556304 0.54392 -0.424562 1.53551 0.0807778 -0.0269429 
-0.552161 0.568105 -0.391489 1.53631 0.0825261 -0.0270516 
-0.650954 0.557217 -0.393298 1.53748 0.05988 -0.0210441 
-0.562187 0.539423 -0.411332 1.53378 0.0776896 -0.0258141 
-0.478191 0.564243 -0.385843 1.53161 0.0971197 -0.0315234 
-0.580356 0.557378 -0.372741 1.53658 0.0741298 -0.0259034 
-0.565738 0.531462 -0.390623 1.53424 0.075238 -0.0277104 
-0.445775 0.541414 -0.383843 1.53204 0.101364 -0.0346299 
-0.529652 0.556569 -0.371543 1.53561 0.0826066 -0.0304098 
-0.580382 0.535869 -0.384423 1.53552 0.0685234 -0.0266708 
-0.466681 0.550935 -0.381003 1.52917 0.0929589 -0.0334378 
-0.493905 0.568441 -0.354493 1.53381 0.0879816 -0.0318231 
-0.6119 0.561768 -0.362745 1.53363 0.0612936 -0.025318 
-0.524944 0.552813 -0.383351 1.53087 0.0797737 -0.0303277 
-0.503318 0.571991 -0.373286 1.53331 0.0868973 -0.0313566 
-0.631888 0.565555 -0.393536 1.53786 0.058248 -0.0237177 
-0.595028 0.566352 -0.420888 1.5316 0.0657736 -0.0251629 
-0.511698 0.578217 -0.40879 1.53387 0.0858508 -0.029739 
-0.623911 0.582415 -0.385257 1.53828 0.0624632 -0.0226302 
-0.654626 0.563488 -0.39898 1.53583 0.0548082 -0.0214601 
-0.557296 0.573 -0.382268 1.53233 0.0780923 -0.0276224 
-0.62798 0.583507 -0.353999 1.53682 0.0640641 -0.024203 
-0.68789 0.570365 -0.370731 1.53443 0.049659 -0.0192974 
-0.589233 0.562419 -0.382547 1.53164 0.0733186 -0.0260062 
-0.595432 0.578234 -0.36342 1.53556 0.0736234 -0.0260325 
-0.675188 0.561713 -0.388673 1.53772 0.0554723 -0.0200663 
-0.593584 0.538848 -0.419869 1.53623 0.072445 -0.0259592 
-0.56001 0.551324 -0.406463 1.53971 0.0812558 -0.0292076 
-0.668704 0.550892 -0.401246 1.54008 0.0559177 -0.0233832 
-0.623787 0.536684 -0.413591 1.53412 0.0638343 -0.0259707 
-0.54078 0.548748 -0.395613 1.53384 0.0828863 -0.0321454 
-0.610799 0.562982 -0.382459 1.53584 0.0667997 -0.0259632 
-0.625187 0.553124 -0.384623 1.52949 0.0615455 -0.0263402 
-0.502735 0.566485 -0.377712 1.52636 0.0882952 -0.0336948 
-0.550116 0.583771 -0.367688 1.53051 0.0782097 -0.03099 
-0.603039 0.568708 -0.382248 1.52988 0.0636297 -0.027089 
-0.513258 0.565039 -0.403402 1.52596 0.084016 -0.0341755 
-0.514426 0.582264 -0.398995 1.53071 0.0834105 -0.0342393 
-0.615299 0.566522 -0.39717 1.53261 0.0603081 -0.0271946 
-0.536423 0.554101 -0.405317 1.52939 0.0768279 -0.0320829 
-0.509354 0.569853 -0.384732 1.53322 0.0841739 -0.0336718 
-0.616684 0.564585 -0.377844 1.53715 0.0600906 -0.0261375 
-0.585372 0.548797 -0.384672 1.5333 0.066555 -0.0281203 
-0.507182 0.573935 -0.386107 1.53326 0.0853277 -0.0321887 
-0.612464 0.583905 -0.380456 1.53687 0.0627435 -0.0246115 
-0.617033 0.574496 -0.388758 1.53095 0.0616533 -0.0244202 
-0.525347 0.586768 -0.372963 1.52949 0.0830632 -0.0301706 
-0.59747 0.59129 -0.365406 1.53653 0.0690656 -0.0240882 
-0.655035 0.571892 -0.378905 1.5344 0.055513 -0.0216892 
-0.558086 0.569803 -0.385561 1.53215 0.07858 -0.0280685 
-0.59994 0.586085 -0.367411 1.53637 0.0705223 -0.024844 
-0.684324 0.576818 -0.395121 1.53477 0.0517237 -0.0190387 
-0.596594 0.575734 -0.399712 1.52856 0.0715946 -0.025444 
-0.574936 0.590617 -0.394449 1.53342 0.0777434 -0.0254731 
-0.657634 0.577675 -0.401498 1.5346 0.0581582 -0.0197813 
-0.589451 0.561253 -0.421054 1.53053 0.0731645 -0.0248542 
-0.541304 0.569366 -0.394089 1.53362 0.084802 -0.0290462 
-0.634262 0.560292 -0.398868 1.53782 0.0633955 -0.0231543 
-0.604783 0.544387 -0.413687 1.53247 0.0682693 -0.0269281 
-0.528715 0.567874 -0.398809 1.53048 0.085454 -0.0328441 
-0.610398 0.581073 -0.387845 1.53144 0.0668913 -0.0277172 
-0.605717 0.576981 -0.389212 1.52341 0.0658612 -0.0275749 
-0.494742 0.595103 -0.37837 1.51978 0.0906931 -0.0341203 
-0.548009 0.611638 -0.358513 1.52385 0.0772563 -0.0305229 
-0.573664 0.593835 -0.362384 1.52158 0.0703934 -0.0269914 
-0.473931 0.596267 -0.368947 1.51917 0.0919455 -0.0338851 
-0.49547 0.611349 -0.361346 1.52565 0.0872722 -0.0322605 
-0.567877 0.59867 -0.381652 1.52584 0.0697289 -0.0273236 
-0.477728 0.60164 -0.396849 1.52133 0.0893521 -0.0325172 
-0.489082 0.614474 -0.388452 1.52674 0.0883868 -0.0322907 
-0.60259 0.597952 -0.386013 1.53013 0.0638009 -0.0246096 
-0.554361 0.585796 -0.402764 1.52654 0.0743199 -0.0280635 
-0.525826 0.606584 -0.384984 1.52892 0.0810885 -0.0306824 
-0.643866 0.592064 -0.365099 1.53367 0.0563097 -0.0229016 
-0.640132 0.571052 -0.377883 1.52975 0.0572409 -0.0240663 
-0.582137 0.5831 -0.363675 1.53159 0.0726091 -0.0276251 
-0.678368 0.587368 -0.347232 1.53449 0.0519856 -0.0212896 
-0.683371 0.560647 -0.358513 1.53217 0.0514724 -0.0201313 
-0.59702 0.567565 -0.364941 1.53219 0.0718741 -0.0264387 
-0.663627 0.583874 -0.349068 1.53371 0.0584042 -0.0220176 
-0.680884 0.561615 -0.362848 1.5304 0.0532626 -0.0205996 
-0.564995 0.557828 -0.3696 1.53013 0.0792548 -0.0274602 
-0.594658 0.572725 -0.36084 1.53423 0.07261 -0.0261614 
-0.647624 0.56124 -0.357585 1.53053 0.0593942 -0.021952 
-0.53102 0.566263 -0.377322 1.52616 0.0847047 -0.0285098 
-0.548003 0.590623 -0.361009 1.52767 0.0804601 -0.0285143 
-0.626476 0.588729 -0.370807 1.52448 0.0626371 -0.0230815 
-0.542713 0.586089 -0.38513 1.51852 0.0804886 -0.0285795 
-0.510965 0.607777 -0.385218 1.52035 0.0877118 -0.0315728 
-0.609412 0.599813 -0.377239 1.52254 0.0636196 -0.0262982 
-0.544003 0.596 -0.413853 1.5166 0.0775854 -0.0301643 
-0.478734 0.61256 -0.393174 1.51852 0.0912529 -0.0353637 
-0.575855 0.62145 -0.369644 1.51928 0.0694907 -0.0288125 
-0.562504 0.607336 -0.377325 1.51464 0.0705552 -0.0294872 
-0.474375 0.622136 -0.355955 1.51384 0.0904803 -0.0353195 
-0.55123 0.628556 -0.330807 1.51967 0.0738915 -0.0297719 
-0.603075 0.609501 -0.341761 1.51834 0.062455 -0.0258519 
-0.506762 0.610701 -0.364765 1.51834 0.0840873 -0.0323771 
-0.549517 0.632473 -0.357133 1.52294 0.0767436 -0.0290539 
-0.637879 0.605896 -0.389791 1.52588 0.0583998 -0.0222098 
-0.559305 0.600762 -0.398307 1.5216 0.0763437 -0.0270116 
-0.538161 0.616791 -0.383787 1.52619 0.0821597 -0.0274114 
-0.659133 0.606567 -0.368923 1.52925 0.0558461 -0.0201536 
-0.620576 0.574424 -0.377116 1.52749 0.0650626 -0.0221447 
-0.554419 0.595148 -0.369216 1.52816 0.0812549 -0.0266259 
-0.653876 0.588959 -0.349231 1.5337 0.0600096 -0.020612 
-0.67315 0.582724 -0.387509 1.5269 0.0545098 -0.0215208 
-0.573804 0.590256 -0.37482 1.52415 0.0775121 -0.027776 
-0.646282 0.610986 -0.356719 1.52535 0.0638167 -0.0246713 
-0.697608 0.602595 -0.349589 1.51995 0.0505627 -0.0217373 
-0.580652 0.612457 -0.380523 1.51441 0.0748793 -0.0293997 
-0.5718 0.615928 -0.354717 1.52017 0.0774947 -0.0293693 
-0.656721 0.611325 -0.370837 1.51756 0.0584926 -0.0234089 
-0.555904 0.589085 -0.386708 1.51635 0.0777833 -0.028347 
-0.488162 0.599667 -0.392145 1.52237 0.0916494 -0.0327775 
-0.575446 0.600662 -0.372487 1.52309 0.0711886 -0.0265559 
-0.552422 0.586077 -0.374827 1.51653 0.0746912 -0.0283487 
-0.454025 0.596415 -0.373124 1.51953 0.0956482 -0.0338888 
-0.544208 0.626511 -0.368753 1.51952 0.0750425 -0.0296138 
-0.569937 0.622807 -0.372862 1.51231 0.0677484 -0.0286607 
-0.479865 0.63334 -0.385343 1.51026 0.0882118 -0.0348928 
-0.535483 0.65052 -0.378018 1.51655 0.0778016 -0.0318073 
-0.615891 0.644662 -0.381169 1.51288 0.0587561 -0.0273532 
-0.521779 0.647883 -0.390084 1.508 0.0801705 -0.0324815 
-0.540559 0.66383 -0.36748 1.51354 0.0775084 -0.0308463 
-0.661509 0.653276 -0.370212 1.51595 0.051123 -0.0237603 
-0.606374 0.648159 -0.384945 1.50952 0.0631404 -0.0267045 
-0.559847 0.665798 -0.382866 1.51375 0.0755094 -0.0290764 
-0.672177 0.654592 -0.367207 1.51961 0.0509258 -0.0220506 
-0.658479 0.632594 -0.388806 1.51483 0.0560263 -0.0222533 
-0.569697 0.641047 -0.37351 1.51587 0.0778487 -0.0264844 
-0.64769 0.65662 -0.367619 1.51814 0.0624937 -0.0207964 
-0.662276 0.635016 -0.36472 1.51388 0.0581637 -0.0201098 
-0.562428 0.642206 -0.367261 1.51026 0.0809771 -0.0267016 
-0.612159 0.651574 -0.346617 1.5145 0.0702387 -0.0243568 
-0.674904 0.639068 -0.351464 1.51091 0.0545083 -0.0212363 
-0.572439 0.620523 -0.341639 1.50997 0.0752577 -0.0285515 
-0.558652 0.64435 -0.336088 1.51219 0.0782752 -0.0295732 
-0.646094 0.633313 -0.349482 1.5126 0.0580275 -0.0235249 
-0.574659 0.627775 -0.371567 1.50699 0.0726091 -0.0287055 
-0.502817 0.651442 -0.355407 1.50754 0.0884843 -0.0332879 
-0.585795 0.663798 -0.365365 1.50724 0.0689592 -0.0274639 
-0.573373 0.645235 -0.38473 1.50373 0.0695771 -0.0289828 
-0.477895 0.666747 -0.363396 1.5027 0.0899407 -0.0355664 
-0.552412 0.68689 -0.339965 1.50453 0.07361 -0.0297627 
-0.587221 0.666173 -0.351309 1.50236 0.0642294 -0.0266816 
-0.506475 0.67379 -0.351124 1.50157 0.082374 -0.0326878 
-0.556302 0.69014 -0.343115 1.50863 0.0731388 -0.0299514 
-0.633164 0.672848 -0.367269 1.5085 0.0557244 -0.0242174 
-0.565408 0.661899 -0.391581 1.50633 0.0715145 -0.0297229 
-0.578286 0.680846 -0.371842 1.5119 0.0711907 -0.029208 
-0.667523 0.662804 -0.364517 1.51568 0.0517659 -0.0216039 
-0.61688 0.656937 -0.366425 1.50652 0.0633621 -0.0234895 
-0.591375 0.671503 -0.342307 1.50941 0.0713217 -0.0260415 
-0.68296 0.66322 -0.321901 1.51419 0.0515489 -0.0184056 
-0.653461 0.638827 -0.354176 1.51067 0.0582887 -0.0207213 
-0.567361 0.640791 -0.349878 1.51387 0.0786272 -0.0269018 
-0.647227 0.642819 -0.330585 1.51785 0.0621429 -0.0219946 
-0.669459 0.611728 -0.365231 1.51689 0.0569275 -0.0205889 
-0.563038 0.639418 -0.366394 1.50846 0.0799784 -0.0285296 
-0.603715 0.65141 -0.337264 1.51424 0.0696673 -0.0267585 
-0.668243 0.645786 -0.364932 1.50808 0.0528852 -0.0237822 
-0.574236 0.63672 -0.36962 1.50537 0.0727857 -0.0307267 
-0.555755 0.673186 -0.332663 1.50346 0.0763583 -0.0322657 
-0.623507 0.656343 -0.345509 1.50833 0.0584569 -0.0273362 
-0.55202 0.661811 -0.36734 1.49817 0.0726444 -0.0323494 
-0.501531 0.68989 -0.332305 1.49892 0.083678 -0.03507 
-0.594371 0.689056 -0.327296 1.5021 0.0626552 -0.0282861 
-0.564093 0.666458 -0.354072 1.50156 0.0680129 -0.0303649 
-0.490789 0.687609 -0.334901 1.50071 0.0845211 -0.035507 
-0.588864 0.696632 -0.319898 1.50445 0.0645758 -0.0283269 
-0.631165 0.684595 -0.350026 1.49972 0.0561163 -0.0259656 
-0.535986 0.705471 -0.361007 1.49708 0.0776795 -0.0319957 
-0.603173 0.727589 -0.350103 1.50101 0.063486 -0.028368 
-0.693785 0.703429 -0.371151 1.5007 0.044687 -0.0227308 
-0.609131 0.696653 -0.373937 1.49831 0.0648818 -0.0277784 
-0.609171 0.71365 -0.356681 1.50382 0.0671875 -0.0270311 
-0.707768 0.692644 -0.364829 1.5074 0.0458566 -0.0211235 
-0.636981 0.684851 -0.37314 1.50073 0.0617005 -0.0246068 
-0.606558 0.697103 -0.36489 1.5045 0.0698616 -0.0272401 
-0.709588 0.699388 -0.363214 1.50269 0.0460453 -0.0210139 
-0.67685 0.684555 -0.388639 1.49442 0.050879 -0.0240901 
-0.59993 0.713953 -0.37243 1.48651 0.0664882 -0.0299409 
-0.692236 0.733613 -0.352868 1.47852 0.0464737 -0.0243932 
-0.693534 0.750557 -0.360966 1.45712 0.0439572 -0.0252429 
-0.579176 0.788804 -0.362964 1.44308 0.0674521 -0.0330834 
-0.63012 0.848363 -0.337559 1.42758 0.0547049 -0.0305374 
-0.67181 0.862154 -0.324618 1.40849 0.0427712 -0.0276432 
-0.56621 0.894761 -0.327713 1.39025 0.063986 -0.0355974 
-0.56169 0.942529 -0.296125 1.38105 0.0629789 -0.0356523 
-0.648681 0.959097 -0.281808 1.36644 0.040387 -0.0310851 
-0.569661 0.967373 -0.282945 1.35168 0.0554757 -0.0369486 
-0.548516 1.01529 -0.262116 1.34183 0.0600857 -0.0389883 
-0.661427 1.03055 -0.230944 1.33208 0.0331444 -0.0321386 
-0.629942 1.05002 -0.236509 1.31269 0.0382639 -0.0342583 
-0.57055 1.09503 -0.220927 1.30099 0.0509287 -0.0395879 
-0.684089 1.12789 -0.181193 1.28976 0.0262049 -0.0322937 
-0.707452 1.14225 -0.195864 1.27041 0.0189618 -0.0312883 
-0.629732 1.19517 -0.194014 1.25162 0.0372022 -0.0365683 
-0.719499 1.22653 -0.164067 1.24412 0.0187584 -0.0312385 
-0.77019 1.23037 -0.159608 1.22976 0.00729062 -0.0261782 
-0.678738 1.25754 -0.168771 1.2139 0.0270611 -0.0328791 
-0.716809 1.29649 -0.136954 1.20624 0.0212243 -0.0310098 
-0.791195 1.29394 -0.13505 1.19804 0.00373256 -0.0252459 
-0.710886 1.30797 -0.13463 1.18103 0.0198557 -0.0314866 
-0.693352 1.35413 -0.12375 1.16846 0.0239932 -0.033567 
-0.794532 1.38091 -0.0980847 1.15286 0.000306379 -0.0265534 
-0.736129 1.40308 -0.111196 1.12957 0.0103246 -0.030984 
-0.688895 1.46636 -0.082987 1.10983 0.0200668 -0.035982 
-0.78129 1.49924 -0.0588336 1.09554 -0.0024353 -0.0309178 
-0.761929 1.51203 -0.059579 1.07595 -0.00205073 -0.033841 
-0.690814 1.5464 -0.0381102 1.06021 0.0141703 -0.0404407 
-0.768746 1.55644 -0.00379434 1.05457 -0.00435452 -0.0358458 
-0.763952 1.553 -0.00966851 1.04028 -0.00762102 -0.0369418 
-0.663182 1.58472 -0.0113862 1.0264 0.0132406 -0.0445219 
-0.739284 1.64294 0.0331441 1.00895 -0.00423028 -0.0407575 
-0.779456 1.65662 0.0215225 0.992716 -0.0163908 -0.0383016 
-0.680071 1.72136 0.0307377 0.96552 0.00183822 -0.0467206 
-0.712129 1.77789 0.0504856 0.952705 -0.00748476 -0.0460006 
-0.791042 1.7958 0.0677506 0.936011 -0.0273741 -0.0407004 
-0.70948 1.81711 0.0674421 0.918138 -0.0105571 -0.0464031 
-0.696886 1.87385 0.113184 0.903215 -0.00866485 -0.0481627 
-0.807702 1.88594 0.134833 0.893043 -0.0344463 -0.0412039 
-0.767005 1.91156 0.166347 0.86895 -0.0280513 -0.0441052 
-0.732928 1.96359 0.188579 0.851725 -0.0202711 -0.0473622 
-0.850934 1.99917 0.19891 0.837564 -0.0481605 -0.0405378 
-0.863843 2.01838 0.194003 0.814784 -0.0549824 -0.0401913 
-0.778027 2.06184 0.194541 0.797778 -0.0366427 -0.0460748 
-0.87463 2.09142 0.193463 0.789654 -0.057857 -0.0414575 
-0.941817 2.10927 0.196562 0.768191 -0.0749149 -0.038399 
-0.856484 2.13928 0.206106 0.748201 -0.057309 -0.0458902 
-0.892058 2.18211 0.222695 0.736815 -0.0641579 -0.0445815 
-0.982032 2.20908 0.229625 0.715136 -0.0873339 -0.0402451 
-0.904217 2.24883 0.247968 0.685198 -0.0718619 -0.0464226 
-0.878367 2.30204 0.272039 0.667649 -0.067123 -0.0492099 
-0.967127 2.3417 0.296726 0.645346 -0.0894059 -0.0442069 
-0.913763 2.3653 0.296939 0.619669 -0.0828479 -0.0499425 
-0.865722 2.43429 0.327525 0.593563 -0.0737648 -0.0545403 
-0.955957 2.46984 0.339291 0.576081 -0.0968299 -0.0491115 
-0.942913 2.50057 0.355063 0.546539 -0.0991302 -0.0508218 
-0.852862 2.5504 0.372511 0.525348 -0.0823808 -0.0583041 
-0.935525 2.61339 0.413097 0.501413 -0.104063 -0.0543282 
-0.964905 2.63683 0.431555 0.473959 -0.114124 -0.0526361 
-0.860505 2.70069 0.461465 0.444321 -0.0943264 -0.060356 
-0.898741 2.77557 0.489188 0.422558 -0.105492 -0.0596456 
-0.959269 2.81217 0.503755 0.39394 -0.123267 -0.0548935 
-0.886068 2.84956 0.508095 0.367317 -0.108843 -0.061028 
-0.894902 2.91407 0.535376 0.349244 -0.110982 -0.0618998 
-0.995723 2.9605 0.547346 0.324981 -0.134852 -0.0555411 
-0.94304 2.97628 0.540524 0.304367 -0.125094 -0.059115 
-0.924434 3.03821 0.553265 0.2857 -0.120575 -0.0627689 
-1.03261 3.08487 0.574431 0.266859 -0.14427 -0.0557683 
-1.02962 3.10898 0.563572 0.242164 -0.145649 -0.0558225 
-0.961401 3.14845 0.553474 0.225831 -0.130522 -0.0617884 
-1.05234 3.21167 0.584051 0.204485 -0.151016 -0.0570796 
-1.12755 3.23125 0.583249 0.179909 -0.168889 -0.0525053 
-1.03688 3.28192 0.608718 0.151556 -0.150758 -0.059285 
-1.05807 3.35079 0.643342 0.130212 -0.156684 -0.0598169 
-1.1534 3.37599 0.665438 0.107666 -0.180399 -0.0546851 
-1.09438 3.40322 0.674371 0.0795013 -0.168931 -0.0597414 
-1.04478 3.45736 0.700208 0.0609551 -0.155664 -0.0632424 
-1.13702 3.48933 0.681106 0.0451523 -0.176005 -0.0572371 
-1.10373 3.51115 0.66099 0.0187023 -0.171483 -0.0601997 
-1.02295 3.57782 0.681834 -0.00860632 -0.154284 -0.066008 
-1.09022 3.63215 0.672786 -0.0288332 -0.169723 -0.0611436 
-1.09697 3.67524 0.671627 -0.0619309 -0.175314 -0.0605434 
-1.00568 3.72106 0.688176 -0.088368 -0.158142 -0.0696407 
-1.05149 3.77644 0.734426 -0.106833 -0.169483 -0.0674053 
-1.12984 3.80229 0.741281 -0.132331 -0.189161 -0.0632731 
-1.05556 3.83795 0.759995 -0.159952 -0.174947 -0.0710648 
-1.05102 3.89943 0.791178 -0.177375 -0.176619 -0.0735526 
-1.13933 3.94975 0.801766 -0.203728 -0.199003 -0.0672226 
-1.10723 3.98923 0.771225 -0.234401 -0.194365 -0.070631 
-1.05484 4.06357 0.793365 -0.260426 -0.182867 -0.0755167 
-1.13477 4.1342 0.808998 -0.284847 -0.204157 -0.0700396 
-1.14927 4.15762 0.789667 -0.310167 -0.210667 -0.0701718 
-1.08408 4.20279 0.797788 -0.329982 -0.197165 -0.0758686 
-1.15689 4.26363 0.829078 -0.349518 -0.213004 -0.0718566 
-1.21254 4.28314 0.805995 -0.369489 -0.227942 -0.0674753 
-1.13485 4.33091 0.793196 -0.396632 -0.211345 -0.0732072 
-1.15631 4.40442 0.837697 -0.422063 -0.215487 -0.0716045 
-1.25691 4.45531 0.835166 -0.452629 -0.238873 -0.0650598 
-1.18529 4.49267 0.826849 -0.482926 -0.224605 -0.069292 
-1.15741 4.56398 0.862317 -0.510033 -0.219217 -0.073445 
-1.27164 4.61219 0.887174 -0.535722 -0.246421 -0.0669674 
-1.27497 4.63813 0.869051 -0.566591 -0.248967 -0.0680818 
-1.19287 4.70532 0.898179 -0.596295 -0.230588 -0.0737484 
-1.28343 4.76858 0.934538 -0.623473 -0.253501 -0.0701397 
-1.31276 4.81107 0.939824 -0.660097 -0.264044 -0.0693085 
-1.22907 4.8645 0.963196 -0.691311 -0.246732 -0.0768034 
-1.26967 4.93832 1.0161 -0.720988 -0.25718 -0.0757509 
-1.33609 4.9805 1.0265 -0.755623 -0.277131 -0.0735746 
-1.24946 5.03382 1.02779 -0.790085 -0.260958 -0.0815193 
-1.25611 5.12563 1.05657 -0.82261 -0.264596 -0.082619 
-1.34186 5.1602 1.07169 -0.852127 -0.286127 -0.077613 
-1.2548 5.20798 1.06059 -0.885762 -0.270985 -0.0834986 
-1.21043 5.29055 1.09776 -0.914908 -0.261985 -0.0866117 
-1.30437 5.34597 1.12486 -0.943749 -0.285655 -0.0811692 
-1.27282 5.37775 1.14492 -0.97572 -0.282099 -0.0839978 
-1.2039 5.46279 1.17944 -1.00837 -0.267397 -0.0887005 
-1.30313 5.55064 1.22162 -1.04248 -0.290515 -0.0831323 
-1.33532 5.58198 1.22839 -1.07645 -0.300045 -0.0829617 
-1.25723 5.66045 1.26712 -1.11274 -0.283101 -0.0886425 
-1.31658 5.7401 1.30049 -1.14252 -0.295761 -0.0842997 
-1.3766 5.78355 1.32474 -1.17783 -0.310772 -0.0807636 
-1.29643 5.83299 1.34994 -1.21307 -0.292926 -0.0868651 
-1.30964 5.92546 1.39608 -1.24487 -0.295751 -0.0859378 
-1.40447 5.96677 1.42389 -1.27647 -0.318086 -0.079896 
-1.34656 6.00972 1.42938 -1.31076 -0.304411 -0.0840618 
-1.32523 6.0782 1.45278 -1.33566 -0.297633 -0.0854217 
-1.43452 6.12549 1.45457 -1.35781 -0.32189 -0.0785857 
-1.41383 6.13825 1.42653 -1.3811 -0.319476 -0.0808986 
-1.33884 6.2018 1.42324 -1.40549 -0.300167 -0.0859313 
-1.42898 6.25654 1.42244 -1.42665 -0.320347 -0.0811854 
-1.45554 6.30419 1.41206 -1.46319 -0.32901 -0.0808982 
-1.35594 6.3523 1.42171 -1.49322 -0.307982 -0.0890947 
-1.38005 6.4365 1.47942 -1.52438 -0.313516 -0.08764 
-1.44711 6.4776 1.49445 -1.55782 -0.332422 -0.0837195 
-1.37203 6.51838 1.50833 -1.5913 -0.318922 -0.0905313 
-1.34447 6.57864 1.53252 -1.61319 -0.313373 -0.0928762 
-1.43539 6.62226 1.54757 -1.63701 -0.336559 -0.0875048 
-1.40304 6.65351 1.53266 -1.66743 -0.333143 -0.0916496 
-1.33998 6.72003 1.55787 -1.69373 -0.321198 -0.0969081 
-1.42293 6.77133 1.58764 -1.71661 -0.341339 -0.0918231 
-1.43096 6.8176 1.58892 -1.75219 -0.348312 -0.0923653 
-1.34248 6.88884 1.6069 -1.78837 -0.330448 -0.0993166 
-1.38719 6.97078 1.65033 -1.81759 -0.341225 -0.0959829 
-1.44697 7.00719 1.65257 -1.84787 -0.357151 -0.0929088 
-1.35884 7.05253 1.64965 -1.87442 -0.337268 -0.0993087 
-1.37626 7.10495 1.6783 -1.88718 -0.338958 -0.0979878 
-1.46685 7.14349 1.66687 -1.90653 -0.359964 -0.091477 
-1.42886 7.17317 1.64974 -1.93083 -0.353604 -0.095738 
-1.40282 7.24815 1.68353 -1.95823 -0.346614 -0.0982111 
-1.51283 7.33011 1.71597 -1.99592 -0.372956 -0.0914654 
-1.50534 7.38751 1.69962 -2.04062 -0.373915 -0.093449 
-1.45261 7.45935 1.75263 -2.07785 -0.363839 -0.099188 
-1.54448 7.53583 1.77515 -2.11068 -0.384888 -0.0938707 
-1.58957 7.58047 1.7508 -2.14742 -0.397653 -0.0922607 
-1.51414 7.63856 1.76023 -2.1825 -0.381596 -0.0986562 
-1.57169 7.71834 1.80978 -2.21199 -0.396665 -0.0975494 
-1.6423 7.76143 1.80112 -2.24434 -0.416034 -0.0933787 
-1.54911 7.79486 1.78637 -2.27518 -0.396087 -0.0996561 
-1.53874 7.86178 1.80373 -2.29893 -0.394385 -0.10099 
-1.61467 7.90703 1.80558 -2.32398 -0.415453 -0.0959206 
-1.55015 7.92536 1.76269 -2.34951 -0.404418 -0.100026 
-1.48173 7.99963 1.77757 -2.37578 -0.388277 -0.10536 
-1.56977 8.06747 1.81531 -2.40316 -0.410394 -0.101001 
-1.56958 8.09626 1.82182 -2.43451 -0.414519 -0.10237 
-1.48821 8.14572 1.84806 -2.4616 -0.397622 -0.109642 
-1.54978 8.21296 1.90174 -2.48605 -0.410276 -0.106232 
-1.60256 8.25205 1.89381 -2.51627 -0.425152 -0.103313 
-1.5086 8.29775 1.89133 -2.54679 -0.405677 -0.109838 
-1.51063 8.37854 1.92718 -2.57125 -0.404965 -0.109283 
-1.58913 8.41621 1.91417 -2.59626 -0.421824 -0.103121 
-1.51882 8.46426 1.93612 -2.63291 -0.408324 -0.10815 
-1.4829 8.53039 1.98942 -2.65847 -0.399572 -0.110918 
-1.59041 8.5675 1.98529 -2.67373 -0.424302 -0.104526 
-1.57344 8.57204 1.95358 -2.69162 -0.422337 -0.106134 
-1.49526 8.62978 1.97376 -2.71114 -0.404305 -0.110545 
-1.58294 8.66915 1.96632 -2.71991 -0.424435 -0.10486 
-1.60826 8.67855 1.92577 -2.7387 -0.432088 -0.1039 
-1.53063 8.72649 1.96819 -2.76625 -0.414767 -0.108571 
-1.5975 8.81657 2.03056 -2.79895 -0.427244 -0.105058 
-1.66737 8.87327 2.05755 -2.83667 -0.445783 -0.101831 
-1.58717 8.9402 2.09177 -2.87889 -0.430473 -0.107655 
-1.61613 9.02242 2.15933 -2.91224 -0.437214 -0.106563 
-1.71069 9.08149 2.18797 -2.9491 -0.458296 -0.100993 
-1.63655 9.10162 2.16468 -2.97206 -0.44278 -0.105781 
-1.60704 9.12329 2.14241 -2.97395 -0.436101 -0.109225 
-1.70621 9.11772 2.09515 -2.97172 -0.458822 -0.103856 
-1.68055 9.09153 2.03632 -2.97494 -0.453602 -0.106039 
-1.60819 9.1097 2.00678 -2.97728 -0.435905 -0.111659 
-1.68723 9.14767 2.02879 -2.98919 -0.456313 -0.107296 
-1.71676 9.17834 2.0455 -3.02043 -0.467774 -0.107918 
-1.61739 9.24303 2.08834 -3.05568 -0.446639 -0.114748 
-1.67156 9.33904 2.1534 -3.09102 -0.459974 -0.11284 
-1.72682 9.38718 2.18986 -3.12843 -0.479113 -0.110631 
-1.64932 9.422 2.20238 -3.1612 -0.46627 -0.11822 
-1.65412 9.50825 2.2553 -3.19313 -0.469701 -0.11844 
-1.74426 9.56251 2.29177 -3.23018 -0.492707 -0.113715 
-1.67068 9.61216 2.33744 -3.27011 -0.479007 -0.11865 
-1.65647 9.7074 2.39361 -3.30681 -0.476544 -0.121816 
-1.74928 9.79442 2.45191 -3.34687 -0.500933 -0.117346 
-1.71249 9.8342 2.48095 -3.38649 -0.493553 -0.119409 
-1.66875 9.92181 2.52204 -3.42013 -0.484168 -0.123121 
-1.77965 9.98128 2.51865 -3.44531 -0.512342 -0.118626 
-1.77308 10.0118 2.48951 -3.47295 -0.515395 -0.119745 
-1.71087 10.0525 2.4929 -3.48982 -0.501441 -0.124143 
-1.79807 10.1099 2.49713 -3.50535 -0.521103 -0.119617 
-1.85017 10.1206 2.50243 -3.52593 -0.53661 -0.117377 
-1.763 10.1756 2.53077 -3.55263 -0.519353 -0.122739 
-1.80613 10.2341 2.60153 -3.57442 -0.52902 -0.120432 
-1.88839 10.2855 2.65762 -3.61373 -0.548156 -0.115061 
-1.82587 10.3395 2.6988 -3.65366 -0.53617 -0.12134 
-1.83479 10.437 2.77913 -3.69305 -0.538683 -0.121907 
-1.92219 10.5064 2.83348 -3.73469 -0.560762 -0.11764 
-1.87029 10.5625 2.88158 -3.77928 -0.549849 -0.12124 
-1.82895 10.6381 2.92475 -3.81222 -0.540453 -0.124531 
-1.92113 10.6895 2.98627 -3.84257 -0.563799 -0.119073 
-1.87206 10.7003 2.96054 -3.86336 -0.55448 -0.122094 
-1.80105 10.7378 2.97412 -3.87663 -0.537278 -0.126819 
-1.87873 10.7673 2.97243 -3.887 -0.555778 -0.122195 
-1.87656 10.7685 2.95531 -3.90385 -0.556566 -0.122569 
-1.77824 10.8077 2.95293 -3.91886 -0.534136 -0.12872 
-1.84092 10.8689 2.98771 -3.93873 -0.550842 -0.126679 
-1.87352 10.866 2.97751 -3.95518 -0.559852 -0.124778 
-1.77241 10.88 2.97468 -3.96645 -0.536603 -0.131134 
-1.80178 10.9122 2.98423 -3.96759 -0.543332 -0.130186 
-1.86116 10.894 2.93811 -3.96521 -0.559017 -0.126682 
-1.76657 10.8885 2.92528 -3.96828 -0.535758 -0.13133 
-1.7558 10.917 2.93757 -3.96891 -0.532725 -0.132061 
-1.86058 10.9292 2.94092 -3.97826 -0.559593 -0.126496 
-1.80913 10.9604 2.84251 -3.99677 -0.554002 -0.130578 
-1.77381 11.0301 2.88293 -4.02078 -0.547867 -0.134244 
-1.88818 11.0835 2.79529 -4.0375 -0.578655 -0.129542 
-1.89101 11.1025 2.55643 -4.04876 -0.585295 -0.130208 
-1.82208 11.1578 2.37606 -4.06036 -0.572823 -0.135228 
-1.90936 11.2061 2.31449 -4.07089 -0.595629 -0.130833 
-1.9446 11.2219 1.9727 -4.07135 -0.608687 -0.128547 
-1.8719 11.2502 1.74426 -4.07449 -0.59474 -0.133434 
-1.93583 11.3152 1.67672 -4.08762 -0.609945 -0.129996 
-1.92948 11.37 1.38098 -4.09652 -0.613721 -0.130301 
-1.84005 11.4041 1.06146 -4.09976 -0.596473 -0.134991 
-1.84904 11.4559 1.02021 -4.10978 -0.597814 -0.134884 
-1.93346 11.4841 0.818096 -4.11457 -0.620694 -0.128858 
-1.88158 11.5116 0.452343 -4.11674 -0.614572 -0.132759 
-1.91862 11.5315 0.430451 -4.12067 -0.622437 -0.131067 
-2.02353 11.5456 0.342319 -4.12373 -0.648783 -0.126771 
-1.9988 11.5618 -0.0612552 -4.12371 -0.650536 -0.129263 
-1.93849 11.6052 -0.201657 -4.13072 -0.637827 -0.134761 
-2.00536 11.6361 -0.210742 -4.13776 -0.654392 -0.131393 
-2.02894 11.6296 -0.518299 -4.13444 -0.666582 -0.131599 
-1.92306 11.6353 -0.602704 -4.13416 -0.643515 -0.137357 
-1.96001 11.6126 -0.208257 -4.13348 -0.647108 -0.134437 
-2.00016 11.5467 -0.0726846 -4.12188 -0.656237 -0.131287 
-1.90057 11.4921 0.091675 -4.11139 -0.630989 -0.136552 
-1.88393 11.4859 0.49569 -4.1135 -0.620948 -0.13704 
-1.94927 11.4358 0.731632 -4.10566 -0.6322 -0.131693 
-1.8789 11.4121 0.633566 -4.0986 -0.614359 -0.134438 
-1.81754 11.4221 0.848236 -4.10094 -0.592635 -0.136154 
-1.87402 11.4089 1.0743 -4.09971 -0.598671 -0.129381 
-1.84538 11.36 1.13627 -4.0888 -0.58674 -0.128843 
-1.7661 11.3202 1.52007 -4.08186 -0.556913 -0.131081 
-1.84083 11.1895 1.97779 -4.03298 -0.560915 -0.125005 
-1.86828 10.9667 2.22874 -3.9472 -0.557576 -0.120355 
-1.78074 10.735 2.44053 -3.84168 -0.526942 -0.124471 
-1.79421 10.5011 2.68665 -3.72376 -0.517993 -0.119545 
-1.86786 10.2713 2.62245 -3.60938 -0.528796 -0.112606 
-1.77291 10.1097 2.53268 -3.5251 -0.501318 -0.115533 
-1.73655 10.007 2.48697 -3.45507 -0.487454 -0.11507 
-1.80252 9.8987 2.43526 -3.39793 -0.498368 -0.10729 
-1.74897 9.74505 2.3746 -3.32688 -0.481655 -0.108441 
-1.50442 7.93211 1.81417 -2.35148 -0.370826 -0.0940806 
-1.41227 6.19077 1.24639 -1.40766 -0.297757 -0.0739947 
-1.19522 4.48596 0.668489 -0.488668 -0.19221 -0.059515 
-0.90909 2.82578 0.12528 0.421143 -0.0734051 -0.0507842 
-0.77313 1.21307 -0.369137 1.30717 0.0102884 -0.0325356 
-0.784882 1.27282 -0.384517 1.28427 0.0100943 -0.0326114 
-0.651664 1.2983 -0.361414 1.276 0.042948 -0.0375299 
-0.679315 1.29476 -0.33592 1.28899 0.0362076 -0.0362165 
-0.765096 1.25864 -0.322233 1.30296 0.0168593 -0.0302559 
-0.679837 1.22867 -0.329322 1.31085 0.0358752 -0.0354648 
-0.63593 1.22368 -0.313539 1.3263 0.0468227 -0.0381099 
-0.739578 1.19661 -0.301733 1.34226 0.0251661 -0.0314406 
-0.713812 1.17561 -0.313721 1.34083 0.029385 -0.0330883 
-0.634174 1.19403 -0.308743 1.33972 0.0484533 -0.0382864 
-0.733003 1.21423 -0.291312 1.33911 0.0287686 -0.030893 
-0.769268 1.20377 -0.31203 1.33731 0.0214157 -0.0280066 
-0.669385 1.1958 -0.323406 1.34317 0.0441803 -0.0331805 
-0.725684 1.19099 -0.310398 1.35696 0.0342508 -0.0293002 
-0.809839 1.16432 -0.328426 1.36302 0.016461 -0.0241291 
-0.717959 1.13057 -0.345963 1.37285 0.0379928 -0.02976 
-0.725546 1.12671 -0.317282 1.38348 0.0374826 -0.0289892 
-0.835775 1.10758 -0.330526 1.3891 0.0146823 -0.0221838 
-0.776307 1.09431 -0.33596 1.38588 0.0284816 -0.0265077 
-0.714532 1.10531 -0.325025 1.39057 0.0433183 -0.0302592 
-0.81755 1.11294 -0.323919 1.39093 0.0210956 -0.0243677 
-0.798028 1.08772 -0.340328 1.38875 0.0248664 -0.0262607 
-0.695553 1.10537 -0.323149 1.38568 0.046998 -0.0328378 
-0.753819 1.11442 -0.32804 1.39027 0.0328327 -0.0290417 
-0.775953 1.08525 -0.327878 1.38928 0.0258392 -0.0272248 
-0.656345 1.08317 -0.331217 1.38824 0.0510189 -0.0343156 
-0.683353 1.10192 -0.326854 1.39148 0.0446671 -0.033723 
-0.746346 1.08522 -0.320254 1.39164 0.0287984 -0.0296719 
-0.654617 1.07758 -0.318356 1.38812 0.0473821 -0.0361863 
-0.640893 1.09936 -0.30095 1.3919 0.0502768 -0.0371682 
-0.751932 1.09452 -0.303094 1.39336 0.0251229 -0.0309188 
-0.692283 1.09469 -0.306818 1.38642 0.0375176 -0.0337257 
-0.638288 1.12574 -0.298784 1.38558 0.0491133 -0.0377568 
-0.739074 1.13503 -0.286628 1.3889 0.0280188 -0.0305116 
-0.739843 1.12035 -0.302298 1.38477 0.0271567 -0.0309818 
-0.661397 1.13369 -0.293281 1.38472 0.046624 -0.0353444 
-0.747132 1.13223 -0.277347 1.39262 0.0291323 -0.0296072 
-0.804951 1.10618 -0.301207 1.39303 0.0158079 -0.026675 
