-0.295247 0.591779 -0.314758 1.52593 0.135037 -0.0442022 
-0.295247 0.591779 -0.314758 1.52593 0.135037 -0.0442022 
-0.735454 0.615474 -0.34533 1.53988 0.0300334 -0.0180642 
-0.632027 0.511184 -0.37244 1.52559 0.0513424 -0.0242689 
-0.306228 0.57987 -0.342845 1.52775 0.133997 -0.0449646 
-0.720216 0.64386 -0.370377 1.5387 0.0418203 -0.0207188 
-0.775942 0.531434 -0.423351 1.53319 0.0244526 -0.0125454 
-0.332523 0.565928 -0.486316 1.52776 0.118724 -0.0456572 
-0.561413 0.617926 -0.331141 1.54329 0.0819083 -0.0238525 
-0.89727 0.505529 -0.397002 1.54767 0.00274346 -0.00419157 
-0.478075 0.536721 -0.439978 1.522 0.0976591 -0.0301664 
-0.47452 0.605242 -0.367897 1.54469 0.100847 -0.0362412 
-0.862699 0.597266 -0.353978 1.54383 0.00886735 -0.00777485 
-0.607663 0.487721 -0.47424 1.53184 0.0686166 -0.0219543 
-0.367747 0.569714 -0.408577 1.53442 0.127658 -0.0396195 
-0.751437 0.607562 -0.327678 1.54238 0.041523 -0.0141757 
-0.780369 0.502329 -0.483225 1.54005 0.0266953 -0.0150527 
-0.274304 0.552273 -0.429089 1.52886 0.139395 -0.0439125 
-0.586947 0.608646 -0.308879 1.53581 0.0773584 -0.0224977 
-0.861712 0.515274 -0.417621 1.5403 0.0144279 -0.00958193 
-0.307604 0.518595 -0.417848 1.52386 0.130571 -0.0380253 
-0.360387 0.626425 -0.355777 1.52924 0.123846 -0.0435993 
-0.78513 0.517951 -0.363581 1.55367 0.0244458 -0.0158126 
-0.513855 0.479063 -0.398287 1.52413 0.0828996 -0.0315327 
-0.2619 0.565035 -0.38372 1.5293 0.145058 -0.0441796 
-0.726989 0.594369 -0.35635 1.54173 0.0367837 -0.0169247 
-0.614035 0.522929 -0.420173 1.52876 0.0534293 -0.0249042 
-0.216626 0.593279 -0.346483 1.52192 0.146624 -0.049648 
-0.649974 0.566595 -0.265735 1.54732 0.058013 -0.0234587 
-0.851875 0.531667 -0.424984 1.52843 0.0116184 -0.0116541 
-0.292211 0.549596 -0.459382 1.52791 0.129184 -0.0419733 
-0.505905 0.618818 -0.369845 1.54098 0.0890474 -0.0300487 
-0.859474 0.561097 -0.447733 1.54466 0.00337691 -0.0114537 
-0.465674 0.570579 -0.402497 1.51601 0.0956413 -0.0306845 
-0.435226 0.590996 -0.364493 1.53979 0.112005 -0.0345346 
-0.853277 0.570584 -0.341715 1.54996 0.0122461 -0.00642945 
-0.659478 0.524183 -0.438464 1.52871 0.0507723 -0.0241982 
-0.372824 0.608658 -0.36417 1.52718 0.119797 -0.042265 
-0.819094 0.623113 -0.261152 1.53844 0.0255002 -0.0135878 
-0.734777 0.525288 -0.448155 1.52784 0.0399788 -0.0100067 
-0.359991 0.530853 -0.400793 1.53604 0.130544 -0.0399731 
-0.690473 0.603257 -0.342829 1.54831 0.0522964 -0.0243297 
-0.771603 0.526056 -0.490435 1.53796 0.0290418 -0.0124342 
-0.411078 0.508788 -0.417133 1.53101 0.110364 -0.0430523 
-0.566904 0.587665 -0.381126 1.54521 0.0840327 -0.0262486 
-0.903461 0.528693 -0.374705 1.53789 0.00385372 -0.0108512 
-0.465891 0.532221 -0.404558 1.51854 0.0918794 -0.0372671 
-0.356566 0.586373 -0.400544 1.53656 0.124302 -0.0433078 
-0.761171 0.579957 -0.351362 1.54098 0.0299307 -0.0121416 
-0.638844 0.538378 -0.391949 1.51349 0.0577618 -0.0281334 
-0.291202 0.595495 -0.340146 1.52222 0.137602 -0.0476243 
-0.702798 0.61865 -0.35444 1.53929 0.0414517 -0.0237432 
-0.621181 0.51106 -0.473345 1.53344 0.0514017 -0.0238024 
-0.312263 0.561612 -0.457133 1.52138 0.131863 -0.0475742 
-0.644686 0.624504 -0.369912 1.53724 0.0547339 -0.0284526 
-0.795564 0.516782 -0.33102 1.53169 0.0220905 -0.0124007 
-0.308421 0.556544 -0.395178 1.52319 0.124051 -0.0481849 
-0.485834 0.589823 -0.370415 1.55259 0.0881319 -0.0317469 
-0.848917 0.535274 -0.422695 1.54104 0.0114459 -0.0099023 
-0.488124 0.545561 -0.404049 1.51798 0.0870562 -0.0383668 
-0.404615 0.642474 -0.338199 1.53151 0.115954 -0.0327427 
-0.834832 0.606393 -0.366921 1.54126 0.0111296 -0.0102987 
-0.508676 0.542781 -0.411927 1.52295 0.0826812 -0.0307904 
-0.390491 0.596631 -0.343718 1.53377 0.118495 -0.0386545 
-0.848735 0.568169 -0.366268 1.55316 0.0170683 -0.00795496 
-0.692441 0.545484 -0.405693 1.52085 0.0481905 -0.0207474 
-0.350089 0.595951 -0.400198 1.53 0.126465 -0.0421955 
-0.717945 0.624189 -0.321177 1.54407 0.0423927 -0.0146676 
-0.812408 0.550295 -0.482268 1.52577 0.0245023 -0.00962796 
-0.410086 0.562753 -0.389225 1.52211 0.116423 -0.0399814 
-0.584152 0.619898 -0.379379 1.54515 0.0789345 -0.0208931 
-0.763581 0.531239 -0.435443 1.5359 0.0285391 -0.0137365 
-0.377026 0.54208 -0.418953 1.52371 0.117424 -0.0400321 
-0.571677 0.590858 -0.347444 1.54126 0.0826899 -0.0305878 
-0.874874 0.517385 -0.413121 1.54307 0.00939004 -0.0105221 
-0.436759 0.540373 -0.453476 1.51842 0.103303 -0.039762 
-0.38324 0.648673 -0.36105 1.52596 0.114463 -0.0433166 
-0.785442 0.608078 -0.364136 1.5285 0.0246103 -0.0143974 
-0.548268 0.570395 -0.354276 1.50108 0.0775398 -0.0298762 
-0.320002 0.607997 -0.358912 1.52496 0.133549 -0.043249 
-0.703091 0.623044 -0.354191 1.53874 0.0361195 -0.0217753 
-0.511517 0.55966 -0.380405 1.51459 0.0801481 -0.0256591 
-0.286775 0.620236 -0.396949 1.51647 0.132371 -0.0488659 
-0.655965 0.645805 -0.316276 1.53347 0.0541735 -0.0217531 
-0.682035 0.544604 -0.460441 1.52593 0.0458325 -0.0185644 
-0.252349 0.637893 -0.430175 1.51618 0.134235 -0.0477433 
-0.568287 0.62383 -0.33842 1.54164 0.0753218 -0.0245265 
-0.854313 0.537627 -0.384754 1.53343 0.00944119 -0.0104603 
-0.414822 0.585025 -0.400028 1.51554 0.106769 -0.039023 
-0.53936 0.648545 -0.371541 1.53782 0.0796755 -0.0316587 
-0.842551 0.565296 -0.330751 1.53994 0.0103411 -0.00883945 
-0.549616 0.518768 -0.402344 1.52201 0.0799781 -0.0303498 
-0.564335 0.597865 -0.31371 1.54263 0.0862823 -0.0282544 
-0.895977 0.606367 -0.317813 1.53006 0.0036511 -0.0073456 
-0.564375 0.514937 -0.427948 1.52621 0.0771095 -0.0258671 
-0.410798 0.599889 -0.362889 1.54003 0.11235 -0.0403766 
-0.882647 0.600313 -0.322979 1.52963 0.0126282 -0.00824437 
-0.650622 0.486569 -0.382614 1.52607 0.0605744 -0.0211645 
-0.316532 0.587429 -0.351569 1.52872 0.133612 -0.0416486 
-0.712692 0.589426 -0.384151 1.54672 0.0438854 -0.0193731 
-0.675627 0.542461 -0.346614 1.52149 0.0462708 -0.0193292 
-0.299628 0.625429 -0.421664 1.5078 0.139181 -0.0410338 
-0.735535 0.60837 -0.301045 1.5336 0.0393515 -0.0211867 
-0.7089 0.577961 -0.400562 1.5128 0.0444969 -0.0144847 
-0.293873 0.576221 -0.455763 1.51691 0.133143 -0.046863 
-0.51689 0.650904 -0.347054 1.53064 0.0823868 -0.0342956 
-0.791863 0.585608 -0.381771 1.51875 0.0187198 -0.0146611 
-0.408489 0.589306 -0.484118 1.50389 0.10918 -0.0405173 
-0.382554 0.660763 -0.297163 1.52239 0.112834 -0.0404814 
-0.779478 0.620668 -0.338115 1.52074 0.024332 -0.0141073 
-0.450137 0.580335 -0.385459 1.50744 0.0877092 -0.0376691 
-0.351217 0.659608 -0.27492 1.51473 0.118346 -0.0438224 
-0.792763 0.621405 -0.358378 1.53306 0.0262361 -0.0127792 
-0.641779 0.56549 -0.351932 1.51572 0.0556522 -0.0208818 
-0.297916 0.62667 -0.453137 1.52074 0.132493 -0.0467332 
-0.663913 0.689192 -0.347296 1.53044 0.0509908 -0.0210529 
-0.793024 0.526722 -0.438214 1.52946 0.0266268 -0.00960209 
-0.399891 0.595736 -0.400954 1.51163 0.115955 -0.0367883 
-0.536062 0.645637 -0.279333 1.53869 0.0847321 -0.0228807 
-0.902776 0.575549 -0.378818 1.53604 0.000925466 -0.0104442 
-0.471125 0.528474 -0.38826 1.52165 0.0970734 -0.031008 
-0.462243 0.630346 -0.398717 1.53277 0.107588 -0.0320082 
-0.897176 0.56479 -0.301026 1.53936 0.00972893 -0.00671877 
-0.632431 0.614463 -0.470726 1.5047 0.0572328 -0.0274247 
-0.406047 0.613205 -0.315374 1.52226 0.115937 -0.0417202 
-0.833512 0.632123 -0.297753 1.52768 0.0285966 -0.015485 
-0.718874 0.588391 -0.36307 1.50574 0.0413181 -0.0173378 
-0.312395 0.614102 -0.455692 1.51166 0.131312 -0.045031 
-0.588173 0.63182 -0.341695 1.53352 0.0703098 -0.0272725 
-0.830652 0.590187 -0.395975 1.50919 0.0209265 -0.0119182 
-0.329427 0.520922 -0.377108 1.52165 0.12505 -0.0401755 
-0.380165 0.641303 -0.390256 1.53581 0.110649 -0.0394902 
-0.748816 0.619078 -0.3574 1.51528 0.0290078 -0.0139229 
-0.47305 0.558895 -0.353394 1.5007 0.0878228 -0.0362369 
-0.338667 0.641875 -0.38746 1.52423 0.125712 -0.0396183 
-0.780344 0.671403 -0.355256 1.5216 0.0220215 -0.0188009 
-0.508809 0.622787 -0.410801 1.49972 0.0741781 -0.0347244 
-0.298457 0.671739 -0.419803 1.50503 0.131325 -0.0450834 
-0.75114 0.644796 -0.316771 1.53218 0.035772 -0.0208097 
-0.740706 0.612585 -0.403214 1.50589 0.0304844 -0.0173477 
-0.309782 0.687506 -0.399829 1.49717 0.129093 -0.0444422 
-0.602707 0.702526 -0.29778 1.52743 0.0608678 -0.0265484 
-0.903207 0.618967 -0.433463 1.51706 -0.000602224 -0.00965347 
-0.475465 0.61921 -0.390436 1.50007 0.0958589 -0.0355309 
-0.508074 0.70078 -0.392822 1.52702 0.0923294 -0.029207 
-0.871433 0.631479 -0.321535 1.52645 0.006175 -0.00931333 
-0.534217 0.592535 -0.405774 1.50354 0.0863706 -0.0275618 
-0.459295 0.66123 -0.356984 1.52229 0.10851 -0.0308088 
-0.86543 0.697074 -0.36098 1.5114 0.019084 -0.00709104 
-0.581003 0.592763 -0.378329 1.5057 0.070679 -0.0257742 
-0.372193 0.667426 -0.334239 1.50839 0.120242 -0.0422721 
-0.782872 0.639378 -0.302552 1.52473 0.0326785 -0.015838 
-0.773022 0.598698 -0.381219 1.50432 0.0298573 -0.015206 
-0.353104 0.604352 -0.311853 1.50672 0.122831 -0.0436673 
-0.512071 0.711895 -0.350575 1.51679 0.0857669 -0.0308827 
-0.809404 0.612242 -0.401208 1.51046 0.0190038 -0.0120303 
-0.425696 0.611689 -0.412978 1.49664 0.105587 -0.0417411 
-0.413809 0.717032 -0.300419 1.50708 0.109233 -0.0381181 
-0.767993 0.66613 -0.361645 1.50522 0.0252052 -0.0145473 
-0.449963 0.619081 -0.447398 1.49923 0.0888566 -0.0384774 
-0.332012 0.719802 -0.294541 1.50533 0.120822 -0.044948 
-0.798282 0.712406 -0.29582 1.50577 0.0239332 -0.0127225 
-0.587856 0.613446 -0.35714 1.49627 0.0623302 -0.022713 
-0.364261 0.704217 -0.36072 1.50124 0.115928 -0.0445778 
-0.6991 0.700828 -0.407353 1.53452 0.0426803 -0.0247956 
-0.716319 0.633344 -0.415312 1.50473 0.0337498 -0.0162778 
-0.459502 0.657658 -0.417377 1.49487 0.102884 -0.0402503 
-0.652246 0.708182 -0.258449 1.52414 0.0607112 -0.0201385 
-0.810448 0.614007 -0.324096 1.52011 0.0188046 -0.00655745 
-0.445887 0.671494 -0.416891 1.48874 0.100661 -0.0342235 
-0.588792 0.706174 -0.29472 1.51917 0.0735475 -0.0290375 
-0.917425 0.616243 -0.315349 1.51878 0.00401994 -0.00207113 
-0.504752 0.586215 -0.419824 1.50652 0.0944102 -0.0317168 
-0.379947 0.623825 -0.302608 1.53613 0.120497 -0.03746 
-0.845219 0.681635 -0.320423 1.50864 0.0182398 -0.00968762 
-0.699951 0.550722 -0.467951 1.51438 0.0474706 -0.0220089 
-0.385324 0.754694 -0.321163 1.47665 0.119275 -0.0417749 
-0.708135 0.646175 -0.274175 1.5354 0.0428546 -0.022861 
-0.702588 0.595706 -0.440947 1.50534 0.0365865 -0.0225788 
-0.375185 0.636301 -0.343862 1.49506 0.117742 -0.04441 
-0.607546 0.733055 -0.283166 1.50487 0.0653339 -0.0297037 
-0.724082 0.670477 -0.385396 1.50097 0.0297673 -0.0171275 
-0.350698 0.673516 -0.383329 1.48459 0.113792 -0.0479267 
-0.450143 0.736101 -0.26577 1.50912 0.0917541 -0.0361819 
-0.839386 0.632128 -0.31882 1.51094 0.0126282 -0.0104907 
-0.456157 0.620069 -0.417043 1.50217 0.0921225 -0.0400975 
-0.357563 0.776228 -0.289541 1.49673 0.112308 -0.0428383 
-0.841071 0.718634 -0.308313 1.5033 0.0140659 -0.0120262 
-0.661648 0.675915 -0.416413 1.48546 0.0494564 -0.0243754 
-0.36349 0.736511 -0.373725 1.49776 0.120444 -0.0406412 
-0.792095 0.730657 -0.362522 1.5218 0.0211551 -0.0219589 
-0.810623 0.655426 -0.394781 1.49516 0.0183135 -0.0146523 
-0.4178 0.684758 -0.322247 1.49138 0.11504 -0.0372639 
-0.661846 0.7609 -0.330133 1.51299 0.0609847 -0.020639 
-0.856474 0.63148 -0.414463 1.51565 0.0137894 -0.0111031 
-0.438163 0.69169 -0.404076 1.48847 0.100375 -0.0393756 
-0.658507 0.716687 -0.353529 1.51399 0.0591191 -0.0278188 
-0.93295 0.696183 -0.313871 1.48235 -0.00404157 -0.00613329 
-0.498156 0.686734 -0.457254 1.47165 0.0851531 -0.0360196 
-0.471874 0.778472 -0.333419 1.47608 0.0918354 -0.0403574 
-0.899692 0.789988 -0.306264 1.44853 0.000302229 -0.0116368 
-0.664998 0.801408 -0.39402 1.407 0.0465367 -0.0320677 
-0.361158 0.88742 -0.323862 1.41212 0.113433 -0.0453357 
-0.752879 0.984529 -0.330229 1.39414 0.0214172 -0.0232893 
-0.680322 0.847424 -0.268716 1.38064 0.0321668 -0.0258865 
-0.371695 0.953023 -0.321737 1.35731 0.106376 -0.0514079 
-0.642395 1.04025 -0.23608 1.361 0.0415012 -0.0323419 
-0.796116 0.97026 -0.252276 1.33909 0.000473614 -0.0225 
-0.357778 1.02591 -0.335913 1.32033 0.0968608 -0.0526065 
-0.574599 1.08701 -0.164574 1.3314 0.055217 -0.036085 
-0.936248 1.02932 -0.165876 1.30858 -0.0283306 -0.0171595 
-0.484967 1.13763 -0.263905 1.26404 0.0670988 -0.0429405 
-0.499158 1.1953 -0.174365 1.2806 0.0637974 -0.0491481 
-0.925475 1.19017 -0.137244 1.26416 -0.0267582 -0.0161353 
-0.691412 1.15884 -0.237932 1.23465 0.0190019 -0.0310582 
-0.547649 1.29389 -0.156626 1.21465 0.062871 -0.0435592 
-0.933803 1.29444 -0.114166 1.22655 -0.0251201 -0.0162916 
-0.752609 1.2145 -0.152075 1.20879 0.00645858 -0.0238468 
-0.468217 1.32604 -0.183055 1.18488 0.0720942 -0.0496397 
-0.881765 1.35356 -0.0788498 1.19632 -0.010182 -0.0217117 
-0.91958 1.28116 -0.147102 1.17369 -0.0245879 -0.0147398 
-0.532257 1.36458 -0.112068 1.1415 0.0554956 -0.0474952 
-0.664941 1.44529 -0.0976753 1.1459 0.027146 -0.0342487 
-0.974119 1.45997 -0.0547288 1.10689 -0.0463398 -0.0145718 
-0.589749 1.4644 -0.144405 1.07985 0.0399089 -0.0438646 
-0.683408 1.59757 -0.00605857 1.07501 0.0241234 -0.0397297 
-0.994236 1.52896 0.00869944 1.07002 -0.0570149 -0.022174 
-0.568135 1.50926 -0.101402 1.04796 0.0290688 -0.048865 
-0.618541 1.63181 0.0526151 1.02818 0.0347651 -0.04757 
-0.97941 1.51458 0.0271745 1.05165 -0.0527151 -0.0208902 
-0.659437 1.58041 -0.0354294 1.00357 0.00779088 -0.0452097 
-0.490389 1.68756 0.000110813 1.00063 0.047293 -0.0600749 
-0.948642 1.80033 0.12125 0.960731 -0.0582853 -0.0300427 
-0.819403 1.7002 -0.005493 0.947002 -0.0260377 -0.0352907 
-0.482486 1.83829 0.0732503 0.915673 0.0384302 -0.0629851 
-0.819726 1.86307 0.0633101 0.93949 -0.038824 -0.0416096 
-0.884954 1.77714 0.0864359 0.917158 -0.0521539 -0.0335738 
-0.540828 1.90686 0.119707 0.871367 0.0257996 -0.0585562 
-0.756436 1.9839 0.223218 0.872387 -0.0165762 -0.0440886 
-1.03657 1.89873 0.181496 0.864814 -0.0904768 -0.0281912 
-0.616243 1.99116 0.220877 0.819025 -0.00684904 -0.0561163 
-0.714566 2.0373 0.197594 0.831033 -0.013253 -0.049859 
-1.13086 2.08474 0.171364 0.800561 -0.113647 -0.0244339 
-0.82098 2.07999 0.198684 0.758489 -0.0506858 -0.0423561 
-0.607487 2.11603 0.184186 0.77978 0.00122176 -0.0576085 
-1.09926 2.13907 0.215489 0.778408 -0.112921 -0.0330302 
-1.0505 2.12653 0.213085 0.723719 -0.0985424 -0.0345663 
-0.704191 2.23477 0.219087 0.70061 -0.0256175 -0.0618901 
-0.998854 2.29416 0.28163 0.701559 -0.0849308 -0.0358125 
-1.05736 2.25088 0.218835 0.671383 -0.114658 -0.0359266 
-0.710183 2.33782 0.3072 0.628717 -0.0355606 -0.0639176 
-0.921249 2.39258 0.333444 0.635978 -0.0748482 -0.0485026 
-1.14799 2.43306 0.34252 0.589093 -0.137032 -0.0368754 
-0.732032 2.41218 0.282695 0.573175 -0.0521407 -0.0644903 
-0.817153 2.5958 0.371765 0.540853 -0.0692428 -0.0589159 
-1.16136 2.5156 0.366029 0.541305 -0.150886 -0.0367736 
-0.856029 2.54622 0.412303 0.48827 -0.0863497 -0.0570536 
-0.697738 2.68219 0.429762 0.483136 -0.0532847 -0.074287 
-1.14534 2.72715 0.485628 0.453501 -0.160553 -0.044611 
-0.964053 2.71299 0.464053 0.403583 -0.119547 -0.0504553 
-0.639361 2.83488 0.515577 0.393117 -0.0518973 -0.0753734 
-1.04721 2.92066 0.550919 0.379452 -0.142178 -0.0535012 
-1.00038 2.86515 0.502599 0.340049 -0.142159 -0.0505266 
-0.779342 2.91409 0.507325 0.320385 -0.0884341 -0.0752832 
-1.00822 3.03556 0.600459 0.313217 -0.130239 -0.0548144 
-1.14347 3.06702 0.57543 0.2718 -0.171248 -0.0435801 
-0.783793 2.99955 0.516807 0.276385 -0.0933884 -0.0713705 
-0.907343 3.17482 0.566306 0.246712 -0.119567 -0.0687965 
-1.32021 3.14741 0.613152 0.226179 -0.206905 -0.0402801 
-0.993291 3.1561 0.546164 0.189744 -0.137137 -0.0550852 
-0.802361 3.2644 0.524941 0.190138 -0.095613 -0.07341 
-1.2385 3.31562 0.669694 0.169653 -0.195856 -0.0478262 
-1.28338 3.2727 0.562292 0.12383 -0.208935 -0.0459249 
-0.866855 3.40079 0.740501 0.0844144 -0.116249 -0.0741789 
-1.09927 3.50044 0.71928 0.0830233 -0.166767 -0.0577442 
-1.279 3.39042 0.63542 0.0774109 -0.214188 -0.0477513 
-0.943388 3.45176 0.714362 0.028828 -0.138514 -0.0731077 
-1.0354 3.5434 0.691476 0.0310991 -0.142602 -0.0634297 
-1.32803 3.56061 0.644991 0.00540053 -0.217953 -0.0441526 
-0.932858 3.60954 0.618701 -0.049227 -0.14416 -0.0725573 
-0.875065 3.7238 0.739642 -0.0591322 -0.12819 -0.076793 
-1.27976 3.72341 0.669121 -0.0723063 -0.21571 -0.0487856 
-1.06917 3.75882 0.685682 -0.13439 -0.170558 -0.0604285 
-0.871535 3.78972 0.727736 -0.126785 -0.132092 -0.0896391 
-1.16191 3.88645 0.849951 -0.141551 -0.200865 -0.0613802 
-1.26684 3.85302 0.773915 -0.186625 -0.22658 -0.0561322 
-0.908354 3.90175 0.762692 -0.210407 -0.144639 -0.0877441 
-1.04648 4.0662 0.841598 -0.221507 -0.178918 -0.0728673 
-1.31306 4.04131 0.780674 -0.25855 -0.244012 -0.0579892 
-1.00143 4.08387 0.697244 -0.294916 -0.177676 -0.0784222 
-1.00488 4.22472 0.884614 -0.316748 -0.169093 -0.0805605 
-1.30802 4.25491 0.840861 -0.332517 -0.251087 -0.0603584 
-1.11895 4.18327 0.744943 -0.348105 -0.211468 -0.0735288 
-0.98714 4.26717 0.82128 -0.357627 -0.176501 -0.0864732 
-1.36549 4.3881 0.853691 -0.392593 -0.25687 -0.0583621 
-1.28313 4.32224 0.769201 -0.416604 -0.243782 -0.0586542 
-0.919573 4.49378 0.776865 -0.468229 -0.168102 -0.0890178 
-1.22624 4.55082 0.967447 -0.475263 -0.232179 -0.0655154 
-1.49013 4.52161 0.808626 -0.510454 -0.293432 -0.0537498 
-1.0074 4.57489 0.812105 -0.54408 -0.185528 -0.0795229 
-1.14373 4.67881 0.94654 -0.552138 -0.216841 -0.0794193 
-1.49073 4.7348 0.901153 -0.596675 -0.304123 -0.0566299 
-1.24287 4.68052 0.87683 -0.629606 -0.244909 -0.0710873 
-1.0796 4.85757 0.954269 -0.658975 -0.201541 -0.0820826 
-1.46021 4.89119 0.993896 -0.679971 -0.300089 -0.0614795 
-1.29038 4.89128 0.972971 -0.735256 -0.269558 -0.0752633 
-1.07227 5.00192 1.01801 -0.752745 -0.217564 -0.094104 
-1.4459 5.04965 1.14136 -0.777995 -0.297148 -0.0658252 
-1.4117 5.06847 1.00624 -0.832146 -0.301296 -0.071201 
-1.02705 5.15778 1.00037 -0.852285 -0.219226 -0.101203 
-1.32361 5.35034 1.11687 -0.897879 -0.287748 -0.080762 
-1.50103 5.17479 1.09361 -0.900329 -0.325218 -0.0690741 
-1.01062 5.28851 1.08585 -0.94617 -0.221434 -0.0952531 
-1.18984 5.48132 1.19207 -0.977877 -0.256298 -0.0867665 
-1.49678 5.43488 1.1359 -0.99649 -0.337578 -0.0739901 
-1.16583 5.50925 1.21717 -1.05774 -0.269963 -0.0949055 
-1.15644 5.59999 1.26623 -1.06357 -0.251712 -0.0925876 
-1.50675 5.72777 1.2967 -1.11675 -0.337021 -0.0674117 
-1.35079 5.63799 1.22593 -1.14771 -0.303949 -0.0859135 
-1.10634 5.82727 1.32956 -1.17793 -0.252858 -0.102394 
-1.46257 5.90747 1.38401 -1.20666 -0.333267 -0.0731917 
-1.45656 5.81722 1.38749 -1.24008 -0.326767 -0.0749067 
-1.10592 5.97497 1.4227 -1.29298 -0.24779 -0.0979194 
-1.41682 6.10036 1.45662 -1.30673 -0.318075 -0.081277 
-1.58048 6.03381 1.46865 -1.33592 -0.364533 -0.0721851 
-1.17301 6.12224 1.41143 -1.3781 -0.264888 -0.0940208 
-1.34992 6.15963 1.50449 -1.36458 -0.292879 -0.0817061 
-1.65234 6.21141 1.43165 -1.40373 -0.369074 -0.0637397 
-1.31338 6.16417 1.31643 -1.42318 -0.306006 -0.0928414 
-1.20554 6.35156 1.45221 -1.45787 -0.267988 -0.0973485 
-1.6237 6.39591 1.40744 -1.48388 -0.365788 -0.0702913 
-1.48275 6.39792 1.45255 -1.54727 -0.336195 -0.0802701 
-1.1543 6.45192 1.4799 -1.55388 -0.263932 -0.104722 
-1.43396 6.58518 1.605 -1.579 -0.333679 -0.0855678 
-1.54083 6.55705 1.52735 -1.62509 -0.362519 -0.0777458 
-1.2483 6.59983 1.47683 -1.65125 -0.298284 -0.10435 
-1.34497 6.69925 1.57353 -1.65671 -0.308451 -0.0919946 
-1.60888 6.67 1.55517 -1.673 -0.379861 -0.0778656 
-1.2722 6.74141 1.53043 -1.73109 -0.316601 -0.106292 
-1.22556 6.88969 1.65339 -1.75662 -0.302792 -0.104038 
-1.66302 6.85628 1.62571 -1.76564 -0.398988 -0.0789254 
-1.38513 6.93063 1.5799 -1.83459 -0.343315 -0.0947058 
-1.16648 7.0262 1.64509 -1.85389 -0.290545 -0.112622 
-1.49577 7.15107 1.74756 -1.87722 -0.370482 -0.0896232 
-1.52443 7.07175 1.6646 -1.90799 -0.382426 -0.0886676 
-1.22237 7.08299 1.61111 -1.89841 -0.29957 -0.110925 
-1.47226 7.19277 1.72312 -1.89839 -0.351766 -0.0881013 
-1.61944 7.2189 1.58794 -1.95066 -0.395576 -0.0800676 
-1.30581 7.29945 1.66193 -1.99868 -0.338682 -0.110929 
-1.3942 7.44667 1.83356 -2.04499 -0.347474 -0.101033 
-1.77243 7.49277 1.77328 -2.0869 -0.43128 -0.0771971 
-1.43482 7.47976 1.64137 -2.12185 -0.356565 -0.0980191 
-1.35579 7.57808 1.853 -2.13682 -0.345196 -0.108763 
-1.76516 7.68189 1.77455 -2.16283 -0.443925 -0.0843421 
-1.61966 7.66984 1.71178 -2.22872 -0.411298 -0.0929828 
-1.39529 7.78321 1.82045 -2.26227 -0.350996 -0.109174 
-1.72254 7.87869 1.88913 -2.26929 -0.43191 -0.0924854 
-1.70884 7.79349 1.8097 -2.29858 -0.442039 -0.0879091 
-1.29921 7.84908 1.70078 -2.31704 -0.344191 -0.115729 
-1.56783 8.00442 1.7986 -2.34746 -0.402789 -0.0996511 
-1.77491 8.00944 1.8297 -2.38754 -0.456338 -0.0838285 
-1.39997 7.97037 1.67465 -2.39693 -0.376732 -0.11301 
-1.36673 8.16486 1.8841 -2.42995 -0.361337 -0.114582 
-1.73942 8.18825 1.88949 -2.45393 -0.454777 -0.0939341 
-1.56688 8.14837 1.83115 -2.50421 -0.423411 -0.106496 
-1.36803 8.25676 1.9609 -2.52295 -0.371853 -0.120188 
-1.70784 8.30656 1.94307 -2.51921 -0.44 -0.0959603 
-1.63062 8.3603 1.84445 -2.58103 -0.435719 -0.0999843 
-1.26964 8.41677 1.8771 -2.60655 -0.357399 -0.126561 
-1.57705 8.5523 2.01041 -2.6265 -0.41985 -0.10372 
-1.76052 8.44512 1.89581 -2.648 -0.456151 -0.089378 
-1.35631 8.54683 2.05283 -2.70248 -0.372502 -0.121106 
-1.45101 8.69092 2.11094 -2.70883 -0.391956 -0.113825 
-1.80718 8.6023 1.85648 -2.68287 -0.481052 -0.0946008 
-1.49218 8.57504 1.85183 -2.71592 -0.410025 -0.111759 
-1.36961 8.73378 1.99674 -2.7456 -0.36599 -0.111434 
-1.79472 8.74367 2.01562 -2.74635 -0.47315 -0.0926827 
-1.57761 8.73795 1.90817 -2.80278 -0.430224 -0.109024 
-1.41902 8.84202 2.06856 -2.82061 -0.394447 -0.117955 
-1.82656 9.02543 2.16368 -2.87941 -0.472411 -0.0941922 
-1.71895 9.0173 2.13171 -2.93419 -0.458683 -0.0953008 
-1.3937 9.07831 2.18671 -2.95746 -0.396601 -0.121803 
-1.72241 9.14906 2.24598 -2.96952 -0.463926 -0.103564 
-1.8918 9.13736 2.21179 -3.00493 -0.499858 -0.0901062 
-1.45588 9.12607 2.04721 -2.99421 -0.394833 -0.118129 
-1.57142 9.12563 2.02035 -2.9436 -0.425288 -0.112522 
-1.88952 9.05049 1.95042 -2.94634 -0.510207 -0.0949575 
-1.59413 9.01811 1.95185 -2.98564 -0.437822 -0.114481 
-1.52999 9.22817 2.06405 -3.01664 -0.411374 -0.118204 
-1.85111 9.31597 2.15727 -3.05376 -0.496874 -0.0963127 
-1.71904 9.27899 2.1039 -3.09977 -0.482594 -0.115633 
-1.39266 9.37391 2.16464 -3.12262 -0.404533 -0.129108 
-1.86501 9.49815 2.27714 -3.16231 -0.504497 -0.104943 
-1.80629 9.46888 2.24632 -3.20369 -0.507066 -0.107159 
-1.46359 9.49008 2.21991 -3.21762 -0.432658 -0.134255 
-1.74305 9.71024 2.3685 -3.2594 -0.499752 -0.116736 
-1.84337 9.64522 2.34696 -3.3079 -0.519562 -0.10548 
-1.49709 9.7464 2.50551 -3.36192 -0.435995 -0.129622 
-1.73528 9.94509 2.52715 -3.38723 -0.494755 -0.122985 
-1.92759 9.92514 2.51144 -3.41791 -0.554601 -0.111907 
-1.5591 9.90915 2.51371 -3.45752 -0.462853 -0.12705 
-1.62471 10.0833 2.55241 -3.47608 -0.472635 -0.124042 
-2.05155 10.0437 2.48855 -3.48781 -0.576864 -0.107146 
-1.70244 10.0976 2.38144 -3.52546 -0.51002 -0.128578 
-1.61657 10.1285 2.52839 -3.50221 -0.484834 -0.133897 
-1.99509 10.1962 2.53486 -3.5352 -0.561163 -0.104424 
-1.88522 10.1368 2.57891 -3.57898 -0.550168 -0.11284 
-1.61565 10.3189 2.63028 -3.6213 -0.490578 -0.133959 
-1.91811 10.3901 2.73523 -3.6344 -0.558357 -0.117042 
-2.02788 10.3857 2.80883 -3.69879 -0.580513 -0.107044 
-1.68248 10.4659 2.74074 -3.73486 -0.501236 -0.135819 
-1.92985 10.6245 2.98056 -3.7759 -0.562729 -0.115673 
-2.05266 10.6657 2.90203 -3.82948 -0.600973 -0.112624 
-1.65858 10.6705 2.97573 -3.85739 -0.503791 -0.135041 
-1.82118 10.7638 3.02467 -3.86345 -0.533535 -0.123497 
-2.14341 10.7231 3.04835 -3.88661 -0.617966 -0.108531 
-1.68447 10.6785 2.8519 -3.87987 -0.516134 -0.130775 
-1.69759 10.8533 2.96994 -3.89583 -0.514962 -0.13625 
-2.04698 10.8178 2.96729 -3.90924 -0.596295 -0.111922 
-1.81035 10.7697 2.93908 -3.9477 -0.537475 -0.125369 
-1.65183 10.919 3.03642 -3.96166 -0.505813 -0.139285 
-1.99784 10.9847 3.02581 -3.97923 -0.599664 -0.120571 
-1.8606 10.8389 2.91895 -3.97808 -0.560014 -0.126744 
-1.54144 10.8874 2.95315 -3.96555 -0.48005 -0.143702 
-1.95719 10.931 2.98681 -3.95345 -0.571117 -0.120628 
-1.94872 10.8282 2.80585 -3.94975 -0.584239 -0.121767 
-1.52492 10.9569 2.96164 -3.99457 -0.483368 -0.143811 
-1.80673 10.9815 2.98039 -3.98125 -0.544852 -0.130395 
-2.06536 10.9486 2.96991 -4.01227 -0.614389 -0.115878 
-1.69992 11.0869 2.49478 -4.046 -0.543165 -0.14104 
-1.77213 11.1763 3.00792 -4.0698 -0.553562 -0.140094 
-2.09677 11.224 2.52344 -4.07818 -0.637309 -0.120302 
-1.82087 11.0768 1.78606 -4.03756 -0.578052 -0.133723 
-1.72073 11.2251 2.06807 -4.07027 -0.552029 -0.140982 
-2.13632 11.3286 2.18694 -4.09863 -0.657191 -0.119061 
-1.94829 11.2553 1.299 -4.07213 -0.618856 -0.128667 
-1.73326 11.3654 1.38123 -4.09385 -0.567572 -0.144737 
-2.14056 11.4016 1.44836 -4.10322 -0.654078 -0.116531 
-1.68899 11.4991 0.589347 -4.11477 -0.57091 -0.142509 
-1.68915 11.4994 0.589353 -4.11485 -0.570948 -0.142513 
-1.99323 11.5139 1.09274 -4.12222 -0.625563 -0.128128 
-2.15538 11.5065 0.370675 -4.11781 -0.681971 -0.114611 
-1.88114 11.539 -0.3804 -4.11407 -0.623466 -0.136032 
-1.87419 11.599 0.479888 -4.13439 -0.610239 -0.134052 
-2.21373 11.5697 0.148694 -4.13017 -0.702677 -0.121032 
-1.86955 11.5949 -0.925132 -4.12213 -0.634328 -0.140587 
-1.85383 11.7234 -0.331335 -4.15285 -0.618423 -0.142102 
-2.21548 11.6934 -0.425826 -4.14928 -0.706293 -0.119191 
-1.9921 11.5666 -1.0579 -4.11777 -0.671189 -0.135082 
-1.68433 11.5983 -0.273333 -4.12875 -0.587344 -0.149823 
-2.05429 11.4815 1.0471 -4.11877 -0.652292 -0.125986 
-2.05461 11.3936 0.346528 -4.09481 -0.664069 -0.126353 
-1.71753 11.4205 0.395972 -4.09686 -0.580049 -0.145514 
-1.90889 11.5356 0.962178 -4.12833 -0.620987 -0.137521 
-2.01102 11.348 0.906378 -4.08954 -0.643605 -0.123089 
-1.70244 11.3631 0.556772 -4.08345 -0.563086 -0.139711 
-1.74783 11.4432 1.41988 -4.10653 -0.555445 -0.134933 
-1.99989 11.3545 1.52629 -4.09069 -0.610231 -0.11165 
-1.76574 11.2912 1.27202 -4.0738 -0.561335 -0.134832 
-1.61458 11.1491 2.8254 -4.0548 -0.494469 -0.13428 
-2.0761 10.7096 2.84536 -3.83909 -0.583094 -0.109328 
-1.88508 10.329 2.67465 -3.67764 -0.538752 -0.111687 
-1.56221 10.1961 2.58525 -3.56305 -0.457058 -0.132226 
-1.83305 10.1218 2.50259 -3.48424 -0.51659 -0.110202 
-1.98283 9.9998 2.50441 -3.48287 -0.548483 -0.0995875 
-1.60137 9.90191 2.39649 -3.41769 -0.445707 -0.123962 
-1.70328 9.81531 2.44609 -3.32749 -0.469433 -0.109374 
-1.89204 9.65466 2.32673 -3.27737 -0.511628 -0.0933253 
-1.56531 9.35358 2.1993 -3.12899 -0.433027 -0.115959 
-0.760089 0.935096 -0.297782 1.39415 0.0056631 -0.0277832 
-1.14065 1.19522 -0.442386 1.30138 -0.0803604 -0.0235322 
-0.618 1.29122 -0.443411 1.26749 0.0583032 -0.036976 
-0.461406 1.35377 -0.389323 1.27168 0.0823955 -0.0496711 
-0.885508 1.29003 -0.272783 1.30116 -0.0145595 -0.0247154 
-0.818847 1.23386 -0.374679 1.27965 0.00469272 -0.0281622 
-0.474559 1.32263 -0.326872 1.26 0.0839082 -0.0481245 
-0.756256 1.2735 -0.315942 1.33247 0.0246013 -0.0304093 
-0.890311 1.17318 -0.320891 1.34149 -0.0143461 -0.0198682 
-0.459212 1.14019 -0.308226 1.34064 0.0805198 -0.05076 
-0.599314 1.20891 -0.295766 1.35689 0.0594302 -0.0413878 
-0.992797 1.1873 -0.267838 1.3398 -0.0243746 -0.0147778 
-0.627428 1.16849 -0.375883 1.32533 0.0456958 -0.0386477 
-0.492116 1.26528 -0.296 1.33593 0.0809952 -0.0458587 
-0.953362 1.24119 -0.221072 1.33758 -0.0179037 -0.0137928 
-0.780636 1.1566 -0.399354 1.34789 0.022666 -0.0269562 
-0.493384 1.14743 -0.324719 1.36913 0.0894483 -0.0406472 
-0.908923 1.14444 -0.310843 1.39424 -0.00395202 -0.019246 
-0.91289 1.13193 -0.38614 1.36625 -0.00795353 -0.0200033 
-0.493962 1.07246 -0.308758 1.38673 0.0897553 -0.0419474 
-0.818571 1.13731 -0.25595 1.40106 0.0201147 -0.0231024 
-1.04453 1.05175 -0.39094 1.39721 -0.0245531 -0.00661991 
-0.61158 1.07808 -0.338012 1.37816 0.0650447 -0.0408656 
-0.604018 1.18697 -0.331464 1.38967 0.0662299 -0.0387609 
-1.00905 1.11061 -0.303231 1.38855 -0.0213582 -0.0124899 
-0.720963 1.0112 -0.337994 1.39016 0.0389687 -0.0325673 
-0.532152 1.13999 -0.305043 1.38187 0.086105 -0.0395052 
-0.902914 1.1233 -0.36247 1.40109 -0.00578193 -0.0218853 
-0.714685 1.04111 -0.330651 1.38472 0.0312623 -0.0296765 
-0.411009 1.10023 -0.319926 1.38337 0.10454 -0.0479437 
-0.856002 1.10495 -0.316179 1.40635 0.00720992 -0.0296043 
-0.84712 1.05649 -0.272042 1.38266 0.00676123 -0.0192497 
-0.444267 1.08514 -0.352981 1.38351 0.0871369 -0.0544575 
-0.646067 1.15002 -0.243622 1.40363 0.0457354 -0.0345859 
-0.966203 1.07598 -0.330648 1.39068 -0.0212291 -0.0166964 
-0.557757 1.10581 -0.334796 1.37162 0.0691834 -0.0436388 
-0.577145 1.21175 -0.231873 1.37849 0.0647398 -0.0394052 
-0.948201 1.1316 -0.292199 1.4001 -0.0183356 -0.0182315 
-0.649909 1.07662 -0.321971 1.38296 0.0414251 -0.0369373 
-0.573973 1.14268 -0.285568 1.39046 0.0761074 -0.0385091 
-0.986432 1.0985 -0.255124 1.41107 -0.0182752 -0.0149528 
-0.866242 1.08152 -0.351171 1.38058 -0.00188211 -0.0247446 
