-1.17471e-08 -3.37426e-09 -2.97904e-09 -2.39574e-11 -1.6811e-09 -8.89237e-10 
-1.23944e-07 -9.35993e-07 2.93679e-08 -4.76566e-08 -3.86154e-08 -1.5666e-06 
7.98917e-08 -1.64145e-08 4.70904e-08 -6.43453e-10 -4.51515e-08 -2.38834e-08 
2.09733e-07 -3.48909e-08 1.18033e-07 -1.52121e-09 -1.06744e-07 -5.64634e-08 
4.23051e-07 -6.5246e-08 2.34585e-07 -2.96327e-09 -2.07935e-07 -1.09989e-07 
7.40164e-07 -1.10371e-07 4.07849e-07 -5.10702e-09 -3.58363e-07 -1.8956e-07 
1.18117e-06 -1.73127e-07 6.48808e-07 -8.08833e-09 -5.67564e-07 -3.00219e-07 
1.76596e-06 -2.56342e-07 9.68323e-07 -1.20416e-08 -8.44967e-07 -4.46954e-07 
2.51419e-06 -3.62815e-07 1.37714e-06 -1.70998e-08 -1.1999e-06 -6.347e-07 
3.58813e-06 4.88714e-07 1.86607e-06 2.43127e-08 -1.61408e-06 7.75422e-07 
4.72135e-06 3.27456e-07 2.48524e-06 1.66514e-08 -2.15165e-06 4.91072e-07 
6.0757e-06 1.34732e-07 3.22523e-06 7.49528e-09 -2.7941e-06 1.51237e-07 
7.66996e-06 -9.2132e-08 4.0963e-06 -3.2829e-09 -3.55037e-06 -2.48799e-07 
9.52273e-06 -3.55782e-07 5.10862e-06 -1.58087e-08 -4.42927e-06 -7.13699e-07 
1.16524e-05 -6.5883e-07 6.27221e-06 -3.02063e-08 -5.4395e-06 -1.24807e-06 
1.4077e-05 -1.00386e-06 7.597e-06 -4.65985e-08 -6.58969e-06 -1.85647e-06 
1.69731e-05 -3.09388e-07 9.07086e-06 -9.34129e-09 -7.8574e-06 -7.10492e-07 
2.00414e-05 -7.46016e-07 1.07473e-05 -3.00865e-08 -9.31293e-06 -1.48041e-06 
2.3458e-05 -1.2322e-06 1.26141e-05 -5.3186e-08 -1.09336e-05 -2.3377e-06 
2.72401e-05 -1.77039e-06 1.46806e-05 -7.8757e-08 -1.27278e-05 -3.28671e-06 
3.14049e-05 -2.36304e-06 1.69561e-05 -1.06915e-07 -1.47034e-05 -4.33174e-06 
3.59691e-05 -3.01254e-06 1.94499e-05 -1.37774e-07 -1.68685e-05 -5.47702e-06 
4.09496e-05 -3.72127e-06 2.21712e-05 -1.71448e-07 -1.92311e-05 -6.72674e-06 
4.67251e-05 -4.5166e-06 2.5131e-05 -3.89636e-07 -2.3025e-05 -8.07211e-06 
5.21057e-05 -5.27083e-06 2.80559e-05 -4.05581e-07 -2.57389e-05 -9.52331e-06 
5.84329e-05 -6.1712e-06 3.1513e-05 -4.4836e-07 -2.87403e-05 -1.1111e-05 
6.53776e-05 -6.21113e-06 3.5214e-05 -4.47968e-07 -3.19431e-05 -1.12598e-05 
7.22776e-05 -8.12782e-06 3.90043e-05 -5.69069e-07 -3.56771e-05 -1.46498e-05 
8.10332e-05 -8.40529e-06 4.32551e-05 -9.44394e-07 -4.18633e-05 -1.50047e-05 
8.97466e-05 -9.65847e-06 4.7816e-05 -1.18958e-06 -4.7099e-05 -1.71279e-05 
9.81556e-05 -1.08505e-05 5.23911e-05 -1.2315e-06 -5.12817e-05 -1.93367e-05 
0.000104986 -1.17545e-05 5.64455e-05 -8.35221e-07 -5.30253e-05 -2.16724e-05 
0.000103969 -1.14115e-05 5.82398e-05 1.67351e-06 -4.15556e-05 -2.40806e-05 
0.000107997 -1.1856e-05 6.16479e-05 3.0199e-06 -3.77972e-05 -2.66641e-05 
0.00011159 -1.22404e-05 6.50577e-05 4.61671e-06 -3.27038e-05 -2.94157e-05 
0.000111734 -1.34506e-05 6.75584e-05 5.16326e-06 -2.17957e-05 -3.27339e-05 
0.000117504 -1.41258e-05 7.19474e-05 6.51741e-06 -1.87739e-05 -3.57608e-05 
0.00012754 -1.40889e-05 7.7798e-05 9.00679e-06 -2.15765e-05 -3.85411e-05 
0.000138871 -1.44979e-05 8.39537e-05 9.21569e-06 -2.68306e-05 -4.00855e-05 
0.000137444 -1.53857e-05 8.65056e-05 1.07746e-05 -1.06366e-05 -4.40179e-05 
0.000138472 -1.53032e-05 8.99702e-05 1.3899e-05 2.41863e-06 -4.76583e-05 
0.000154945 -1.76332e-05 9.8323e-05 1.32601e-05 -8.76868e-06 -5.16037e-05 
0.000162844 -1.85743e-05 0.000103898 1.47842e-05 -6.67415e-06 -5.56575e-05 
0.000155619 -1.7073e-05 0.000104532 1.9958e-05 1.80197e-05 -6.09749e-05 
0.000177333 -2.01763e-05 0.000114064 1.78096e-05 -4.3117e-06 -6.54854e-05 
0.000205867 -2.32803e-05 0.000123458 1.25365e-05 -4.85692e-05 -6.85482e-05 
0.000207274 -2.30291e-05 0.000125093 1.44829e-05 -4.67452e-05 -7.31484e-05 
0.000214237 -2.37816e-05 0.000131349 1.72069e-05 -3.85891e-05 -7.81122e-05 
0.000237726 -2.71143e-05 0.000143757 1.60576e-05 -5.51938e-05 -8.33339e-05 
0.000236941 -2.65955e-05 0.000146973 2.08741e-05 -3.4721e-05 -8.86179e-05 
0.000237228 -2.61935e-05 0.000151103 2.54127e-05 -1.6458e-05 -9.40211e-05 
0.000264095 -3.00075e-05 0.000163612 2.34083e-05 -4.01511e-05 -9.98707e-05 
0.000281816 -3.2337e-05 0.000172586 2.32675e-05 -5.29205e-05 -0.000105834 
0.000277885 -3.12007e-05 0.000175162 2.88498e-05 -2.96192e-05 -0.000111819 
0.000301821 -3.44756e-05 0.000186412 2.74979e-05 -5.08602e-05 -0.00011821 
0.000327506 -3.80275e-05 0.000198902 2.62955e-05 -7.11865e-05 -0.000124849 
0.000322769 -3.67118e-05 0.000202012 3.2881e-05 -4.24981e-05 -0.00013144 
0.000339668 -3.77262e-05 0.000212013 3.43063e-05 -4.72794e-05 -0.000136579 
0.000372788 -4.23769e-05 0.000226489 3.11813e-05 -8.15551e-05 -0.000143894 
0.000379605 -4.2732e-05 0.000230522 3.30995e-05 -8.57612e-05 -0.000151122 
0.000398491 -4.50836e-05 0.000240683 3.37663e-05 -9.69332e-05 -0.00015876 
0.00043344 -5.00241e-05 0.000256616 3.10291e-05 -0.000129751 -0.000166763 
0.000435556 -4.96283e-05 0.000261378 3.59328e-05 -0.000115201 -0.000174654 
0.000452153 -5.15502e-05 0.000271163 3.76306e-05 -0.000121226 -0.000182905 
0.000487994 -5.65681e-05 0.000288377 3.56061e-05 -0.000150502 -0.000191596 
0.000493271 -5.6673e-05 0.0002957 4.10411e-05 -0.000133225 -0.000200235 
0.000509796 -5.84674e-05 0.000304445 4.22412e-05 -0.00014471 -0.000209118 
0.000553563 -6.46948e-05 0.000323721 3.81412e-05 -0.000189088 -0.000218578 
0.000556724 -6.32558e-05 0.000331304 4.51437e-05 -0.000163217 -0.000226023 
0.00056767 -6.53287e-05 0.00034138 5.00404e-05 -0.000150724 -0.000237479 
0.000608213 -7.09698e-05 0.000360415 4.75011e-05 -0.00018643 -0.000247635 
0.000618304 -7.05529e-05 0.00036913 5.2246e-05 -0.000177286 -0.000255794 
0.000634435 -7.22021e-05 0.000379709 5.53816e-05 -0.000178668 -0.000266144 
0.000681273 -7.87712e-05 0.000400662 5.14957e-05 -0.000224692 -0.000277027 
0.000692003 -7.95042e-05 0.000409973 5.64192e-05 -0.00021566 -0.000287795 
0.000714471 -8.21017e-05 0.000423026 5.85609e-05 -0.000224823 -0.000298931 
0.000748729 -8.65865e-05 0.000440096 5.80877e-05 -0.000250937 -0.000310427 
0.000777786 -9.01702e-05 0.000456287 5.89721e-05 -0.000268941 -0.000322064 
0.000794271 -9.17729e-05 0.000467701 6.35319e-05 -0.00026408 -0.00033393 
0.000828136 -9.60863e-05 0.00048485 6.35183e-05 -0.000288981 -0.000346158 
0.000865856 -9.99706e-05 0.000501293 6.133e-05 -0.000329768 -0.000357019 
0.000890895 -0.000102876 0.000516697 6.44341e-05 -0.000335477 -0.00036969 
0.000914873 -0.000105535 0.000531383 6.75734e-05 -0.000341842 -0.000382588 
0.000962439 -0.000111861 0.000550374 6.26601e-05 -0.000401864 -0.000395861 
0.000977445 -0.000113151 0.000565186 7.03205e-05 -0.000378958 -0.000409273 
0.00100307 -0.000116035 0.00058136 7.40211e-05 -0.000383007 -0.000422978 
0.00104762 -0.00012178 0.000599991 7.05135e-05 -0.000435646 -0.000436992 
0.00107361 -0.000123693 0.000615462 7.37882e-05 -0.000444431 -0.000449608 
0.00109364 -0.00012563 0.000631336 8.01773e-05 -0.000432444 -0.000464066 
0.00114691 -0.000132767 0.000654143 7.57942e-05 -0.000491599 -0.000479001 
0.00117194 -0.000135369 0.000669096 7.92778e-05 -0.000500911 -0.000493955 
0.00119633 -0.000137848 0.000684356 8.33497e-05 -0.000506834 -0.000509165 
0.00125716 -0.000146114 0.000710586 7.81115e-05 -0.000572652 -0.000524969 
0.00128517 -0.000149092 0.000725245 8.01795e-05 -0.000593686 -0.000540745 
0.00132235 -0.000153392 0.000741845 7.93705e-05 -0.000634182 -0.000556777 
0.00137833 -0.000160851 0.000767781 7.64643e-05 -0.000686403 -0.000573352 
0.00139102 -0.000160529 0.000783739 8.71794e-05 -0.00065094 -0.000588335 
0.00140888 -0.00016187 0.000799788 9.54572e-05 -0.000632325 -0.000605165 
0.00146909 -0.000169928 0.000827583 9.21524e-05 -0.000688698 -0.000622608 
0.00149984 -0.000173194 0.000845395 9.57298e-05 -0.000702651 -0.000640025 
0.00153017 -0.000176382 0.000863347 9.96536e-05 -0.000714905 -0.00065771 
0.00157975 -0.000182647 0.000888486 9.9739e-05 -0.000751376 -0.000675879 
0.00163128 -0.000189089 0.000911522 9.69135e-05 -0.000809047 -0.000694232 
0.00164768 -0.000190068 0.000927239 0.000106656 -0.000784758 -0.00071273 
0.00168966 -0.000195062 0.000950594 0.000109307 -0.000806631 -0.000731659 
0.00173356 -0.000200211 0.000972191 0.000109835 -0.000844145 -0.000750789 
0.00176016 -0.000202677 0.000991233 0.000116873 -0.000839257 -0.000770122 
0.00181685 -0.000209919 0.00101886 0.000115842 -0.00088669 -0.000790014 
0.00185493 -0.000214088 0.00103921 0.000118528 -0.000912185 -0.000809947 
0.00188763 -0.000217353 0.00105886 0.00012334 -0.000924275 -0.000830104 
0.00196029 -0.000225899 0.00109021 0.000117764 -0.00100358 -0.000849066 
0.00198703 -0.000228173 0.00110846 0.000124586 -0.00100403 -0.000869728 
0.00201326 -0.000230414 0.00112869 0.000133188 -0.00099249 -0.000890746 
0.00208949 -0.000240513 0.0011604 0.000126288 -0.00108243 -0.000912393 
0.00213296 -0.000245354 0.00118295 0.000128477 -0.00111485 -0.000934025 
0.0021537 -0.000246674 0.00120298 0.000139803 -0.00108718 -0.000955852 
0.00222512 -0.000255842 0.00123242 0.0001338 -0.00117398 -0.000976956 
0.00229903 -0.000265468 0.00125903 0.000123971 -0.00128376 -0.000998478 
0.00234768 -0.000270862 0.00127915 0.000122232 -0.00134637 -0.00102117 
0.00240267 -0.000276487 0.0013078 0.000123901 -0.00138409 -0.00104275 
0.00244684 -0.000282559 0.00133475 0.000128691 -0.00139704 -0.00106666 
0.00248282 -0.000285068 0.00135705 0.000134999 -0.00140706 -0.00108737 
0.00254514 -0.000292957 0.00138841 0.000134626 -0.00145506 -0.00111036 
0.00257899 -0.000296331 0.00141302 0.000143025 -0.0014469 -0.00113343 
0.002603 -0.000297923 0.00143562 0.000155383 -0.00141794 -0.00115653 
0.0026682 -0.000306694 0.00146945 0.00015374 -0.0014625 -0.00117929 
0.00270653 -0.00030896 0.00149283 0.000162064 -0.00147547 -0.0012038 
0.00274662 -0.000313084 0.00151737 0.000167749 -0.00148855 -0.00122795 
0.00281944 -0.000322465 0.00155181 0.000165098 -0.0015552 -0.00125141 
0.00285918 -0.000327809 0.00157446 0.000167645 -0.00157791 -0.00127653 
0.00290855 -0.000331926 0.00160144 0.000172989 -0.00160814 -0.00129603 
0.00297572 -0.000340094 0.00163436 0.000172821 -0.0016652 -0.00132136 
0.0030197 -0.000345906 0.00165552 0.000172501 -0.00170994 -0.00134601 
0.00310701 -0.000355935 0.00169238 0.00016712 -0.00181127 -0.00136659 
0.00314144 -0.000357968 0.0017195 0.000178139 -0.00179288 -0.00138708 
0.0031711 -0.000361586 0.001742 0.000185909 -0.00178477 -0.00141254 
0.00325683 -0.000371356 0.0017805 0.000182748 -0.00187273 -0.00143785 
0.00329585 -0.000375062 0.0018077 0.000191732 -0.00186986 -0.00145844 
0.00333291 -0.000378385 0.00183343 0.000200633 -0.0018688 -0.00148179 
0.00340928 -0.000389393 0.00186984 0.000196535 -0.00193878 -0.00150622 
0.0034602 -0.00039251 0.0018989 0.000202934 -0.00196422 -0.00152809 
0.00350799 -0.000399661 0.00192708 0.000204018 -0.00198571 -0.00155098 
0.00357356 -0.00040764 0.00196113 0.000204998 -0.00203349 -0.00157458 
0.00362773 -0.000412259 0.00199134 0.000210794 -0.00206444 -0.00159784 
0.00368891 -0.000419368 0.00202139 0.000211079 -0.0021197 -0.00162442 
0.00375967 -0.000428494 0.0020565 0.000208665 -0.0021789 -0.00164902 
0.00380178 -0.000432736 0.00208384 0.000215616 -0.00218717 -0.00167489 
0.00387476 -0.000440845 0.00211814 0.000213705 -0.00225798 -0.00169224 
0.00393009 -0.000448888 0.00215115 0.000212739 -0.00227896 -0.0017048 
0.00397795 -0.000463143 0.00217928 0.000187894 -0.00230214 -0.00167704 
0.00406534 -0.000474238 0.00221305 0.00017813 -0.00242353 -0.00170037 
0.00411029 -0.000478386 0.00224739 0.000191316 -0.00240443 -0.00172724 
0.00415146 -0.000481944 0.00227707 0.000202259 -0.00239829 -0.00175442 
0.00421839 -0.000489215 0.00230951 0.000203573 -0.00246108 -0.00178178 
0.00427384 -0.000495015 0.00234414 0.00021146 -0.00247519 -0.00181094 
0.00432472 -0.000498882 0.00237562 0.000219419 -0.00249082 -0.00183838 
0.00438502 -0.000505213 0.0024072 0.000222863 -0.00253725 -0.0018705 
0.00446334 -0.000514749 0.00244731 0.000223351 -0.00259684 -0.00189821 
0.00453177 -0.000522454 0.00248013 0.000223265 -0.00266329 -0.00191188 
0.00459371 -0.000529474 0.00251511 0.000227332 -0.00269745 -0.00193375 
0.00465777 -0.000535638 0.00255147 0.000232253 -0.00273081 -0.00196433 
0.00472033 -0.000542319 0.00258317 0.000234395 -0.00278492 -0.00199662 
0.00479741 -0.000551643 0.00262202 0.000234218 -0.00284824 -0.00201936 
0.00485788 -0.000558518 0.00265853 0.000239762 -0.00287014 -0.00203601 
0.00492218 -0.000565994 0.00269095 0.000239786 -0.00292681 -0.00205686 
0.00500592 -0.000576223 0.00273028 0.000237021 -0.00300944 -0.00208929 
0.0050589 -0.000580825 0.0027646 0.000244852 -0.0030191 -0.00211527 
0.00511526 -0.000586554 0.00279666 0.000249991 -0.0030523 -0.00213005 
0.00519613 -0.000596389 0.00283534 0.00024761 -0.00313003 -0.00215186 
0.00525186 -0.000602373 0.00286748 0.000251928 -0.00316137 -0.00218031 
0.00532911 -0.000610831 0.00290617 0.00025093 -0.00322702 -0.0022063 
0.00540564 -0.000620384 0.00294184 0.000246649 -0.00330719 -0.00222543 
0.00546374 -0.000627323 0.00297673 0.000250064 -0.0033322 -0.00223986 
0.00554077 -0.000637886 0.00301717 0.000246594 -0.00338897 -0.00225651 
0.00560099 -0.000643489 0.00304633 0.000245635 -0.00345139 -0.00227684 
0.00568146 -0.000653652 0.0030905 0.000246736 -0.00349951 -0.00229834 
0.00572306 -0.000657503 0.00311972 0.000254798 -0.00350249 -0.00232099 
0.00579956 -0.000665572 0.00315894 0.000255026 -0.0035642 -0.0023448 
0.00586568 -0.000673051 0.00319814 0.000260156 -0.00359337 -0.00237044 
0.00594329 -0.000681962 0.00323662 0.000259953 -0.00366366 -0.00239868 
0.00602562 -0.000691319 0.00327462 0.00025781 -0.00375218 -0.00242822 
0.00608436 -0.00069602 0.00331255 0.000266568 -0.00376418 -0.00245603 
0.00615584 -0.000703842 0.00335028 0.00026892 -0.00381946 -0.00248621 
0.00623614 -0.000712016 0.00338803 0.000267183 -0.00390299 -0.00251497 
0.00629352 -0.000717156 0.00342415 0.000276602 -0.00392141 -0.0025426 
0.00636092 -0.000723299 0.00346083 0.000280406 -0.00396933 -0.00256543 
0.00645423 -0.000736055 0.00350278 0.000270313 -0.00407362 -0.00257884 
0.00649758 -0.000741184 0.00353804 0.000278832 -0.00405192 -0.00259369 
0.00656223 -0.000746546 0.00357389 0.000283528 -0.00409602 -0.00261811 
0.00665869 -0.000758672 0.00361659 0.000275931 -0.0042072 -0.00264154 
0.00671612 -0.000763653 0.00365317 0.000282836 -0.00422418 -0.00266078 
0.00677614 -0.000769488 0.0036879 0.000288319 -0.00426051 -0.00268531 
0.0068769 -0.000780896 0.00373265 0.00028176 -0.0043746 -0.00270621 
0.00694704 -0.000788123 0.0037715 0.000286208 -0.00442201 -0.00273364 
0.00700922 -0.000793892 0.00380927 0.000294376 -0.00444978 -0.00276235 
0.00708988 -0.000802998 0.003852 0.000296104 -0.00451067 -0.00278536 
0.00715502 -0.000810156 0.00388995 0.000299802 -0.0045475 -0.00280514 
0.00722292 -0.000816129 0.00392812 0.000303881 -0.00459139 -0.00283435 
0.00731539 -0.000827166 0.00397204 0.000300267 -0.004685 -0.0028646 
0.00738336 -0.00083429 0.00400734 0.000301374 -0.00474625 -0.00289363 
0.00744381 -0.00084039 0.00404556 0.00030845 -0.00476709 -0.00292038 
0.00754504 -0.000852084 0.00408989 0.000299813 -0.00488717 -0.00294359 
0.00761191 -0.000859219 0.00412726 0.000302539 -0.00493407 -0.00296575 
0.00766982 -0.000864797 0.00416532 0.000310812 -0.00494856 -0.00298541 
0.00775515 -0.000873671 0.00420702 0.00030874 -0.00503182 -0.0030204 
0.00781054 -0.000878733 0.00424416 0.000317668 -0.00504353 -0.00305574 
0.00789208 -0.000887679 0.00428661 0.000318056 -0.00511518 -0.00307713 
0.00798253 -0.000897 0.00432758 0.000313015 -0.00521978 -0.0030919 
0.00805551 -0.000903754 0.00437074 0.000319425 -0.00525223 -0.00312881 
0.00813416 -0.000911883 0.00441115 0.000320435 -0.00532652 -0.00316711 
0.00822193 -0.000921324 0.0044549 0.000320792 -0.00540845 -0.00318897 
0.00828257 -0.000925708 0.00449265 0.000329147 -0.00543095 -0.00320425 
0.00835785 -0.000933036 0.00453264 0.000329124 -0.00549672 -0.00323833 
0.00844134 -0.000942344 0.00457687 0.000330095 -0.00556312 -0.00327654 
0.00851727 -0.000949176 0.00461348 0.000329032 -0.00564623 -0.00329397 
0.00859616 -0.000956467 0.00465483 0.000330201 -0.00571312 -0.00330754 
0.00866305 -0.000963047 0.0046922 0.000333445 -0.00576395 -0.00334364 
0.0087817 -0.000977964 0.00473582 0.000314988 -0.00594879 -0.00338146 
0.00886121 -0.000985707 0.00477985 0.000317373 -0.00600377 -0.00339986 
0.00892098 -0.000990112 0.00482111 0.000327902 -0.00601016 -0.00341307 
0.00899146 -0.000995712 0.00486152 0.000333323 -0.00605614 -0.00345153 
0.00907192 -0.00100291 0.00490487 0.000336171 -0.00611865 -0.00348899 
0.0091506 -0.00101346 0.00494633 0.000334742 -0.00618757 -0.00351253 
0.00923225 -0.00102248 0.00498707 0.00033159 -0.00626917 -0.00353048 
0.00930282 -0.00103073 0.00502893 0.000335339 -0.00630958 -0.00356955 
0.00937137 -0.00103713 0.00506755 0.000337808 -0.00636492 -0.0036091 
0.00945281 -0.00104589 0.00511112 0.000338308 -0.00643114 -0.00362501 
0.00953168 -0.00105414 0.00515203 0.000338621 -0.0065 -0.00364613 
0.00958387 -0.00105864 0.00518595 0.000346016 -0.00652956 -0.00368891 
0.00969678 -0.00107387 0.00523378 0.000331852 -0.00667589 -0.00372651 
0.0097622 -0.00107969 0.00527354 0.000337352 -0.00671201 -0.00374255 
0.00983738 -0.00108807 0.00531238 0.000337224 -0.00678601 -0.00376697 
0.00994657 -0.00110087 0.00536038 0.000327798 -0.00691964 -0.00380662 
0.00999475 -0.00110495 0.00539742 0.000339634 -0.00691598 -0.0038465 
0.0100746 -0.00111401 0.00543898 0.000339448 -0.00699071 -0.00387264 
0.010154 -0.00112206 0.00548037 0.000339462 -0.00706473 -0.00389735 
0.0102278 -0.00112905 0.00551897 0.000340039 -0.00713636 -0.00392713 
0.0103054 -0.00113649 0.0055607 0.000342544 -0.00720349 -0.00396228 
0.0103823 -0.00114409 0.00560314 0.000344106 -0.00726395 -0.00399617 
0.0104436 -0.00114911 0.00563745 0.000346812 -0.00731976 -0.00401742 
0.010537 -0.00115876 0.00568161 0.000344125 -0.00742553 -0.00404262 
0.0105993 -0.00116262 0.00572132 0.000352139 -0.0074587 -0.0040803 
0.0106722 -0.00116785 0.00575979 0.000355225 -0.00752938 -0.00411666 
0.010791 -0.00118197 0.00580844 0.000341028 -0.00769349 -0.00413855 
0.010863 -0.00118718 0.00585095 0.000347697 -0.00773929 -0.00416627 
0.0109411 -0.00119409 0.00589095 0.000348043 -0.0078193 -0.00419388 
0.0110164 -0.00120214 0.00593194 0.000349103 -0.00788529 -0.00422624 
0.0110907 -0.00121055 0.00597265 0.000345482 -0.00794965 -0.004247 
0.0111486 -0.00121816 0.00600915 0.000342682 -0.00798879 -0.00426743 
0.0112407 -0.00122649 0.0060512 0.00034097 -0.00810404 -0.00430537 
0.0112995 -0.00122966 0.0060868 0.000350433 -0.00814343 -0.00434337 
0.0113943 -0.00124466 0.00613276 0.000331907 -0.0082505 -0.00435651 
0.0114698 -0.00125148 0.00617234 0.00032945 -0.00832624 -0.00438461 
0.0115397 -0.00125626 0.00621258 0.000336597 -0.00838033 -0.00442141 
0.0116158 -0.00126187 0.00625482 0.000342919 -0.00844346 -0.0044595 
0.0117033 -0.00127098 0.00629629 0.00033118 -0.00855207 -0.00447492 
0.0117799 -0.00128162 0.00633594 0.000322282 -0.00862843 -0.00449766 
0.0118515 -0.00128564 0.00637789 0.000329415 -0.00868329 -0.00453444 
0.0119163 -0.00128919 0.00641282 0.00033544 -0.00875221 -0.00457407 
0.0119994 -0.00129769 0.00645652 0.000333714 -0.00883159 -0.00460658 
0.0120492 -0.00130406 0.00649166 0.000329607 -0.00885029 -0.00461209 
0.0121323 -0.001311 0.00653197 0.000329551 -0.00894959 -0.00464731 
0.0122301 -0.00131977 0.00657605 0.00032652 -0.00907579 -0.00468598 
0.0123044 -0.00132611 0.00661779 0.000329483 -0.00913823 -0.00471817 
0.0123884 -0.00133965 0.00665831 0.000309996 -0.00924017 -0.0047263 
0.0124717 -0.00134675 0.00669996 0.000310257 -0.00933356 -0.00476323 
0.0125428 -0.00135301 0.00674235 0.000316453 -0.00938264 -0.00480296 
0.0126099 -0.00135639 0.00677888 0.000319454 -0.00945635 -0.00483675 
0.0127011 -0.0013697 0.00682001 0.000298282 -0.00957919 -0.00484213 
0.0127689 -0.00137587 0.00686026 0.000302423 -0.0096307 -0.00487983 
0.0128267 -0.00137809 0.00689287 0.000309262 -0.00969318 -0.0049176 
0.0129006 -0.0013841 0.00693414 0.000311258 -0.00975892 -0.0049523 
0.0129621 -0.00139355 0.00697147 0.000301569 -0.00980756 -0.00496432 
0.0130397 -0.00140154 0.0070085 0.000296264 -0.00991084 -0.00499869 
0.013161 -0.00141318 0.00705917 0.000286231 -0.0100784 -0.00503286 
0.0132246 -0.00141944 0.00709187 0.000283425 -0.0101661 -0.00506175 
0.0133229 -0.00143283 0.00713412 0.000262719 -0.0103076 -0.00506683 
0.0133865 -0.00143849 0.00717576 0.000265665 -0.0103387 -0.00509383 
0.0134279 -0.00143844 0.00720746 0.000277791 -0.0103545 -0.00513447 
0.0135162 -0.00144713 0.00724712 0.000271699 -0.0104791 -0.00516946 
0.0135995 -0.00145619 0.00728795 0.00026343 -0.010581 -0.00518702 
0.0136474 -0.00146071 0.00732214 0.000261801 -0.0106042 -0.00519851 
0.0137048 -0.00146312 0.00735609 0.000266504 -0.0106644 -0.00523019 
0.0138105 -0.00147264 0.00740441 0.000260792 -0.0107965 -0.00525729 
0.0138645 -0.00147699 0.00743756 0.000261949 -0.0108472 -0.00528424 
0.0139585 -0.00148766 0.00747651 0.000243168 -0.0109955 -0.00530239 
0.0140255 -0.00149221 0.00751503 0.000246725 -0.0110582 -0.00533631 
0.014095 -0.00149656 0.0075474 0.000242521 -0.0111691 -0.00534757 
0.0141617 -0.00150183 0.00758763 0.000245161 -0.0112211 -0.00538474 
0.0142297 -0.00150881 0.00762615 0.000237121 -0.0112871 -0.00540683 
0.0142968 -0.00151264 0.00765857 0.000236665 -0.0113865 -0.0054262 
0.0143786 -0.00151807 0.00769925 0.00023513 -0.0114902 -0.00544792 
0.0144418 -0.00152222 0.00773528 0.000236589 -0.0115561 -0.00548829 
0.0145088 -0.00152935 0.00777062 0.000227427 -0.0116387 -0.00550891 
0.0145974 -0.00153874 0.00781034 0.000218116 -0.0117676 -0.00551662 
0.0146599 -0.00154246 0.00784714 0.00022101 -0.0118318 -0.00554911 
0.0147374 -0.00154698 0.00788153 0.000215818 -0.0119547 -0.00559216 
0.0148071 -0.00155224 0.00791779 0.000213912 -0.012042 -0.00561989 
0.014863 -0.00155585 0.00795088 0.000213114 -0.0121064 -0.00562249 
0.0149265 -0.00156253 0.00798409 0.000205445 -0.0121916 -0.00564879 
0.0149776 -0.00156453 0.00801927 0.000211993 -0.0122286 -0.00569018 
0.0150676 -0.00157259 0.00805849 0.000203427 -0.0123663 -0.00571248 
0.0151421 -0.00157928 0.00809425 0.000197705 -0.0124775 -0.00573106 
0.0151953 -0.00158378 0.00812832 0.000197621 -0.0125246 -0.00576313 
0.0152706 -0.00159303 0.00816623 0.000188086 -0.0126273 -0.00579824 
0.0153382 -0.00159804 0.00820079 0.000183549 -0.0127187 -0.00581014 
0.015389 -0.00160131 0.00823357 0.000186014 -0.0127701 -0.00582896 
0.0154651 -0.00160883 0.0082659 0.000174027 -0.012904 -0.00586563 
0.0155146 -0.0016116 0.00829837 0.000174244 -0.0129537 -0.00589199 
0.0155692 -0.00161614 0.00833073 0.000171687 -0.0130166 -0.00590194 
0.015627 -0.00161849 0.00836127 0.000168193 -0.0131041 -0.00592099 
0.015703 -0.0016267 0.00840235 0.000162148 -0.0131909 -0.00594907 
0.0157749 -0.00163463 0.00843582 0.000149159 -0.0133049 -0.00596819 
0.0158482 -0.00164226 0.00847008 0.000138105 -0.0134231 -0.00599222 
0.0159089 -0.00164762 0.00850606 0.000135998 -0.0134897 -0.00601595 
0.0159666 -0.00165477 0.00853703 0.00012883 -0.0135729 -0.0060427 
0.0160267 -0.00166315 0.0085706 0.000122414 -0.013654 -0.00607345 
0.0160793 -0.00167021 0.00860189 0.000116596 -0.0137231 -0.00610343 
0.0161412 -0.00167711 0.00863109 0.000107472 -0.0138358 -0.00613438 
0.0161944 -0.00168522 0.00866295 9.98863e-05 -0.0139046 -0.00615528 
0.0162612 -0.00169511 0.0087 8.71017e-05 -0.0139822 -0.00616162 
0.0163243 -0.00170022 0.00873216 8.43996e-05 -0.0140812 -0.00619664 
0.0163819 -0.00170354 0.00876381 8.41148e-05 -0.0141649 -0.00623764 
0.0164642 -0.00171091 0.0087995 7.41638e-05 -0.0143108 -0.0062662 
0.0165207 -0.0017145 0.0088267 6.57367e-05 -0.0144129 -0.00626196 
0.016611 -0.0017248 0.00886088 4.56612e-05 -0.0145899 -0.00629429 
0.0166453 -0.00172133 0.0088927 6.26198e-05 -0.0145953 -0.00633766 
0.016679 -0.00171898 0.00891883 7.20297e-05 -0.0146329 -0.00635679 
0.0167533 -0.00172545 0.00894833 5.64561e-05 -0.0147857 -0.0063603 
0.0167893 -0.0017273 0.00897618 5.70405e-05 -0.0148213 -0.00638954 
0.016854 -0.00174724 0.00901202 3.41596e-05 -0.0149129 -0.00643629 
0.0169189 -0.00175096 0.00904328 3.1792e-05 -0.0150241 -0.0064543 
0.0169616 -0.00175119 0.00907252 3.25934e-05 -0.0150778 -0.00646808 
0.017029 -0.00175705 0.00910103 1.78254e-05 -0.0152138 -0.00648924 
0.0170883 -0.00176108 0.00913203 1.51326e-05 -0.0153131 -0.00652344 
0.0171419 -0.00177249 0.00915988 1.38779e-06 -0.0154155 -0.00655038 
0.0171906 -0.0017789 0.00918898 -9.4783e-06 -0.0154866 -0.00656111 
0.0172339 -0.00178015 0.00921808 -1.07043e-05 -0.015544 -0.0065894 
0.0172793 -0.0017803 0.00924177 -1.14722e-05 -0.0156455 -0.00661357 
0.0173478 -0.00178434 0.00927484 -1.34166e-05 -0.0157589 -0.00663551 
0.0174039 -0.00179242 0.00930897 -2.71418e-05 -0.0158376 -0.00665725 
0.0174558 -0.0017981 0.00933434 -4.21657e-05 -0.0159514 -0.0066787 
0.017524 -0.00180476 0.00936874 -4.84163e-05 -0.0160697 -0.00670223 
0.0175643 -0.00180427 0.00939395 -4.56391e-05 -0.016146 -0.00672965 
0.0176342 -0.00181433 0.00942768 -7.15632e-05 -0.0163006 -0.00674671 
0.0178113 -0.00184095 0.00959668 -0.000122318 -0.0166139 -0.00675947 
0.0178409 -0.00183886 0.00960683 -0.000116307 -0.0166706 -0.00678192 
0.017871 -0.00183838 0.00961076 -0.000110876 -0.0167186 -0.00681141 
0.0178909 -0.00183871 0.00961189 -0.000113472 -0.0167678 -0.00683654 
0.0179466 -0.00184683 0.00962738 -0.000132663 -0.0168796 -0.00684489 
0.0179804 -0.00184393 0.00964163 -0.000125293 -0.0169379 -0.00686466 
0.0180094 -0.00184261 0.00965496 -0.000120464 -0.0170009 -0.0068979 
0.0180581 -0.00184801 0.00967374 -0.000131041 -0.0170919 -0.00692239 
0.0180751 -0.0018464 0.0096851 -0.000135471 -0.0171396 -0.00692561 
0.018125 -0.00184847 0.00970357 -0.000139733 -0.0172587 -0.00695065 
0.0181554 -0.00184635 0.00972076 -0.00013512 -0.0173209 -0.00698258 
0.0181809 -0.0018453 0.00973607 -0.00013598 -0.0173821 -0.00700587 
0.0182529 -0.00185528 0.00976701 -0.000157377 -0.0175064 -0.00700986 
0.0182832 -0.00185266 0.00978414 -0.000152904 -0.0175816 -0.00703855 
0.0183372 -0.00185257 0.00980475 -0.000155387 -0.0177134 -0.00707193 
0.0183826 -0.00185797 0.00982744 -0.000167302 -0.0177963 -0.00708472 
0.0184044 -0.00185993 0.00984246 -0.000177398 -0.0178564 -0.00708881 
0.0184442 -0.0018619 0.0098623 -0.00017975 -0.0179472 -0.00712177 
0.0184693 -0.00186149 0.00988133 -0.000176077 -0.0179988 -0.00715567 
0.0185079 -0.00186267 0.00989517 -0.000184444 -0.0181186 -0.0071832 
0.0185627 -0.0018723 0.00991934 -0.000210699 -0.0182363 -0.00717434 
0.0185945 -0.00187361 0.00993949 -0.000211425 -0.0183031 -0.00720177 
0.0186211 -0.00187181 0.00995567 -0.000208021 -0.0183722 -0.00723048 
0.0186599 -0.00187266 0.00997587 -0.000210591 -0.0184612 -0.0072528 
0.0187087 -0.00188111 0.0099941 -0.000239362 -0.0185964 -0.00724677 
0.0187474 -0.00188309 0.0100115 -0.000247789 -0.018703 -0.0072725 
0.0187958 -0.00188467 0.0100298 -0.000253982 -0.0188355 -0.00729787 
0.0188153 -0.00188209 0.0100474 -0.00024732 -0.0188764 -0.00732055 
0.0188143 -0.00187824 0.0100579 -0.000246615 -0.0188928 -0.00733888 
0.0188682 -0.00188345 0.0100749 -0.00027069 -0.019047 -0.00733735 
0.0188875 -0.00188304 0.0100884 -0.000269522 -0.0191089 -0.00736001 
0.0188947 -0.00188107 0.0101025 -0.000264033 -0.0191353 -0.00739027 
0.0189478 -0.00188664 0.0101226 -0.000277015 -0.0192635 -0.0074275 
0.0189659 -0.00189187 0.0101354 -0.000296678 -0.0193204 -0.00740864 
0.0189943 -0.00189128 0.0101479 -0.000302069 -0.0194226 -0.00741631 
0.0190323 -0.00189163 0.0101639 -0.000306168 -0.0195294 -0.00746003 
0.0190603 -0.00189052 0.0101744 -0.000310033 -0.019634 -0.00749639 
0.0190652 -0.0018921 0.0101853 -0.000321414 -0.0196524 -0.00747339 
0.0190921 -0.00189027 0.0101983 -0.000326341 -0.0197356 -0.00747258 
0.0191014 -0.00188521 0.0102011 -0.00032465 -0.019821 -0.00751392 
0.0191384 -0.00188615 0.010217 -0.000328607 -0.0199158 -0.00754952 
0.0191528 -0.00188968 0.0102274 -0.000339806 -0.0199755 -0.00754967 
0.0191815 -0.00189611 0.0102367 -0.000366361 -0.0200839 -0.00753328 
0.0192167 -0.00190037 0.0102522 -0.000374951 -0.020185 -0.00756928 
0.0192164 -0.00189845 0.0102553 -0.000375268 -0.020237 -0.00759963 
0.0192481 -0.00189769 0.0102637 -0.00038525 -0.0203651 -0.00761997 
0.019274 -0.00190186 0.0102783 -0.000405037 -0.0204387 -0.00760243 
0.0192832 -0.00189649 0.0102826 -0.000402082 -0.0205076 -0.00762803 
0.0192955 -0.0018884 0.0102888 -0.000393307 -0.0205686 -0.00765307 
0.0193029 -0.00188596 0.0102955 -0.000392972 -0.0206222 -0.00767299 
0.0193124 -0.00189262 0.0102987 -0.000421965 -0.0207103 -0.00765861 
0.0193544 -0.00189903 0.010314 -0.000439044 -0.0208235 -0.00767581 
0.0193634 -0.00189833 0.0103203 -0.000440063 -0.0208887 -0.00771146 
0.0193831 -0.00189806 0.0103268 -0.000447954 -0.0209888 -0.0077406 
0.0193769 -0.00189694 0.0103308 -0.000452645 -0.0210021 -0.00774652 
0.0193798 -0.0018976 0.0103278 -0.000470711 -0.0210879 -0.00774605 
0.0194007 -0.00189953 0.0103342 -0.000479206 -0.0211871 -0.00777107 
0.0193994 -0.00189418 0.0103395 -0.000473585 -0.0212171 -0.00779172 
0.0194163 -0.00189459 0.0103428 -0.000487643 -0.0213166 -0.00779183 
0.0194191 -0.00189535 0.0103479 -0.000501802 -0.0213618 -0.00777664 
0.0194295 -0.00188972 0.0103527 -0.000498333 -0.0214383 -0.00780991 
0.0194527 -0.00188686 0.010354 -0.000504648 -0.0215615 -0.00784089 
0.0194448 -0.00188086 0.0103533 -0.00050158 -0.0215881 -0.00785009 
0.0194557 -0.00188188 0.0103563 -0.000520122 -0.0216678 -0.00783516 
0.0194575 -0.00187581 0.0103583 -0.000518827 -0.0217329 -0.00786127 
0.0194523 -0.00187073 0.0103599 -0.000513327 -0.0217674 -0.00789041 
0.019464 -0.00186875 0.0103526 -0.000523957 -0.021878 -0.00789869 
0.0194537 -0.00186991 0.010346 -0.000543001 -0.0219208 -0.0078779 
0.0194456 -0.00186558 0.0103369 -0.000543946 -0.0219722 -0.00789854 
0.0194349 -0.00185891 0.0103254 -0.000538307 -0.0220064 -0.00792564 
0.0194125 -0.00185191 0.0103055 -0.000531995 -0.022023 -0.00795218 
0.0194044 -0.00185472 0.0102857 -0.000555242 -0.0221018 -0.00794588 
0.0193899 -0.00185615 0.0102628 -0.000568499 -0.0221458 -0.00794627 
0.0193709 -0.00184363 0.0102321 -0.000561389 -0.0222083 -0.0079633 
0.0193617 -0.00183582 0.0102117 -0.000557948 -0.0222703 -0.00798389 
0.0193167 -0.00182094 0.0101988 -0.000537764 -0.0222137 -0.0079984 
0.0193069 -0.00182169 0.0101881 -0.000558357 -0.022278 -0.0079849 
0.019293 -0.00183209 0.0101723 -0.000585239 -0.0223552 -0.00801098 
0.0192732 -0.0018238 0.0101623 -0.000576951 -0.0223749 -0.00802631 
0.0192507 -0.00181172 0.010149 -0.000568382 -0.0224055 -0.00803894 
0.0192418 -0.0018097 0.0101372 -0.000583103 -0.0224623 -0.0080233 
0.0192319 -0.00180406 0.0101257 -0.000583854 -0.0225042 -0.00803289 
0.0192172 -0.00179653 0.0101129 -0.00058241 -0.0225681 -0.00805852 
0.0192178 -0.00179079 0.0101032 -0.000584843 -0.0226561 -0.00807764 
0.0192006 -0.00178295 0.0100893 -0.000587549 -0.0227071 -0.00808305 
0.019172 -0.00177723 0.0100755 -0.000597329 -0.0227384 -0.00806782 
0.0191712 -0.00177292 0.0100746 -0.000596593 -0.0227917 -0.00808887 
0.0191457 -0.00176424 0.0100634 -0.000591578 -0.022821 -0.00810685 
0.0191408 -0.00176075 0.0100564 -0.000598677 -0.0229061 -0.00812149 
0.0191304 -0.00175888 0.0100506 -0.00061591 -0.0229672 -0.00810275 
0.0191036 -0.00175182 0.0100414 -0.000616151 -0.0229916 -0.0081083 
0.019091 -0.00174397 0.0100302 -0.000615902 -0.0230619 -0.00812733 
0.0190978 -0.00174106 0.0100261 -0.000622541 -0.0231597 -0.00814674 
0.0190766 -0.00173483 0.0100188 -0.000622823 -0.0231888 -0.00815766 
0.0190712 -0.00173394 0.010009 -0.000646402 -0.0232877 -0.00813526 
0.019072 -0.0017279 0.0100025 -0.000650716 -0.023379 -0.00815179 
0.0190286 -0.0017151 0.0099882 -0.000639725 -0.0233783 -0.00816779 
0.0190248 -0.00170787 0.00998236 -0.000640615 -0.0234585 -0.00817962 
0.0190108 -0.00170366 0.00997256 -0.00064886 -0.0235217 -0.00818331 
0.0189682 -0.00169602 0.00995732 -0.000654843 -0.0235243 -0.00816762 
0.0189763 -0.00169209 0.00994999 -0.000664293 -0.0236489 -0.00818293 
0.0189529 -0.00168459 0.00993999 -0.000663231 -0.0236897 -0.00819578 
0.0189139 -0.0016718 0.00992308 -0.000657812 -0.0237182 -0.00820832 
0.0189279 -0.00167465 0.00991899 -0.000682786 -0.02384 -0.00819704 
0.0188904 -0.00166626 0.00990339 -0.000685821 -0.0238595 -0.00819013 
0.0188529 -0.001655 0.00988618 -0.000678308 -0.023875 -0.0082064 
0.0188543 -0.00165035 0.00987037 -0.000688264 -0.0239971 -0.00822038 
0.0187975 -0.00163755 0.00984669 -0.000679365 -0.023985 -0.00823412 
0.0187521 -0.00162875 0.00982208 -0.000683011 -0.0239932 -0.00821787 
0.0187188 -0.0016201 0.00978928 -0.000689475 -0.0240419 -0.00820855 
0.0186409 -0.00160232 0.00974008 -0.000670495 -0.023988 -0.00822169 
0.0185812 -0.00158783 0.00969842 -0.000658692 -0.0239737 -0.00823206 
0.0185259 -0.00157567 0.0096466 -0.000653751 -0.0239888 -0.00824194 
0.0184485 -0.00156367 0.00958264 -0.000655516 -0.0239523 -0.00821806 
0.0182913 -0.00153553 0.00946547 -0.000621617 -0.0237762 -0.00822057 
0.0182537 -0.00152458 0.00943988 -0.000621932 -0.0238345 -0.00822905 
0.0182043 -0.00151322 0.00942029 -0.000617245 -0.0238453 -0.00823611 
0.018147 -0.00150116 0.00939377 -0.000609217 -0.0238276 -0.00823845 
0.0181009 -0.00149579 0.00936881 -0.000624935 -0.0238559 -0.00820569 
0.0180736 -0.00148794 0.00934623 -0.000631343 -0.0239251 -0.00820607 
0.0180022 -0.00147182 0.00931155 -0.000617198 -0.0238888 -0.00821329 
0.0179481 -0.00145994 0.0092645 -0.000615421 -0.0239212 -0.00822136 
0.0178807 -0.00144708 0.0092278 -0.000607772 -0.0238914 -0.00822307 
0.0164082 -0.00130362 0.00823152 -0.000374226 -0.0215933 -0.00821694 
0.0161835 -0.00126905 0.00815603 -0.000337252 -0.0212581 -0.00812381 
0.0163757 -0.00128659 0.00819911 -0.000381161 -0.0216577 -0.0080966 
0.0165291 -0.00130604 0.00823134 -0.000426163 -0.0219989 -0.00813071 
0.0164931 -0.00129263 0.0082194 -0.000417185 -0.0220109 -0.00814972 
0.0165416 -0.00129629 0.00822137 -0.000443877 -0.022218 -0.00815455 
0.0165523 -0.00129165 0.00821947 -0.000451708 -0.022317 -0.00815071 
0.0164911 -0.0012764 0.00820093 -0.000437765 -0.0222835 -0.00815165 
0.0164393 -0.00126195 0.00818538 -0.000426352 -0.0222653 -0.00816356 
0.0164289 -0.00125329 0.00817836 -0.000428931 -0.0223317 -0.00816421 
0.0163929 -0.00124292 0.0081617 -0.000428444 -0.0223684 -0.00815831 
0.0163632 -0.00123449 0.0081463 -0.000436297 -0.0224219 -0.0081418 
0.0163339 -0.00122712 0.00813368 -0.000444979 -0.0224625 -0.00813202 
0.0162907 -0.00121418 0.00811695 -0.000438683 -0.0224727 -0.00812835 
0.0162546 -0.00120175 0.00810184 -0.000435385 -0.0225003 -0.0081129 
0.0162438 -0.00119598 0.00809308 -0.000441719 -0.0225747 -0.00812357 
0.016195 -0.00118351 0.00807375 -0.00043934 -0.0225825 -0.00812511 
0.0161656 -0.00117665 0.00805798 -0.000450928 -0.0226306 -0.00809002 
0.0161582 -0.00116936 0.00804593 -0.0004609 -0.0227362 -0.00807896 
0.0160982 -0.00115532 0.00802564 -0.000452226 -0.0227171 -0.0080894 
0.0160706 -0.00114686 0.00800908 -0.00045684 -0.0227807 -0.00809882 
0.0160673 -0.00114478 0.00799507 -0.000479549 -0.0229081 -0.00806889 
0.0159722 -0.00112704 0.00797048 -0.000466192 -0.0227975 -0.00803421 
0.0159557 -0.00111927 0.00795623 -0.000472285 -0.0228802 -0.00804506 
0.0159258 -0.00111023 0.00794049 -0.000472967 -0.022928 -0.00805462 
0.0158558 -0.00109392 0.00791604 -0.000463886 -0.0228994 -0.00804149 
0.0158528 -0.00108982 0.00790347 -0.00047687 -0.0230144 -0.00802541 
0.0158048 -0.00107836 0.00788328 -0.000477792 -0.0230297 -0.00802439 
0.0157413 -0.00106483 0.00786063 -0.000474156 -0.0230091 -0.00801835 
0.0157184 -0.00105655 0.00784361 -0.000481059 -0.0230859 -0.00800618 
0.01569 -0.00104984 0.00782723 -0.000486613 -0.0231394 -0.00798944 
0.0156471 -0.00104041 0.00780769 -0.000489529 -0.0231652 -0.0079916 
0.0156053 -0.00103192 0.00778815 -0.000495739 -0.0231942 -0.00798623 
0.0155678 -0.00102378 0.00776825 -0.000503151 -0.0232395 -0.00796776 
0.0155451 -0.00101566 0.00775085 -0.000510602 -0.0233164 -0.00795032 
0.0155022 -0.00100681 0.00772965 -0.000513788 -0.0233521 -0.0079528 
0.0154611 -0.000995637 0.00770886 -0.000514731 -0.0233892 -0.00795642 
0.0154173 -0.000985194 0.00768795 -0.000518267 -0.0234176 -0.00793482 
0.0153786 -0.000977417 0.00766569 -0.000526058 -0.0234733 -0.0079164 
0.0153237 -0.000964627 0.007644 -0.000521732 -0.0234682 -0.00791848 
0.0152781 -0.000953454 0.00762196 -0.000521945 -0.0234914 -0.00791787 
0.0152289 -0.000942928 0.00759986 -0.000523669 -0.0235136 -0.007902 
0.0151794 -0.000927336 0.00758436 -0.000511512 -0.0234846 -0.00788643 
