1.48321e+07 -1.18272e+07 8.08674e+06 -1.14917e+06 -2.00801e+06 -7362 
1.48321e+07 -1.18272e+07 8.08674e+06 -1.14917e+06 -2.00801e+06 -7362 
1.44746e+07 -1.21325e+07 7.97814e+06 -1.17384e+06 -1.95776e+06 39152 
1.45065e+07 -1.22078e+07 7.98295e+06 -1.18914e+06 -1.98321e+06 38541 
1.48107e+07 -1.18433e+07 8.05795e+06 -1.15572e+06 -2.01145e+06 -6574 
1.45829e+07 -1.19917e+07 8.06677e+06 -1.15345e+06 -1.96721e+06 19764 
1.44373e+07 -1.22782e+07 7.99958e+06 -1.19351e+06 -1.97235e+06 49450 
1.47339e+07 -1.19597e+07 7.95964e+06 -1.17872e+06 -2.00567e+06 5779 
1.47003e+07 -1.18456e+07 8.13536e+06 -1.14246e+06 -1.98113e+06 -1038 
1.44744e+07 -1.22428e+07 8.03191e+06 -1.18291e+06 -1.97295e+06 41171 
1.46974e+07 -1.20678e+07 8.00596e+06 -1.19176e+06 -2.01052e+06 14448 
1.48558e+07 -1.17917e+07 8.09621e+06 -1.14905e+06 -2.00329e+06 -8400 
1.45262e+07 -1.21054e+07 8.1107e+06 -1.16582e+06 -1.97484e+06 31269 
1.46456e+07 -1.21584e+07 7.92565e+06 -1.18905e+06 -2.00313e+06 24621 
1.48278e+07 -1.17577e+07 8.1199e+06 -1.15169e+06 -2.01311e+06 -14279 
1.46156e+07 -1.1968e+07 8.11344e+06 -1.159e+06 -1.98056e+06 18621 
1.45545e+07 -1.21418e+07 7.98733e+06 -1.17625e+06 -1.99176e+06 31183 
1.4854e+07 -1.18484e+07 8.0759e+06 -1.16e+06 -2.0259e+06 -7687 
1.47221e+07 -1.18634e+07 8.1196e+06 -1.1525e+06 -1.98874e+06 2973 
1.44665e+07 -1.21643e+07 8.09779e+06 -1.17455e+06 -1.97485e+06 41432 
1.47542e+07 -1.19315e+07 8.00061e+06 -1.16592e+06 -2.01696e+06 6194 
1.48299e+07 -1.17843e+07 8.1442e+06 -1.1385e+06 -2.00578e+06 -11704 
1.44771e+07 -1.2206e+07 8.05894e+06 -1.17686e+06 -1.96582e+06 41061 
1.45328e+07 -1.21553e+07 7.99281e+06 -1.18896e+06 -1.99104e+06 30726 
1.47972e+07 -1.182e+07 8.05295e+06 -1.1492e+06 -2.00828e+06 -9155 
1.45518e+07 -1.20219e+07 8.15313e+06 -1.15402e+06 -1.96815e+06 22424 
1.44203e+07 -1.22543e+07 7.97464e+06 -1.189e+06 -1.97025e+06 45743 
1.47439e+07 -1.19376e+07 8.00245e+06 -1.16958e+06 -2.0073e+06 2099 
1.46811e+07 -1.18908e+07 8.13755e+06 -1.14903e+06 -1.97884e+06 8183 
1.44497e+07 -1.22191e+07 8.00673e+06 -1.17527e+06 -1.96599e+06 42769 
1.46758e+07 -1.2048e+07 8.01603e+06 -1.18221e+06 -2.00467e+06 17929 
1.47705e+07 -1.18887e+07 8.01631e+06 -1.16215e+06 -1.99004e+06 1267 
1.44515e+07 -1.21953e+07 8.06779e+06 -1.17774e+06 -1.96429e+06 41420 
1.46701e+07 -1.20568e+07 7.94056e+06 -1.18005e+06 -2.00412e+06 21842 
1.48535e+07 -1.17912e+07 8.0795e+06 -1.15145e+06 -2.01223e+06 -9409 
1.44985e+07 -1.20638e+07 8.11699e+06 -1.16502e+06 -1.9643e+06 29419 
1.45082e+07 -1.21746e+07 7.97697e+06 -1.19195e+06 -1.98561e+06 38327 
1.48415e+07 -1.1804e+07 8.00922e+06 -1.15824e+06 -2.01595e+06 -10734 
1.46805e+07 -1.19094e+07 8.09849e+06 -1.15093e+06 -1.98532e+06 6053 
1.44771e+07 -1.22e+07 8.03806e+06 -1.1851e+06 -1.97677e+06 37512 
1.47259e+07 -1.1953e+07 8.07127e+06 -1.1777e+06 -2.0155e+06 2717 
1.47656e+07 -1.18247e+07 8.13224e+06 -1.15202e+06 -1.99499e+06 -4333 
1.448e+07 -1.21466e+07 8.07029e+06 -1.16687e+06 -1.97478e+06 29808 
1.46869e+07 -1.20039e+07 8.0428e+06 -1.16976e+06 -2.01425e+06 12431 
1.48204e+07 -1.18057e+07 8.13016e+06 -1.15171e+06 -2.00884e+06 -10181 
1.45402e+07 -1.20437e+07 8.08536e+06 -1.16116e+06 -1.97134e+06 25097 
1.45596e+07 -1.20954e+07 8.04848e+06 -1.18188e+06 -1.99696e+06 30411 
1.48218e+07 -1.17827e+07 8.05975e+06 -1.14635e+06 -2.01386e+06 -13503 
1.4562e+07 -1.19201e+07 8.15108e+06 -1.13908e+06 -1.97335e+06 16467 
1.4485e+07 -1.22365e+07 8.0413e+06 -1.1923e+06 -1.98163e+06 42311 
1.47547e+07 -1.18867e+07 8.07904e+06 -1.16152e+06 -2.01019e+06 -882 
1.46934e+07 -1.18698e+07 8.06891e+06 -1.13699e+06 -1.98116e+06 2379 
1.44514e+07 -1.21806e+07 8.04009e+06 -1.17554e+06 -1.96687e+06 42947 
1.46425e+07 -1.20494e+07 7.95644e+06 -1.18142e+06 -2.00072e+06 19113 
1.4712e+07 -1.18607e+07 8.05632e+06 -1.15366e+06 -1.98529e+06 2071 
1.44914e+07 -1.21513e+07 8.08029e+06 -1.16641e+06 -1.96289e+06 34329 
1.45404e+07 -1.21672e+07 7.9916e+06 -1.18495e+06 -1.98881e+06 29064 
1.47624e+07 -1.18593e+07 8.01542e+06 -1.16291e+06 -1.99901e+06 -901 
1.45478e+07 -1.20503e+07 8.09336e+06 -1.16542e+06 -1.96494e+06 28361 
1.45285e+07 -1.2195e+07 7.98882e+06 -1.1903e+06 -1.98699e+06 36619 
1.48415e+07 -1.18193e+07 8.03522e+06 -1.15765e+06 -2.01349e+06 -8634 
1.46103e+07 -1.19332e+07 8.1258e+06 -1.15e+06 -1.97281e+06 12694 
1.44675e+07 -1.22557e+07 8.03273e+06 -1.1979e+06 -1.97479e+06 44071 
1.47936e+07 -1.18751e+07 7.96608e+06 -1.17102e+06 -2.01638e+06 1679 
1.47523e+07 -1.18049e+07 8.09772e+06 -1.13897e+06 -1.99306e+06 -207 
1.4481e+07 -1.21429e+07 8.01047e+06 -1.17555e+06 -1.97521e+06 33304 
1.47405e+07 -1.20315e+07 8.07136e+06 -1.18243e+06 -2.01706e+06 7257 
1.47418e+07 -1.1855e+07 8.11959e+06 -1.15671e+06 -1.99715e+06 -7311 
1.45505e+07 -1.21029e+07 8.13341e+06 -1.16698e+06 -1.97906e+06 28067 
1.46775e+07 -1.2027e+07 8.04862e+06 -1.17416e+06 -2.0108e+06 16381 
1.48527e+07 -1.17665e+07 8.11147e+06 -1.14611e+06 -2.01897e+06 -10144 
1.45295e+07 -1.20136e+07 8.15247e+06 -1.15761e+06 -1.97011e+06 18491 
1.44844e+07 -1.2115e+07 8.07129e+06 -1.18058e+06 -1.98678e+06 34787 
1.48152e+07 -1.17921e+07 8.04052e+06 -1.1484e+06 -2.01898e+06 -7447 
1.47357e+07 -1.18217e+07 8.15552e+06 -1.13484e+06 -1.99062e+06 1727 
1.44315e+07 -1.22188e+07 8.01548e+06 -1.18621e+06 -1.96996e+06 41504 
1.46896e+07 -1.19913e+07 8.00827e+06 -1.17469e+06 -2.00839e+06 13492 
1.47786e+07 -1.17654e+07 8.10741e+06 -1.13905e+06 -1.99375e+06 -1226 
1.44217e+07 -1.21585e+07 8.08199e+06 -1.16591e+06 -1.95961e+06 35729 
1.45522e+07 -1.20947e+07 8.04666e+06 -1.18535e+06 -1.99277e+06 29182 
1.4758e+07 -1.18461e+07 8.08897e+06 -1.15734e+06 -1.99458e+06 1589 
1.45135e+07 -1.20244e+07 8.05944e+06 -1.15791e+06 -1.96127e+06 32063 
1.44934e+07 -1.21449e+07 8.02314e+06 -1.18287e+06 -1.98452e+06 33905 
1.47733e+07 -1.18841e+07 8.02917e+06 -1.16505e+06 -2.00506e+06 1938 
1.46042e+07 -1.1924e+07 8.0558e+06 -1.15469e+06 -1.9693e+06 15557 
1.44478e+07 -1.22196e+07 8.05824e+06 -1.1901e+06 -1.96607e+06 47574 
1.47134e+07 -1.19684e+07 7.986e+06 -1.17552e+06 -2.00828e+06 10434 
1.47145e+07 -1.18161e+07 8.14924e+06 -1.14291e+06 -1.98641e+06 948 
1.44212e+07 -1.21926e+07 8.06864e+06 -1.1893e+06 -1.96016e+06 41207 
1.46e+07 -1.20974e+07 8.0103e+06 -1.19229e+06 -2.00136e+06 22035 
1.47986e+07 -1.17622e+07 8.05542e+06 -1.14706e+06 -2.00378e+06 -7637 
1.45292e+07 -1.20002e+07 8.06371e+06 -1.15416e+06 -1.96732e+06 21506 
1.45556e+07 -1.21641e+07 8.02078e+06 -1.19747e+06 -1.99617e+06 30436 
1.47807e+07 -1.18126e+07 8.07928e+06 -1.16042e+06 -2.01321e+06 -6192 
1.4618e+07 -1.19004e+07 8.05661e+06 -1.14189e+06 -1.97903e+06 10841 
1.45138e+07 -1.20606e+07 8.02894e+06 -1.1724e+06 -1.99237e+06 29286 
1.48008e+07 -1.18687e+07 8.00067e+06 -1.16669e+06 -2.01846e+06 -3062 
1.46375e+07 -1.18855e+07 8.16343e+06 -1.14379e+06 -1.9784e+06 7246 
1.44695e+07 -1.21453e+07 8.13902e+06 -1.18409e+06 -1.98285e+06 36585 
1.47736e+07 -1.19035e+07 8.02416e+06 -1.16068e+06 -2.01574e+06 -3747 
1.46331e+07 -1.18235e+07 8.09041e+06 -1.13221e+06 -1.97902e+06 -431 
1.44599e+07 -1.21306e+07 8.09446e+06 -1.17408e+06 -1.97036e+06 37915 
1.46444e+07 -1.20589e+07 7.99928e+06 -1.1814e+06 -2.00696e+06 17467 
1.47003e+07 -1.18058e+07 8.07147e+06 -1.14427e+06 -1.98424e+06 871 
1.44524e+07 -1.21003e+07 8.01891e+06 -1.16328e+06 -1.96432e+06 33949 
1.45834e+07 -1.20704e+07 7.99036e+06 -1.18303e+06 -1.99419e+06 26006 
1.47136e+07 -1.18512e+07 8.0555e+06 -1.15748e+06 -1.99435e+06 494 
1.44479e+07 -1.20714e+07 8.13509e+06 -1.17007e+06 -1.95842e+06 32644 
1.448e+07 -1.21818e+07 8.00786e+06 -1.19443e+06 -1.98137e+06 40531 
1.47798e+07 -1.18456e+07 7.98073e+06 -1.15697e+06 -2.00237e+06 -5142 
1.45597e+07 -1.19809e+07 8.16263e+06 -1.15554e+06 -1.97054e+06 19089 
1.44961e+07 -1.22339e+07 8.01479e+06 -1.20366e+06 -1.98089e+06 45625 
1.47107e+07 -1.19474e+07 8.01739e+06 -1.17709e+06 -2.00808e+06 3220 
1.46636e+07 -1.18884e+07 8.06759e+06 -1.14903e+06 -1.97928e+06 6859 
1.44653e+07 -1.21245e+07 8.01656e+06 -1.17361e+06 -1.9761e+06 34716 
1.46599e+07 -1.20173e+07 7.98195e+06 -1.18581e+06 -2.01145e+06 14256 
1.47449e+07 -1.18179e+07 8.01384e+06 -1.15456e+06 -1.99623e+06 -2201 
1.45091e+07 -1.20772e+07 8.07091e+06 -1.16922e+06 -1.97291e+06 30052 
1.46265e+07 -1.20575e+07 8.03534e+06 -1.181e+06 -2.00891e+06 15887 
1.47861e+07 -1.17687e+07 8.0563e+06 -1.14381e+06 -2.00991e+06 -14931 
1.45582e+07 -1.19877e+07 8.10237e+06 -1.15311e+06 -1.97801e+06 20516 
1.44928e+07 -1.21339e+07 8.03728e+06 -1.19031e+06 -1.98788e+06 33221 
1.4795e+07 -1.17861e+07 8.07134e+06 -1.15046e+06 -2.01882e+06 -10359 
1.46245e+07 -1.18191e+07 8.11887e+06 -1.13125e+06 -1.97996e+06 4909 
1.44933e+07 -1.20989e+07 8.06865e+06 -1.17218e+06 -1.98397e+06 34108 
1.46716e+07 -1.19801e+07 8.00488e+06 -1.17612e+06 -2.00932e+06 9610 
1.46971e+07 -1.17957e+07 8.12514e+06 -1.14155e+06 -1.98614e+06 2361 
1.44438e+07 -1.2101e+07 8.05651e+06 -1.16509e+06 -1.97116e+06 37350 
1.46407e+07 -1.19673e+07 8.0481e+06 -1.16831e+06 -2.00798e+06 14594 
1.4723e+07 -1.18155e+07 8.0595e+06 -1.14355e+06 -1.99042e+06 1712 
1.44147e+07 -1.21373e+07 8.05455e+06 -1.17252e+06 -1.9573e+06 40788 
1.45693e+07 -1.20975e+07 8.03577e+06 -1.1935e+06 -1.99651e+06 30667 
1.46866e+07 -1.17924e+07 8.04147e+06 -1.15031e+06 -1.98858e+06 -3841 
1.44331e+07 -1.19841e+07 8.04396e+06 -1.15067e+06 -1.96e+06 27073 
1.44466e+07 -1.21102e+07 8.01982e+06 -1.19334e+06 -1.98061e+06 42594 
1.4719e+07 -1.18853e+07 8.02902e+06 -1.16805e+06 -2.00122e+06 3637 
1.45247e+07 -1.19565e+07 8.068e+06 -1.15978e+06 -1.96447e+06 23396 
1.44635e+07 -1.21746e+07 8.03659e+06 -1.18968e+06 -1.97731e+06 41038 
1.46938e+07 -1.18799e+07 8.01802e+06 -1.16725e+06 -2.01082e+06 4051 
1.46314e+07 -1.18342e+07 8.10169e+06 -1.14651e+06 -1.97894e+06 4458 
1.44477e+07 -1.21838e+07 8.05064e+06 -1.1872e+06 -1.96934e+06 40130 
1.46168e+07 -1.20483e+07 8.00495e+06 -1.19016e+06 -2.00936e+06 12492 
1.47551e+07 -1.17461e+07 8.09889e+06 -1.14047e+06 -1.99596e+06 -7897 
1.44551e+07 -1.19797e+07 8.06962e+06 -1.15245e+06 -1.9715e+06 23671 
1.45547e+07 -1.20652e+07 8.02256e+06 -1.18685e+06 -2.00237e+06 25246 
1.48045e+07 -1.18517e+07 8.0738e+06 -1.15646e+06 -2.00945e+06 -8483 
1.45191e+07 -1.19654e+07 8.1727e+06 -1.15527e+06 -1.96981e+06 17322 
1.44964e+07 -1.20638e+07 8.0897e+06 -1.18431e+06 -1.99018e+06 31571 
1.47849e+07 -1.17825e+07 8.00848e+06 -1.14448e+06 -2.01566e+06 -12228 
1.46602e+07 -1.17407e+07 8.11915e+06 -1.12827e+06 -1.98958e+06 -578 
1.44305e+07 -1.21357e+07 8.08107e+06 -1.18183e+06 -1.9778e+06 37527 
1.47004e+07 -1.18977e+07 8.04149e+06 -1.16782e+06 -2.00856e+06 8198 
1.46356e+07 -1.17371e+07 8.13896e+06 -1.13468e+06 -1.98424e+06 -3015 
1.43711e+07 -1.20591e+07 8.08877e+06 -1.16382e+06 -1.96291e+06 32413 
1.4581e+07 -1.19903e+07 8.01289e+06 -1.16763e+06 -2.00331e+06 19107 
1.47253e+07 -1.17588e+07 8.08198e+06 -1.14055e+06 -1.9981e+06 -3049 
1.43744e+07 -1.20345e+07 8.0706e+06 -1.15982e+06 -1.9555e+06 30707 
1.4432e+07 -1.20812e+07 8.07975e+06 -1.18722e+06 -1.97831e+06 38019 
1.46894e+07 -1.18245e+07 8.07649e+06 -1.153e+06 -2.00392e+06 -1691 
1.45629e+07 -1.18771e+07 8.14658e+06 -1.14205e+06 -1.96584e+06 17799 
1.43558e+07 -1.21928e+07 8.11764e+06 -1.19183e+06 -1.96505e+06 44957 
1.46375e+07 -1.19543e+07 8.09141e+06 -1.1813e+06 -1.99877e+06 13037 
1.46027e+07 -1.18069e+07 8.09871e+06 -1.1401e+06 -1.97308e+06 8019 
1.43821e+07 -1.21456e+07 8.08253e+06 -1.18111e+06 -1.96408e+06 42615 
1.46132e+07 -1.19701e+07 8.03846e+06 -1.17858e+06 -2.00063e+06 15965 
1.46104e+07 -1.18564e+07 8.06569e+06 -1.15894e+06 -1.98351e+06 4797 
1.43884e+07 -1.21077e+07 8.05988e+06 -1.17803e+06 -1.95854e+06 38706 
1.45562e+07 -1.19901e+07 8.03031e+06 -1.17819e+06 -2.00104e+06 21989 
1.46925e+07 -1.17566e+07 8.01605e+06 -1.14438e+06 -1.99527e+06 -9396 
1.44371e+07 -1.19914e+07 8.18236e+06 -1.16191e+06 -1.96456e+06 26746 
1.44526e+07 -1.20918e+07 8.01487e+06 -1.19209e+06 -1.99262e+06 29124 
1.47316e+07 -1.17252e+07 8.13446e+06 -1.15169e+06 -2.00815e+06 -7953 
1.45135e+07 -1.18685e+07 8.08677e+06 -1.13814e+06 -1.97224e+06 9860 
1.44037e+07 -1.20298e+07 7.98684e+06 -1.17502e+06 -1.98851e+06 30106 
1.46917e+07 -1.18629e+07 7.99186e+06 -1.17061e+06 -2.01297e+06 -1503 
1.45508e+07 -1.17995e+07 8.14324e+06 -1.13869e+06 -1.97576e+06 7911 
1.44057e+07 -1.20217e+07 8.09939e+06 -1.16637e+06 -1.97754e+06 33259 
1.4625e+07 -1.18348e+07 8.02588e+06 -1.1586e+06 -2.00759e+06 -56 
1.46271e+07 -1.17537e+07 8.15345e+06 -1.1332e+06 -1.98141e+06 -253 
1.43537e+07 -1.21217e+07 8.13343e+06 -1.18143e+06 -1.96481e+06 41498 
1.45499e+07 -1.19365e+07 7.99896e+06 -1.17151e+06 -1.99956e+06 17171 
1.46357e+07 -1.17278e+07 8.12372e+06 -1.13247e+06 -1.98943e+06 -7500 
1.43627e+07 -1.19928e+07 8.11186e+06 -1.15544e+06 -1.95557e+06 31390 
1.43701e+07 -1.20128e+07 8.04353e+06 -1.18267e+06 -1.98342e+06 35979 
1.467e+07 -1.18382e+07 8.00742e+06 -1.16232e+06 -1.99234e+06 3465 
1.44268e+07 -1.19389e+07 8.17348e+06 -1.14835e+06 -1.95417e+06 25945 
1.44024e+07 -1.21082e+07 8.06714e+06 -1.17993e+06 -1.97483e+06 37341 
1.46575e+07 -1.18351e+07 8.06078e+06 -1.16102e+06 -2.00008e+06 3646 
1.44951e+07 -1.18654e+07 8.08431e+06 -1.15252e+06 -1.96407e+06 15482 
1.43111e+07 -1.21311e+07 8.155e+06 -1.18676e+06 -1.95948e+06 46809 
1.45903e+07 -1.19208e+07 8.09408e+06 -1.17772e+06 -1.99748e+06 9332 
1.46216e+07 -1.17428e+07 8.10248e+06 -1.13431e+06 -1.98143e+06 2827 
1.43487e+07 -1.20625e+07 8.07793e+06 -1.1783e+06 -1.96525e+06 39989 
1.45e+07 -1.19857e+07 7.96753e+06 -1.18535e+06 -1.99745e+06 24082 
1.46842e+07 -1.1757e+07 8.11541e+06 -1.1481e+06 -1.99646e+06 -6102 
1.438e+07 -1.19927e+07 8.07281e+06 -1.16099e+06 -1.965e+06 27112 
1.45005e+07 -1.20299e+07 8.07419e+06 -1.17874e+06 -1.99556e+06 23828 
1.4656e+07 -1.17714e+07 8.08807e+06 -1.1565e+06 -2.00744e+06 -5419 
1.44809e+07 -1.19128e+07 8.10873e+06 -1.15229e+06 -1.96736e+06 15458 
1.43777e+07 -1.20382e+07 8.11947e+06 -1.17375e+06 -1.98175e+06 31844 
1.46303e+07 -1.17609e+07 8.00758e+06 -1.15864e+06 -2.01842e+06 -6097 
1.45454e+07 -1.1729e+07 8.09944e+06 -1.12983e+06 -1.98188e+06 890 
1.42943e+07 -1.20487e+07 8.10853e+06 -1.18268e+06 -1.97445e+06 40418 
1.45943e+07 -1.18895e+07 8.08131e+06 -1.17468e+06 -2.01192e+06 8220 
1.45375e+07 -1.16475e+07 8.16086e+06 -1.13548e+06 -1.98746e+06 -4252 
1.42701e+07 -1.19658e+07 8.07092e+06 -1.165e+06 -1.97035e+06 34184 
1.43841e+07 -1.19236e+07 8.09268e+06 -1.18538e+06 -2.00271e+06 24194 
1.44956e+07 -1.17119e+07 8.06056e+06 -1.15942e+06 -1.99828e+06 -1404 
1.4293e+07 -1.19257e+07 8.19138e+06 -1.17519e+06 -1.97284e+06 31596 
1.43e+07 -1.19811e+07 8.09712e+06 -1.19001e+06 -1.99718e+06 36218 
1.45226e+07 -1.16924e+07 8.1196e+06 -1.17139e+06 -2.02017e+06 239 
1.4303e+07 -1.17459e+07 8.19594e+06 -1.1712e+06 -1.98824e+06 18835 
1.41366e+07 -1.20333e+07 8.09957e+06 -1.20711e+06 -1.98682e+06 47545 
1.43811e+07 -1.17486e+07 8.12675e+06 -1.19466e+06 -2.03021e+06 9583 
1.43425e+07 -1.15765e+07 8.07878e+06 -1.15744e+06 -2.00846e+06 1395 
1.40957e+07 -1.19368e+07 8.24946e+06 -1.20553e+06 -1.99367e+06 42091 
1.42921e+07 -1.18653e+07 8.09436e+06 -1.22201e+06 -2.03273e+06 21702 
1.43959e+07 -1.15569e+07 8.22034e+06 -1.17456e+06 -2.03062e+06 -4069 
1.41078e+07 -1.18254e+07 8.27583e+06 -1.19788e+06 -2.00505e+06 31832 
1.41785e+07 -1.18428e+07 8.15046e+06 -1.21575e+06 -2.0385e+06 25249 
1.43212e+07 -1.15438e+07 8.17772e+06 -1.19602e+06 -2.05522e+06 -4440 
1.42038e+07 -1.17225e+07 8.30103e+06 -1.19801e+06 -2.02105e+06 17230 
1.39639e+07 -1.18244e+07 8.20179e+06 -1.2207e+06 -2.03259e+06 33118 
1.43225e+07 -1.15806e+07 8.20763e+06 -1.19798e+06 -2.08166e+06 -6896 
1.41934e+07 -1.15114e+07 8.27308e+06 -1.18478e+06 -2.04794e+06 -2863 
1.39042e+07 -1.17713e+07 8.27224e+06 -1.21927e+06 -2.04067e+06 33587 
1.41347e+07 -1.15596e+07 8.33004e+06 -1.22518e+06 -2.08815e+06 9259 
1.42071e+07 -1.13366e+07 8.33542e+06 -1.18378e+06 -2.07662e+06 -14947 
1.38964e+07 -1.16141e+07 8.37036e+06 -1.20694e+06 -2.05621e+06 24860 
1.4006e+07 -1.16071e+07 8.28056e+06 -1.23464e+06 -2.09267e+06 12453 
1.41536e+07 -1.13622e+07 8.35385e+06 -1.20228e+06 -2.09252e+06 -8756 
1.38145e+07 -1.15699e+07 8.44575e+06 -1.21708e+06 -2.05486e+06 23440 
1.38156e+07 -1.1634e+07 8.29146e+06 -1.24185e+06 -2.08774e+06 26742 
1.39958e+07 -1.12796e+07 8.33549e+06 -1.21118e+06 -2.11451e+06 -10981 
1.37533e+07 -1.14622e+07 8.35662e+06 -1.22733e+06 -2.07071e+06 20853 
1.36519e+07 -1.16421e+07 8.39583e+06 -1.2654e+06 -2.09337e+06 37814 
1.39015e+07 -1.13798e+07 8.32563e+06 -1.24499e+06 -2.12317e+06 -701 
1.37386e+07 -1.13315e+07 8.47255e+06 -1.23504e+06 -2.09376e+06 7420 
1.35886e+07 -1.1593e+07 8.42016e+06 -1.27187e+06 -2.10081e+06 39495 
1.37054e+07 -1.13996e+07 8.4348e+06 -1.28665e+06 -2.14285e+06 10324 
1.38113e+07 -1.12669e+07 8.46438e+06 -1.24386e+06 -2.12451e+06 -4861 
1.3499e+07 -1.14877e+07 8.50428e+06 -1.26996e+06 -2.10991e+06 30469 
1.36093e+07 -1.13901e+07 8.45582e+06 -1.2888e+06 -2.15882e+06 11804 
1.37557e+07 -1.11538e+07 8.45274e+06 -1.25928e+06 -2.16074e+06 -11636 
1.33916e+07 -1.1272e+07 8.63111e+06 -1.27331e+06 -2.13338e+06 22752 
1.35325e+07 -1.13886e+07 8.56339e+06 -1.29925e+06 -2.17047e+06 21763 
1.36732e+07 -1.10083e+07 8.51658e+06 -1.26444e+06 -2.19007e+06 -20912 
1.33952e+07 -1.11138e+07 8.65055e+06 -1.27267e+06 -2.15927e+06 5403 
1.33293e+07 -1.13403e+07 8.56784e+06 -1.31293e+06 -2.17599e+06 25276 
1.34812e+07 -1.09995e+07 8.6282e+06 -1.30091e+06 -2.20809e+06 -10945 
1.34282e+07 -1.09538e+07 8.62667e+06 -1.27395e+06 -2.17598e+06 -2606 
1.31866e+07 -1.11606e+07 8.69849e+06 -1.30617e+06 -2.18943e+06 24415 
1.34655e+07 -1.09928e+07 8.69113e+06 -1.31727e+06 -2.22849e+06 -5416 
1.33136e+07 -1.08919e+07 8.69553e+06 -1.29892e+06 -2.1992e+06 -6634 
1.31376e+07 -1.11624e+07 8.7482e+06 -1.33095e+06 -2.19485e+06 33604 
1.32368e+07 -1.09379e+07 8.69652e+06 -1.33224e+06 -2.23733e+06 4174 
1.33037e+07 -1.08076e+07 8.73166e+06 -1.30984e+06 -2.22671e+06 -10370 
1.29427e+07 -1.10878e+07 8.7647e+06 -1.34824e+06 -2.20047e+06 33193 
1.31039e+07 -1.10575e+07 8.71967e+06 -1.37142e+06 -2.23803e+06 20993 
1.3168e+07 -1.06815e+07 8.82203e+06 -1.33549e+06 -2.24747e+06 -11497 
1.29305e+07 -1.0894e+07 8.86091e+06 -1.34915e+06 -2.21903e+06 24394 
1.29368e+07 -1.10117e+07 8.8223e+06 -1.38677e+06 -2.24772e+06 26962 
1.30884e+07 -1.0662e+07 8.80075e+06 -1.37038e+06 -2.26836e+06 -5450 
1.29265e+07 -1.0756e+07 8.87634e+06 -1.37219e+06 -2.23831e+06 17423 
1.28114e+07 -1.09131e+07 8.80507e+06 -1.39891e+06 -2.26019e+06 28988 
1.30436e+07 -1.06571e+07 8.85033e+06 -1.39004e+06 -2.295e+06 -9797 
1.28697e+07 -1.06941e+07 8.97122e+06 -1.38265e+06 -2.26075e+06 8336 
1.27155e+07 -1.08835e+07 8.90806e+06 -1.42968e+06 -2.26975e+06 36310 
1.29414e+07 -1.05197e+07 8.84406e+06 -1.4105e+06 -2.31502e+06 -4273 
1.28639e+07 -1.04202e+07 8.96671e+06 -1.38314e+06 -2.29503e+06 -7412 
1.26368e+07 -1.07014e+07 9.01926e+06 -1.42709e+06 -2.29497e+06 26195 
1.27877e+07 -1.05232e+07 8.91538e+06 -1.44026e+06 -2.33608e+06 1418 
1.28455e+07 -1.03675e+07 9.02871e+06 -1.41371e+06 -2.31973e+06 -15408 
1.25422e+07 -1.05088e+07 9.05596e+06 -1.42246e+06 -2.3011e+06 19329 
1.26191e+07 -1.05125e+07 8.95222e+06 -1.4449e+06 -2.33891e+06 8882 
1.27547e+07 -1.01671e+07 9.03044e+06 -1.42097e+06 -2.36406e+06 -19558 
1.24701e+07 -1.0417e+07 9.06689e+06 -1.44051e+06 -2.324e+06 14728 
1.24178e+07 -1.04722e+07 9.031e+06 -1.47072e+06 -2.36064e+06 21518 
1.26164e+07 -1.01286e+07 9.11447e+06 -1.44754e+06 -2.38484e+06 -18381 
1.2465e+07 -1.01839e+07 9.12415e+06 -1.43615e+06 -2.35369e+06 1087 
1.2241e+07 -1.04092e+07 9.12616e+06 -1.49426e+06 -2.36777e+06 29724 
1.25015e+07 -1.01782e+07 9.21202e+06 -1.48109e+06 -2.40924e+06 -6007 
1.22881e+07 -1.01261e+07 9.2587e+06 -1.47181e+06 -2.38126e+06 3579 
1.20532e+07 -1.02839e+07 9.25237e+06 -1.51063e+06 -2.3848e+06 30049 
1.23102e+07 -1.01223e+07 9.19204e+06 -1.5062e+06 -2.43248e+06 -1073 
1.21753e+07 -1.00009e+07 9.33843e+06 -1.49545e+06 -2.41748e+06 -8188 
1.19248e+07 -1.02952e+07 9.27927e+06 -1.53476e+06 -2.40519e+06 32325 
1.20056e+07 -1.01328e+07 9.20426e+06 -1.54435e+06 -2.4473e+06 14650 
1.2144e+07 -9.86724e+06 9.28651e+06 -1.52049e+06 -2.45554e+06 -15259 
1.18435e+07 -1.00031e+07 9.38774e+06 -1.52632e+06 -2.43166e+06 14880 
1.18373e+07 -1.00986e+07 9.21078e+06 -1.56986e+06 -2.47233e+06 23837 
1.20161e+07 -9.82919e+06 9.3557e+06 -1.55915e+06 -2.49769e+06 -15067 
1.17825e+07 -9.78958e+06 9.38194e+06 -1.54172e+06 -2.46544e+06 2735 
1.17029e+07 -9.96268e+06 9.41953e+06 -1.58398e+06 -2.49447e+06 22129 
1.1879e+07 -9.65195e+06 9.36342e+06 -1.56632e+06 -2.54094e+06 -19817 
1.17583e+07 -9.62343e+06 9.51703e+06 -1.56593e+06 -2.51411e+06 -5923 
1.14936e+07 -9.86535e+06 9.46673e+06 -1.60994e+06 -2.51657e+06 21670 
1.17295e+07 -9.59865e+06 9.48352e+06 -1.6039e+06 -2.56502e+06 -12376 
1.17273e+07 -9.40941e+06 9.47975e+06 -1.57449e+06 -2.55734e+06 -25500 
1.13874e+07 -9.6575e+06 9.50643e+06 -1.60698e+06 -2.53793e+06 11996 
1.1474e+07 -9.65444e+06 9.4492e+06 -1.64407e+06 -2.57578e+06 5281 
1.16076e+07 -9.29622e+06 9.4563e+06 -1.60904e+06 -2.58946e+06 -25359 
1.12449e+07 -9.42935e+06 9.60086e+06 -1.60767e+06 -2.5615e+06 -662 
1.12359e+07 -9.55591e+06 9.49821e+06 -1.64726e+06 -2.5963e+06 13933 
1.14248e+07 -9.2597e+06 9.41461e+06 -1.64187e+06 -2.62042e+06 -21998 
1.1256e+07 -9.28526e+06 9.58273e+06 -1.63739e+06 -2.59503e+06 -4816 
1.10644e+07 -9.52144e+06 9.53757e+06 -1.67628e+06 -2.59749e+06 22879 
1.1256e+07 -9.21211e+06 9.47243e+06 -1.65206e+06 -2.64374e+06 -15685 
1.11697e+07 -9.09291e+06 9.64972e+06 -1.65141e+06 -2.62227e+06 -12154 
1.09004e+07 -9.3797e+06 9.60572e+06 -1.69161e+06 -2.60737e+06 24697 
1.10488e+07 -9.22765e+06 9.55564e+06 -1.70765e+06 -2.6516e+06 6641 
1.11324e+07 -9.01374e+06 9.63366e+06 -1.67615e+06 -2.65489e+06 -20052 
1.08361e+07 -9.25141e+06 9.62627e+06 -1.69737e+06 -2.63091e+06 17924 
1.09183e+07 -9.20659e+06 9.57384e+06 -1.72429e+06 -2.66479e+06 12013 
1.10583e+07 -8.956e+06 9.59745e+06 -1.70332e+06 -2.67548e+06 -17555 
1.07821e+07 -9.07105e+06 9.70154e+06 -1.71579e+06 -2.65128e+06 13034 
1.07679e+07 -9.21976e+06 9.59191e+06 -1.7507e+06 -2.67989e+06 17404 
1.09663e+07 -8.83733e+06 9.64464e+06 -1.72799e+06 -2.71051e+06 -23125 
1.07306e+07 -8.9517e+06 9.69532e+06 -1.73502e+06 -2.67922e+06 3757 
1.06137e+07 -9.16325e+06 9.58848e+06 -1.77542e+06 -2.69319e+06 22038 
1.0812e+07 -8.7565e+06 9.59641e+06 -1.7566e+06 -2.7422e+06 -17703 
1.07397e+07 -8.68986e+06 9.69574e+06 -1.74685e+06 -2.72529e+06 -18182 
1.04646e+07 -8.91831e+06 9.69826e+06 -1.7756e+06 -2.7248e+06 17056 
1.05816e+07 -8.79125e+06 9.76514e+06 -1.7988e+06 -2.77229e+06 -5579 
1.06526e+07 -8.53275e+06 9.81843e+06 -1.76493e+06 -2.77307e+06 -28221 
1.03425e+07 -8.70282e+06 9.83974e+06 -1.77996e+06 -2.75596e+06 5275 
1.04115e+07 -8.77664e+06 9.76495e+06 -1.80465e+06 -2.78303e+06 1059 
1.05834e+07 -8.48949e+06 9.68432e+06 -1.78659e+06 -2.80196e+06 -31457 
1.03055e+07 -8.5803e+06 9.7887e+06 -1.78636e+06 -2.77714e+06 -1400 
1.01734e+07 -8.7004e+06 9.74541e+06 -1.82415e+06 -2.7943e+06 8656 
1.03597e+07 -8.40535e+06 9.75386e+06 -1.80992e+06 -2.8349e+06 -31445 
1.01885e+07 -8.38456e+06 9.89194e+06 -1.8107e+06 -2.80733e+06 -13272 
9.98555e+06 -8.67845e+06 9.78511e+06 -1.84414e+06 -2.80841e+06 15222 
1.01839e+07 -8.37515e+06 9.75866e+06 -1.83714e+06 -2.85185e+06 -18012 
1.01518e+07 -8.26577e+06 9.83331e+06 -1.8143e+06 -2.84448e+06 -24692 
9.82514e+06 -8.61919e+06 9.80008e+06 -1.86013e+06 -2.82966e+06 17446 
9.91298e+06 -8.44258e+06 9.86384e+06 -1.87834e+06 -2.87489e+06 598 
1.00345e+07 -8.18755e+06 9.86926e+06 -1.8505e+06 -2.8869e+06 -24224 
9.65878e+06 -8.3873e+06 9.95413e+06 -1.87576e+06 -2.86034e+06 7546 
9.69768e+06 -8.36773e+06 9.87595e+06 -1.907e+06 -2.90427e+06 5502 
9.83102e+06 -8.10649e+06 9.88794e+06 -1.88756e+06 -2.9251e+06 -27340 
9.56391e+06 -8.23783e+06 9.96741e+06 -1.89894e+06 -2.88927e+06 4345 
9.50213e+06 -8.32597e+06 9.89479e+06 -1.92692e+06 -2.91916e+06 12086 
9.74776e+06 -8.0519e+06 9.89572e+06 -1.9095e+06 -2.96076e+06 -29445 
9.56063e+06 -8.01344e+06 9.94984e+06 -1.89858e+06 -2.93139e+06 -17879 
9.35263e+06 -8.24308e+06 9.95892e+06 -1.93575e+06 -2.93831e+06 12781 
9.57731e+06 -8.02522e+06 9.96113e+06 -1.945e+06 -2.98635e+06 -18097 
9.53762e+06 -7.87376e+06 9.91546e+06 -1.9144e+06 -2.96979e+06 -31984 
9.34872e+06 -8.094e+06 9.91744e+06 -1.93188e+06 -2.95873e+06 2973 
9.49959e+06 -8.03771e+06 9.87749e+06 -1.95616e+06 -2.99812e+06 -13045 
9.49578e+06 -7.73972e+06 9.91291e+06 -1.92834e+06 -2.99607e+06 -34424 
9.22236e+06 -7.92216e+06 1.00182e+07 -1.9514e+06 -2.97463e+06 -491 
9.31764e+06 -7.92148e+06 9.92818e+06 -1.97154e+06 -3.01887e+06 -10901 
9.32869e+06 -7.58596e+06 1.01412e+07 -1.94566e+06 -3.0289e+06 -39647 
9.12473e+06 -7.82216e+06 1.02179e+07 -1.97761e+06 -3.00579e+06 -2490 
9.04125e+06 -7.81804e+06 1.01608e+07 -2.00872e+06 -3.03546e+06 5372 
9.23874e+06 -7.48599e+06 1.01312e+07 -1.98529e+06 -3.06209e+06 -31805 
9.00228e+06 -7.60854e+06 1.02277e+07 -1.98712e+06 -3.03614e+06 -14804 
8.82962e+06 -7.86193e+06 1.0118e+07 -2.02836e+06 -3.04084e+06 14358 
9.05626e+06 -7.61809e+06 1.01319e+07 -2.03447e+06 -3.07809e+06 -19511 
8.98532e+06 -7.4665e+06 1.02767e+07 -2.0034e+06 -3.06147e+06 -19543 
8.71904e+06 -7.68602e+06 1.02471e+07 -2.03339e+06 -3.05409e+06 10743 
8.92437e+06 -7.62001e+06 1.01497e+07 -2.04628e+06 -3.09964e+06 -12105 
8.87052e+06 -7.40169e+06 1.02063e+07 -2.03774e+06 -3.08745e+06 -23757 
8.64815e+06 -7.59984e+06 1.02222e+07 -2.0539e+06 -3.06678e+06 8837 
8.80772e+06 -7.58013e+06 1.01987e+07 -2.06725e+06 -3.11956e+06 -7198 
8.84743e+06 -7.26679e+06 1.02199e+07 -2.04173e+06 -3.1251e+06 -37656 
8.56572e+06 -7.4548e+06 1.03325e+07 -2.06902e+06 -3.106e+06 -1429 
8.51645e+06 -7.51503e+06 1.03393e+07 -2.11405e+06 -3.14335e+06 3678 
8.70789e+06 -7.19676e+06 1.03475e+07 -2.08609e+06 -3.17277e+06 -36918 
8.52728e+06 -7.26619e+06 1.04278e+07 -2.06818e+06 -3.145e+06 -20458 
8.41189e+06 -7.36764e+06 1.03574e+07 -2.10509e+06 -3.16837e+06 -1488 
8.66543e+06 -7.17353e+06 1.03793e+07 -2.10496e+06 -3.19837e+06 -35397 
8.49901e+06 -7.09061e+06 1.04668e+07 -2.09004e+06 -3.18185e+06 -26014 
8.24913e+06 -7.26543e+06 1.03794e+07 -2.12225e+06 -3.19013e+06 -2599 
8.46769e+06 -7.04612e+06 1.05183e+07 -2.11737e+06 -3.23811e+06 -35116 
8.34412e+06 -6.98596e+06 1.05452e+07 -2.11826e+06 -3.21744e+06 -33059 
8.08085e+06 -7.1494e+06 1.06165e+07 -2.1442e+06 -3.21896e+06 1281 
8.18292e+06 -7.03949e+06 1.04883e+07 -2.15599e+06 -3.2605e+06 -21078 
8.28306e+06 -6.78228e+06 1.0659e+07 -2.11858e+06 -3.25781e+06 -42851 
7.97385e+06 -7.05596e+06 1.06711e+07 -2.15245e+06 -3.23418e+06 -1950 
7.99895e+06 -7.02248e+06 1.05963e+07 -2.18693e+06 -3.26799e+06 -6503 
8.12453e+06 -6.7484e+06 1.06384e+07 -2.15877e+06 -3.28269e+06 -37593 
7.8285e+06 -6.85706e+06 1.0679e+07 -2.16344e+06 -3.26714e+06 -13588 
7.80983e+06 -6.95558e+06 1.06709e+07 -2.21078e+06 -3.29806e+06 -1387 
7.91534e+06 -6.71187e+06 1.07346e+07 -2.20311e+06 -3.31794e+06 -34061 
7.71202e+06 -6.79116e+06 1.08059e+07 -2.20627e+06 -3.29844e+06 -8928 
7.54441e+06 -6.86638e+06 1.07369e+07 -2.2304e+06 -3.32585e+06 682 
7.85017e+06 -6.64637e+06 1.06871e+07 -2.22335e+06 -3.35964e+06 -35155 
7.67792e+06 -6.62583e+06 1.084e+07 -2.21868e+06 -3.33576e+06 -24984 
7.43585e+06 -6.8993e+06 1.0769e+07 -2.25878e+06 -3.33672e+06 5204 
7.59843e+06 -6.65027e+06 1.08475e+07 -2.26454e+06 -3.38606e+06 -26171 
7.60089e+06 -6.41435e+06 1.08471e+07 -2.22737e+06 -3.37797e+06 -39797 
7.34071e+06 -6.65556e+06 1.09202e+07 -2.26364e+06 -3.37376e+06 -7257 
7.40674e+06 -6.66755e+06 1.09009e+07 -2.30316e+06 -3.41704e+06 -17686 
7.46456e+06 -6.29962e+06 1.10344e+07 -2.26979e+06 -3.42132e+06 -43547 
7.21364e+06 -6.48898e+06 1.10982e+07 -2.28283e+06 -3.41462e+06 -16589 
7.29478e+06 -6.44089e+06 1.10297e+07 -2.31579e+06 -3.45452e+06 -19008 
7.35664e+06 -6.1866e+06 1.11642e+07 -2.29808e+06 -3.46558e+06 -48689 
7.10935e+06 -6.32974e+06 1.12556e+07 -2.30911e+06 -3.44393e+06 -23342 
7.00667e+06 -6.42472e+06 1.12044e+07 -2.33694e+06 -3.47161e+06 -11171 
7.2592e+06 -6.05007e+06 1.1284e+07 -2.32196e+06 -3.50176e+06 -48931 
7.12056e+06 -6.04889e+06 1.14281e+07 -2.31577e+06 -3.4865e+06 -36659 
6.86287e+06 -6.30545e+06 1.1374e+07 -2.3566e+06 -3.49033e+06 -5461 
7.03538e+06 -6.11436e+06 1.14244e+07 -2.36414e+06 -3.52498e+06 -32355 
7.03765e+06 -5.90709e+06 1.14638e+07 -2.34297e+06 -3.5145e+06 -41434 
6.71727e+06 -6.12133e+06 1.15264e+07 -2.3652e+06 -3.50509e+06 -10517 
6.8712e+06 -6.08959e+06 1.1532e+07 -2.3854e+06 -3.53883e+06 -24819 
6.94304e+06 -5.86649e+06 1.15413e+07 -2.35718e+06 -3.53876e+06 -44165 
6.62646e+06 -6.13349e+06 1.15674e+07 -2.39199e+06 -3.50125e+06 -1784 
6.7385e+06 -6.10203e+06 1.14723e+07 -2.40663e+06 -3.53537e+06 -13047 
6.95188e+06 -5.84393e+06 1.1524e+07 -2.37647e+06 -3.54933e+06 -44899 
6.66716e+06 -5.97884e+06 1.14728e+07 -2.37328e+06 -3.51376e+06 -18230 
6.61268e+06 -6.15909e+06 1.14209e+07 -2.42401e+06 -3.53817e+06 1052 
6.83729e+06 -5.79264e+06 1.14389e+07 -2.41115e+06 -3.56958e+06 -35687 
6.70946e+06 -5.81706e+06 1.14924e+07 -2.39884e+06 -3.54881e+06 -29967 
6.46324e+06 -6.00638e+06 1.15043e+07 -2.42227e+06 -3.54725e+06 -5017 
6.69701e+06 -5.90196e+06 1.15354e+07 -2.44816e+06 -3.60118e+06 -31072 
6.63944e+06 -5.61866e+06 1.16974e+07 -2.42673e+06 -3.58457e+06 -38074 
6.38561e+06 -5.87942e+06 1.17286e+07 -2.4521e+06 -3.57283e+06 -6648 
6.46781e+06 -5.72852e+06 1.16983e+07 -2.46517e+06 -3.62875e+06 -25348 
6.60696e+06 -5.43374e+06 1.17419e+07 -2.4371e+06 -3.64539e+06 -52942 
6.32299e+06 -5.62219e+06 1.19366e+07 -2.46138e+06 -3.62189e+06 -21418 
6.2125e+06 -5.73285e+06 1.19142e+07 -2.50591e+06 -3.65152e+06 -12123 
6.50271e+06 -5.41646e+06 1.1963e+07 -2.48421e+06 -3.68856e+06 -49838 
6.21222e+06 -5.42999e+06 1.19483e+07 -2.4625e+06 -3.65099e+06 -38697 
6.1481e+06 -5.50825e+06 1.17992e+07 -2.48819e+06 -3.67395e+06 -17104 
6.34586e+06 -5.37221e+06 1.11938e+07 -2.48061e+06 -3.70248e+06 -45411 
6.20355e+06 -5.31254e+06 1.13495e+07 -2.477e+06 -3.67588e+06 -41079 
5.94295e+06 -5.53771e+06 1.13563e+07 -2.49211e+06 -3.66446e+06 -12918 
6.17874e+06 -5.41932e+06 1.0688e+07 -2.48844e+06 -3.69638e+06 -34688 
6.25877e+06 -5.24699e+06 1.15199e+07 -2.46841e+06 -3.67827e+06 -50369 
6.01018e+06 -5.49834e+06 1.1567e+07 -2.49357e+06 -3.65502e+06 -10027 
6.10785e+06 -5.57276e+06 1.11117e+07 -2.50648e+06 -3.67318e+06 -16318 
6.27048e+06 -5.23916e+06 1.10228e+07 -2.47287e+06 -3.68715e+06 -48488 
6.0564e+06 -5.40492e+06 1.14171e+07 -2.48704e+06 -3.65814e+06 -20430 
5.9534e+06 -5.53656e+06 1.07068e+07 -2.50308e+06 -3.66843e+06 -7673 
5.96869e+06 -5.29566e+06 1.06459e+07 -2.48398e+06 -3.65803e+06 -24128 
5.96869e+06 -5.29566e+06 1.06459e+07 -2.48398e+06 -3.65803e+06 -24128 
5.85867e+06 -5.43513e+06 1.02704e+07 -2.4959e+06 -3.66529e+06 -3874 
6.06239e+06 -5.27172e+06 9.70532e+06 -2.48065e+06 -3.70107e+06 -34640 
5.99124e+06 -5.18261e+06 9.89487e+06 -2.47355e+06 -3.68141e+06 -39663 
5.68187e+06 -5.4049e+06 9.68934e+06 -2.48967e+06 -3.66946e+06 -6652 
5.84086e+06 -5.2143e+06 8.74139e+06 -2.48395e+06 -3.69189e+06 -21326 
6.03791e+06 -4.98643e+06 9.0892e+06 -2.45659e+06 -3.70492e+06 -48768 
5.68358e+06 -5.18556e+06 9.22509e+06 -2.46894e+06 -3.67822e+06 -20148 
5.77994e+06 -5.253e+06 8.22772e+06 -2.48532e+06 -3.70728e+06 -21991 
5.93165e+06 -4.9746e+06 8.14386e+06 -2.46159e+06 -3.71358e+06 -48823 
5.65567e+06 -5.07718e+06 8.52473e+06 -2.46562e+06 -3.68314e+06 -25150 
5.69307e+06 -5.11769e+06 7.86284e+06 -2.46979e+06 -3.71046e+06 -21136 
5.89213e+06 -4.83866e+06 7.53502e+06 -2.44584e+06 -3.73047e+06 -51562 
5.70675e+06 -4.88093e+06 7.82212e+06 -2.45494e+06 -3.69264e+06 -36694 
5.53892e+06 -5.0451e+06 7.51617e+06 -2.47004e+06 -3.69056e+06 -8403 
5.79888e+06 -4.92006e+06 7.13903e+06 -2.46399e+06 -3.71784e+06 -40031 
5.80002e+06 -4.78685e+06 7.87365e+06 -2.44357e+06 -3.7025e+06 -50484 
5.63844e+06 -5.11375e+06 8.39042e+06 -2.47976e+06 -3.66888e+06 -9576 
5.80009e+06 -5.12273e+06 7.92231e+06 -2.48994e+06 -3.68687e+06 -15922 
6.05483e+06 -4.88362e+06 8.78976e+06 -2.46154e+06 -3.68848e+06 -46865 
5.83752e+06 -5.10695e+06 9.73176e+06 -2.47546e+06 -3.65224e+06 -19401 
5.96242e+06 -5.3451e+06 9.93003e+06 -2.50606e+06 -3.65317e+06 -10596 
6.70303e+06 -5.32343e+06 1.17616e+07 -2.52759e+06 -3.6086e+06 -30941 
1.31185e+07 -1.09729e+07 8.44038e+06 -1.34367e+06 -2.23724e+06 -19558 
1.34213e+07 -1.1259e+07 8.29903e+06 -1.25043e+06 -2.03019e+06 52537 
1.38646e+07 -1.11504e+07 8.18187e+06 -1.21214e+06 -2.08558e+06 -3166 
1.35834e+07 -1.12522e+07 8.23233e+06 -1.20053e+06 -2.02969e+06 13296 
1.34546e+07 -1.15472e+07 8.21291e+06 -1.24198e+06 -2.02115e+06 45623 
1.37827e+07 -1.13655e+07 8.13074e+06 -1.22471e+06 -2.04535e+06 18590 
1.41464e+07 -1.14724e+07 8.04205e+06 -1.15065e+06 -2.00136e+06 1281 
1.37028e+07 -1.16899e+07 8.16958e+06 -1.18065e+06 -1.97222e+06 35012 
1.38591e+07 -1.15933e+07 8.13814e+06 -1.20532e+06 -2.01725e+06 29059 
1.40144e+07 -1.13619e+07 8.10328e+06 -1.16483e+06 -2.01324e+06 -2001 
1.37804e+07 -1.15736e+07 8.19678e+06 -1.17497e+06 -1.9736e+06 30914 
1.40058e+07 -1.18273e+07 8.0031e+06 -1.16698e+06 -1.96748e+06 32459 
1.4199e+07 -1.14101e+07 8.0804e+06 -1.1364e+06 -1.99938e+06 -7847 
1.40923e+07 -1.16025e+07 8.13415e+06 -1.13523e+06 -1.94739e+06 14430 
