-0.0653878 0.0871391 -0.0723301 0.312601 0.0259383 -0.00876252 
-0.130776 0.174278 -0.14466 0.625201 0.0518766 -0.017525 
-0.289902 0.26879 -0.23871 0.939711 0.0584654 -0.0197797 
-0.455159 0.348135 -0.331797 1.25327 0.0616648 -0.0223087 
-0.525862 0.436013 -0.409885 1.56439 0.0863375 -0.0310727 
-0.584359 0.447977 -0.413879 1.56586 0.074045 -0.0274061 
-0.703973 0.44002 -0.431311 1.56769 0.0471682 -0.0195762 
-0.642853 0.427783 -0.435012 1.56423 0.0605722 -0.0244138 
-0.564212 0.451604 -0.40453 1.56263 0.0794106 -0.0300436 
-0.66825 0.442671 -0.409738 1.56723 0.0555017 -0.0235631 
-0.662832 0.415725 -0.4219 1.56464 0.0564994 -0.0244128 
-0.53484 0.425328 -0.402574 1.56292 0.0867042 -0.0322051 
-0.584825 0.434106 -0.372362 1.56541 0.0733538 -0.028607 
-0.636814 0.397603 -0.414304 1.5686 0.0601661 -0.0249457 
-0.518237 0.416228 -0.396706 1.56087 0.087931 -0.032555 
-0.515685 0.441905 -0.37521 1.56091 0.0883911 -0.031695 
-0.607806 0.435018 -0.396985 1.56153 0.0644382 -0.0264974 
-0.525099 0.424982 -0.403945 1.55854 0.0827649 -0.0318157 
-0.472556 0.45588 -0.365155 1.55474 0.0964677 -0.0346473 
-0.581149 0.44946 -0.369578 1.5591 0.0704618 -0.0267136 
-0.556387 0.435007 -0.392144 1.55825 0.0741482 -0.0284362 
-0.466884 0.446601 -0.360771 1.55698 0.0954401 -0.0343815 
-0.570752 0.449331 -0.364163 1.56232 0.0731803 -0.0277183 
-0.638799 0.4348 -0.389522 1.56222 0.0562531 -0.0241577 
-0.543333 0.436721 -0.39849 1.56073 0.0783751 -0.0314472 
-0.584736 0.452545 -0.367986 1.56336 0.0704464 -0.0294604 
-0.709124 0.443977 -0.401897 1.56498 0.0428653 -0.0216439 
-0.633436 0.444192 -0.413195 1.56041 0.0600923 -0.0271917 
-0.575052 0.460618 -0.384247 1.56169 0.0748516 -0.0300007 
-0.680642 0.453292 -0.393491 1.56659 0.0508191 -0.0227337 
-0.666786 0.432041 -0.420912 1.56503 0.0540065 -0.0231801 
-0.565556 0.434212 -0.41258 1.56509 0.0797192 -0.0290769 
-0.64335 0.439083 -0.399513 1.56807 0.0621643 -0.0235299 
-0.66838 0.417124 -0.438913 1.56828 0.0549143 -0.0214976 
-0.550742 0.420495 -0.42436 1.5636 0.08256 -0.0284505 
-0.578052 0.443304 -0.404171 1.56387 0.0771666 -0.0270075 
-0.655556 0.439921 -0.41204 1.56159 0.057268 -0.0218879 
-0.545056 0.440061 -0.423754 1.55734 0.0824308 -0.0290415 
-0.522722 0.4594 -0.392168 1.557 0.0881571 -0.0315749 
-0.63376 0.454766 -0.400457 1.55898 0.0624925 -0.0254755 
-0.585917 0.438235 -0.409603 1.55549 0.0722871 -0.0293646 
-0.500041 0.451289 -0.378549 1.55472 0.0927683 -0.035375 
-0.599603 0.45394 -0.366335 1.55811 0.068073 -0.0302251 
-0.612051 0.439637 -0.377475 1.55625 0.0626517 -0.0292908 
-0.507733 0.446807 -0.359056 1.5536 0.0867068 -0.0357493 
-0.546812 0.460196 -0.356238 1.55782 0.0781515 -0.0324589 
-0.61421 0.450996 -0.372992 1.55675 0.0605626 -0.0274915 
-0.514387 0.454034 -0.375103 1.55321 0.0839716 -0.033199 
-0.520194 0.48346 -0.353449 1.5533 0.0836058 -0.0326221 
-0.628531 0.469918 -0.371224 1.55625 0.0586009 -0.0253109 
-0.575983 0.461708 -0.372491 1.55336 0.0699164 -0.0289322 
-0.525136 0.474577 -0.368407 1.55771 0.0820284 -0.033056 
-0.633791 0.470663 -0.372339 1.56159 0.0581341 -0.0249813 
-0.640689 0.440998 -0.411268 1.56235 0.057974 -0.0245986 
-0.555444 0.461984 -0.408266 1.56051 0.0791896 -0.0301594 
-0.630097 0.461774 -0.408017 1.56656 0.0627565 -0.0253312 
-0.693789 0.441353 -0.423479 1.56567 0.0481093 -0.0218435 
-0.604358 0.442728 -0.428416 1.56261 0.0702967 -0.0279634 
-0.617857 0.455921 -0.401033 1.56491 0.0688426 -0.0265403 
-0.691068 0.4346 -0.414533 1.56669 0.0504032 -0.0217605 
-0.594592 0.431987 -0.423547 1.56187 0.0727663 -0.0274865 
-0.551605 0.455128 -0.396707 1.56089 0.0838509 -0.029531 
-0.649365 0.440794 -0.393245 1.56384 0.0610453 -0.0234082 
-0.589833 0.430776 -0.4187 1.55972 0.0735019 -0.0269593 
-0.503014 0.454195 -0.396922 1.558 0.0931205 -0.0317955 
-0.599748 0.459375 -0.401874 1.55937 0.0701968 -0.0262875 
-0.59523 0.427012 -0.412763 1.55917 0.0699441 -0.0271777 
-0.499759 0.444753 -0.395395 1.55565 0.0914447 -0.0346574 
-0.566324 0.446811 -0.361933 1.55984 0.0749805 -0.0313587 
-0.608299 0.425891 -0.371756 1.55931 0.0640375 -0.0292456 
-0.502476 0.426419 -0.35156 1.55651 0.0874806 -0.0347978 
-0.529765 0.458702 -0.335341 1.55588 0.0819362 -0.0334241 
-0.60291 0.458251 -0.345003 1.55439 0.0634249 -0.0271736 
-0.521504 0.464645 -0.363583 1.54988 0.0810824 -0.0318747 
-0.48421 0.485389 -0.342204 1.55104 0.0903126 -0.0337401 
-0.607734 0.480931 -0.361404 1.55428 0.0634717 -0.0270661 
-0.581917 0.461337 -0.390247 1.55355 0.0686503 -0.0272621 
-0.490853 0.469126 -0.383024 1.55574 0.0908542 -0.0317789 
-0.59831 0.472924 -0.374732 1.56019 0.0674637 -0.0263387 
-0.662855 0.460174 -0.396508 1.55745 0.0536694 -0.0227377 
-0.563952 0.466644 -0.381811 1.55555 0.0776834 -0.0277999 
-0.593539 0.486843 -0.371578 1.55784 0.0725569 -0.025003 
-0.687539 0.473392 -0.388435 1.55773 0.0500392 -0.0207391 
-0.599002 0.462411 -0.399001 1.55524 0.0717116 -0.0248498 
-0.567505 0.479156 -0.397172 1.55749 0.0807454 -0.0266735 
-0.664189 0.470109 -0.403321 1.55995 0.0585544 -0.0203269 
-0.627978 0.449649 -0.418012 1.55777 0.0659174 -0.0235389 
-0.550197 0.464841 -0.392793 1.55755 0.0848582 -0.0278531 
-0.643612 0.470937 -0.3849 1.55829 0.0648525 -0.0227824 
-0.668715 0.446967 -0.394001 1.55635 0.0576093 -0.0221846 
-0.554423 0.462118 -0.394562 1.5523 0.0826481 -0.029866 
-0.584961 0.4837 -0.379019 1.55377 0.0757091 -0.0285996 
-0.656618 0.456912 -0.404714 1.55397 0.0591356 -0.0247752 
-0.552002 0.459738 -0.402588 1.54958 0.0809244 -0.0311577 
-0.521572 0.484947 -0.39333 1.55155 0.086678 -0.0325437 
-0.604022 0.482836 -0.39863 1.55039 0.065561 -0.0276014 
-0.546993 0.462879 -0.411242 1.54812 0.0782659 -0.0307849 
-0.496016 0.490646 -0.382713 1.54852 0.0895045 -0.0339654 
-0.587071 0.487517 -0.370768 1.5501 0.0681206 -0.028105 
-0.565484 0.46495 -0.377261 1.54963 0.072459 -0.0303386 
-0.515045 0.481522 -0.36497 1.55155 0.0847766 -0.0348187 
-0.600267 0.492538 -0.346216 1.55322 0.0654729 -0.0291733 
-0.623778 0.466858 -0.379051 1.55302 0.0591855 -0.0277769 
-0.543106 0.482157 -0.392564 1.55397 0.079065 -0.032557 
-0.616338 0.49963 -0.393617 1.55532 0.0633391 -0.0272247 
-0.658265 0.471611 -0.41363 1.55551 0.054963 -0.0231266 
-0.58286 0.475214 -0.421422 1.55354 0.0732589 -0.0283813 
-0.612387 0.501152 -0.394261 1.55292 0.0691537 -0.026273 
-0.696684 0.478958 -0.406987 1.55368 0.0497355 -0.0207986 
-0.614348 0.468633 -0.414624 1.55271 0.069712 -0.0261544 
-0.60502 0.484551 -0.380172 1.55384 0.072212 -0.0272926 
-0.689877 0.461046 -0.388317 1.55694 0.0535607 -0.0207379 
-0.63516 0.441355 -0.411857 1.5559 0.0649387 -0.0249612 
-0.56769 0.456825 -0.399914 1.55732 0.0803579 -0.0297249 
-0.651573 0.461729 -0.392752 1.5569 0.059679 -0.0242516 
-0.642533 0.4423 -0.42889 1.55409 0.0609858 -0.0249124 
-0.548495 0.465886 -0.429082 1.55134 0.0818678 -0.0317346 
-0.595341 0.475916 -0.418381 1.55391 0.0708036 -0.0277779 
-0.624462 0.457152 -0.424834 1.55136 0.0618301 -0.0267997 
-0.528777 0.462179 -0.416882 1.54896 0.0833746 -0.0339004 
-0.538977 0.480833 -0.392797 1.55166 0.0802711 -0.0329872 
-0.619293 0.471723 -0.388112 1.55054 0.0608945 -0.0282676 
-0.53767 0.472335 -0.388031 1.5465 0.0777853 -0.0339304 
-0.504216 0.506185 -0.37133 1.54632 0.0855466 -0.0352006 
-0.592276 0.500568 -0.368869 1.54767 0.0651371 -0.0279951 
-0.575103 0.485299 -0.388375 1.54542 0.0694005 -0.0296381 
-0.498339 0.504052 -0.370808 1.54604 0.0872713 -0.0335706 
-0.592509 0.509031 -0.373776 1.5492 0.0660323 -0.0268324 
-0.611155 0.485659 -0.387931 1.54787 0.0613323 -0.0254031 
-0.538572 0.493149 -0.389764 1.54866 0.0795204 -0.0297444 
-0.597106 0.507105 -0.379834 1.55177 0.0677129 -0.025273 
-0.657842 0.482403 -0.39771 1.55136 0.0541813 -0.0213653 
-0.57983 0.491609 -0.400722 1.54813 0.0745035 -0.0273079 
-0.61154 0.51845 -0.401555 1.54886 0.0686752 -0.0258058 
-0.692274 0.515759 -0.409493 1.54429 0.0513324 -0.0200194 
-0.613589 0.508262 -0.414601 1.54125 0.0695774 -0.0251012 
-0.599917 0.534308 -0.408159 1.54204 0.0737125 -0.0262018 
-0.685498 0.51168 -0.409137 1.5453 0.0535713 -0.0197206 
-0.633868 0.489416 -0.414329 1.54302 0.0651867 -0.0227505 
-0.568667 0.502118 -0.39796 1.54532 0.0796278 -0.0284693 
-0.649225 0.49814 -0.393639 1.54826 0.0611529 -0.0235529 
-0.649162 0.47202 -0.406252 1.54631 0.0590934 -0.0256811 
-0.547277 0.491188 -0.393798 1.54413 0.0820198 -0.0324842 
-0.595104 0.510702 -0.38348 1.54525 0.070249 -0.0300177 
-0.638585 0.488749 -0.39931 1.54369 0.0587369 -0.0271073 
-0.541114 0.485053 -0.394685 1.54339 0.0798172 -0.0339323 
-0.543173 0.510406 -0.361142 1.54482 0.0798827 -0.0330777 
-0.624675 0.50197 -0.362983 1.54218 0.0608961 -0.0275855 
-0.550129 0.48308 -0.375214 1.54344 0.077279 -0.0325176 
-0.489312 0.513988 -0.355897 1.5431 0.0902403 -0.0359391 
-0.58235 0.52664 -0.354445 1.5399 0.0686258 -0.0295219 
-0.547119 0.510485 -0.380688 1.53857 0.0761063 -0.0302704 
-0.481224 0.536936 -0.370838 1.53769 0.0909671 -0.035285 
-0.578834 0.556259 -0.354782 1.53577 0.0700548 -0.0292904 
-0.625292 0.531937 -0.37604 1.53664 0.0588167 -0.0266847 
-0.530283 0.54342 -0.375861 1.53593 0.0804156 -0.0320047 
-0.595743 0.56998 -0.370043 1.5359 0.0659183 -0.0294975 
-0.673206 0.549813 -0.381893 1.53607 0.0494534 -0.0235501 
-0.595035 0.537727 -0.384356 1.53571 0.0670548 -0.0280295 
-0.581608 0.556132 -0.357623 1.53795 0.0730721 -0.0279296 
-0.695239 0.54678 -0.350498 1.53813 0.0487653 -0.0216815 
-0.646665 0.520725 -0.346341 1.53715 0.0611865 -0.0237244 
-0.583691 0.535207 -0.342552 1.53981 0.0753554 -0.0278854 
-0.672533 0.533108 -0.341349 1.54209 0.0566261 -0.0216559 
-0.678535 0.512676 -0.362979 1.53915 0.0549117 -0.0221614 
-0.594916 0.524007 -0.373374 1.53787 0.0742995 -0.0277361 
-0.651809 0.537405 -0.379683 1.53992 0.0613617 -0.0243167 
-0.684268 0.517903 -0.393367 1.5372 0.0524114 -0.0224479 
-0.585301 0.528727 -0.40667 1.5349 0.0743457 -0.0299368 
-0.613187 0.550422 -0.377893 1.53457 0.0682483 -0.0286511 
-0.668768 0.539331 -0.388061 1.53243 0.0538955 -0.0254131 
-0.566107 0.544687 -0.373152 1.52697 0.0759308 -0.031711 
-0.55493 0.567775 -0.361865 1.52899 0.0779234 -0.0338511 
-0.634408 0.569928 -0.367708 1.5251 0.0578473 -0.0283127 
-0.580201 0.551888 -0.405813 1.52389 0.0694459 -0.0323201 
-0.524953 0.579166 -0.380143 1.52435 0.0819509 -0.034978 
-0.612953 0.583168 -0.387159 1.52553 0.0602689 -0.0293543 
-0.592374 0.571898 -0.399343 1.52157 0.0647029 -0.030706 
-0.521698 0.579073 -0.36603 1.52519 0.082401 -0.0346965 
-0.606082 0.590063 -0.337722 1.52611 0.0638782 -0.0286217 
-0.625549 0.570499 -0.366587 1.52518 0.058885 -0.02731 
-0.551441 0.579297 -0.361728 1.52532 0.0760571 -0.0332818 
-0.610867 0.593933 -0.344536 1.52794 0.0640433 -0.0287845 
-0.68383 0.593419 -0.366525 1.52146 0.0474349 -0.0237022 
-0.598971 0.588584 -0.391731 1.52254 0.0678581 -0.028783 
-0.616709 0.605602 -0.356828 1.52577 0.0654112 -0.027588 
-0.703452 0.584586 -0.368148 1.52815 0.0464928 -0.0211524 
-0.639433 0.564949 -0.378369 1.52761 0.0613871 -0.0247647 
-0.60087 0.567978 -0.370217 1.5334 0.0721749 -0.0277267 
-0.693019 0.577093 -0.340708 1.53079 0.0509383 -0.02181 
-0.667293 0.556282 -0.356594 1.5276 0.0571396 -0.0243296 
-0.584593 0.576821 -0.349532 1.52635 0.0761478 -0.0288202 
-0.660375 0.588099 -0.346109 1.52511 0.0593468 -0.0238225 
-0.676669 0.570178 -0.369471 1.52214 0.0540235 -0.0225515 
-0.570976 0.570165 -0.377391 1.52261 0.0770244 -0.0299992 
-0.610854 0.589428 -0.381652 1.52353 0.0665197 -0.0276649 
-0.668559 0.565705 -0.387316 1.52296 0.0523842 -0.0251308 
-0.583909 0.563188 -0.385293 1.5208 0.0703386 -0.0316975 
-0.576294 0.575965 -0.357058 1.5248 0.0724017 -0.0332224 
-0.659392 0.579391 -0.356251 1.52213 0.051602 -0.0281054 
-0.591206 0.576678 -0.3693 1.51615 0.0654409 -0.0327197 
-0.542288 0.612713 -0.364254 1.51334 0.0760714 -0.0359276 
-0.632655 0.624635 -0.360163 1.51038 0.0556199 -0.0294641 
-0.613306 0.61189 -0.365647 1.50514 0.0586447 -0.0303128 
-0.535431 0.644405 -0.357372 1.49912 0.0772821 -0.0352863 
-0.615325 0.666184 -0.344709 1.49768 0.0595165 -0.0296433 
-0.665643 0.661311 -0.346066 1.48846 0.0483716 -0.0264662 
-0.589513 0.68016 -0.355668 1.48263 0.0659773 -0.0326105 
-0.637204 0.71734 -0.333662 1.47555 0.0564043 -0.029424 
-0.71794 0.703504 -0.346416 1.47124 0.0369592 -0.0236987 
-0.643535 0.706239 -0.336686 1.46211 0.0545694 -0.028287 
-0.629824 0.7426 -0.31604 1.45393 0.0590215 -0.0290242 
-0.726027 0.747745 -0.308243 1.44693 0.0367112 -0.0220988 
-0.688499 0.760114 -0.321174 1.43248 0.0432965 -0.0254133 
-0.625239 0.81107 -0.32485 1.41933 0.0572657 -0.0306023 
-0.72017 0.836758 -0.298881 1.40927 0.0356086 -0.0250985 
-0.738592 0.821262 -0.319199 1.40133 0.0305839 -0.0250418 
-0.634522 0.851764 -0.29505 1.38928 0.053031 -0.0323382 
-0.684029 0.879494 -0.265235 1.38265 0.0413096 -0.0294114 
-0.744873 0.864886 -0.250902 1.37438 0.025925 -0.0264173 
-0.657362 0.888344 -0.265256 1.35994 0.0437609 -0.0331746 
-0.649619 0.920846 -0.223926 1.35338 0.0445685 -0.0339038 
-0.74851 0.943885 -0.227641 1.33932 0.0192591 -0.0294457 
-0.683482 0.947854 -0.241289 1.32759 0.0291516 -0.0352714 
-0.63447 0.992439 -0.216769 1.31567 0.039118 -0.0395279 
-0.72558 1.01904 -0.197869 1.30538 0.0154347 -0.0346779 
-0.712292 1.05169 -0.19207 1.28145 0.0140365 -0.0359425 
-0.608899 1.08623 -0.165346 1.26863 0.0356213 -0.0425567 
-0.673871 1.14156 -0.132804 1.25233 0.0198229 -0.0382418 
-0.713881 1.15435 -0.131313 1.23481 0.00778715 -0.0363912 
-0.62076 1.17688 -0.114993 1.22221 0.0277895 -0.042142 
-0.667483 1.22054 -0.0918556 1.21344 0.0164909 -0.0407779 
-0.764881 1.23363 -0.100652 1.19972 -0.00795921 -0.0353555 
-0.703511 1.2668 -0.107628 1.1805 0.00395917 -0.0407687 
-0.718739 1.32288 -0.0924187 1.16629 0.00120145 -0.0396508 
-0.829246 1.354 -0.084029 1.14705 -0.0252316 -0.0336767 
-0.790026 1.36841 -0.108057 1.12954 -0.018483 -0.0373705 
-0.758128 1.42198 -0.0718413 1.11148 -0.0100495 -0.0403941 
-0.860012 1.43503 -0.0549128 1.10016 -0.0319985 -0.0333474 
-0.857932 1.45056 -0.0392788 1.07614 -0.0331193 -0.0354223 
-0.782308 1.48099 -0.0255705 1.06466 -0.0164191 -0.0417742 
-0.85447 1.52246 0.0101533 1.0487 -0.0339648 -0.0377627 
-0.881004 1.5322 0.00680149 1.02888 -0.0440374 -0.037693 
-0.795237 1.57052 0.0133143 1.00975 -0.0269224 -0.0454509 
-0.821533 1.6327 0.0525692 0.991958 -0.0357832 -0.0438681 
-0.878146 1.65469 0.0723649 0.970008 -0.0524718 -0.0402666 
-0.7857 1.69771 0.0748232 0.945645 -0.0350934 -0.0478855 
-0.776903 1.76693 0.113766 0.924616 -0.0345567 -0.0490409 
-0.863549 1.80062 0.13678 0.903425 -0.0567223 -0.0442956 
-0.812332 1.82632 0.136195 0.880764 -0.0470472 -0.0495667 
-0.765581 1.90243 0.148848 0.8589 -0.0364666 -0.0532034 
-0.855921 1.9495 0.185224 0.836976 -0.0592228 -0.0469107 
-0.82885 1.95654 0.193336 0.818383 -0.0540533 -0.0482859 
-0.767669 2.02209 0.218871 0.795409 -0.0397509 -0.0529819 
-0.839288 2.04744 0.242866 0.784219 -0.0564308 -0.046247 
-0.864104 2.07652 0.256831 0.75759 -0.0647537 -0.0456849 
-0.797634 2.10975 0.26346 0.740994 -0.0482887 -0.0507359 
-0.885026 2.1701 0.278171 0.720878 -0.0677934 -0.0457253 
-0.938126 2.17618 0.282994 0.703039 -0.0799597 -0.0417875 
-0.865841 2.23981 0.297758 0.674214 -0.0636696 -0.0487887 
-0.902975 2.28927 0.330632 0.657653 -0.0704702 -0.0459434 
-0.983755 2.31214 0.348755 0.635956 -0.0882951 -0.0409186 
-0.902971 2.35161 0.355961 0.610408 -0.0689793 -0.0463289 
-0.885459 2.41929 0.387294 0.587737 -0.0632589 -0.0466562 
-0.968685 2.43695 0.383901 0.571437 -0.0826407 -0.0410626 
-0.919247 2.4545 0.381786 0.549377 -0.0718302 -0.0464686 
-0.883871 2.50887 0.411569 0.529887 -0.0629074 -0.0492512 
-0.967951 2.53021 0.433029 0.513855 -0.0814945 -0.0434354 
-0.932446 2.56144 0.42657 0.48781 -0.0756092 -0.046783 
-0.855354 2.62365 0.458894 0.464306 -0.0581095 -0.0518985 
-0.919173 2.67475 0.492676 0.441756 -0.0731548 -0.0466939 
-0.906668 2.71067 0.481512 0.411839 -0.0716883 -0.0477764 
-0.815397 2.76548 0.505646 0.388848 -0.0518473 -0.0555193 
-0.870391 2.82355 0.548027 0.369349 -0.0656412 -0.0525436 
-0.918152 2.84523 0.545131 0.347586 -0.0783473 -0.0507437 
-0.825992 2.9042 0.547369 0.319808 -0.0595765 -0.0572759 
-0.855932 2.96409 0.577667 0.301473 -0.067321 -0.0556196 
-0.931237 3.00962 0.578121 0.273078 -0.0890629 -0.0505579 
-0.867001 3.05277 0.589818 0.243565 -0.0768433 -0.0562797 
-0.842335 3.12092 0.624201 0.219946 -0.0722343 -0.0572411 
-0.949247 3.15926 0.643342 0.196253 -0.0964584 -0.0506315 
-0.911026 3.18837 0.672363 0.168295 -0.0905252 -0.0537027 
-0.88045 3.25547 0.717898 0.142456 -0.0834444 -0.0565158 
-0.982097 3.31306 0.745477 0.114341 -0.106885 -0.0499581 
-0.995286 3.34347 0.75905 0.0831757 -0.112301 -0.0508417 
-0.946838 3.41035 0.8015 0.053371 -0.103624 -0.0571187 
-1.04499 3.47533 0.814949 0.0252241 -0.126744 -0.0524912 
-1.08593 3.51431 0.804059 -0.00648684 -0.138901 -0.0515679 
-1.01418 3.56034 0.810885 -0.0327762 -0.124608 -0.0585917 
-1.06335 3.64319 0.850023 -0.0630988 -0.137253 -0.0570219 
-1.125 3.67708 0.82449 -0.0914391 -0.154202 -0.0525124 
-1.0462 3.73 0.839773 -0.125309 -0.138664 -0.0597574 
-1.02921 3.80999 0.875307 -0.154078 -0.136112 -0.0617936 
-1.10508 3.85868 0.901906 -0.184897 -0.156792 -0.0566628 
-1.05043 3.90322 0.897041 -0.220081 -0.149162 -0.0620686 
-0.994393 3.9814 0.958286 -0.252202 -0.137631 -0.0665125 
-1.07342 4.05004 0.980487 -0.284619 -0.158283 -0.0616442 
-1.05394 4.08449 1.0008 -0.319093 -0.157319 -0.0641564 
-0.97226 4.15922 1.01284 -0.350844 -0.14147 -0.0714061 
-1.04258 4.2279 1.04144 -0.378928 -0.15767 -0.0672643 
-1.0872 4.26373 1.02787 -0.409727 -0.169601 -0.0664172 
-0.990593 4.32798 1.02579 -0.440353 -0.149222 -0.0730837 
-1.03517 4.42037 1.04925 -0.470561 -0.162365 -0.0722446 
-1.12538 4.46906 1.05294 -0.50201 -0.186354 -0.0671296 
-1.06382 4.51988 1.03458 -0.534288 -0.173483 -0.0722025 
-1.04245 4.6029 1.06128 -0.563342 -0.170279 -0.0737507 
-1.15112 4.64779 1.07753 -0.588797 -0.19654 -0.0674149 
-1.11887 4.67689 1.05185 -0.615229 -0.191651 -0.06952 
-1.0628 4.75175 1.08215 -0.644268 -0.176791 -0.0732211 
-1.15398 4.80895 1.12037 -0.668836 -0.196921 -0.0666988 
-1.17515 4.8463 1.11495 -0.698534 -0.201747 -0.0651089 
-1.09377 4.90842 1.13416 -0.727023 -0.18388 -0.071403 
-1.15874 4.96215 1.16493 -0.749676 -0.196322 -0.0667141 
-1.21039 4.98154 1.14975 -0.771737 -0.208532 -0.0634511 
-1.12818 5.01913 1.1481 -0.794969 -0.190284 -0.0695368 
-1.14382 5.0791 1.17728 -0.816062 -0.194015 -0.0688393 
-1.22454 5.10147 1.16893 -0.837032 -0.21277 -0.0637864 
-1.14759 5.14158 1.1726 -0.865528 -0.195141 -0.0697926 
-1.13815 5.20419 1.1969 -0.88978 -0.192601 -0.0712864 
-1.23036 5.23758 1.1951 -0.91309 -0.214324 -0.0661691 
-1.18166 5.27763 1.17406 -0.943886 -0.205917 -0.0709514 
-1.11075 5.35651 1.19483 -0.975543 -0.190217 -0.0761199 
-1.19317 5.41589 1.20555 -1.00357 -0.211773 -0.0706452 
-1.19155 5.45954 1.21951 -1.04009 -0.215371 -0.0725505 
-1.0969 5.54318 1.2655 -1.07796 -0.197868 -0.0799588 
-1.15574 5.61719 1.31416 -1.10826 -0.215181 -0.0772533 
-1.21446 5.65132 1.32801 -1.1359 -0.233875 -0.0752139 
-1.13707 5.69518 1.32522 -1.16227 -0.218546 -0.0827068 
-1.14632 5.76407 1.32993 -1.18331 -0.223931 -0.0822803 
-1.23783 5.80811 1.31532 -1.2083 -0.247778 -0.0777059 
-1.19337 5.84767 1.29815 -1.23582 -0.240551 -0.0838088 
-1.16948 5.93463 1.32354 -1.26861 -0.235461 -0.086137 
-1.28077 5.99242 1.3437 -1.29669 -0.263695 -0.0802156 
-1.26896 6.03859 1.33769 -1.32899 -0.263324 -0.0832785 
-1.21058 6.10316 1.35527 -1.35581 -0.253152 -0.0883426 
-1.31645 6.14857 1.36452 -1.37693 -0.279061 -0.0817935 
-1.36365 6.17936 1.3589 -1.4057 -0.294118 -0.08048 
-1.28734 6.24188 1.37573 -1.43815 -0.279941 -0.0862282 
-1.36336 6.31443 1.41482 -1.46911 -0.299852 -0.0835137 
-1.44202 6.36418 1.42335 -1.5068 -0.320273 -0.0799059 
-1.36871 6.43579 1.44092 -1.54755 -0.306467 -0.0868289 
-1.38914 6.51412 1.46163 -1.5781 -0.312063 -0.0868391 
-1.48402 6.56978 1.46673 -1.61138 -0.336072 -0.0825006 
-1.42402 6.60465 1.45505 -1.64113 -0.326384 -0.0881875 
-1.39333 6.6742 1.46983 -1.66639 -0.321587 -0.0920893 
-1.48032 6.72257 1.48403 -1.69092 -0.344363 -0.0867402 
-1.44837 6.75072 1.48277 -1.72011 -0.341387 -0.0903363 
-1.37944 6.8097 1.4869 -1.74443 -0.328316 -0.0972208 
-1.44184 6.86014 1.49125 -1.76353 -0.344762 -0.0926873 
-1.45393 6.86529 1.47678 -1.78233 -0.349938 -0.0920893 
-1.36251 6.91619 1.46757 -1.80542 -0.33001 -0.0989186 
-1.39815 6.98095 1.47898 -1.82567 -0.338793 -0.0965816 
-1.43603 7.00529 1.48153 -1.84853 -0.349728 -0.0935363 
-1.36704 7.07997 1.52628 -1.88555 -0.335606 -0.10016 
-1.38961 7.16352 1.59437 -1.91834 -0.34072 -0.0988822 
-1.46501 7.21676 1.64394 -1.95373 -0.358877 -0.0932637 
-1.40104 7.27609 1.66654 -1.99049 -0.346002 -0.0977457 
-1.40143 7.36494 1.72645 -2.02525 -0.346245 -0.098712 
-1.51108 7.39646 1.7218 -2.04856 -0.371221 -0.0912252 
-1.49193 7.43497 1.7046 -2.0786 -0.367329 -0.0941373 
-1.45019 7.4927 1.72779 -2.10062 -0.358393 -0.0979948 
-1.55203 7.538 1.75096 -2.12143 -0.382899 -0.0925945 
-1.56472 7.54739 1.73534 -2.1413 -0.387584 -0.0924494 
-1.4939 7.60675 1.75301 -2.16868 -0.370222 -0.0980881 
-1.54909 7.6671 1.77107 -2.18961 -0.383441 -0.0941737 
-1.59029 7.67598 1.75547 -2.20924 -0.395796 -0.0929447 
-1.51287 7.71702 1.75003 -2.2334 -0.379969 -0.100409 
-1.54026 7.79111 1.78659 -2.26223 -0.386317 -0.0992313 
-1.60638 7.82508 1.81319 -2.29256 -0.404469 -0.0957725 
-1.54095 7.87361 1.83825 -2.32833 -0.393982 -0.103078 
-1.53627 7.9578 1.88406 -2.36026 -0.395863 -0.105756 
-1.61218 8.00516 1.91156 -2.39126 -0.417181 -0.100866 
-1.55834 8.03086 1.92093 -2.41788 -0.407965 -0.106113 
-1.50082 8.09339 1.94641 -2.44063 -0.398404 -0.110468 
-1.57543 8.14851 1.95281 -2.46598 -0.419533 -0.105925 
-1.55275 8.1879 1.97091 -2.49922 -0.418474 -0.108262 
-1.50838 8.25143 2.00846 -2.5294 -0.409318 -0.113385 
-1.58766 8.33748 2.05591 -2.56672 -0.431877 -0.10857 
-1.62515 8.38935 2.06021 -2.60385 -0.445622 -0.108796 
-1.55208 8.45299 2.11612 -2.63485 -0.43229 -0.114804 
-1.62336 8.52155 2.14668 -2.66203 -0.449446 -0.110419 
-1.67737 8.5653 2.15691 -2.69314 -0.464094 -0.106795 
-1.61452 8.6159 2.16128 -2.72048 -0.450985 -0.112804 
-1.63888 8.69185 2.19943 -2.74783 -0.458565 -0.112178 
-1.73034 8.73419 2.20181 -2.78015 -0.480387 -0.106681 
-1.68996 8.7911 2.2145 -2.81769 -0.47216 -0.112017 
-1.69783 8.86434 2.25643 -2.84934 -0.47616 -0.112879 
-1.79658 8.92966 2.27613 -2.887 -0.503593 -0.108282 
-1.76374 8.95635 2.27774 -2.91712 -0.497721 -0.111674 
-1.73578 9.02163 2.31157 -2.94539 -0.492948 -0.115691 
-1.83011 9.06287 2.31845 -2.96929 -0.517807 -0.110717 
-1.82626 9.09881 2.32676 -3.00163 -0.520713 -0.114123 
-1.75437 9.15471 2.34881 -3.02706 -0.505535 -0.120196 
-1.82773 9.22542 2.39543 -3.0587 -0.525142 -0.116931 
-1.87199 9.25785 2.40761 -3.09285 -0.538784 -0.116848 
-1.78313 9.33856 2.46068 -3.1337 -0.520743 -0.124121 
-1.81477 9.41573 2.51083 -3.16643 -0.532188 -0.123294 
-1.86183 9.45527 2.54735 -3.20346 -0.545449 -0.12061 
-1.79325 9.51932 2.59614 -3.2432 -0.531595 -0.126987 
-1.78753 9.60911 2.66707 -3.27859 -0.532592 -0.128125 
-1.87002 9.65622 2.70108 -3.31123 -0.556449 -0.124189 
-1.80154 9.71192 2.73824 -3.34796 -0.541319 -0.128735 
-1.77076 9.79195 2.81791 -3.38037 -0.535868 -0.131509 
-1.85743 9.84497 2.85988 -3.41031 -0.558654 -0.125538 
-1.83747 9.88586 2.89363 -3.4436 -0.555899 -0.126829 
-1.75993 9.95463 2.94551 -3.474 -0.536271 -0.130716 
-1.84667 10.0212 2.99398 -3.50326 -0.558203 -0.125737 
-1.88774 10.0508 3.01475 -3.53057 -0.568812 -0.124645 
-1.81436 10.1016 3.04821 -3.55469 -0.552104 -0.130309 
-1.87496 10.1568 3.07682 -3.57371 -0.564078 -0.1261 
-1.94487 10.1716 3.07852 -3.59044 -0.580323 -0.122525 
-1.87248 10.1776 3.07805 -3.6002 -0.561892 -0.127266 
-1.88571 10.2221 3.06621 -3.60877 -0.5643 -0.126428 
-1.97387 10.2274 3.04212 -3.61913 -0.582932 -0.12001 
-1.89588 10.2458 3.01641 -3.6366 -0.565056 -0.124514 
-1.85971 10.2902 3.02044 -3.65168 -0.556509 -0.126912 
-1.95182 10.3363 3.0165 -3.67246 -0.579126 -0.121758 
-1.93678 10.343 3.02903 -3.69793 -0.576072 -0.123893 
-1.8566 10.4157 3.08434 -3.7297 -0.556563 -0.129482 
-1.93278 10.4673 3.14227 -3.75413 -0.575417 -0.126035 
-1.95445 10.514 3.18345 -3.79092 -0.584174 -0.125846 
-1.85319 10.5746 3.23095 -3.82764 -0.563554 -0.132546 
-1.86655 10.6669 3.3112 -3.86428 -0.568716 -0.131193 
-1.94309 10.7111 3.35456 -3.90033 -0.591318 -0.12836 
-1.8611 10.76 3.40144 -3.93824 -0.576892 -0.134662 
-1.85507 10.8384 3.45143 -3.96749 -0.578391 -0.137307 
-1.93053 10.8927 3.46291 -3.99643 -0.599253 -0.132484 
-1.892 10.925 3.31434 -4.01642 -0.595927 -0.136202 
-1.83385 10.9858 3.20141 -4.03181 -0.585132 -0.140388 
-1.93021 11.0478 3.08006 -4.04571 -0.611577 -0.135983 
-1.93348 11.0541 2.82801 -4.05033 -0.615861 -0.13529 
-1.88092 11.0754 2.77214 -4.05328 -0.602609 -0.140426 
-1.94626 11.1051 2.84679 -4.06007 -0.614759 -0.135346 
-1.99664 11.0818 2.79923 -4.05503 -0.626368 -0.131842 
-1.90813 11.0777 2.73253 -4.05222 -0.604192 -0.136323 
-1.92342 11.0971 2.87836 -4.05712 -0.603573 -0.133963 
-2.0076 11.0993 2.71574 -4.05653 -0.624447 -0.127925 
-1.98482 11.1338 2.53152 -4.06113 -0.619324 -0.130137 
-1.96536 11.1927 2.43836 -4.07182 -0.614335 -0.131237 
-2.05134 11.2232 2.28788 -4.07726 -0.635707 -0.124925 
-2.03168 11.2411 1.94551 -4.078 -0.637078 -0.127219 
-1.9763 11.2859 1.78312 -4.08512 -0.625742 -0.132062 
-2.03235 11.311 1.5918 -4.08987 -0.644804 -0.130278 
-2.03894 11.3406 1.21089 -4.09279 -0.652444 -0.129972 
-1.95017 11.3787 0.974661 -4.09801 -0.635749 -0.136392 
-1.9916 11.4445 0.878614 -4.11125 -0.647574 -0.134851 
-2.03148 11.4645 0.545183 -4.11305 -0.662941 -0.132539 
-1.93534 11.4901 0.236089 -4.11431 -0.643085 -0.138171 
-1.94215 11.5356 0.192756 -4.12373 -0.646697 -0.139227 
-2.00951 11.5658 -0.0525157 -4.12873 -0.667578 -0.135758 
-1.931 11.5855 -0.390529 -4.12909 -0.65385 -0.13975 
-1.88875 11.6484 -0.471647 -4.1404 -0.642757 -0.141561 
-1.95429 11.6941 -0.597185 -4.14917 -0.659458 -0.13551 
-1.91185 11.6961 -0.874323 -4.14628 -0.651598 -0.137232 
-1.84997 11.7277 -0.872163 -4.1516 -0.634434 -0.141328 
-1.92479 11.7247 -0.701082 -4.15179 -0.644455 -0.135144 
-1.9458 11.6773 -0.681044 -4.1414 -0.645354 -0.13152 
-1.85002 11.6272 -0.426326 -4.13147 -0.615208 -0.136273 
-1.87104 11.5955 0.0922231 -4.12906 -0.609993 -0.132708 
-1.92705 11.4936 0.5035 -4.11062 -0.611239 -0.126192 
-1.80593 11.3107 1.17767 -4.07071 -0.556006 -0.126524 
-1.59776 9.44331 1.28118 -3.11134 -0.446534 -0.117438 
-1.45715 7.4954 1.18293 -2.08158 -0.338662 -0.0895876 
-1.1762 5.50136 0.872862 -1.03637 -0.206781 -0.0741167 
-0.933404 3.58415 0.533231 -0.000774153 -0.0850587 -0.0583956 
-0.858577 1.74794 -0.176534 1.01226 -0.0199055 -0.0372702 
-0.820292 1.59968 -0.238437 1.10544 0.00250816 -0.0282097 
-0.747973 1.46751 -0.289821 1.16735 0.0154472 -0.0360546 
-0.847149 1.4143 -0.292275 1.2049 -0.00461586 -0.0312556 
-0.856418 1.3274 -0.311106 1.23428 -0.00517169 -0.0282064 
-0.751043 1.27455 -0.333029 1.26383 0.0186069 -0.0345015 
-0.780785 1.24563 -0.319818 1.28986 0.0122583 -0.0328616 
-0.850858 1.21554 -0.327604 1.30219 -0.00300904 -0.0286447 
-0.7411 1.18496 -0.345438 1.31489 0.0218692 -0.0339008 
-0.709404 1.1506 -0.346238 1.34566 0.0319448 -0.0358193 
