-0.326939 0.435696 -0.36165 1.563 0.129691 -0.0438126 
-0.326939 0.435696 -0.36165 1.563 0.129691 -0.0438126 
-0.795632 0.472557 -0.470248 1.57255 0.0329442 -0.0112733 
-0.826284 0.396726 -0.465438 1.56779 0.015997 -0.0126449 
-0.353514 0.43939 -0.390438 1.55561 0.123364 -0.0438201 
-0.619426 0.495516 -0.381619 1.57034 0.0682286 -0.0254796 
-0.925009 0.39591 -0.448811 1.57214 -0.00469252 -0.00466275 
-0.490031 0.411372 -0.48875 1.55529 0.0999644 -0.0354616 
-0.43308 0.515829 -0.313029 1.55975 0.110189 -0.040794 
-0.873705 0.394725 -0.41648 1.57863 0.003819 -0.0114176 
-0.592334 0.360789 -0.442427 1.5574 0.0732174 -0.029728 
-0.28505 0.443925 -0.352181 1.56352 0.146332 -0.0436242 
-0.739958 0.455261 -0.337692 1.56773 0.0332125 -0.017471 
-0.693022 0.333313 -0.522739 1.57569 0.0442503 -0.0224878 
-0.280823 0.487854 -0.328489 1.53999 0.142643 -0.0494639 
-0.579572 0.489174 -0.334948 1.55761 0.0755181 -0.025428 
-0.745653 0.409486 -0.461057 1.56665 0.0265667 -0.0176363 
-0.326428 0.405085 -0.372492 1.55278 0.124846 -0.0440624 
-0.430306 0.487803 -0.328788 1.55668 0.112764 -0.0366458 
-0.823788 0.455751 -0.350603 1.56177 0.012614 -0.00979561 
-0.455759 0.416908 -0.447778 1.55337 0.09395 -0.0340409 
-0.29814 0.467456 -0.304192 1.56029 0.133026 -0.0473626 
-0.845766 0.418736 -0.389454 1.57948 0.0135472 -0.0107463 
-0.77054 0.415151 -0.455582 1.5562 0.0281283 -0.0188428 
-0.346459 0.465355 -0.395441 1.55433 0.123224 -0.0462431 
-0.662774 0.496027 -0.29526 1.56653 0.0543066 -0.0241069 
-0.920083 0.424615 -0.473749 1.56838 -0.00487961 -0.00828044 
-0.467322 0.419814 -0.445945 1.55663 0.0996821 -0.0384851 
-0.478624 0.497281 -0.310842 1.56256 0.101925 -0.0328882 
-0.874406 0.428725 -0.441661 1.57884 0.00306163 -0.00990772 
-0.593493 0.389769 -0.432361 1.55873 0.0702436 -0.026339 
-0.413936 0.435473 -0.43209 1.56868 0.123684 -0.0377645 
-0.856289 0.444168 -0.380611 1.57156 0.0119076 -0.0107499 
-0.603775 0.387487 -0.507839 1.56361 0.0656748 -0.0227269 
-0.286217 0.445578 -0.3689 1.55545 0.14129 -0.0446723 
-0.730044 0.503815 -0.331413 1.56004 0.0432764 -0.0191236 
-0.801454 0.418556 -0.471436 1.55728 0.0241908 -0.0121669 
-0.303788 0.444868 -0.439182 1.55031 0.137722 -0.0465178 
-0.492105 0.484185 -0.349911 1.56194 0.0943061 -0.035394 
-0.841408 0.422406 -0.410346 1.56532 0.0129674 -0.0141752 
-0.490828 0.421161 -0.37714 1.54259 0.0922497 -0.0385689 
-0.372078 0.483827 -0.316166 1.55345 0.126596 -0.0422191 
-0.801594 0.45812 -0.378115 1.56727 0.0142454 -0.0207682 
-0.554347 0.412673 -0.405608 1.55262 0.0671995 -0.0307225 
-0.31982 0.458253 -0.318249 1.55207 0.133243 -0.0464679 
-0.686223 0.488106 -0.36305 1.56371 0.0494729 -0.0221168 
-0.709067 0.437826 -0.399939 1.54808 0.038652 -0.0173819 
-0.302477 0.473311 -0.38867 1.54958 0.131291 -0.0493059 
-0.58338 0.559803 -0.297337 1.55306 0.0653703 -0.027838 
-0.861506 0.390546 -0.407123 1.56683 0.00821857 -0.00991186 
-0.423485 0.447053 -0.369383 1.54924 0.106051 -0.0402234 
-0.454833 0.502172 -0.379521 1.56982 0.0992121 -0.0380009 
-0.845752 0.453744 -0.40833 1.56899 0.0118189 -0.00893258 
-0.61787 0.411477 -0.491985 1.55686 0.0645698 -0.025924 
-0.435282 0.495475 -0.392111 1.55762 0.114296 -0.0377159 
-0.79675 0.446004 -0.368141 1.57952 0.0238853 -0.0160828 
-0.773295 0.400063 -0.45683 1.56537 0.0259763 -0.0205621 
-0.398594 0.460619 -0.433012 1.5537 0.122755 -0.0395319 
-0.685364 0.477442 -0.355074 1.56834 0.0572997 -0.0188087 
-0.801338 0.388871 -0.459609 1.56652 0.0220995 -0.0138168 
-0.314369 0.432941 -0.41321 1.55541 0.1357 -0.0447128 
-0.558359 0.515769 -0.322632 1.56048 0.0813995 -0.0307846 
-0.887397 0.388948 -0.415698 1.56844 0.00872738 -0.00891832 
-0.387702 0.427351 -0.482353 1.54776 0.119583 -0.036564 
-0.367243 0.505967 -0.350719 1.55791 0.120193 -0.0379978 
-0.798041 0.45884 -0.437969 1.56229 0.021082 -0.0171728 
-0.535766 0.353955 -0.377079 1.55947 0.0801358 -0.0352354 
-0.410041 0.477652 -0.328858 1.55083 0.11623 -0.0463172 
-0.720528 0.437641 -0.31504 1.56871 0.0372617 -0.0200705 
-0.577116 0.401369 -0.399837 1.55527 0.0654775 -0.027432 
-0.268928 0.461479 -0.336985 1.54828 0.138298 -0.0449339 
-0.672209 0.51537 -0.295983 1.55628 0.0524138 -0.0283667 
-0.775768 0.475397 -0.377172 1.54341 0.0236738 -0.0150647 
-0.313498 0.46961 -0.40794 1.54614 0.12555 -0.043576 
-0.390646 0.505088 -0.292939 1.56106 0.111628 -0.0367593 
-0.886548 0.439191 -0.432989 1.56451 0.00409294 -0.0115636 
-0.543126 0.417398 -0.440197 1.55263 0.0783068 -0.0293468 
-0.320447 0.51434 -0.341055 1.55433 0.134693 -0.037649 
-0.850783 0.488604 -0.36648 1.56843 0.00859705 -0.0163751 
-0.713372 0.441334 -0.401818 1.54735 0.0426569 -0.0187541 
-0.392034 0.471542 -0.359505 1.55499 0.124163 -0.0368747 
-0.69106 0.518395 -0.389032 1.56407 0.0526742 -0.0153622 
-0.790445 0.447083 -0.425338 1.55379 0.022105 -0.0163295 
-0.408098 0.433704 -0.41931 1.55597 0.116959 -0.0369286 
-0.555887 0.525054 -0.392676 1.55864 0.0878257 -0.0278723 
-0.875454 0.426309 -0.390248 1.56729 0.013208 -0.00514203 
-0.510005 0.416094 -0.462489 1.55316 0.0894889 -0.0314222 
-0.401542 0.523042 -0.299242 1.55272 0.116809 -0.0379003 
-0.87517 0.464187 -0.379844 1.55964 0.0169306 -0.011575 
-0.681405 0.405201 -0.43818 1.54895 0.05161 -0.0248833 
-0.303993 0.502063 -0.393056 1.547 0.138402 -0.0435492 
-0.662697 0.524004 -0.384775 1.56051 0.0547936 -0.0250902 
-0.759826 0.389105 -0.427716 1.55376 0.0339417 -0.0187783 
-0.352089 0.478319 -0.369212 1.5377 0.125875 -0.0434875 
-0.529253 0.531246 -0.39189 1.55876 0.0803779 -0.0318134 
-0.716244 0.491506 -0.419558 1.54124 0.032817 -0.0188375 
-0.377552 0.424221 -0.447832 1.54913 0.118318 -0.0410076 
-0.50494 0.527939 -0.285073 1.55575 0.090135 -0.0346809 
-0.807364 0.462674 -0.309485 1.54562 0.0189551 -0.0141857 
-0.421317 0.418412 -0.424357 1.55642 0.10207 -0.0429811 
-0.46405 0.574362 -0.358101 1.55081 0.0944048 -0.041238 
-0.803666 0.479305 -0.354066 1.55751 0.0217993 -0.0127808 
-0.622495 0.399536 -0.449248 1.55472 0.0586983 -0.0276987 
-0.404003 0.53917 -0.377047 1.55037 0.118353 -0.0380865 
-0.787477 0.505776 -0.429622 1.56318 0.0234404 -0.0163197 
-0.673685 0.434271 -0.458166 1.55176 0.0525245 -0.0207474 
-0.42664 0.49732 -0.393029 1.54768 0.113279 -0.0390545 
-0.770133 0.529225 -0.313443 1.55163 0.0381726 -0.0171568 
-0.825488 0.428198 -0.440674 1.55416 0.0212613 -0.0107144 
-0.375797 0.454151 -0.467807 1.55833 0.123323 -0.0430989 
-0.627043 0.513861 -0.285908 1.5574 0.0650244 -0.0264384 
-0.850924 0.379794 -0.43375 1.56319 0.020022 -0.00628092 
-0.496546 0.430769 -0.431147 1.54642 0.095063 -0.0382736 
-0.488142 0.505549 -0.380956 1.56127 0.0983573 -0.0345328 
-0.795211 0.478672 -0.431996 1.55621 0.0199282 -0.0157323 
-0.581843 0.416714 -0.466602 1.54337 0.0715585 -0.0297423 
-0.380735 0.497727 -0.434707 1.54945 0.124432 -0.0403923 
-0.730772 0.480918 -0.377646 1.55923 0.0397422 -0.0184898 
-0.63375 0.411731 -0.413217 1.54856 0.0534899 -0.029642 
-0.316784 0.503803 -0.39224 1.54421 0.127651 -0.0512357 
-0.632844 0.509985 -0.346175 1.55684 0.056041 -0.0251762 
-0.782316 0.452177 -0.411284 1.54388 0.0275489 -0.0167943 
-0.322655 0.48398 -0.377239 1.53899 0.124196 -0.0468038 
-0.466482 0.58098 -0.329711 1.54768 0.0922965 -0.0359929 
-0.757081 0.475718 -0.379937 1.55096 0.0256029 -0.0152081 
-0.546979 0.43364 -0.443706 1.54557 0.0773584 -0.0333915 
-0.398499 0.54594 -0.323445 1.54701 0.116903 -0.0364566 
-0.793504 0.508879 -0.39208 1.55479 0.018001 -0.013113 
-0.559712 0.464119 -0.400489 1.54101 0.0687969 -0.0288465 
-0.394165 0.513165 -0.3891 1.55494 0.116543 -0.0369145 
-0.839648 0.503424 -0.394054 1.5611 0.018321 -0.0110345 
-0.702178 0.422425 -0.412828 1.54496 0.0492446 -0.0169182 
-0.403448 0.554909 -0.407138 1.53865 0.119612 -0.0428259 
-0.718261 0.598324 -0.404654 1.54466 0.0396554 -0.0213362 
-0.797833 0.499714 -0.42879 1.53209 0.029829 -0.00798204 
-0.446224 0.465939 -0.419592 1.54589 0.109546 -0.0364439 
-0.63382 0.552651 -0.38062 1.54888 0.0699198 -0.0224208 
-0.83135 0.441773 -0.412029 1.55497 0.0189055 -0.0104203 
-0.460111 0.487001 -0.430612 1.53324 0.0977328 -0.0364852 
-0.47183 0.563225 -0.346947 1.54364 0.102034 -0.0365762 
-0.849014 0.446052 -0.397987 1.56055 0.0171718 -0.0118621 
-0.633505 0.422049 -0.443686 1.53916 0.0596227 -0.0330616 
-0.321923 0.537611 -0.349757 1.54409 0.133537 -0.044436 
-0.69925 0.584574 -0.379025 1.5388 0.0388788 -0.0241525 
-0.689233 0.453458 -0.426097 1.53585 0.0444742 -0.0220243 
-0.361661 0.427572 -0.374862 1.55906 0.122573 -0.0459868 
-0.6438 0.548813 -0.275967 1.54631 0.0599501 -0.0287889 
-0.729432 0.495435 -0.358964 1.53087 0.038604 -0.016975 
-0.326519 0.490124 -0.440181 1.54511 0.120793 -0.0488127 
-0.385151 0.607999 -0.329513 1.53414 0.109281 -0.0391323 
-0.826847 0.49083 -0.3676 1.54308 0.014501 -0.0139007 
-0.467644 0.468035 -0.407184 1.53966 0.0973524 -0.0325312 
-0.399961 0.62769 -0.309711 1.52649 0.112908 -0.0420483 
-0.814569 0.586739 -0.359903 1.5355 0.0162316 -0.0188394 
-0.617437 0.486394 -0.435801 1.53846 0.0530902 -0.0261037 
-0.351806 0.548242 -0.366704 1.53952 0.122496 -0.040501 
-0.794941 0.600834 -0.378097 1.53954 0.0248661 -0.0199948 
-0.787275 0.526858 -0.368961 1.52734 0.0305835 -0.0123115 
-0.423714 0.526307 -0.372217 1.5337 0.104239 -0.0412365 
-0.550303 0.578421 -0.302134 1.54966 0.0831764 -0.0256041 
-0.919962 0.501479 -0.331081 1.54041 0.000961968 -0.00926079 
-0.552069 0.47056 -0.357313 1.53463 0.086972 -0.0302089 
-0.472407 0.599266 -0.350018 1.54064 0.101428 -0.0331169 
-0.867923 0.515813 -0.366201 1.54512 0.0105919 -0.0100889 
-0.580315 0.476262 -0.41028 1.53496 0.0746045 -0.0281313 
-0.501867 0.558131 -0.383056 1.534 0.0979012 -0.0371347 
-0.836532 0.537551 -0.38886 1.5449 0.0222828 -0.0131117 
-0.634703 0.501759 -0.418438 1.52701 0.0566767 -0.0237729 
-0.373086 0.569934 -0.432714 1.53364 0.120263 -0.0475335 
-0.719749 0.584738 -0.266398 1.53332 0.0441176 -0.0217025 
-0.779772 0.502672 -0.433895 1.52326 0.0261373 -0.0209447 
-0.323227 0.56433 -0.314316 1.51761 0.132459 -0.0446015 
-0.578814 0.6172 -0.362001 1.53714 0.0666396 -0.0344733 
-0.770477 0.580698 -0.461929 1.51416 0.0198826 -0.0198413 
-0.448718 0.494542 -0.456922 1.52727 0.10211 -0.0417395 
-0.50353 0.639059 -0.305546 1.52557 0.0886624 -0.0342343 
-0.763224 0.584341 -0.349399 1.52348 0.0240494 -0.0164828 
-0.475921 0.56085 -0.422919 1.51736 0.0888098 -0.041232 
-0.417094 0.616572 -0.295361 1.53226 0.108373 -0.039794 
-0.870638 0.549494 -0.315385 1.53188 0.00949619 -0.0113653 
-0.600864 0.541238 -0.44987 1.52091 0.0636966 -0.0276759 
-0.392685 0.62833 -0.325103 1.5242 0.10991 -0.0463419 
-0.77305 0.63403 -0.336962 1.53044 0.0287408 -0.0187454 
-0.781913 0.614001 -0.405305 1.49986 0.025331 -0.0143826 
-0.44634 0.525322 -0.441414 1.53731 0.111612 -0.0367691 
-0.689558 0.626325 -0.275353 1.53703 0.0514622 -0.0217008 
-0.8264 0.523251 -0.381704 1.53609 0.0153178 -0.0141641 
-0.452953 0.535846 -0.388069 1.52777 0.103212 -0.0368069 
-0.589098 0.629147 -0.364543 1.52878 0.0792698 -0.0291925 
-0.907087 0.570895 -0.293868 1.52426 0.005429 -0.00718557 
-0.560927 0.522268 -0.354787 1.5211 0.082469 -0.0342991 
-0.412903 0.625951 -0.346391 1.52983 0.110359 -0.0366168 
-0.831861 0.592232 -0.370955 1.5216 0.0192074 -0.0118184 
-0.670565 0.539546 -0.481353 1.51392 0.0526532 -0.0228377 
-0.378626 0.570828 -0.333471 1.52659 0.120433 -0.0444239 
-0.760313 0.618583 -0.376091 1.5257 0.0299456 -0.0226278 
-0.701428 0.507336 -0.374708 1.527 0.0396814 -0.0239464 
-0.408611 0.579648 -0.36084 1.51081 0.10898 -0.0446516 
-0.632494 0.603429 -0.340183 1.53392 0.0629689 -0.0304621 
-0.794116 0.587958 -0.329435 1.51321 0.0164347 -0.018839 
-0.419379 0.60502 -0.441334 1.49581 0.0991402 -0.0456993 
-0.456838 0.68751 -0.34948 1.51297 0.0928339 -0.0399858 
-0.860448 0.639259 -0.340383 1.496 0.00672206 -0.0123341 
-0.53575 0.539705 -0.367604 1.50773 0.0780928 -0.0347057 
-0.40474 0.750531 -0.288062 1.48309 0.109621 -0.0437066 
-0.818849 0.713914 -0.378018 1.48862 0.0103123 -0.0174846 
-0.708429 0.663146 -0.356264 1.46688 0.0371094 -0.0241 
-0.479798 0.733504 -0.38839 1.46684 0.0947507 -0.0430558 
-0.774202 0.725603 -0.257576 1.47232 0.0302276 -0.0187731 
-0.808423 0.681351 -0.35183 1.46153 0.0123958 -0.0150801 
-0.446821 0.727592 -0.32937 1.44299 0.0983636 -0.0404258 
-0.639875 0.844947 -0.253035 1.42599 0.0593695 -0.0277864 
-0.960813 0.75923 -0.349404 1.4318 -0.0168007 -0.00842871 
-0.586564 0.787449 -0.32223 1.40009 0.0631543 -0.0353458 
-0.492122 0.936131 -0.370209 1.39576 0.0822416 -0.0410249 
-0.921474 0.856035 -0.199525 1.39272 -0.00992188 -0.0129069 
-0.731989 0.767464 -0.354626 1.38628 0.0342463 -0.0275027 
-0.440462 0.911743 -0.228661 1.37154 0.0954346 -0.0449106 
-0.834099 0.9261 -0.173152 1.36694 0.00454716 -0.0207118 
-0.79634 0.863086 -0.298545 1.35442 0.00531858 -0.0260544 
-0.48392 0.973326 -0.271294 1.32054 0.0792578 -0.0466935 
-0.693275 0.929977 -0.147979 1.35347 0.0382844 -0.0311485 
-0.934915 1.02694 -0.247236 1.30125 -0.0311126 -0.0226201 
-0.508962 0.945945 -0.241393 1.30828 0.0540096 -0.0498402 
-0.551279 1.08601 -0.175945 1.29483 0.0551507 -0.0473374 
-0.93947 1.10635 -0.176791 1.26908 -0.0391585 -0.0224434 
-0.626832 1.09319 -0.118987 1.23382 0.0312934 -0.0374716 
-0.417953 1.19964 -0.113614 1.23713 0.0768111 -0.0556907 
-0.83382 1.22263 -0.0786834 1.22678 -0.0249823 -0.0282662 
-0.751329 1.14996 -0.168489 1.20725 -0.00502789 -0.0380843 
-0.473866 1.21898 -0.0951908 1.20607 0.0608533 -0.0511973 
-0.860447 1.31148 -0.00329982 1.18996 -0.0251998 -0.030651 
-0.904941 1.26511 -0.157597 1.16856 -0.0454393 -0.0285789 
-0.526973 1.38847 -0.113562 1.13067 0.0346095 -0.0553318 
-0.827469 1.43036 -0.092444 1.13619 -0.0188165 -0.032495 
-1.0264 1.37455 -0.0532424 1.10987 -0.0713122 -0.0213266 
-0.664346 1.38353 -0.123438 1.10244 0.00854334 -0.0491199 
-0.745449 1.53301 0.0234795 1.07825 -0.0032718 -0.0436969 
-1.0364 1.45371 -0.0289192 1.07403 -0.0751352 -0.0200987 
-0.817066 1.50797 -0.0142739 1.01612 -0.0244207 -0.0428695 
-0.648283 1.52671 0.0152991 1.05248 0.012189 -0.0530859 
-1.02516 1.59091 0.0551811 1.02265 -0.0791853 -0.0290623 
-0.878116 1.58169 0.00672028 0.979102 -0.0536348 -0.0433486 
-0.607565 1.64531 0.00364469 0.978415 0.0104399 -0.058888 
-0.948543 1.81891 0.182001 0.927149 -0.068725 -0.0349556 
-0.931352 1.63661 0.114278 0.942726 -0.071254 -0.0350783 
-0.562927 1.80602 0.0674722 0.900832 0.00770673 -0.0671568 
-0.834131 1.92778 0.201434 0.873961 -0.050951 -0.0491257 
-1.04079 1.81377 0.118716 0.872457 -0.100388 -0.0351613 
-0.692457 1.9474 0.179073 0.813843 -0.0203494 -0.0613115 
-0.697597 2.01716 0.177543 0.833408 -0.0183509 -0.0532617 
-1.01463 2.04142 0.249353 0.791212 -0.106074 -0.0356935 
-0.698777 1.96297 0.241997 0.780996 -0.0251034 -0.0560015 
-0.734884 2.1415 0.24639 0.757584 -0.0288765 -0.0586414 
-1.05056 2.07416 0.299047 0.757895 -0.103749 -0.0276367 
-0.821677 2.16257 0.247367 0.700261 -0.0599653 -0.0504516 
-0.682275 2.20754 0.282501 0.708235 -0.0237494 -0.0609484 
-1.13574 2.26472 0.315549 0.680413 -0.122627 -0.0309482 
-1.00038 2.17193 0.270508 0.66839 -0.0897079 -0.0389524 
-0.689135 2.39228 0.372864 0.613773 -0.0222989 -0.0626427 
-1.00734 2.40986 0.411737 0.617456 -0.0939679 -0.0362253 
-1.08618 2.32192 0.373119 0.599748 -0.112874 -0.0358244 
-0.731819 2.46208 0.351578 0.552675 -0.0260478 -0.0579996 
-0.912821 2.51031 0.427169 0.55503 -0.061106 -0.0405893 
-1.10526 2.48056 0.3559 0.532273 -0.119208 -0.0346743 
-0.760153 2.49762 0.401161 0.507158 -0.0399154 -0.0632555 
-0.909295 2.5938 0.522038 0.502296 -0.06826 -0.0497372 
-1.15222 2.56875 0.458875 0.472519 -0.118983 -0.0289207 
-0.735294 2.6665 0.394876 0.424804 -0.0316795 -0.0573272 
-0.719804 2.79158 0.517522 0.414754 -0.0317092 -0.060252 
-1.07925 2.75312 0.57007 0.394405 -0.115142 -0.0372327 
-0.84677 2.7734 0.466216 0.352712 -0.0609277 -0.0551496 
-0.695871 2.84278 0.579544 0.357562 -0.0197781 -0.0676351 
-1.01026 2.95688 0.606784 0.32731 -0.100649 -0.0424488 
-0.958613 2.89996 0.503044 0.305939 -0.0952394 -0.0512524 
-0.618446 3.048 0.581256 0.255514 -0.0212883 -0.0698934 
-0.996471 3.07283 0.617709 0.26104 -0.09965 -0.0468682 
-1.07239 3.07041 0.58181 0.215586 -0.128488 -0.0423268 
-0.689081 3.17266 0.665272 0.179746 -0.0395509 -0.0710576 
-0.835286 3.24067 0.674956 0.187846 -0.0721944 -0.0560596 
-1.153 3.23971 0.676964 0.137046 -0.142409 -0.0368452 
-0.805367 3.21841 0.762815 0.121248 -0.0699839 -0.0622242 
-0.919514 3.40589 0.809485 0.0863913 -0.0930838 -0.0563925 
-1.19731 3.46065 0.803163 0.0391732 -0.156756 -0.0382692 
-0.901232 3.39271 0.742823 0.0320196 -0.0992735 -0.0604775 
-0.910764 3.57411 0.889215 -0.0119776 -0.0990235 -0.06823 
-1.29613 3.54331 0.830058 -0.0194859 -0.185581 -0.0390868 
-1.12421 3.60075 0.755037 -0.0721635 -0.153871 -0.0517761 
-0.838571 3.69082 0.837292 -0.0922735 -0.085292 -0.0733881 
-1.14707 3.80698 0.938511 -0.119594 -0.162499 -0.0526285 
-1.21901 3.74356 0.76155 -0.153679 -0.183764 -0.0456824 
-0.902127 3.80788 0.906475 -0.188835 -0.107894 -0.0753118 
-1.03926 4.0007 0.932708 -0.21601 -0.141111 -0.0619569 
-1.21796 3.93426 0.970287 -0.246368 -0.188689 -0.0477345 
-0.873776 4.02972 0.914187 -0.295513 -0.124353 -0.0796574 
-0.938843 4.13445 1.06777 -0.314285 -0.12611 -0.0679016 
-1.29725 4.15107 1.01748 -0.35092 -0.211154 -0.0509707 
-0.94187 4.17296 1.03427 -0.388378 -0.136288 -0.0745176 
-0.809556 4.30791 1.0305 -0.405122 -0.109446 -0.0839829 
-1.22539 4.37309 1.05718 -0.435936 -0.20535 -0.0589484 
-1.16195 4.31359 0.999937 -0.468282 -0.185765 -0.0636666 
-0.814199 4.47237 1.00705 -0.504047 -0.109261 -0.084303 
-1.16477 4.63489 1.15161 -0.53942 -0.202004 -0.0703222 
-1.2606 4.55135 1.04895 -0.562364 -0.229389 -0.0584077 
-0.917588 4.6272 0.965346 -0.597328 -0.140997 -0.084313 
-1.05509 4.72869 1.13347 -0.613552 -0.169742 -0.0714077 
-1.35757 4.69684 1.0883 -0.631321 -0.240566 -0.052624 
-1.00348 4.78035 1.02316 -0.671578 -0.177562 -0.0808475 
-0.980285 4.92567 1.20045 -0.707559 -0.155089 -0.0769133 
-1.37349 4.91321 1.15645 -0.720172 -0.241646 -0.0517016 
-1.16094 4.91542 1.10637 -0.762038 -0.193873 -0.0634584 
-0.950632 5.00744 1.18438 -0.773768 -0.151231 -0.0840942 
-1.32834 5.049 1.17699 -0.784844 -0.239769 -0.0574031 
-1.23853 5.02261 1.12456 -0.81786 -0.216139 -0.0605981 
-0.962463 5.10119 1.14818 -0.836335 -0.150408 -0.08213 
-1.23914 5.21526 1.25228 -0.867504 -0.212525 -0.0599708 
-1.35422 5.11928 1.14263 -0.878617 -0.245011 -0.0588298 
-0.943619 5.24959 1.19536 -0.927325 -0.151624 -0.087434 
-1.19133 5.33565 1.24604 -0.939118 -0.203438 -0.0680675 
-1.4235 5.26811 1.13918 -0.952887 -0.259021 -0.0565433 
-0.995655 5.41551 1.14711 -1.02148 -0.170491 -0.0838822 
-0.999653 5.51367 1.24644 -1.0369 -0.16651 -0.0846725 
-1.3557 5.5465 1.24896 -1.06744 -0.259404 -0.0600606 
-1.18326 5.55389 1.31585 -1.12175 -0.22143 -0.0775941 
-0.950258 5.68633 1.36913 -1.1422 -0.171505 -0.0935848 
-1.28982 5.78554 1.39044 -1.17298 -0.257055 -0.0703546 
-1.29327 5.68435 1.31565 -1.17511 -0.259981 -0.0744755 
-0.96873 5.76577 1.23502 -1.1993 -0.182758 -0.0975249 
-1.22951 5.89836 1.3394 -1.22696 -0.248354 -0.0754617 
-1.40784 5.90651 1.29611 -1.26716 -0.290742 -0.070713 
-1.06748 5.98334 1.30456 -1.31057 -0.220921 -0.100869 
-1.17385 6.11917 1.44264 -1.33904 -0.234531 -0.0861166 
-1.52516 6.05472 1.3358 -1.33974 -0.323927 -0.0679179 
-1.17049 6.1292 1.30936 -1.38846 -0.246501 -0.0907764 
-1.11591 6.22935 1.38401 -1.40126 -0.239881 -0.0960333 
-1.59682 6.21043 1.35078 -1.41616 -0.350467 -0.0681233 
-1.40987 6.27308 1.41454 -1.48291 -0.309812 -0.079549 
-1.14362 6.36735 1.41995 -1.50195 -0.253044 -0.096659 
-1.55059 6.49196 1.50483 -1.54329 -0.346058 -0.0772038 
-1.50922 6.47807 1.42664 -1.58971 -0.341985 -0.0779944 
-1.23024 6.56849 1.43863 -1.6199 -0.281436 -0.102738 
-1.51204 6.66474 1.51811 -1.63564 -0.337792 -0.0795999 
-1.618 6.64565 1.44547 -1.66835 -0.373091 -0.0749664 
-1.25061 6.6663 1.44641 -1.69203 -0.297614 -0.105638 
-1.35575 6.8258 1.50053 -1.71603 -0.318001 -0.0975034 
-1.66522 6.81036 1.50961 -1.74255 -0.395315 -0.0759933 
-1.3523 6.80548 1.51182 -1.78158 -0.322914 -0.0975801 
-1.2733 6.94054 1.46615 -1.78997 -0.307736 -0.109389 
-1.56265 6.91853 1.46813 -1.78754 -0.379842 -0.0829708 
-1.41617 6.85152 1.42818 -1.81 -0.343883 -0.0945133 
-1.20815 7.06486 1.46359 -1.858 -0.295673 -0.11014 
-1.53051 7.1293 1.56886 -1.88282 -0.366833 -0.0858949 
-1.46268 7.06225 1.47886 -1.90429 -0.362409 -0.0941622 
-1.2177 7.29192 1.69193 -1.97265 -0.309232 -0.116091 
-1.529 7.26925 1.76859 -1.97393 -0.369453 -0.0881228 
-1.58515 7.3311 1.71144 -2.03495 -0.386458 -0.0820478 
-1.2107 7.42592 1.68189 -2.06661 -0.302457 -0.108305 
-1.46461 7.5065 1.77842 -2.07812 -0.363625 -0.0989934 
-1.76593 7.44956 1.66869 -2.08918 -0.434114 -0.0786573 
-1.43329 7.46175 1.68255 -2.12414 -0.349992 -0.102683 
-1.37642 7.61976 1.82739 -2.14507 -0.341777 -0.101335 
-1.71991 7.65243 1.79776 -2.17063 -0.424985 -0.0813037 
-1.52802 7.55344 1.70033 -2.17751 -0.387051 -0.0982676 
-1.41188 7.74637 1.757 -2.22605 -0.347303 -0.106851 
-1.70924 7.7635 1.77285 -2.2288 -0.416089 -0.0831108 
-1.5824 7.66417 1.74941 -2.2432 -0.403552 -0.0951905 
-1.3328 7.85763 1.77055 -2.29142 -0.345849 -0.118624 
-1.66499 7.92389 1.88312 -2.32169 -0.418793 -0.0923806 
-1.74247 7.91622 1.88999 -2.37769 -0.438063 -0.0895564 
-1.38208 8.00616 1.89817 -2.40763 -0.363653 -0.119638 
-1.55902 8.08511 1.97846 -2.40288 -0.412958 -0.108579 
-1.71235 8.09441 1.90806 -2.44642 -0.452438 -0.0941781 
-1.3958 8.05241 1.92996 -2.45479 -0.372714 -0.118615 
-1.45485 8.22888 2.01743 -2.49144 -0.390258 -0.111329 
-1.75515 8.28177 1.93012 -2.53437 -0.469297 -0.0969258 
-1.44562 8.28204 2.06896 -2.56906 -0.407661 -0.120263 
-1.49047 8.41207 2.09582 -2.59735 -0.40666 -0.119791 
-1.7922 8.48265 2.1672 -2.6414 -0.485509 -0.0945392 
-1.64231 8.48824 2.03895 -2.67709 -0.458984 -0.112463 
-1.38981 8.59993 2.20969 -2.68938 -0.402633 -0.126963 
-1.802 8.62489 2.22175 -2.70495 -0.493443 -0.0983378 
-1.76055 8.63081 2.14695 -2.75291 -0.479899 -0.101673 
-1.47791 8.73563 2.18906 -2.77809 -0.419966 -0.124585 
-1.76414 8.86801 2.22969 -2.81384 -0.496885 -0.10933 
-1.84707 8.81163 2.22158 -2.85095 -0.51174 -0.0994784 
-1.60011 8.90941 2.28524 -2.89266 -0.452312 -0.125018 
-1.79993 8.99702 2.35659 -2.91117 -0.499897 -0.105985 
-1.97166 9.06223 2.28754 -2.96638 -0.55713 -0.101597 
-1.59995 9.00146 2.23778 -2.96443 -0.467526 -0.12629 
-1.70725 9.13803 2.3907 -2.99233 -0.487875 -0.119568 
-2.07174 9.11562 2.31967 -3.01213 -0.576607 -0.100148 
-1.7807 9.1767 2.39812 -3.0729 -0.514429 -0.12301 
-1.6122 9.34175 2.3978 -3.09354 -0.481239 -0.131962 
-1.96674 9.35502 2.47089 -3.12262 -0.56556 -0.109965 
-1.92855 9.30015 2.4516 -3.16307 -0.556085 -0.119153 
-1.62747 9.51918 2.58501 -3.21635 -0.486403 -0.136513 
-1.93888 9.56257 2.64886 -3.23658 -0.571652 -0.118878 
-1.8475 9.53944 2.5804 -3.27867 -0.547545 -0.11854 
-1.62386 9.67526 2.71481 -3.3213 -0.49629 -0.141854 
-1.89995 9.74912 2.80626 -3.34005 -0.561069 -0.124841 
-2.03989 9.75473 2.75506 -3.37956 -0.605691 -0.116831 
-1.5965 9.84104 2.83467 -3.42019 -0.496001 -0.141608 
-1.69359 9.93961 2.97878 -3.44076 -0.520287 -0.132411 
-2.0572 9.94034 2.92463 -3.47097 -0.61022 -0.112 
-1.80017 9.95359 2.97503 -3.50652 -0.547295 -0.131295 
-1.65217 10.0986 3.01445 -3.53156 -0.50755 -0.136268 
-2.03024 10.174 3.07701 -3.56652 -0.605663 -0.116712 
-1.8989 10.0877 3.08263 -3.57728 -0.573329 -0.126949 
-1.69034 10.1942 3.09195 -3.59156 -0.526683 -0.140319 
-2.10315 10.2293 3.11808 -3.60162 -0.607164 -0.110251 
-2.00174 10.1728 3.02295 -3.61521 -0.588777 -0.118394 
-1.66828 10.2042 3.07466 -3.61532 -0.513505 -0.140417 
-1.96504 10.3099 3.0234 -3.62015 -0.585372 -0.122759 
-2.13114 10.221 2.97151 -3.64336 -0.619839 -0.108229 
-1.7132 10.3211 2.98954 -3.68896 -0.517784 -0.132769 
-1.82088 10.3946 3.04309 -3.6906 -0.546043 -0.130385 
-2.12884 10.4349 3.05498 -3.71925 -0.626593 -0.114648 
-1.88982 10.3436 3.08605 -3.74748 -0.570099 -0.133434 
-1.73028 10.5843 3.24804 -3.80219 -0.522295 -0.136177 
-2.09408 10.5792 3.27922 -3.81113 -0.612052 -0.115533 
-1.92925 10.6278 3.24896 -3.87453 -0.589829 -0.129438 
-1.6225 10.7379 3.29251 -3.90286 -0.523493 -0.148149 
-1.95663 10.8053 3.48728 -3.93071 -0.595908 -0.126669 
-2.11302 10.8051 3.46482 -3.98242 -0.635306 -0.122013 
-1.6841 10.8239 3.51366 -4.00069 -0.539926 -0.147041 
-1.8991 11.0196 3.49889 -4.02076 -0.597321 -0.142661 
-1.99982 11.0098 3.34989 -4.0476 -0.627807 -0.124036 
-1.76396 10.9665 2.74445 -4.03063 -0.579275 -0.145261 
-1.82229 11.109 2.90019 -4.05935 -0.581331 -0.142939 
-2.16588 11.1342 2.9069 -4.07021 -0.67215 -0.125019 
-1.91545 11.0512 2.23863 -4.04386 -0.618741 -0.139198 
-1.73705 11.1162 3.07055 -4.06233 -0.56155 -0.149716 
-2.09067 11.1148 3.11769 -4.0646 -0.640024 -0.119858 
-2.07417 10.9928 2.66238 -4.03416 -0.639375 -0.125422 
-1.7233 11.1136 2.5734 -4.05617 -0.561269 -0.147421 
-1.99192 11.148 2.96779 -4.06835 -0.61565 -0.127397 
-2.15793 11.1274 2.25747 -4.05934 -0.665917 -0.119526 
-1.97678 11.2871 2.19657 -4.08761 -0.614408 -0.13092 
-1.97687 11.2872 2.19657 -4.08764 -0.61443 -0.130922 
-2.15322 11.2662 1.82099 -4.08337 -0.668131 -0.115859 
-1.8936 11.2378 1.25596 -4.07205 -0.622504 -0.138868 
-1.88103 11.3511 1.44551 -4.09491 -0.609234 -0.14374 
-2.25702 11.4126 1.23997 -4.11137 -0.709719 -0.122003 
-2.00983 11.4351 0.292023 -4.10225 -0.652629 -0.129388 
-1.70935 11.4571 0.639846 -4.10945 -0.584658 -0.147959 
-2.10075 11.5666 0.775723 -4.13827 -0.681631 -0.131165 
-2.08046 11.451 -0.221645 -4.10393 -0.68607 -0.132179 
-1.7763 11.5405 -0.3055 -4.11766 -0.610439 -0.150164 
-2.04388 11.6628 0.0753588 -4.14932 -0.670688 -0.134669 
-2.04614 11.6081 -0.586515 -4.13448 -0.689065 -0.130613 
-1.70821 11.6648 -0.914342 -4.14005 -0.612989 -0.151126 
-1.86924 11.766 -0.627237 -4.16052 -0.630605 -0.141233 
-2.104 11.7686 -0.93319 -4.1615 -0.693944 -0.11991 
-1.83167 11.673 -1.31033 -4.13483 -0.631388 -0.143274 
-1.73672 11.7662 -0.575714 -4.16109 -0.603246 -0.151094 
-2.08229 11.6496 -0.0589371 -4.14102 -0.663094 -0.120207 
-1.97434 11.529 -0.527049 -4.10855 -0.6351 -0.123114 
-1.62509 11.5181 0.340399 -4.11186 -0.543212 -0.143676 
-1.93675 11.5144 1.28242 -4.1228 -0.605313 -0.125447 
-2.01679 11.2569 1.48067 -4.0689 -0.609477 -0.118515 
-1.47666 10.7352 3.31194 -3.94147 -0.38693 -0.121869 
-0.933503 2.19204 -0.009536 0.688306 -0.0877362 -0.0776822 
-0.922021 1.77855 -0.150825 1.03695 -0.00385468 -0.00442484 
-0.532043 1.54416 -0.267939 1.10326 0.0540947 -0.0480922 
-0.802793 1.67085 -0.217483 1.10908 -0.000867531 -0.0399098 
-1.10252 1.55408 -0.236886 1.12369 -0.0611639 -0.0162418 
-0.74208 1.45073 -0.319052 1.15421 0.0243322 -0.0323799 
-0.560427 1.11771 -0.407747 1.34652 0.0608402 -0.0436493 
-1.02792 1.27813 -0.280205 1.291 -0.0462203 -0.0240973 
-0.849142 1.23635 -0.311639 1.256 -0.00364667 -0.024664 
-0.575646 1.28982 -0.346502 1.27142 0.0577291 -0.0477173 
-0.890789 1.30614 -0.252997 1.28434 -0.007411 -0.0241801 
-0.910795 0.967286 -0.446675 1.40816 -0.0154963 -0.0225647 
-0.479127 1.12522 -0.369378 1.35452 0.0781711 -0.0503779 
-0.690662 1.06455 -0.315638 1.40986 0.046731 -0.0342567 
