1.58881e-08 -4.03065e-09 1.85347e-09 -2.58789e-11 -1.69681e-09 -8.82989e-10 
7.80569e-08 -7.52922e-09 5.69048e-08 -2.06488e-10 -1.35389e-08 -7.04536e-09 
2.46233e-07 -1.69934e-08 2.05828e-07 -6.95064e-10 -4.55735e-08 -2.37156e-08 
5.72606e-07 -3.53602e-08 4.94835e-07 -1.64322e-09 -1.07742e-07 -5.60666e-08 
1.10881e-06 -6.5535e-08 9.69648e-07 -3.20096e-09 -2.09878e-07 -1.09216e-07 
1.90591e-06 -1.10392e-07 1.67549e-06 -5.51665e-09 -3.61712e-07 -1.88228e-07 
3.12771e-06 9.41863e-07 2.63614e-06 4.73089e-08 -5.42266e-07 1.55547e-06 
4.48437e-06 -2.55496e-07 3.95876e-06 -1.30074e-08 -8.52864e-07 -4.43814e-07 
6.36513e-06 -3.61337e-07 5.6242e-06 -1.84713e-08 -1.21111e-06 -6.3024e-07 
8.70559e-06 -4.93047e-07 7.69671e-06 -2.52707e-08 -1.65693e-06 -8.62234e-07 
1.15541e-05 -6.53347e-07 1.02191e-05 -3.35459e-08 -2.19952e-06 -1.14459e-06 
1.49584e-05 -8.44926e-07 1.32337e-05 -4.34359e-08 -2.84798e-06 -1.48203e-06 
1.89658e-05 -1.07044e-06 1.67823e-05 -5.5078e-08 -3.61132e-06 -1.87926e-06 
2.36229e-05 -1.33253e-06 2.09062e-05 -6.86077e-08 -4.49842e-06 -2.34089e-06 
2.94051e-05 -1.69288e-06 2.56498e-05 -2.43875e-07 -6.76537e-06 -2.8802e-06 
3.47197e-05 -1.91605e-06 3.07902e-05 -9.62677e-08 -6.73264e-06 -3.47527e-06 
3.95623e-05 -2.00256e-06 3.61144e-05 2.28809e-07 -5.64182e-06 -4.13959e-06 
4.67899e-05 -2.37526e-06 4.26727e-05 2.28804e-07 -7.04337e-06 -4.90501e-06 
5.28217e-05 -2.50518e-06 4.92068e-05 5.88708e-07 -6.08975e-06 -5.71998e-06 
6.02097e-05 -2.7277e-06 5.6829e-05 9.33865e-07 -5.30934e-06 -6.62586e-06 
6.68646e-05 -2.77136e-06 6.38501e-05 1.52499e-06 -3.17851e-06 -7.66347e-06 
7.57777e-05 -3.03184e-06 7.33499e-05 1.66968e-06 -4.38466e-06 -8.72721e-06 
8.62339e-05 -3.44263e-06 8.31386e-05 1.67698e-06 -6.93312e-06 -9.94595e-06 
9.5192e-05 -3.50105e-06 9.30722e-05 2.23189e-06 -5.71331e-06 -1.11874e-05 
0.000103066 -3.33813e-06 0.00010294 3.01345e-06 -3.33139e-06 -1.25755e-05 
0.000110139 -2.93284e-06 0.00011306 4.13541e-06 1.21368e-06 -1.40195e-05 
0.000118929 -2.6948e-06 0.000124804 5.37652e-06 6.69115e-06 -1.56162e-05 
0.000131404 -2.86624e-06 0.000138427 6.09737e-06 8.21353e-06 -1.73615e-05 
0.000144192 -2.96919e-06 0.000152636 6.86694e-06 9.67869e-06 -1.92162e-05 
0.000158742 -3.20985e-06 0.000167778 7.30596e-06 8.23928e-06 -2.11967e-05 
0.00017764 -3.91162e-06 0.000184952 7.02512e-06 1.28461e-06 -2.33222e-05 
0.00019361 -4.08709e-06 0.000201734 7.48929e-06 -7.19628e-07 -2.55562e-05 
0.000198354 -2.57337e-06 0.000216115 1.08942e-05 1.85302e-05 -2.77917e-05 
0.000224676 -4.00432e-06 0.000237211 9.8143e-06 4.81768e-06 -3.04536e-05 
0.000251146 -5.22368e-06 0.000259621 8.38834e-06 -1.21824e-05 -3.31103e-05 
0.000256853 -3.40998e-06 0.000275125 1.14332e-05 2.37707e-06 -3.57369e-05 
0.000284686 -4.58976e-06 0.000298468 1.04385e-05 -1.21776e-05 -3.87559e-05 
0.000324119 -7.1763e-06 0.000326434 6.47104e-06 -4.92508e-05 -4.18995e-05 
0.000340641 -6.42941e-06 0.000346751 7.35107e-06 -5.21955e-05 -4.50307e-05 
0.000360174 -6.01182e-06 0.000369964 9.01635e-06 -4.85742e-05 -4.84374e-05 
0.000398156 -8.0065e-06 0.000401331 7.04473e-06 -7.13465e-05 -5.20243e-05 
0.000425392 -8.2679e-06 0.000426725 5.93799e-06 -9.04503e-05 -5.5682e-05 
0.000452286 -8.33083e-06 0.000452895 5.19872e-06 -0.000107282 -5.94788e-05 
0.000504092 -1.17595e-05 0.000488304 -3.00805e-07 -0.000158564 -6.36997e-05 
0.000520081 -1.10589e-05 0.000516144 3.86223e-06 -0.000138061 -6.93985e-05 
0.000539092 -8.68932e-06 0.000545212 7.96811e-06 -0.000118987 -7.21738e-05 
0.000598789 -1.37057e-05 0.000585887 1.5772e-06 -0.000177717 -7.85314e-05 
0.00062385 -1.26672e-05 0.000617044 2.90735e-06 -0.000181434 -8.30706e-05 
0.000652096 -1.20311e-05 0.000651431 5.12945e-06 -0.000177773 -8.79631e-05 
0.000719127 -1.65491e-05 0.000695818 -2.2729e-06 -0.000246137 -9.33236e-05 
0.000746312 -1.53235e-05 0.000730008 -3.32449e-07 -0.000246814 -9.8476e-05 
0.000777851 -1.4532e-05 0.000767773 1.3011e-06 -0.000249686 -0.000103811 
0.000850682 -1.93496e-05 0.000817355 -6.12473e-06 -0.000319361 -0.000109778 
0.000887217 -1.88569e-05 0.000856041 -6.13529e-06 -0.000336687 -0.000114254 
0.000924265 -1.82437e-05 0.000898007 -5.06477e-06 -0.000345547 -0.000118881 
0.000996389 -2.24291e-05 0.000950354 -1.13943e-05 -0.000408855 -0.000124145 
0.00105482 -2.42777e-05 0.000995803 -1.71577e-05 -0.000471701 -0.000130547 
0.00108249 -2.19011e-05 0.00103947 -1.16599e-05 -0.000448575 -0.000134511 
0.0011549 -2.54794e-05 0.00109516 -1.74227e-05 -0.000509697 -0.000140256 
0.00122102 -2.78138e-05 0.00114574 -2.41359e-05 -0.000581369 -0.000144736 
0.00128575 -2.98272e-05 0.0011983 -2.93858e-05 -0.000642033 -0.000152023 
0.0013459 -3.11416e-05 0.00125621 -3.01111e-05 -0.000666655 -0.000154438 
0.00138381 -2.91629e-05 0.00130644 -2.59549e-05 -0.000657106 -0.000158194 
0.00145745 -3.19059e-05 0.00136805 -3.02085e-05 -0.000710039 -0.000162379 
0.00152107 -3.30053e-05 0.00142678 -3.24623e-05 -0.000749692 -0.000165421 
0.00158335 -3.37086e-05 0.00148608 -3.41814e-05 -0.000786191 -0.000168631 
0.00165677 -3.5818e-05 0.00155141 -3.70457e-05 -0.000830462 -0.000167092 
0.00171756 -3.59037e-05 0.00161285 -3.75097e-05 -0.000858809 -0.000164337 
0.00179227 -3.76519e-05 0.00167886 -4.12166e-05 -0.000911892 -0.000165714 
0.00187466 -4.12696e-05 0.00174755 -4.6363e-05 -0.000975922 -0.000171551 
0.00193674 -4.08745e-05 0.00181396 -4.58434e-05 -0.000998627 -0.00017327 
0.00201506 -4.24741e-05 0.00188447 -4.93012e-05 -0.00105183 -0.000175295 
0.00210013 -4.48688e-05 0.00195616 -5.37059e-05 -0.00111271 -0.000173956 
0.00217163 -4.50411e-05 0.00202588 -5.56048e-05 -0.00115665 -0.000169968 
0.00226979 -4.8654e-05 0.00210172 -6.41498e-05 -0.001251 -0.000177963 
0.00234198 -4.86745e-05 0.00217043 -6.39092e-05 -0.00128 -0.000185059 
0.00241823 -4.89157e-05 0.00224377 -6.5244e-05 -0.00132165 -0.0001909 
0.0025197 -5.23059e-05 0.00232559 -7.29791e-05 -0.00141149 -0.000200864 
0.00259588 -5.30526e-05 0.00239796 -7.43291e-05 -0.0014554 -0.000198654 
0.00270436 -5.6824e-05 0.0024731 -8.6685e-05 -0.00158528 -0.000191343 
0.0027697 -5.48026e-05 0.00255166 -8.07856e-05 -0.00157361 -0.000202027 
0.00284118 -5.33567e-05 0.00263255 -7.63465e-05 -0.00157379 -0.000214275 
0.00294836 -5.65261e-05 0.00271226 -8.45175e-05 -0.00167275 -0.000213142 
0.00302238 -5.49207e-05 0.00279409 -8.0888e-05 -0.00168128 -0.000197748 
0.00310087 -5.49476e-05 0.00287582 -7.99143e-05 -0.00170642 -0.000208936 
0.00320333 -5.67598e-05 0.00295744 -8.52087e-05 -0.00178615 -0.000222607 
0.00329253 -5.63985e-05 0.00304168 -8.66487e-05 -0.00183721 -0.000225921 
0.00338377 -5.63991e-05 0.00312586 -8.8133e-05 -0.00188418 -0.000219634 
0.00347075 -5.5695e-05 0.00320454 -8.78727e-05 -0.00191976 -0.000217748 
0.00357336 -5.65035e-05 0.00329397 -9.14037e-05 -0.00198886 -0.000230975 
0.00365961 -5.50619e-05 0.00338236 -8.98743e-05 -0.00201526 -0.000236889 
0.00377042 -5.81186e-05 0.00346786 -9.42449e-05 -0.00208726 -0.000225215 
0.00386172 -5.68894e-05 0.00354482 -9.61519e-05 -0.00214537 -0.000226939 
0.00394737 -5.45288e-05 0.00363251 -9.20896e-05 -0.00216069 -0.000241394 
0.00406649 -5.70015e-05 0.00373156 -9.69656e-05 -0.00223232 -0.000242564 
0.0041699 -5.76294e-05 0.00381851 -0.000100519 -0.00230382 -0.000240244 
0.00427466 -5.73226e-05 0.00391085 -0.000102421 -0.00236251 -0.000240446 
0.00439139 -5.84386e-05 0.00400594 -0.000106545 -0.00243833 -0.000238508 
0.004491 -5.70408e-05 0.00409818 -0.000107586 -0.00248798 -0.000232877 
0.00460708 -5.86807e-05 0.00420365 -0.000110851 -0.00255212 -0.000235503 
0.00472819 -5.9673e-05 0.00429514 -0.000116117 -0.00264111 -0.000237219 
0.00481533 -5.58306e-05 0.00439262 -0.000111381 -0.00264888 -0.000238652 
0.00493647 -5.65036e-05 0.00450158 -0.00011383 -0.00270941 -0.000243117 
0.00503569 -5.4227e-05 0.00457805 -0.000111924 -0.00274476 -0.000250372 
0.00514585 -5.36466e-05 0.00468509 -0.000115074 -0.00281506 -0.000250356 
0.0052914 -5.69896e-05 0.00480276 -0.000122053 -0.0029113 -0.000246995 
0.00532704 -4.64429e-05 0.00483827 -0.000105012 -0.00282285 -0.000245379 
0.00544233 -4.52939e-05 0.00493787 -0.00010889 -0.00289355 -0.000245406 
0.00558463 -4.86438e-05 0.00504942 -0.00011571 -0.00298842 -0.000250065 
0.00566777 -4.36825e-05 0.0051422 -0.000108699 -0.00297904 -0.000254854 
0.00579462 -4.35839e-05 0.00526119 -0.00011189 -0.00303801 -0.000255594 
0.00593707 -4.64882e-05 0.00536195 -0.000123235 -0.00314397 -0.00024572 
0.00605281 -5.29333e-05 0.00547214 -0.000148758 -0.00319358 -0.000203125 
0.00617903 -5.37717e-05 0.00558984 -0.000152558 -0.00324572 -0.00020347 
0.00627439 -4.9237e-05 0.00565211 -0.000145354 -0.00326116 -0.000212576 
0.00636965 -4.29669e-05 0.00574617 -0.000136532 -0.00325974 -0.000216148 
0.00647474 -3.8957e-05 0.00584023 -0.000128513 -0.00326439 -0.000219512 
0.00655376 -3.15735e-05 0.00589849 -0.000116746 -0.00324474 -0.000228334 
0.00665146 -2.61647e-05 0.00598122 -0.000110767 -0.0032665 -0.000236573 
0.00682888 -3.02029e-05 0.00613453 -0.000121233 -0.00339411 -0.000235381 
0.00692915 -2.56736e-05 0.00622933 -0.000116322 -0.00341393 -0.0002377 
0.00705055 -2.31923e-05 0.00633139 -0.000114391 -0.00345524 -0.000241913 
0.00719307 -2.31546e-05 0.00645555 -0.000114203 -0.00351042 -0.000248353 
0.00730288 -1.7869e-05 0.00657739 -0.000109866 -0.00353337 -0.000246298 
0.00737944 -1.06869e-05 0.00660517 -0.000100746 -0.00350319 -0.000231226 
0.0074947 -1.03312e-05 0.00671552 -0.000101529 -0.00351844 -0.000235068 
0.00766779 -1.29422e-05 0.0068783 -0.000112026 -0.00364435 -0.000243578 
0.00775971 -6.9904e-06 0.00693744 -9.96559e-05 -0.00361 -0.000217878 
0.00781248 3.50186e-06 0.00698969 -7.98076e-05 -0.00351334 -0.000223248 
0.00802525 -5.94505e-06 0.00716354 -0.000102004 -0.00372447 -0.000247861 
0.00819165 -8.03777e-06 0.00730483 -0.00011007 -0.00384026 -0.000242658 
0.00826572 7.72854e-07 0.00734781 -9.76582e-05 -0.0038164 -0.000219679 
0.00841899 -7.30187e-07 0.00748071 -9.80454e-05 -0.00387096 -0.000239594 
0.00850364 7.79468e-06 0.00759651 -8.0908e-05 -0.00379855 -0.000264102 
0.00865391 7.58476e-06 0.00770218 -8.45314e-05 -0.0038919 -0.000250517 
0.00875589 1.15334e-05 0.00777964 -7.34101e-05 -0.00387353 -0.000236681 
0.00884318 1.9488e-05 0.00788273 -5.53618e-05 -0.00380469 -0.000264351 
0.00893209 2.56384e-05 0.00793104 -4.04698e-05 -0.00377147 -0.000291856 
0.00908507 2.03981e-05 0.00806615 -4.30619e-05 -0.00383387 -0.000272241 
0.00923878 1.00056e-05 0.0081985 -5.37137e-05 -0.00392584 -0.000273609 
0.00943419 -3.85806e-06 0.00836001 -6.86873e-05 -0.00406945 -0.000303109 
0.00956186 -8.7466e-06 0.00847409 -6.32695e-05 -0.00408802 -0.000315904 
0.00969722 -1.51439e-05 0.00860269 -5.81317e-05 -0.00410618 -0.000319669 
0.00987008 -2.91299e-05 0.00875934 -6.43585e-05 -0.00421134 -0.000348548 
0.00999293 -3.34973e-05 0.00885155 -5.68804e-05 -0.0042323 -0.000383954 
0.0101166 -3.7721e-05 0.0089743 -4.7423e-05 -0.00422258 -0.000387792 
0.0102938 -5.45058e-05 0.00912926 -6.02093e-05 -0.00433225 -0.000385342 
0.0104398 -6.7538e-05 0.00925032 -6.15722e-05 -0.00437749 -0.000423951 
0.0106163 -8.34152e-05 0.00939157 -6.67486e-05 -0.0044925 -0.000464866 
0.0107969 -9.6675e-05 0.00955602 -7.12284e-05 -0.00459403 -0.000467224 
0.0109084 -0.000103214 0.00964724 -6.48436e-05 -0.0045715 -0.000483258 
0.0109993 -0.000111524 0.00972313 -5.01521e-05 -0.00450318 -0.000536591 
0.0112122 -0.000141284 0.00991831 -6.41197e-05 -0.00468545 -0.000569105 
0.0113723 -0.000173155 0.0100474 -6.36777e-05 -0.004744 -0.000613313 
0.0114028 -0.00016725 0.0100694 -4.03081e-05 -0.00458069 -0.000645639 
0.0116176 -0.000181131 0.01028 -5.0899e-05 -0.00472284 -0.000665025 
0.0118485 -0.000211847 0.010469 -6.70838e-05 -0.00492654 -0.000685553 
0.0119094 -0.000237051 0.0105149 -4.41601e-05 -0.00482249 -0.000774939 
0.0120499 -0.00025564 0.010639 -4.533e-05 -0.00482422 -0.000817789 
0.0122663 -0.000276744 0.010836 -5.4453e-05 -0.00497356 -0.000827216 
0.0124007 -0.000304845 0.0109392 -4.65433e-05 -0.00501516 -0.000897079 
0.0125211 -0.000328281 0.011034 -4.37751e-05 -0.00499513 -0.000962122 
0.0126909 -0.000340879 0.011193 -4.50724e-05 -0.00505559 -0.000974576 
0.0128588 -0.00035783 0.0113514 -3.93126e-05 -0.00511887 -0.00100522 
0.0130458 -0.000369691 0.0114981 -4.44095e-05 -0.00523352 -0.00105479 
0.0132256 -0.000380087 0.0116653 -5.81049e-05 -0.0053068 -0.00105403 
0.0133692 -0.000379752 0.011803 -4.45009e-05 -0.00530338 -0.0010465 
0.0136013 -0.000392317 0.0119781 -5.59019e-05 -0.00550176 -0.00108989 
0.0138115 -0.000411006 0.0121392 -7.0854e-05 -0.0056683 -0.00113992 
0.0139705 -0.000421681 0.0122926 -7.31512e-05 -0.00568813 -0.00111768 
0.014107 -0.000421225 0.0124336 -6.58201e-05 -0.00567505 -0.0011235 
0.014309 -0.000432292 0.012579 -7.08466e-05 -0.0058209 -0.00119338 
0.0144521 -0.000436149 0.0127184 -6.08941e-05 -0.00580288 -0.00120582 
0.0145966 -0.000439149 0.0128645 -6.80189e-05 -0.00580369 -0.00115686 
0.0147491 -0.000436163 0.0129532 -6.0237e-05 -0.00586596 -0.00120763 
0.0149724 -0.000443099 0.0131471 -6.40187e-05 -0.00601251 -0.00125127 
0.0151453 -0.000449556 0.0133163 -6.31769e-05 -0.00604293 -0.00122439 
0.0151883 -0.000443628 0.0133262 -4.13024e-05 -0.00589152 -0.00122593 
0.0154875 -0.000467392 0.0135889 -6.8305e-05 -0.00618043 -0.00127768 
0.0156427 -0.000472877 0.0137493 -5.56057e-05 -0.00619266 -0.00131163 
0.0156764 -0.000471609 0.0137423 -2.69738e-05 -0.00602795 -0.00133592 
0.015985 -0.000509982 0.0140076 -7.14345e-05 -0.00635076 -0.00136419 
0.016166 -0.000527313 0.0141975 -6.19354e-05 -0.00640031 -0.00140804 
0.0161503 -0.000536461 0.0141462 -4.54173e-06 -0.00612161 -0.00149622 
0.0164687 -0.000591675 0.0144149 -6.28779e-05 -0.00646892 -0.0015231 
0.0166976 -0.000610504 0.0146412 -8.6913e-05 -0.00660409 -0.00155133 
0.0168422 -0.000656815 0.0147704 -7.2837e-05 -0.00659583 -0.00167502 
0.0170291 -0.000689608 0.0149215 -7.80631e-05 -0.00672621 -0.00174213 
0.0172472 -0.00068674 0.0151253 -9.4277e-05 -0.00683018 -0.0017097 
0.017383 -0.000679383 0.0152485 -7.37021e-05 -0.00678144 -0.00173619 
0.0175866 -0.000695277 0.0153977 -8.23023e-05 -0.00693813 -0.00177732 
0.0178257 -0.000718751 0.015606 -0.000107724 -0.00708782 -0.00179706 
0.0178819 -0.000713485 0.0156604 -7.90669e-05 -0.00690112 -0.00182265 
0.0181131 -0.000751815 0.0158508 -0.000100144 -0.00712188 -0.00188929 
0.0183723 -0.000796376 0.0160807 -0.000121197 -0.00728405 -0.00195757 
0.0183479 -0.000788508 0.0160689 -8.24742e-05 -0.00698176 -0.00198519 
0.0186937 -0.000830283 0.0163378 -0.00013192 -0.00741349 -0.00202277 
0.0188916 -0.000856148 0.0165103 -0.00013073 -0.00746402 -0.00209249 
0.0188628 -0.00083932 0.0164876 -8.9097e-05 -0.00714119 -0.0021128 
0.0192052 -0.000860523 0.0167665 -0.000139506 -0.00752451 -0.00209373 
0.0193784 -0.000859712 0.0169494 -0.000128218 -0.00751771 -0.00211548 
0.0194655 -0.000844005 0.0169991 -0.000105692 -0.00744399 -0.0021399 
0.0197358 -0.000857091 0.0171992 -0.000139772 -0.00768285 -0.00213243 
0.0199149 -0.000850701 0.0174109 -0.00013348 -0.00768012 -0.00211269 
0.0201206 -0.000847424 0.0175568 -0.000136934 -0.00781063 -0.00214138 
0.0203359 -0.000850174 0.0177208 -0.000150971 -0.0079387 -0.00215203 
0.0205294 -0.000850157 0.0179112 -0.000159608 -0.00799981 -0.002116 
0.0206945 -0.000839189 0.0180264 -0.000153514 -0.00807493 -0.00213625 
0.0208301 -0.000826896 0.0181316 -0.000134827 -0.00802371 -0.00217312 
0.0210701 -0.000829144 0.018372 -0.000157674 -0.00818129 -0.00213673 
0.0211786 -0.000811151 0.0184199 -0.000143727 -0.00814828 -0.00211212 
0.0213799 -0.000801799 0.0186012 -0.000137976 -0.00821146 -0.00214096 
0.0216592 -0.000805692 0.018834 -0.000164085 -0.00845939 -0.00214226 
0.0217597 -0.000786717 0.0188978 -0.000145563 -0.00837361 -0.00210677 
0.0218705 -0.000765232 0.0190189 -0.000126049 -0.00829034 -0.00210383 
0.0221082 -0.000760701 0.0191842 -0.000139131 -0.00848329 -0.00212949 
0.0222096 -0.000736497 0.0192866 -0.00011138 -0.00837766 -0.00209515 
0.0224232 -0.000733225 0.0194504 -0.000136084 -0.00852314 -0.00205399 
0.0226579 -0.000727115 0.0196527 -0.000145364 -0.008659 -0.00207821 
0.0225345 -0.000677008 0.019659 -8.22662e-05 -0.00824024 -0.00202883 
0.0228991 -0.00070491 0.019928 -0.000150689 -0.00862912 -0.00200447 
0.0227331 -0.000641618 0.0197795 -4.81802e-05 -0.0080443 -0.00203695 
0.0229584 -0.00063093 0.0200134 -5.51735e-05 -0.00821342 -0.00202879 
0.0233881 -0.000651435 0.0203572 -0.000113212 -0.00865806 -0.00199068 
0.0233725 -0.000616681 0.0203458 -6.99607e-05 -0.00838278 -0.00198379 
0.0236482 -0.000628452 0.0205723 -0.000108725 -0.00863181 -0.00198991 
0.0238074 -0.000609295 0.0207144 -8.61694e-05 -0.00859841 -0.00198709 
0.0239539 -0.000592282 0.0208441 -8.54479e-05 -0.00862014 -0.00193016 
0.0240849 -0.000571155 0.020932 -6.39877e-05 -0.00859653 -0.00194939 
0.0243051 -0.000569561 0.0211036 -7.29765e-05 -0.00871939 -0.00196954 
0.0246017 -0.000582318 0.0213672 -0.000120737 -0.00898784 -0.00190994 
0.02472 -0.000561995 0.0214744 -9.98674e-05 -0.00893495 -0.00187464 
0.0249446 -0.000553371 0.0216387 -9.7273e-05 -0.0090798 -0.00188738 
0.0250865 -0.000543861 0.0217879 -9.41573e-05 -0.00904978 -0.00187 
0.0252637 -0.000551227 0.0219291 -0.000121075 -0.00911718 -0.00187332 
0.0253952 -0.000527464 0.0220202 -8.6418e-05 -0.00907127 -0.00190473 
0.025606 -0.000517695 0.0222134 -8.63785e-05 -0.00918409 -0.0019011 
0.0258327 -0.000516075 0.022379 -0.000110531 -0.00933666 -0.00185573 
0.0257865 -0.000483958 0.0223507 -5.76094e-05 -0.00898749 -0.001878 
0.0260689 -0.000486913 0.0225772 -7.65268e-05 -0.00923673 -0.00190482 
0.0263306 -0.000487586 0.0228255 -0.000103571 -0.0094112 -0.00185963 
0.0265269 -0.000475153 0.0229677 -0.000104417 -0.00954196 -0.00183314 
0.0267643 -0.000472082 0.0231607 -0.000103638 -0.00967249 -0.0018863 
0.026925 -0.000474442 0.0233136 -0.000125821 -0.00970109 -0.00184198 
0.0270866 -0.000460292 0.0234598 -0.000120023 -0.00972282 -0.00182056 
0.0273014 -0.000451666 0.0236214 -0.000116099 -0.00986671 -0.00184779 
0.0274008 -0.000423069 0.0237026 -8.66592e-05 -0.00979329 -0.00183067 
0.0276494 -0.000441438 0.0239192 -0.000130142 -0.00995312 -0.00176977 
0.0277369 -0.000423783 0.0239649 -0.000106496 -0.00988465 -0.00181062 
0.0279892 -0.00041566 0.024177 -0.000108336 -0.010082 -0.00183587 
0.0281217 -0.000402805 0.0242752 -0.000108683 -0.010067 -0.0017763 
0.0282042 -0.000390512 0.024358 -9.37744e-05 -0.00996817 -0.00177492 
0.0285854 -0.000414255 0.0246554 -0.000149489 -0.0103963 -0.00179855 
0.0287011 -0.000396057 0.0247553 -0.00013175 -0.0103312 -0.00176128 
0.0288104 -0.000381806 0.0248415 -0.000122039 -0.0103126 -0.00175461 
0.0290984 -0.000377781 0.0250824 -0.000123798 -0.0105173 -0.00176968 
0.0291381 -0.000350706 0.0251178 -8.771e-05 -0.0103701 -0.00176102 
0.0293541 -0.000375707 0.0252977 -0.000144393 -0.0105008 -0.00175171 
0.0295888 -0.000367539 0.0255116 -0.000141655 -0.0106478 -0.00174891 
0.0295867 -0.000325933 0.0254753 -7.66501e-05 -0.0104205 -0.001742 
0.0298678 -0.000345092 0.025723 -0.000116477 -0.0106709 -0.00176168 
0.0300208 -0.000329322 0.0258255 -0.000102183 -0.0107141 -0.00175267 
0.030164 -0.000321233 0.0259673 -9.97151e-05 -0.0107272 -0.00174679 
0.0304402 -0.000351378 0.0261963 -0.000143983 -0.0109495 -0.00176582 
0.0304859 -0.000319314 0.0262481 -9.77807e-05 -0.0108071 -0.00175883 
0.0306838 -0.000306845 0.0263707 -9.21598e-05 -0.0109259 -0.0017368 
0.0309504 -0.000360273 0.0266351 -0.000148558 -0.0111224 -0.00179333 
0.0309135 -0.000352172 0.0265972 -9.53535e-05 -0.0108771 -0.00184411 
0.0312868 -0.000373884 0.0268802 -0.000127598 -0.0112943 -0.00184461 
0.0314152 -0.000391277 0.0270034 -0.000136258 -0.011297 -0.00189818 
0.0313479 -0.000381892 0.0269475 -8.71086e-05 -0.0109696 -0.0019442 
0.0318088 -0.000461605 0.0272996 -0.000158589 -0.011556 -0.00202788 
0.0319278 -0.000481237 0.0274327 -0.000154352 -0.0115308 -0.00208294 
0.0320358 -0.000449231 0.02751 -0.000135329 -0.0115158 -0.00203529 
0.0322975 -0.00045852 0.027737 -0.000153978 -0.0116997 -0.00204846 
0.0323533 -0.000462817 0.0277789 -0.000148533 -0.0116139 -0.0021069 
0.0325762 -0.00047085 0.0279686 -0.000165862 -0.0117656 -0.00205988 
0.0327205 -0.00046813 0.0280756 -0.000141685 -0.0117863 -0.00210762 
0.0328314 -0.00047781 0.0281715 -0.000118029 -0.0117766 -0.00217846 
0.0330919 -0.000538557 0.0283901 -0.000192096 -0.0120422 -0.00218801 
0.0330678 -0.000549173 0.0283697 -0.000132256 -0.0117836 -0.00229542 
0.0333575 -0.000571294 0.0286041 -0.000148289 -0.0120813 -0.00235106 
0.0335514 -0.000582134 0.0287783 -0.00016715 -0.0121759 -0.00232847 
0.0335693 -0.000621978 0.0287727 -0.000155659 -0.0120457 -0.00243635 
0.0337953 -0.000629725 0.0289688 -0.000157354 -0.0122004 -0.00247844 
0.0339017 -0.000627212 0.0290582 -0.000142987 -0.0121813 -0.00248374 
0.0340296 -0.000646623 0.0291574 -0.000143459 -0.0122328 -0.00252622 
0.0341934 -0.000656845 0.0292646 -0.000155305 -0.0123187 -0.00255027 
0.034279 -0.000650182 0.0293401 -0.00013322 -0.0122499 -0.00257738 
0.0345375 -0.000668773 0.0295542 -0.000171578 -0.0125212 -0.00258307 
0.0347061 -0.000671481 0.0296921 -0.000154448 -0.0125895 -0.00260708 
0.0348267 -0.00068954 0.0297803 -0.000178325 -0.0126407 -0.00263897 
0.0349169 -0.000677265 0.0298834 -0.000172829 -0.0125673 -0.00263755 
0.0351593 -0.00068317 0.0300629 -0.00017633 -0.0127938 -0.00264864 
0.035218 -0.00067281 0.0300927 -0.000141037 -0.0127114 -0.00267708 
0.0354174 -0.00069922 0.0302844 -0.000188137 -0.0128532 -0.00269685 
0.0355333 -0.000696193 0.0303798 -0.000180062 -0.0128544 -0.00270318 
0.0356373 -0.000686997 0.030428 -0.000152645 -0.0128981 -0.00273762 
0.0359116 -0.000709925 0.030692 -0.000187005 -0.0131472 -0.00276457 
0.0359698 -0.000727087 0.0307246 -0.000187806 -0.0130587 -0.00279329 
0.0361101 -0.000718386 0.0308359 -0.000184256 -0.013129 -0.00277711 
0.0362746 -0.000721892 0.0309571 -0.000185734 -0.0132432 -0.00284472 
0.0363335 -0.00072491 0.0310288 -0.000157825 -0.0131468 -0.00285809 
0.0364464 -0.0007717 0.0311115 -0.000183196 -0.0131908 -0.00289758 
0.0365879 -0.000835096 0.0312123 -0.000187491 -0.0132943 -0.00305364 
0.0366407 -0.000802345 0.0312483 -0.000157298 -0.0132092 -0.00304979 
0.0369071 -0.00082393 0.0314758 -0.000176649 -0.0134844 -0.00309753 
0.0370352 -0.000893846 0.0315842 -0.000200636 -0.0135472 -0.00323979 
0.0369868 -0.000879167 0.0315488 -0.000169962 -0.0133085 -0.00322688 
0.0373694 -0.000909892 0.031857 -0.00021519 -0.0137826 -0.00327023 
0.0372447 -0.000873943 0.0317545 -0.000131354 -0.0134119 -0.00332983 
0.0374937 -0.00090556 0.0319513 -0.000196066 -0.0136614 -0.00330362 
0.038043 -0.000931085 0.0324292 -0.000199261 -0.0137726 -0.00335536 
-5.38481e-09 4.4579e-09 -9.33921e-10 -2.53431e-11 -1.69631e-09 -8.85919e-10 
1.94753e-08 9.49192e-10 1.26307e-08 -2.02213e-10 -1.35348e-08 -7.06874e-09 
1.84526e-07 9.48463e-07 3.13034e-08 4.66095e-08 -1.87112e-08 1.57784e-06 
8.32516e-07 5.05907e-06 1.40533e-08 2.53386e-07 3.4311e-08 8.45658e-06 
1.54901e-06 9.00765e-06 5.30026e-08 4.50818e-07 4.3613e-08 1.50625e-05 
2.55187e-06 1.5307e-05 9.65992e-08 7.66306e-07 6.95116e-08 2.56024e-05 
3.69299e-06 2.1135e-05 2.24168e-07 1.05874e-06 2.15628e-08 3.53531e-05 
4.61957e-06 2.42453e-05 4.7486e-07 1.21357e-06 -1.68698e-07 4.05594e-05 
5.60696e-06 2.618e-05 8.45878e-07 1.31121e-06 -4.69419e-07 4.38069e-05 
6.92283e-06 2.90931e-05 1.29686e-06 1.45653e-06 -8.30504e-07 4.86524e-05 
8.41826e-06 3.19531e-05 1.8598e-06 1.59906e-06 -1.28802e-06 5.3426e-05 
1.00382e-05 3.38259e-05 2.5547e-06 1.69235e-06 -1.87789e-06 5.65434e-05 
1.18607e-05 3.54956e-05 3.39248e-06 1.77756e-06 -2.58896e-06 5.93258e-05 
1.41568e-05 3.93789e-05 4.32806e-06 1.97129e-06 -3.36093e-06 6.57953e-05 
1.6678e-05 4.20816e-05 5.43716e-06 2.10666e-06 -4.29509e-06 7.02991e-05 
1.94718e-05 4.47586e-05 6.70094e-06 2.24126e-06 -5.37206e-06 7.47498e-05 
2.27352e-05 4.86707e-05 8.11884e-06 2.43665e-06 -6.56219e-06 8.12715e-05 
2.64697e-05 5.42814e-05 9.67722e-06 2.71627e-06 -7.86235e-06 9.05975e-05 
3.07654e-05 6.0792e-05 1.14143e-05 3.04227e-06 -9.3014e-06 0.00010148 
3.49581e-05 7.05472e-05 1.3033e-05 3.68954e-06 -9.63525e-06 0.000117569 
4.05771e-05 8.21891e-05 1.50711e-05 4.27313e-06 -1.12866e-05 0.000137031 
5.01219e-05 0.000124295 1.67132e-05 6.38204e-06 -1.22778e-05 0.000207467 
4.96489e-05 0.000134705 1.71241e-05 8.26086e-06 -4.22975e-06 0.000223334 
5.35611e-05 0.000133064 1.87695e-05 7.92049e-06 -9.28304e-06 0.00022015 
5.64278e-05 0.000134931 2.06428e-05 8.52532e-06 -8.34732e-06 0.000222462 
6.02288e-05 0.000134389 2.30423e-05 8.86525e-06 -8.78805e-06 0.000220895 
6.42956e-05 0.000134781 2.57115e-05 9.40081e-06 -8.23447e-06 0.000220819 
6.98948e-05 0.000134011 2.86849e-05 9.38963e-06 -1.1809e-05 0.000219014 
7.51291e-05 0.000133306 3.16194e-05 9.58023e-06 -1.41562e-05 0.00021713 
8.10316e-05 0.000132462 3.51493e-05 9.8881e-06 -1.56816e-05 0.00021506 
8.71917e-05 0.000132567 3.89563e-05 1.04043e-05 -1.61583e-05 0.000214465 
9.33717e-05 0.000131717 4.28147e-05 1.08873e-05 -1.6896e-05 0.000212171 
9.91814e-05 0.000130899 4.67165e-05 1.15511e-05 -1.65593e-05 0.000209699 
0.000105013 0.000131058 5.06756e-05 1.24201e-05 -1.53176e-05 0.000208713 
0.000112072 0.000130073 5.52295e-05 1.30798e-05 -1.55142e-05 0.000205944 
0.000117748 0.00012927 5.93399e-05 1.40733e-05 -1.36728e-05 0.000203061 
0.000123567 0.000129587 6.34771e-05 1.51631e-05 -1.18607e-05 0.000201894 
0.000128141 0.000128963 6.72749e-05 1.65006e-05 -8.26293e-06 0.00019871 
0.000133882 0.000128191 7.13503e-05 1.75634e-05 -7.12588e-06 0.000195406 
0.000140329 0.000127321 7.55734e-05 1.8445e-05 -7.76509e-06 0.000191906 
0.000147755 0.000126308 7.96189e-05 1.88847e-05 -1.23521e-05 0.00018823 
0.000159544 0.000124736 8.48404e-05 1.82873e-05 -2.50214e-05 0.000184395 
0.000171874 0.000123026 9.15265e-05 1.84358e-05 -3.17577e-05 0.000180342 
0.000181272 0.000122699 9.77639e-05 1.96714e-05 -3.09726e-05 0.000177758 
0.000178483 0.000122121 0.000100264 2.3422e-05 -1.18042e-05 0.00017185 
0.000194405 0.000120878 0.000108897 2.35742e-05 -1.94707e-05 0.000168828 
0.000211407 0.000118532 0.000118005 2.35058e-05 -2.88436e-05 0.00016405 
0.000207564 0.000119078 0.000120379 2.78418e-05 -6.93453e-06 0.000159243 
0.000216168 0.000117885 0.000126898 2.9727e-05 -3.03041e-06 0.000154124 
0.000241743 0.00011528 0.000138824 2.81503e-05 -2.48941e-05 0.000150267 
0.000245961 0.000114751 0.000143823 3.09543e-05 -1.54329e-05 0.000144854 
0.000248516 0.000114446 0.00014795 3.39742e-05 -5.14106e-06 0.000139267 
0.00028299 0.000109712 0.000160958 2.94369e-05 -5.08978e-05 0.000133192 
0.00030235 0.000107112 0.000169712 2.85248e-05 -7.05627e-05 0.000127104 
0.00029428 0.000108272 0.000171773 3.47826e-05 -3.73951e-05 0.000120964 
0.000319195 0.000105931 0.000184616 3.43894e-05 -5.28877e-05 0.000116196 
0.000341795 0.000102789 0.000196609 3.43463e-05 -6.61362e-05 0.000109392 
0.000343801 0.000102648 0.000200592 3.78264e-05 -5.55525e-05 0.000102626 
0.000368973 9.92234e-05 0.000211185 3.59227e-05 -8.49786e-05 9.54276e-05 
0.000400442 9.62043e-05 0.000225404 3.39339e-05 -0.000114674 9.00507e-05 
0.000396398 9.67936e-05 0.000229331 4.00375e-05 -8.53577e-05 8.26242e-05 
0.00041459 9.43109e-05 0.000240315 4.14554e-05 -9.04527e-05 7.48279e-05 
0.000453935 8.9896e-05 0.00025632 3.74471e-05 -0.000136838 6.82238e-05 
0.000461805 8.89511e-05 0.000262555 4.02493e-05 -0.00013415 6.01264e-05 
0.000472977 8.74323e-05 0.00027191 4.37402e-05 -0.000125474 5.16689e-05 
0.000505778 8.28865e-05 0.000288405 4.28253e-05 -0.000148989 4.28321e-05 
0.000513822 8.18405e-05 0.000296725 4.70484e-05 -0.000136236 3.39943e-05 
0.000525874 8.11989e-05 0.000306352 5.061e-05 -0.000129053 2.64421e-05 
0.000559139 7.65872e-05 0.000323637 5.01981e-05 -0.000150186 1.68854e-05 
0.0005729 7.47837e-05 0.000333561 5.32569e-05 -0.000147747 7.32258e-06 
0.000584754 7.32247e-05 0.000342971 5.68484e-05 -0.000141958 -2.48427e-06 
0.00062003 6.83337e-05 0.000361338 5.64554e-05 -0.000164412 -1.28052e-05 
0.000636476 6.71236e-05 0.000372379 5.93824e-05 -0.000164797 -2.14784e-05 
0.000649142 6.55046e-05 0.000382105 6.3033e-05 -0.000160356 -3.19759e-05 
0.000695083 5.918e-05 0.000402688 5.98195e-05 -0.000205881 -4.3071e-05 
0.000708573 5.74099e-05 0.000413528 6.39377e-05 -0.00019866 -5.4095e-05 
0.000722641 5.56274e-05 0.000423641 6.74473e-05 -0.000197136 -6.52839e-05 
0.000771617 4.88777e-05 0.000445889 6.42309e-05 -0.000244002 -7.71321e-05 
0.000790326 4.6411e-05 0.000458221 6.73447e-05 -0.00024603 -8.89416e-05 
0.000810514 4.48887e-05 0.000471079 7.03485e-05 -0.000249757 -9.91043e-05 
0.0008441 4.03294e-05 0.000489009 7.09675e-05 -0.000270384 -0.000111557 
0.000876698 3.59807e-05 0.000504363 7.04333e-05 -0.000301705 -0.000124176 
0.000890333 3.51613e-05 0.000516859 7.61122e-05 -0.000286687 -0.00013538 
0.000935996 2.79723e-05 0.000538677 7.42795e-05 -0.00032664 -0.000150246 
0.000963435 2.53845e-05 0.000551562 7.46319e-05 -0.000354377 -0.000161975 
0.000981981 2.28768e-05 0.000567185 8.03331e-05 -0.000339714 -0.0001756 
0.00101808 1.79675e-05 0.00058737 8.1761e-05 -0.000357278 -0.000189622 
0.0010502 1.37598e-05 0.000602055 8.13978e-05 -0.000391643 -0.00020376 
0.00108341 1.03501e-05 0.000618656 8.19767e-05 -0.00041897 -0.000216561 
0.00113034 4.05866e-06 0.000639573 7.95441e-05 -0.000468429 -0.000231359 
0.0011744 -1.68114e-06 0.00065581 7.54282e-05 -0.000533549 -0.000246287 
0.00120203 -5.45799e-06 0.000675574 8.04151e-05 -0.000527047 -0.000261597 
0.00121869 -6.67652e-06 0.000691171 8.74837e-05 -0.000507009 -0.000275432 
0.00124959 -1.18219e-05 0.000711389 9.14601e-05 -0.000509312 -0.000292867 
0.00129128 -1.64875e-05 0.000733482 9.2397e-05 -0.000535945 -0.000307417 
0.00131717 -1.97821e-05 0.000748092 9.51192e-05 -0.000551982 -0.000323609 
0.00135565 -2.49356e-05 0.000769329 9.69063e-05 -0.000573435 -0.000340261 
0.00140654 -3.17567e-05 0.000792292 9.47005e-05 -0.000626048 -0.000357231 
0.00142626 -3.31197e-05 0.000807401 0.000100628 -0.000619473 -0.00037112 
0.00145782 -3.74052e-05 0.000829737 0.000106168 -0.000613447 -0.000389864 
0.00150698 -4.28515e-05 0.00085397 0.000105836 -0.000653527 -0.000404541 
0.00152412 -4.49738e-05 0.00086863 0.000112615 -0.000642323 -0.000422323 
0.00157067 -5.12172e-05 0.000893131 0.000113543 -0.000673567 -0.000440666 
0.00162973 -5.91257e-05 0.000918509 0.000109911 -0.000740729 -0.000459324 
0.00163855 -6.00773e-05 0.000932399 0.000119896 -0.000707062 -0.000477873 
0.00168857 -6.68049e-05 0.000958801 0.000120804 -0.000739929 -0.000495794 
0.0017446 -7.42775e-05 0.000984517 0.000118841 -0.000796157 -0.000513991 
0.00177287 -7.69407e-05 0.00100373 0.000124443 -0.0007971 -0.000531919 
0.00181566 -8.26603e-05 0.00102888 0.000127767 -0.000813874 -0.000550635 
0.00187239 -9.01964e-05 0.00105437 0.000125584 -0.000874122 -0.000570925 
0.00189852 -9.3454e-05 0.00107188 0.000131108 -0.000878257 -0.00059123 
0.00195158 -9.96804e-05 0.0011018 0.000133504 -0.000902926 -0.000605464 
0.00200375 -0.000106477 0.00112451 0.00013167 -0.000963772 -0.000623943 
0.00203491 -0.000110458 0.00114467 0.000137008 -0.000970547 -0.000643847 
0.00208814 -0.000116575 0.00117654 0.000140827 -0.000985707 -0.000662525 
0.00212185 -0.00012075 0.00119432 0.00014372 -0.00101393 -0.000682921 
0.00218138 -0.000128622 0.0012222 0.00014239 -0.00107182 -0.000705169 
0.00222831 -0.000133864 0.00124891 0.000145719 -0.00109498 -0.000723528 
0.0022634 -0.00013729 0.00126912 0.000149905 -0.00111478 -0.000743215 
0.00235529 -0.000149611 0.0012995 0.000136296 -0.00126432 -0.000763989 
0.00240395 -0.000155997 0.00132577 0.000138715 -0.00129667 -0.000786043 
0.0024294 -0.000158642 0.00135368 0.000151391 -0.00124455 -0.000805635 
0.00246223 -0.000162943 0.00138016 0.000160687 -0.00122484 -0.000828188 
0.0025081 -0.000168963 0.00140757 0.000165239 -0.00124242 -0.000848563 
0.00255972 -0.00017485 0.0014364 0.00016783 -0.00127068 -0.000866255 
0.00261725 -0.000182583 0.00146509 0.000167818 -0.00131962 -0.00088735 
0.00267042 -0.000189507 0.00149336 0.000170114 -0.00135666 -0.00091102 
0.00271249 -0.000194248 0.00152149 0.0001764 -0.00135861 -0.000931069 
0.00277113 -0.000200758 0.00155025 0.000176967 -0.00141075 -0.000953479 
0.00282609 -0.000208131 0.00157994 0.000178963 -0.0014467 -0.000975683 
0.00287053 -0.000213107 0.00160761 0.000184207 -0.00145927 -0.000997764 
0.00294252 -0.000222506 0.00163863 0.000180758 -0.00154361 -0.00102294 
0.00298703 -0.000228426 0.00166653 0.000186158 -0.00155597 -0.00104589 
0.00302982 -0.000232964 0.00169376 0.000192013 -0.00156627 -0.00106728 
0.00309549 -0.000242192 0.00172531 0.00018915 -0.00162771 -0.00108852 
0.00314748 -0.000247626 0.00175362 0.00019395 -0.00166245 -0.00111052 
0.00318813 -0.000252024 0.00178171 0.000201447 -0.00166185 -0.00113172 
0.00326376 -0.000260881 0.0018178 0.000200238 -0.0017316 -0.00115426 
0.00330389 -0.000266032 0.00184271 0.000205944 -0.00174723 -0.00117488 
0.0033562 -0.000271998 0.00187404 0.000210886 -0.0017674 -0.00119311 
0.00343575 -0.000281737 0.0019107 0.000207923 -0.00184752 -0.00120546 
0.00347741 -0.000286058 0.00193572 0.000213388 -0.00186764 -0.001233 
0.00352891 -0.000292902 0.00196841 0.000219616 -0.00187921 -0.00126135 
0.00359455 -0.000300467 0.00200119 0.000220209 -0.00193563 -0.00128812 
0.00364171 -0.000304423 0.00202832 0.000225047 -0.00196235 -0.00131212 
0.00370519 -0.000312911 0.00206424 0.000228529 -0.00199605 -0.00131967 
0.00375894 -0.000318893 0.00209417 0.000232418 -0.00203003 -0.00133841 
0.00382724 -0.000327045 0.00212504 0.000229606 -0.00210634 -0.001364 
0.00389975 -0.000336232 0.00216406 0.000230341 -0.00215256 -0.00138908 
0.00397115 -0.000344547 0.00219618 0.000228464 -0.00223269 -0.0014177 
0.00402323 -0.000349241 0.0022283 0.00023484 -0.0022498 -0.00143827 
0.00408385 -0.000356574 0.00226371 0.000237761 -0.00227762 -0.00145346 
0.00416612 -0.000365981 0.00229792 0.000231017 -0.00238182 -0.00146907 
0.00422258 -0.000372806 0.00233217 0.000235687 -0.00240297 -0.00148892 
0.00426294 -0.000376451 0.00236387 0.000244977 -0.00238537 -0.00150722 
0.00434633 -0.00038731 0.00240199 0.000239707 -0.00247332 -0.00152677 
0.00438253 -0.00039676 0.00243045 0.000227771 -0.00246033 -0.00151153 
0.00444619 -0.000407461 0.00246711 0.000218254 -0.00249213 -0.0015086 
0.00451712 -0.000414557 0.00250234 0.000219259 -0.00255552 -0.00153262 
0.00457656 -0.000419983 0.00253393 0.000223424 -0.00260157 -0.0015569 
0.00464628 -0.000427012 0.00257161 0.000226655 -0.00264813 -0.00158025 
0.00470231 -0.000431855 0.00260572 0.000233999 -0.00267003 -0.00160481 
0.00476188 -0.000437183 0.0026386 0.000238495 -0.00271014 -0.00162826 
0.00484661 -0.000445573 0.00267855 0.000236512 -0.00279337 -0.00164995 
0.00490682 -0.000451165 0.00271339 0.000242091 -0.00282564 -0.00167292 
0.00494854 -0.000455445 0.0027433 0.000251528 -0.00282527 -0.0016967 
0.00503945 -0.000464556 0.00278508 0.000247682 -0.00291933 -0.00171634 
0.00509707 -0.000470109 0.00281849 0.000252318 -0.00295139 -0.00173778 
0.00514274 -0.000474785 0.00285251 0.000263553 -0.00294264 -0.00176226 
0.0052396 -0.000486758 0.00289653 0.000259258 -0.00304558 -0.00178496 
0.00530167 -0.000491679 0.00292908 0.000261719 -0.0030971 -0.00180015 
0.0053659 -0.000497187 0.00296685 0.000266744 -0.00312752 -0.00182363 
0.00544869 -0.000506401 0.00300759 0.000265851 -0.00320275 -0.00184809 
0.00551915 -0.000512689 0.00304338 0.000265799 -0.0032644 -0.00187044 
0.00556496 -0.000514562 0.0030763 0.000276253 -0.00326206 -0.00188924 
0.00565035 -0.000521598 0.00311711 0.000272803 -0.00334486 -0.00190599 
0.00572275 -0.000528388 0.00315534 0.00027305 -0.00340023 -0.00192683 
0.00576434 -0.000530103 0.00318679 0.000279377 -0.00339242 -0.00194064 
0.00584111 -0.000536818 0.00322841 0.00027703 -0.00344319 -0.00195358 
0.00591716 -0.000540099 0.00326817 0.000277933 -0.00350112 -0.00197251 
0.0059614 -0.000540111 0.00329837 0.000284578 -0.00350884 -0.00198932 
0.00606048 -0.000546975 0.00334451 0.00027943 -0.00360719 -0.00200931 
0.0061456 -0.000548346 0.00338459 0.000277218 -0.00369188 -0.00202383 
0.00618666 -0.000543388 0.00341655 0.000288873 -0.00367837 -0.00203552 
0.00627185 -0.000543677 0.00345815 0.000287818 -0.00375502 -0.00204481 
0.00636556 -0.000544072 0.00350028 0.000284311 -0.00385625 -0.0020541 
0.00641526 -0.000540158 0.00353563 0.000294709 -0.00385298 -0.00206629 
0.006498 -0.000544005 0.00357785 0.000296079 -0.00392122 -0.00208435 
0.00657585 -0.000545803 0.00361795 0.000298289 -0.00398483 -0.00210041 
0.00663145 -0.000546036 0.00365466 0.000306902 -0.00399563 -0.00211761 
0.00672195 -0.000553159 0.00369742 0.000303991 -0.00408794 -0.00213732 
0.00679683 -0.00055762 0.00373441 0.000304549 -0.00416145 -0.00215661 
0.0068469 -0.000557953 0.00377105 0.000316112 -0.00415598 -0.00217607 
0.00693416 -0.000564584 0.00381346 0.000314461 -0.00424052 -0.00219768 
0.0070091 -0.000569066 0.00385169 0.00031282 -0.00430758 -0.00221181 
0.00705905 -0.000571973 0.00388956 0.000319449 -0.00429632 -0.00222585 
0.00715847 -0.000578737 0.00393365 0.000312175 -0.00441088 -0.00224008 
0.0072087 -0.000577328 0.00396805 0.000320048 -0.00441849 -0.00225341 
0.00730507 -0.000579622 0.0040161 0.000317821 -0.00449983 -0.00226255 
0.0073991 -0.000578294 0.00405531 0.000309806 -0.0046206 -0.00226627 
0.00746721 -0.000571474 0.00409514 0.000318462 -0.00465377 -0.00227591 
0.00754789 -0.000572966 0.00413815 0.00032071 -0.00471378 -0.00229343 
0.00763819 -0.000577069 0.00417429 0.000315486 -0.00484412 -0.00231919 
0.00773265 -0.000583434 0.00422081 0.000314672 -0.00493137 -0.00234107 
0.00779256 -0.000584796 0.00425952 0.000320776 -0.00494933 -0.00235047 
0.00784482 -0.000585231 0.00429579 0.000327262 -0.00495611 -0.00236006 
0.00793923 -0.000592498 0.00434366 0.000323597 -0.00503661 -0.00237155 
0.0079926 -0.000593047 0.00437645 0.000327364 -0.00506678 -0.00238163 
0.00807809 -0.000599293 0.00441858 0.000326172 -0.00515118 -0.00239853 
0.00816664 -0.000608402 0.00446548 0.000326657 -0.00522055 -0.00242209 
0.00821559 -0.000610967 0.00449958 0.000336723 -0.00523207 -0.00244834 
0.00830241 -0.000617931 0.00454271 0.000336951 -0.00531636 -0.00247474 
0.00839015 -0.000625888 0.00458877 0.000336799 -0.00538802 -0.00249834 
0.00846411 -0.000632491 0.00462884 0.000339064 -0.00544871 -0.00252592 
0.00853394 -0.0006395 0.0046693 0.00034328 -0.00549454 -0.00255526 
0.00862933 -0.000647635 0.00471153 0.000338745 -0.00561301 -0.0025863 
0.00870558 -0.000654589 0.00475358 0.000341425 -0.00567111 -0.00261184 
0.00876563 -0.000660087 0.00479059 0.000347503 -0.0057053 -0.00263008 
0.00888504 -0.000673963 0.00483772 0.000335229 -0.00587676 -0.00265161 
0.00893235 -0.000676768 0.00487739 0.000348707 -0.00585443 -0.00267855 
0.00899721 -0.000685151 0.0049146 0.000351484 -0.00590474 -0.00271091 
0.00909319 -0.00069389 0.00496242 0.000352528 -0.00600062 -0.00274323 
0.00914414 -0.000699754 0.00499671 0.000358619 -0.00601798 -0.0027733 
0.00924069 -0.000709748 0.00504152 0.000357213 -0.00612942 -0.00280539 
0.00933158 -0.000721638 0.00508984 0.00035539 -0.00620764 -0.00283673 
0.00939538 -0.000728642 0.00512908 0.000361488 -0.00624444 -0.00286955 
0.00949387 -0.000740471 0.00517468 0.000357166 -0.00635889 -0.00290018 
0.00957853 -0.00075034 0.00521796 0.00035717 -0.00644162 -0.00293215 
0.00963763 -0.000756281 0.00525667 0.000365617 -0.00646683 -0.00296495 
0.00971836 -0.000765297 0.0052976 0.000366378 -0.00655043 -0.00299952 
0.00982285 -0.000777812 0.00534331 0.000359646 -0.00668503 -0.00303071 
0.00989036 -0.000783927 0.00538525 0.000366339 -0.00672402 -0.00306234 
0.00995652 -0.000791745 0.00542232 0.000370604 -0.00678332 -0.00309746 
0.0100594 -0.000804142 0.00547117 0.000366124 -0.00689566 -0.00312775 
0.0101216 -0.000811088 0.00551001 0.000371503 -0.00693211 -0.00315822 
0.010193 -0.000819311 0.00555122 0.000374624 -0.00698527 -0.00318894 
0.0102823 -0.000830761 0.00559543 0.000372679 -0.007081 -0.00322255 
0.0103816 -0.000842475 0.00564117 0.000367625 -0.00720057 -0.00325324 
0.0104431 -0.000850471 0.00568192 0.000372726 -0.00722943 -0.00328321 
0.0105386 -0.000861524 0.00572543 0.000368428 -0.00734966 -0.00331668 
0.0106089 -0.00087 0.00576588 0.000372684 -0.00740583 -0.00335045 
0.0106749 -0.000875649 0.00580739 0.000379927 -0.00744464 -0.00338454 
0.0107459 -0.000884789 0.00584679 0.000380627 -0.0075094 -0.00342259 
0.0108357 -0.000896311 0.00589119 0.000377516 -0.00761205 -0.0034635 
0.0109 -0.000902833 0.00592946 0.000381819 -0.0076652 -0.00347541 
0.0109829 -0.00091253 0.00597473 0.000382847 -0.00773603 -0.00349709 
0.0110747 -0.000927096 0.00602006 0.000375482 -0.00784124 -0.00354054 
0.0111516 -0.000936829 0.00606241 0.000375271 -0.00791364 -0.00358018 
0.0112191 -0.000945503 0.00610649 0.000380166 -0.00794599 -0.00360229 
0.0113095 -0.000958175 0.00615046 0.000375086 -0.00805459 -0.00362619 
0.0113911 -0.000968505 0.00619092 0.000371491 -0.00815448 -0.00366122 
0.0114632 -0.000978678 0.00623489 0.000374338 -0.00820371 -0.00370184 
0.0115545 -0.000990191 0.00627805 0.000369054 -0.00832044 -0.00372928 
0.0116257 -0.00100149 0.00631925 0.000368205 -0.00838379 -0.00375511 
0.0116903 -0.00100916 0.00636129 0.000373119 -0.00842396 -0.00378743 
0.0117673 -0.00102103 0.00640398 0.000371566 -0.00849792 -0.0038248 
0.0118556 -0.00103269 0.00644763 0.000366657 -0.00861228 -0.00386112 
0.0119563 -0.0010492 0.00649894 0.000356591 -0.00871921 -0.00389344 
0.0120245 -0.00106213 0.00653888 0.000347625 -0.00878978 -0.0039176 
0.0121045 -0.00107389 0.00658688 0.000347506 -0.00886084 -0.00395454 
0.0121896 -0.00108721 0.00663461 0.000344908 -0.00895108 -0.00399309 
0.0122596 -0.00109993 0.00667873 0.000337008 -0.00901691 -0.00401405 
0.0123472 -0.00111561 0.00672327 0.000320694 -0.00913815 -0.00403215 
0.0124535 -0.00113204 0.00677825 0.000311124 -0.00926919 -0.00406943 
0.0125203 -0.0011421 0.00681365 0.000308343 -0.00937164 -0.00410772 
0.0126141 -0.00115736 0.00686173 0.00029614 -0.00949401 -0.00413137 
0.0126823 -0.00116971 0.00691255 0.000292689 -0.00951551 -0.00414565 
0.0127525 -0.00118067 0.00695751 0.000292841 -0.0095878 -0.00418304 
0.0128576 -0.0011966 0.00700779 0.000283335 -0.00973091 -0.00422087 
0.0129426 -0.00121129 0.00705798 0.000271821 -0.00982965 -0.00424383 
0.0130136 -0.00122582 0.00710813 0.000260642 -0.00989638 -0.0042647 
0.0131889 -0.00125209 0.00726072 0.000231602 -0.0101503 -0.00430425 
0.0132866 -0.00126691 0.00732541 0.000224098 -0.0102716 -0.00434531 
0.013341 -0.0012797 0.00734659 0.000218543 -0.0103166 -0.00437503 
0.0134122 -0.00129312 0.00737312 0.000203792 -0.0104231 -0.00439664 
0.0134809 -0.00130264 0.00741184 0.000206895 -0.0104855 -0.00443954 
0.0135672 -0.00131575 0.00744715 0.000197911 -0.0106264 -0.00448158 
0.0136409 -0.00132761 0.0074906 0.000196712 -0.0106821 -0.00451435 
0.0137082 -0.00134288 0.00752943 0.000183528 -0.0107399 -0.00452707 
0.0137847 -0.0013521 0.00756584 0.000181141 -0.010846 -0.00456547 
0.0138653 -0.00136332 0.00760668 0.00017883 -0.0109448 -0.00460603 
0.013924 -0.00137283 0.00764309 0.000181411 -0.0109934 -0.00464823 
0.0139808 -0.00138312 0.00767601 0.000175044 -0.0110609 -0.00467537 
0.0140811 -0.00139989 0.00772155 0.000158119 -0.0111976 -0.0047041 
0.0141324 -0.00140686 0.00775624 0.000164626 -0.0112329 -0.00475856 
0.0142124 -0.00141761 0.00779195 0.000158881 -0.011361 -0.00480661 
0.0143 -0.00143168 0.0078319 0.00014595 -0.0114894 -0.00482844 
0.0143701 -0.00144307 0.00787285 0.000139479 -0.0115541 -0.00483762 
0.0144568 -0.00145476 0.00791218 0.000134035 -0.0116838 -0.0048808 
0.0145224 -0.00146292 0.0079516 0.000136029 -0.0117474 -0.00492873 
0.0145859 -0.00147229 0.00798869 0.000136291 -0.01181 -0.00496466 
0.014673 -0.00148494 0.00802549 0.00012143 -0.0119604 -0.00497458 
0.0147327 -0.00149184 0.00806322 0.000124234 -0.0120108 -0.00500512 
0.0147814 -0.00149908 0.00809452 0.000124908 -0.0120635 -0.00504843 
0.0148726 -0.00151182 0.00813478 0.000115995 -0.0122039 -0.00508667 
0.0149086 -0.00151667 0.0081683 0.000123843 -0.0122019 -0.00509441 
0.0150116 -0.00153185 0.00821012 0.000105601 -0.0123721 -0.00512762 
0.0150951 -0.00154378 0.00824897 9.7826e-05 -0.0124955 -0.00517368 
0.0151477 -0.00154974 0.00828408 0.000103316 -0.0125397 -0.00520863 
0.0152376 -0.00156134 0.00832396 9.46101e-05 -0.0126788 -0.00522107 
0.0152858 -0.00156679 0.00835742 0.000100186 -0.0127186 -0.00526242 
0.0153557 -0.00157656 0.00839401 9.71628e-05 -0.0128116 -0.00530936 
0.0154361 -0.00158473 0.00842913 9.18766e-05 -0.0129527 -0.00534624 
0.0154816 -0.00158704 0.00846119 9.95004e-05 -0.0129914 -0.00535411 
0.0155473 -0.00159555 0.0084952 9.65951e-05 -0.0130869 -0.00539392 
0.0156354 -0.00160562 0.00853486 8.5847e-05 -0.0132212 -0.00542641 
0.0157007 -0.00161561 0.00857581 8.53917e-05 -0.0132739 -0.0054636 
0.0157758 -0.00163478 0.00860674 6.15286e-05 -0.0134215 -0.00549307 
0.0158497 -0.00164683 0.00864478 5.4138e-05 -0.0135209 -0.00551622 
0.0159183 -0.00165346 0.00868233 5.56777e-05 -0.0136089 -0.00555919 
0.0159604 -0.001656 0.00870931 6.20769e-05 -0.0136645 -0.00560179 
0.016029 -0.00166983 0.00874791 5.44565e-05 -0.0137443 -0.00562929 
0.0160903 -0.00168777 0.00877668 3.10578e-05 -0.0138645 -0.00564985 
0.0161624 -0.00169722 0.00881125 2.36047e-05 -0.0139786 -0.00568877 
0.0162402 -0.00170605 0.00884324 1.31087e-05 -0.0141273 -0.00572596 
0.0163241 -0.00171576 0.00888325 6.88568e-06 -0.0142481 -0.00574898 
0.0163469 -0.00171934 0.00891345 1.67145e-05 -0.0142262 -0.00576589 
0.0164157 -0.00173571 0.00894412 -1.65887e-06 -0.0143562 -0.0058105 
0.0164963 -0.0017529 0.0089814 -2.01113e-05 -0.0144897 -0.00585367 
0.0165277 -0.00175579 0.00901055 -1.17006e-05 -0.0145031 -0.00587851 
0.016592 -0.00176389 0.00904243 -1.83215e-05 -0.0146088 -0.0058948 
0.0166503 -0.00177021 0.00907405 -1.84826e-05 -0.0146969 -0.00593876 
0.0167043 -0.00177677 0.00910494 -2.1711e-05 -0.0147784 -0.00597772 
0.0167721 -0.00178899 0.00913425 -3.6073e-05 -0.0149133 -0.00600777 
0.0168248 -0.00179615 0.00916388 -3.89384e-05 -0.0149955 -0.00603144 
0.0169137 -0.00180911 0.00920496 -5.0362e-05 -0.015128 -0.00606081 
0.0169589 -0.00181728 0.00923266 -5.57592e-05 -0.0151975 -0.00609807 
0.0170113 -0.00182611 0.00926173 -6.2123e-05 -0.0152825 -0.00613249 
0.0170916 -0.00183771 0.00929654 -7.59092e-05 -0.0154299 -0.00614738 
0.0171279 -0.00184262 0.00932311 -7.45858e-05 -0.0154769 -0.00617566 
0.0171822 -0.0018483 0.00935275 -7.55533e-05 -0.0155642 -0.0062185 
0.0172367 -0.00185662 0.00937801 -8.41377e-05 -0.0156803 -0.00625698 
0.0172853 -0.00186128 0.00940673 -8.3074e-05 -0.0157549 -0.00626748 
0.0173533 -0.00187144 0.00943572 -9.43243e-05 -0.015893 -0.00630317 
0.0174209 -0.00188085 0.00946937 -0.00010211 -0.0160048 -0.00634389 
0.0174821 -0.00188717 0.0095011 -0.000106551 -0.0161024 -0.00637742 
0.017527 -0.00189605 0.00952698 -0.000113845 -0.0161838 -0.00640101 
0.0175745 -0.00190268 0.00955595 -0.000117224 -0.0162583 -0.00642088 
0.0176321 -0.00190936 0.00958127 -0.000126491 -0.0163839 -0.00645414 
0.0176723 -0.00191326 0.0096071 -0.000125811 -0.0164492 -0.00649094 
0.0177321 -0.00192155 0.0096396 -0.00013145 -0.0165427 -0.00651682 
0.0177946 -0.00192849 0.0096664 -0.000140116 -0.0166757 -0.00652915 
0.0178221 -0.00193181 0.00969095 -0.000136292 -0.0167067 -0.00657093 
0.0179045 -0.00194258 0.00972194 -0.000150798 -0.0168806 -0.00661264 
0.01795 -0.00194795 0.00974626 -0.000154152 -0.0169733 -0.00664491 
0.0179956 -0.00195493 0.00977427 -0.000157503 -0.0170482 -0.00666743 
0.0180402 -0.00195931 0.00979894 -0.000160005 -0.0171352 -0.00669555 
0.0180811 -0.00196549 0.00982283 -0.000166455 -0.0172152 -0.00672727 
0.0181257 -0.00197021 0.00984298 -0.000174272 -0.0173305 -0.00675542 
0.0181675 -0.00197636 0.00986812 -0.000177141 -0.0174063 -0.00678098 
0.0182126 -0.00198051 0.00989369 -0.000178255 -0.0174896 -0.00680698 
0.0182647 -0.00198539 0.00991867 -0.000182253 -0.0175996 -0.00684417 
0.0183067 -0.00199219 0.00994491 -0.000186929 -0.0176688 -0.0068809 
0.0183578 -0.00200267 0.00996624 -0.00020098 -0.0177957 -0.00690617 
0.0184076 -0.0020093 0.00998993 -0.0002104 -0.0179062 -0.00692566 
0.0184501 -0.00201737 0.0100148 -0.000217179 -0.017986 -0.00696255 
0.0184689 -0.00202166 0.0100313 -0.000218188 -0.0180304 -0.00700158 
0.0185146 -0.0020301 0.0100556 -0.00022706 -0.0181246 -0.00702789 
0.0185508 -0.00203664 0.0100719 -0.000237384 -0.0182377 -0.00705111 
0.0185885 -0.00204235 0.0100893 -0.000244246 -0.0183342 -0.00708424 
0.018673 -0.0020577 0.0101199 -0.000267019 -0.0185184 -0.0071235 
0.0186861 -0.00206222 0.010136 -0.000267574 -0.018551 -0.0071579 
0.0187016 -0.00206421 0.010154 -0.00026517 -0.0185733 -0.0071713 
0.0187628 -0.00207577 0.0101749 -0.000288846 -0.018731 -0.00718663 
0.0187966 -0.00207983 0.0101921 -0.000291386 -0.0188201 -0.00723074 
0.0188115 -0.00207976 0.0102095 -0.000282868 -0.0188445 -0.0072676 
0.0188386 -0.00208308 0.0102244 -0.000291617 -0.0189301 -0.00726794 
0.0188789 -0.00208954 0.0102438 -0.000301157 -0.0190176 -0.00729027 
0.0189096 -0.00209572 0.0102568 -0.000308641 -0.0191181 -0.00733702 
0.0189557 -0.00210142 0.0102753 -0.000315595 -0.0192409 -0.00737503 
0.0190084 -0.00211109 0.0102949 -0.000334446 -0.0193773 -0.00738841 
0.0190095 -0.00211392 0.0103059 -0.00033711 -0.0193825 -0.00739794 
0.0190466 -0.00211698 0.010324 -0.000337717 -0.019471 -0.00743102 
0.019078 -0.00211897 0.0103369 -0.000340603 -0.0195787 -0.00746373 
0.019095 -0.00211916 0.0103483 -0.000340453 -0.0196376 -0.0074853 
0.0191103 -0.0021269 0.0103571 -0.000355397 -0.0196854 -0.00748836 
0.0191338 -0.00212788 0.0103648 -0.00035764 -0.0197853 -0.00752957 
0.0191713 -0.00213257 0.0103835 -0.000359826 -0.0198673 -0.00756358 
0.0191954 -0.0021328 0.0103936 -0.000361257 -0.0199577 -0.00758361 
0.0192531 -0.00214542 0.0104094 -0.000390072 -0.0201313 -0.00759267 
0.0192719 -0.00214899 0.0104224 -0.000394615 -0.0201899 -0.00762326 
0.0192955 -0.00214846 0.0104318 -0.000391608 -0.0202698 -0.00766412 
0.0193093 -0.00214828 0.0104397 -0.000388713 -0.0203257 -0.00768626 
0.0193211 -0.00215174 0.0104451 -0.000400397 -0.0203907 -0.00768802 
0.0193458 -0.00215552 0.0104529 -0.000410531 -0.020484 -0.00771165 
0.0193712 -0.00215527 0.0104611 -0.000408798 -0.0205716 -0.00775422 
0.0193807 -0.00215564 0.0104621 -0.000408735 -0.0206392 -0.00778616 
0.0193996 -0.00215844 0.0104701 -0.000414119 -0.0207013 -0.00778597 
0.0194048 -0.00216075 0.0104709 -0.000424013 -0.0207593 -0.00780076 
0.0194338 -0.00216237 0.0104752 -0.000428075 -0.0208743 -0.00784297 
0.0194442 -0.0021615 0.0104802 -0.000423437 -0.0209231 -0.00788113 
0.019456 -0.002162 0.0104869 -0.000426267 -0.0209922 -0.00789545 
0.0194711 -0.00216441 0.010494 -0.000436811 -0.0210645 -0.00789337 
0.0194812 -0.0021657 0.0105019 -0.000438328 -0.0211213 -0.00792914 
0.0195054 -0.00216653 0.0105073 -0.000443252 -0.0212404 -0.00796864 
0.0195008 -0.00216412 0.0105087 -0.000440244 -0.0212793 -0.00799566 
0.0195065 -0.00216671 0.0105134 -0.000453849 -0.0213353 -0.00798352 
0.0195374 -0.00216738 0.0105223 -0.000456012 -0.0214434 -0.00801051 
0.019539 -0.00216091 0.0105274 -0.000444602 -0.0214825 -0.00804492 
0.0195586 -0.00216007 0.0105323 -0.000447243 -0.0215877 -0.00807783 
0.0195775 -0.00217147 0.0105363 -0.000472827 -0.0216842 -0.00808705 
0.0195831 -0.00217905 0.0105381 -0.000488062 -0.0217505 -0.00810728 
0.0195766 -0.00217118 0.0105416 -0.000475179 -0.0217811 -0.00813657 
0.0195815 -0.0021682 0.0105441 -0.000471626 -0.0218417 -0.00816074 
0.0195898 -0.00216772 0.0105419 -0.000484324 -0.0219296 -0.00815404 
0.0195902 -0.00218248 0.0105405 -0.000510896 -0.0220057 -0.00818105 
0.0196153 -0.00218198 0.0105446 -0.000515676 -0.022133 -0.00821676 
0.019619 -0.00217588 0.0105427 -0.000510652 -0.0222124 -0.00824653 
0.0196147 -0.00217634 0.0105476 -0.000511452 -0.0222163 -0.00825589 
0.0196142 -0.00218559 0.0105452 -0.00053455 -0.022292 -0.00826878 
0.0196365 -0.00218865 0.0105475 -0.000544579 -0.0224219 -0.00830105 
0.0196326 -0.00218304 0.0105468 -0.0005357 -0.0224574 -0.00832523 
0.0196217 -0.00218134 0.010543 -0.000542389 -0.0225031 -0.0083228 
0.019616 -0.00218696 0.0105417 -0.000560036 -0.0225675 -0.00832725 
0.0196054 -0.00218965 0.0105373 -0.000562787 -0.0226019 -0.00836129 
0.0196268 -0.00218754 0.0105348 -0.00056696 -0.0227328 -0.00838575 
0.0196231 -0.00218295 0.0105331 -0.0005662 -0.0227976 -0.00840155 
0.0196247 -0.00218509 0.0105296 -0.000584262 -0.0228934 -0.00839362 
0.0196105 -0.00219317 0.0105222 -0.000595555 -0.0229104 -0.00841791 
0.0195926 -0.00218752 0.0105091 -0.000587077 -0.0229392 -0.008452 
0.0195851 -0.00218149 0.0104993 -0.000587191 -0.0230107 -0.0084679 
0.0195888 -0.00218341 0.0104989 -0.000601726 -0.0230804 -0.00845795 
0.019572 -0.00219012 0.0104933 -0.000614478 -0.0231241 -0.00848906 
0.0195501 -0.00218867 0.0104827 -0.000617273 -0.0231717 -0.0085234 
0.0195691 -0.00218672 0.0104846 -0.000619255 -0.0232763 -0.00854707 
0.0195448 -0.00218294 0.0104771 -0.000626038 -0.0233029 -0.00854136 
0.0195355 -0.00217909 0.0104634 -0.000632204 -0.0233961 -0.00856139 
0.0195568 -0.00219474 0.0104629 -0.000656627 -0.0235096 -0.00860141 
0.0195176 -0.00218279 0.0104461 -0.000643505 -0.0235163 -0.00862429 
0.0195179 -0.00218279 0.0104358 -0.000659009 -0.0236043 -0.00861805 
0.0195091 -0.00218003 0.0104278 -0.000661531 -0.023654 -0.00863142 
0.0194701 -0.00218396 0.0104108 -0.00066974 -0.0236722 -0.00867003 
0.0194923 -0.00218715 0.0104066 -0.000685138 -0.0238157 -0.00869677 
0.0194549 -0.00217855 0.0103942 -0.000678843 -0.0238185 -0.00870722 
0.0194295 -0.0021725 0.0103804 -0.000683527 -0.0238588 -0.00870681 
0.0194274 -0.00216867 0.0103695 -0.000687079 -0.02396 -0.00873258 
0.0193886 -0.00217922 0.0103593 -0.00070276 -0.0239554 -0.00876833 
0.0193787 -0.00217255 0.0103499 -0.000703851 -0.0240379 -0.00878425 
0.0193558 -0.00216949 0.0103255 -0.000717525 -0.0241038 -0.00877315 
0.0193369 -0.0021619 0.010313 -0.000708523 -0.0241312 -0.00880119 
0.0193151 -0.00215745 0.010298 -0.000708512 -0.0241909 -0.00882978 
0.0192985 -0.00216536 0.0102885 -0.000727091 -0.0242488 -0.00885373 
0.0192765 -0.00216204 0.0102794 -0.000734844 -0.0242795 -0.00884575 
0.0192604 -0.00215584 0.0102664 -0.00073722 -0.0243579 -0.00886166 
0.0192501 -0.0021501 0.0102523 -0.000736183 -0.0244437 -0.00889063 
0.0192128 -0.00215169 0.0102367 -0.000742818 -0.0244543 -0.00891589 
0.0191941 -0.00215562 0.0102194 -0.00076714 -0.0245386 -0.00890787 
0.0191611 -0.00214671 0.010205 -0.000764338 -0.0245664 -0.00891386 
0.0191268 -0.00213508 0.0101941 -0.000750178 -0.0245699 -0.0089377 
0.019117 -0.00213326 0.010179 -0.000758998 -0.0246716 -0.00895668 
0.019104 -0.00214094 0.0101667 -0.000779363 -0.0247453 -0.00896817 
0.0190761 -0.00213869 0.0101555 -0.000789326 -0.0247821 -0.00895896 
0.019052 -0.00213012 0.0101353 -0.000788398 -0.0248427 -0.00896785 
0.0190094 -0.0021193 0.0101142 -0.000778352 -0.0248517 -0.00898282 
0.0189724 -0.00211971 0.0100953 -0.00078551 -0.024875 -0.00899996 
0.0189549 -0.00212565 0.0100778 -0.000810647 -0.0249616 -0.0089997 
0.0189173 -0.00211636 0.0100549 -0.000810666 -0.0250026 -0.00900085 
0.0188837 -0.00210508 0.0100325 -0.000805294 -0.0250641 -0.00901902 
0.0188775 -0.00210253 0.0100156 -0.00081607 -0.0251891 -0.00903754 
0.0187878 -0.00209683 0.00997973 -0.000813317 -0.0251207 -0.00905758 
0.0175954 -0.00201837 0.00908889 -0.000669167 -0.0232432 -0.00909189 
0.0165446 -0.00188281 0.00844414 -0.000473516 -0.021579 -0.00898785 
0.0167656 -0.00189999 0.00849377 -0.000510214 -0.0220383 -0.00901524 
0.0169448 -0.00192033 0.00853628 -0.000546903 -0.0223981 -0.00904081 
0.0169185 -0.00190989 0.0085283 -0.000537785 -0.0224209 -0.00905926 
0.0169615 -0.00191175 0.00853768 -0.000549652 -0.0225659 -0.00907725 
0.0169558 -0.00190784 0.00853229 -0.000552851 -0.0226346 -0.00909288 
0.0169003 -0.00189562 0.00851582 -0.00054284 -0.0226269 -0.00910993 
0.0169143 -0.0018931 0.00851425 -0.00055094 -0.0227436 -0.00912434 
0.0169031 -0.00188782 0.00850374 -0.00055531 -0.0228326 -0.0091389 
0.0168552 -0.00187609 0.00848962 -0.00054606 -0.0228265 -0.00915373 
0.0168427 -0.00187171 0.00847513 -0.000554886 -0.0229385 -0.00916931 
0.0168169 -0.00186264 0.00846646 -0.000551461 -0.0229667 -0.00918078 
0.0167493 -0.00185167 0.00844759 -0.000543895 -0.0229267 -0.00918744 
0.0167842 -0.00185334 0.0084724 -0.000540476 -0.0229538 -0.0092021 
