1.52537e+07 -3.98078e+06 9.76226e+06 -358976 -2.03131e+06 -73922 
1.53093e+07 -3.92722e+06 9.63464e+06 -339400 -2.06203e+06 -64502 
1.53707e+07 -4.00231e+06 9.90777e+06 -354277 -2.06832e+06 -65454 
1.53808e+07 -3.95636e+06 9.72584e+06 -351207 -2.06237e+06 -68931 
1.53014e+07 -3.91715e+06 9.69109e+06 -356102 -2.04507e+06 -71966 
1.53859e+07 -3.99486e+06 9.93117e+06 -331879 -2.05849e+06 -64362 
1.53449e+07 -4.07563e+06 9.81335e+06 -342632 -2.06079e+06 -64113 
1.5282e+07 -3.95802e+06 9.72955e+06 -350764 -2.02911e+06 -74558 
1.53137e+07 -3.98713e+06 9.77381e+06 -345195 -2.03935e+06 -73376 
1.53981e+07 -4.01094e+06 9.76211e+06 -345987 -2.07534e+06 -63583 
1.5339e+07 -3.93144e+06 9.73028e+06 -350815 -2.05677e+06 -67912 
1.5368e+07 -4.02414e+06 9.73634e+06 -342219 -2.04888e+06 -68257 
1.5401e+07 -4.07883e+06 9.80463e+06 -338517 -2.05572e+06 -67202 
1.53812e+07 -3.98378e+06 9.80669e+06 -334132 -2.05682e+06 -65652 
1.53158e+07 -3.90154e+06 9.75933e+06 -345280 -2.04039e+06 -72144 
1.52498e+07 -3.91843e+06 9.74221e+06 -345161 -2.02906e+06 -75334 
1.54017e+07 -4.01278e+06 9.86479e+06 -345114 -2.06444e+06 -64113 
1.54372e+07 -4.03726e+06 9.82491e+06 -349556 -2.07968e+06 -62611 
1.53495e+07 -4.03025e+06 9.73678e+06 -343751 -2.03945e+06 -71616 
1.53893e+07 -4.0174e+06 9.73279e+06 -341923 -2.04897e+06 -69671 
1.53655e+07 -4.07798e+06 9.91616e+06 -339269 -2.0521e+06 -67160 
1.52835e+07 -3.95266e+06 9.72091e+06 -353759 -2.04323e+06 -72912 
1.53667e+07 -3.9083e+06 9.76343e+06 -350805 -2.04383e+06 -72429 
1.53487e+07 -4.0231e+06 9.80561e+06 -338930 -2.06692e+06 -62644 
1.54186e+07 -3.92952e+06 9.87032e+06 -337666 -2.06784e+06 -64642 
1.53854e+07 -3.99518e+06 9.72875e+06 -346480 -2.04113e+06 -72782 
1.53891e+07 -3.99252e+06 9.76555e+06 -335612 -2.04553e+06 -69054 
1.5415e+07 -3.98051e+06 9.74877e+06 -332472 -2.05544e+06 -68810 
1.52879e+07 -3.96341e+06 9.74291e+06 -356932 -2.04004e+06 -71109 
1.53094e+07 -3.95369e+06 9.59536e+06 -351072 -2.03943e+06 -74525 
1.54195e+07 -4.03645e+06 9.92918e+06 -341770 -2.06618e+06 -64741 
1.53928e+07 -3.94976e+06 9.81092e+06 -339838 -2.07558e+06 -63629 
1.53896e+07 -4.09414e+06 9.84126e+06 -349108 -2.04564e+06 -70883 
1.53761e+07 -4.05898e+06 9.80381e+06 -346682 -2.04805e+06 -70241 
1.54541e+07 -4.06078e+06 9.79029e+06 -338268 -2.06704e+06 -63945 
1.5344e+07 -3.97245e+06 9.61815e+06 -355465 -2.05451e+06 -71991 
1.53563e+07 -3.96052e+06 9.67798e+06 -355637 -2.04212e+06 -73355 
1.53889e+07 -3.97378e+06 9.8187e+06 -333911 -2.07147e+06 -62601 
1.5376e+07 -4.01058e+06 9.86702e+06 -343582 -2.06484e+06 -64920 
1.53061e+07 -3.93381e+06 9.69617e+06 -344960 -2.03194e+06 -74078 
1.52981e+07 -4.06305e+06 9.773e+06 -342492 -2.03749e+06 -70957 
1.54207e+07 -4.00814e+06 9.78414e+06 -339293 -2.05196e+06 -70420 
1.53382e+07 -3.91432e+06 9.72691e+06 -353243 -2.04996e+06 -69933 
1.53656e+07 -4.01658e+06 9.7688e+06 -360521 -2.05005e+06 -71984 
1.53646e+07 -4.06296e+06 9.83746e+06 -341960 -2.05849e+06 -64797 
1.53244e+07 -3.9622e+06 9.77371e+06 -339493 -2.06579e+06 -62622 
1.53259e+07 -3.97541e+06 9.67643e+06 -348500 -2.04022e+06 -73908 
1.53098e+07 -3.95277e+06 9.5606e+06 -350382 -2.03683e+06 -74163 
1.532e+07 -3.9159e+06 9.71065e+06 -349682 -2.0616e+06 -65818 
1.53262e+07 -3.91254e+06 9.56448e+06 -354308 -2.06149e+06 -67321 
1.53502e+07 -3.94968e+06 9.65328e+06 -332158 -2.0539e+06 -68815 
1.53301e+07 -3.92295e+06 9.76886e+06 -332073 -2.06152e+06 -63943 
1.54009e+07 -4.00587e+06 9.84578e+06 -338581 -2.06973e+06 -64752 
1.5322e+07 -3.9733e+06 9.70523e+06 -358421 -2.0407e+06 -75083 
1.53633e+07 -3.93988e+06 9.65808e+06 -347297 -2.04728e+06 -72216 
1.53968e+07 -3.98857e+06 9.77641e+06 -346368 -2.07654e+06 -64681 
1.53235e+07 -3.96707e+06 9.81513e+06 -355005 -2.06213e+06 -66800 
1.53769e+07 -4.03693e+06 9.77909e+06 -347151 -2.05532e+06 -67911 
1.53684e+07 -4.01372e+06 9.7337e+06 -336242 -2.05862e+06 -68185 
1.53632e+07 -4.02565e+06 9.91581e+06 -341527 -2.06605e+06 -63943 
1.52451e+07 -3.86752e+06 9.5916e+06 -345803 -2.03888e+06 -73332 
1.53121e+07 -3.96346e+06 9.7518e+06 -353555 -2.03749e+06 -74959 
1.53826e+07 -3.95884e+06 9.73655e+06 -345103 -2.07351e+06 -64445 
1.53634e+07 -3.94113e+06 9.78308e+06 -349978 -2.07079e+06 -64457 
1.53476e+07 -4.02068e+06 9.73385e+06 -345038 -2.04865e+06 -70369 
1.54117e+07 -3.96924e+06 9.81912e+06 -337280 -2.06472e+06 -66342 
1.52509e+07 -3.94614e+06 9.67882e+06 -357213 -2.05228e+06 -72244 
1.53035e+07 -3.88995e+06 9.6737e+06 -353806 -2.0354e+06 -74580 
1.53103e+07 -3.95983e+06 9.64572e+06 -350062 -2.04408e+06 -73178 
1.52818e+07 -3.99197e+06 9.73959e+06 -345752 -2.06606e+06 -62349 
1.53543e+07 -3.93962e+06 9.78423e+06 -353117 -2.06429e+06 -65853 
1.53686e+07 -4.06316e+06 9.87241e+06 -346432 -2.0501e+06 -67649 
1.53354e+07 -4.01724e+06 9.73431e+06 -338787 -2.05464e+06 -69733 
1.53266e+07 -3.89556e+06 9.70556e+06 -354288 -2.04608e+06 -71125 
1.5348e+07 -4.03216e+06 9.67907e+06 -361957 -2.04934e+06 -72086 
1.53031e+07 -3.90437e+06 9.65362e+06 -347668 -2.03311e+06 -74598 
1.53542e+07 -3.89724e+06 9.77454e+06 -334362 -2.06563e+06 -64143 
1.53948e+07 -4.04638e+06 9.86982e+06 -353979 -2.06976e+06 -63641 
1.52885e+07 -3.97155e+06 9.70566e+06 -336445 -2.03763e+06 -72922 
1.54059e+07 -3.99015e+06 9.83819e+06 -335973 -2.05048e+06 -67263 
1.54066e+07 -4.03351e+06 9.69289e+06 -334976 -2.06556e+06 -67880 
1.53286e+07 -3.93951e+06 9.79861e+06 -352398 -2.03865e+06 -74202 
1.53031e+07 -3.9447e+06 9.65787e+06 -349094 -2.03837e+06 -73207 
1.53933e+07 -4.05136e+06 9.88152e+06 -342770 -2.07189e+06 -62922 
1.53687e+07 -3.96642e+06 9.75955e+06 -350237 -2.06586e+06 -65606 
1.53129e+07 -3.96493e+06 9.72409e+06 -337944 -2.03968e+06 -70080 
1.53491e+07 -4.01006e+06 9.70356e+06 -336289 -2.04907e+06 -69767 
1.52608e+07 -3.95175e+06 9.68785e+06 -358144 -2.04242e+06 -73188 
1.53389e+07 -3.9482e+06 9.62869e+06 -353714 -2.04831e+06 -71323 
1.53504e+07 -3.98813e+06 9.73103e+06 -335865 -2.06689e+06 -64306 
1.53981e+07 -3.96674e+06 9.80076e+06 -344432 -2.06961e+06 -63417 
1.5292e+07 -3.87203e+06 9.71542e+06 -333917 -2.06164e+06 -64557 
1.53295e+07 -3.9776e+06 9.79692e+06 -339176 -2.03793e+06 -72226 
1.53529e+07 -3.99629e+06 9.80901e+06 -336127 -2.0536e+06 -67365 
1.53104e+07 -3.92986e+06 9.77021e+06 -352904 -2.05356e+06 -70541 
1.53582e+07 -3.96614e+06 9.70877e+06 -362219 -2.04524e+06 -74823 
1.53474e+07 -3.97477e+06 9.60821e+06 -355359 -2.05178e+06 -72951 
1.53419e+07 -3.96609e+06 9.65982e+06 -351151 -2.03842e+06 -73948 
1.53304e+07 -3.95018e+06 9.82429e+06 -352731 -2.06256e+06 -65268 
1.53562e+07 -4.00208e+06 9.89825e+06 -357587 -2.06942e+06 -66698 
1.53127e+07 -3.90657e+06 9.63229e+06 -357835 -2.05258e+06 -72128 
1.53567e+07 -3.95842e+06 9.63617e+06 -354636 -2.05024e+06 -72082 
1.52732e+07 -3.92633e+06 9.645e+06 -354847 -2.03386e+06 -75060 
1.53223e+07 -3.94042e+06 9.66767e+06 -346769 -2.04657e+06 -71298 
1.53545e+07 -4.00462e+06 9.67006e+06 -349771 -2.04054e+06 -72562 
1.54008e+07 -3.94366e+06 9.70979e+06 -338338 -2.0572e+06 -68839 
1.53449e+07 -4.02168e+06 9.84853e+06 -340462 -2.05316e+06 -67903 
1.53713e+07 -4.00859e+06 9.79623e+06 -340997 -2.06579e+06 -63863 
1.53011e+07 -3.96825e+06 9.71337e+06 -360158 -2.04636e+06 -71165 
1.52611e+07 -3.91473e+06 9.65171e+06 -347988 -2.03378e+06 -76390 
1.52835e+07 -3.95843e+06 9.67038e+06 -353625 -2.03539e+06 -72083 
1.53895e+07 -3.99828e+06 9.82821e+06 -345032 -2.07558e+06 -63945 
1.53505e+07 -4.00084e+06 9.89251e+06 -356654 -2.0606e+06 -67160 
1.53541e+07 -3.99903e+06 9.66417e+06 -355387 -2.05921e+06 -67471 
1.54203e+07 -4.08644e+06 9.78499e+06 -342211 -2.05687e+06 -67000 
1.53612e+07 -4.01362e+06 9.80096e+06 -337462 -2.05476e+06 -64651 
1.53342e+07 -3.90993e+06 9.72898e+06 -350572 -2.04285e+06 -71258 
1.53392e+07 -3.96813e+06 9.6673e+06 -349872 -2.03961e+06 -75090 
1.53159e+07 -3.96795e+06 9.7457e+06 -348503 -2.03188e+06 -73522 
1.5362e+07 -4.02153e+06 9.76924e+06 -348407 -2.07081e+06 -63948 
1.53562e+07 -3.95453e+06 9.73444e+06 -347878 -2.06031e+06 -67465 
1.53497e+07 -3.9787e+06 9.80385e+06 -356999 -2.04963e+06 -68804 
1.53852e+07 -4.03679e+06 9.84512e+06 -335121 -2.05973e+06 -64627 
1.54131e+07 -4.04818e+06 9.83765e+06 -338187 -2.06118e+06 -66396 
1.54101e+07 -4.03381e+06 9.83261e+06 -341458 -2.07456e+06 -62709 
1.53372e+07 -3.98207e+06 9.77495e+06 -344465 -2.06451e+06 -65371 
1.53224e+07 -3.93616e+06 9.67379e+06 -341249 -2.03418e+06 -74397 
1.53201e+07 -4.05593e+06 9.79198e+06 -342208 -2.04164e+06 -68287 
1.52812e+07 -4.00227e+06 9.62363e+06 -361197 -2.05109e+06 -70887 
1.53249e+07 -3.91953e+06 9.6816e+06 -354273 -2.03937e+06 -72202 
1.53371e+07 -4.03882e+06 9.77755e+06 -355899 -2.04176e+06 -74197 
1.53109e+07 -4.02496e+06 9.76632e+06 -357119 -2.03145e+06 -74929 
1.53037e+07 -3.9386e+06 9.71709e+06 -343914 -2.06328e+06 -64918 
1.53264e+07 -3.95626e+06 9.73664e+06 -347325 -2.06083e+06 -65882 
1.53467e+07 -3.93034e+06 9.75297e+06 -351818 -2.05104e+06 -69117 
1.54194e+07 -4.00789e+06 9.76626e+06 -333679 -2.06072e+06 -65896 
1.53654e+07 -4.02514e+06 9.80638e+06 -336996 -2.05434e+06 -67243 
1.54081e+07 -4.07391e+06 9.81871e+06 -345831 -2.07517e+06 -62468 
1.53101e+07 -4.00524e+06 9.72993e+06 -352004 -2.03775e+06 -73327 
1.53385e+07 -3.94201e+06 9.66399e+06 -345607 -2.03633e+06 -75247 
1.53435e+07 -4.04151e+06 9.78851e+06 -342438 -2.04236e+06 -70229 
1.53036e+07 -3.95181e+06 9.71117e+06 -349074 -2.05601e+06 -69608 
1.53191e+07 -3.90085e+06 9.75265e+06 -351664 -2.04707e+06 -69625 
1.53872e+07 -4.00411e+06 9.75636e+06 -333679 -2.06462e+06 -64016 
1.5363e+07 -4.00168e+06 9.78415e+06 -337865 -2.05895e+06 -65780 
1.53917e+07 -3.95291e+06 9.75508e+06 -339783 -2.07561e+06 -63587 
1.53243e+07 -3.91422e+06 9.6644e+06 -339513 -2.06265e+06 -64854 
1.53719e+07 -3.9961e+06 9.75165e+06 -345894 -2.04205e+06 -72408 
1.53724e+07 -4.00331e+06 9.84883e+06 -337004 -2.0468e+06 -68278 
1.53309e+07 -4.06242e+06 9.7248e+06 -344022 -2.05376e+06 -68207 
1.53276e+07 -3.94214e+06 9.73012e+06 -357891 -2.03831e+06 -73217 
1.52849e+07 -3.97418e+06 9.66442e+06 -353254 -2.03978e+06 -73748 
1.53558e+07 -3.9643e+06 9.72034e+06 -335808 -2.06802e+06 -63763 
1.53471e+07 -3.91226e+06 9.71295e+06 -342667 -2.06464e+06 -64662 
1.53677e+07 -4.00327e+06 9.83412e+06 -352856 -2.06519e+06 -66126 
1.53627e+07 -3.90967e+06 9.68554e+06 -355659 -2.05217e+06 -72714 
1.54201e+07 -4.02288e+06 9.86772e+06 -337152 -2.05992e+06 -65880 
1.53806e+07 -4.00904e+06 9.7566e+06 -335345 -2.06842e+06 -63446 
1.54092e+07 -3.9792e+06 9.84393e+06 -340216 -2.067e+06 -63967 
1.53539e+07 -3.97854e+06 9.73684e+06 -348998 -2.04338e+06 -73560 
1.53449e+07 -4.01861e+06 9.63076e+06 -343007 -2.03985e+06 -72757 
1.53184e+07 -4.03684e+06 9.83198e+06 -342229 -2.0437e+06 -67267 
1.53325e+07 -3.90278e+06 9.60656e+06 -350738 -2.05286e+06 -69924 
1.52688e+07 -3.9015e+06 9.6243e+06 -353711 -2.03777e+06 -73621 
1.53024e+07 -3.94605e+06 9.67636e+06 -352425 -2.03742e+06 -72565 
1.52857e+07 -3.92433e+06 9.65154e+06 -341621 -2.03217e+06 -75844 
1.52895e+07 -3.95523e+06 9.85969e+06 -343036 -2.05653e+06 -65186 
1.53814e+07 -3.9529e+06 9.71447e+06 -349139 -2.06951e+06 -66230 
1.52963e+07 -3.89777e+06 9.69624e+06 -350968 -2.04603e+06 -68100 
1.53853e+07 -3.98042e+06 9.80907e+06 -336336 -2.05448e+06 -66943 
1.54286e+07 -3.97267e+06 9.73344e+06 -330982 -2.06684e+06 -65354 
1.53745e+07 -3.95523e+06 9.73852e+06 -334653 -2.06226e+06 -65058 
1.53783e+07 -3.93188e+06 9.72991e+06 -332617 -2.07081e+06 -62649 
1.53244e+07 -4.02812e+06 9.65464e+06 -348498 -2.03945e+06 -74220 
1.54317e+07 -3.97276e+06 9.72376e+06 -344881 -2.04428e+06 -71587 
1.53619e+07 -3.9938e+06 9.72447e+06 -332992 -2.05065e+06 -68681 
1.53503e+07 -4.00269e+06 9.76891e+06 -361688 -2.05031e+06 -70620 
1.53389e+07 -3.97829e+06 9.68513e+06 -360957 -2.05053e+06 -72018 
1.53021e+07 -3.95503e+06 9.68773e+06 -353368 -2.03629e+06 -72633 
1.53323e+07 -3.95189e+06 9.73721e+06 -336734 -2.05988e+06 -65193 
1.53859e+07 -3.98168e+06 9.80714e+06 -340819 -2.07104e+06 -60239 
1.53513e+07 -4.05185e+06 9.63857e+06 -348368 -2.04434e+06 -72256 
1.52992e+07 -3.91465e+06 9.71468e+06 -335612 -2.02827e+06 -70526 
1.53709e+07 -4.00308e+06 9.72991e+06 -331712 -2.05704e+06 -66458 
1.5329e+07 -3.95965e+06 9.68544e+06 -353287 -2.04331e+06 -72771 
1.53235e+07 -3.97632e+06 9.6558e+06 -356282 -2.04043e+06 -73777 
1.53476e+07 -3.97248e+06 9.69062e+06 -348135 -2.03993e+06 -72507 
1.53317e+07 -3.97769e+06 9.83048e+06 -344201 -2.06403e+06 -65866 
1.54334e+07 -3.96215e+06 9.89782e+06 -349134 -2.07136e+06 -64760 
1.53498e+07 -4.04556e+06 9.75052e+06 -340605 -2.04775e+06 -69806 
1.5384e+07 -4.05632e+06 9.91601e+06 -341794 -2.04879e+06 -68731 
1.53835e+07 -4.03786e+06 9.81286e+06 -335137 -2.06561e+06 -65612 
1.54035e+07 -3.98599e+06 9.74329e+06 -338071 -2.06488e+06 -63695 
1.53011e+07 -3.94183e+06 9.66607e+06 -351408 -2.03287e+06 -73279 
1.52837e+07 -4.00696e+06 9.75191e+06 -342354 -2.03332e+06 -72861 
1.532e+07 -3.93047e+06 9.65897e+06 -344253 -2.0616e+06 -66780 
1.53399e+07 -3.89848e+06 9.74811e+06 -347297 -2.0562e+06 -68224 
1.53451e+07 -3.98362e+06 9.75865e+06 -353180 -2.04757e+06 -71550 
1.53257e+07 -3.97656e+06 9.78163e+06 -357880 -2.041e+06 -74008 
1.53085e+07 -3.96952e+06 9.69751e+06 -347534 -2.03566e+06 -73385 
1.53744e+07 -3.96691e+06 9.76673e+06 -340541 -2.06885e+06 -66215 
1.54173e+07 -3.99631e+06 9.85936e+06 -349132 -2.06958e+06 -64080 
1.53169e+07 -3.88122e+06 9.65952e+06 -344406 -2.05571e+06 -70200 
1.53553e+07 -3.90444e+06 9.69489e+06 -350126 -2.05224e+06 -70330 
1.53668e+07 -3.98611e+06 9.77972e+06 -331875 -2.06114e+06 -64091 
1.53681e+07 -4.01536e+06 9.80995e+06 -336482 -2.06257e+06 -64210 
1.54003e+07 -3.93698e+06 9.82724e+06 -333900 -2.07203e+06 -62932 
1.53255e+07 -4.00057e+06 9.80099e+06 -351547 -2.06483e+06 -66591 
1.53238e+07 -3.96842e+06 9.67392e+06 -340308 -2.03597e+06 -73821 
1.53975e+07 -3.92849e+06 9.68454e+06 -326725 -2.05764e+06 -66630 
1.52713e+07 -3.94327e+06 9.65473e+06 -356170 -2.04453e+06 -72726 
1.53554e+07 -3.95621e+06 9.74546e+06 -357198 -2.04294e+06 -71987 
1.53052e+07 -3.94818e+06 9.68491e+06 -344210 -2.03508e+06 -74212 
1.54023e+07 -3.94303e+06 9.78173e+06 -336439 -2.0666e+06 -65145 
1.53921e+07 -3.9919e+06 9.87121e+06 -346891 -2.06673e+06 -63523 
1.53219e+07 -3.9136e+06 9.73969e+06 -347183 -2.05689e+06 -69441 
1.53205e+07 -3.96938e+06 9.73338e+06 -332235 -2.04302e+06 -68523 
1.54029e+07 -4.0263e+06 9.76813e+06 -340174 -2.06895e+06 -63661 
1.54075e+07 -4.01806e+06 9.74512e+06 -344971 -2.0698e+06 -63864 
1.53339e+07 -3.9547e+06 9.669e+06 -357035 -2.03691e+06 -73364 
1.53057e+07 -3.9616e+06 9.689e+06 -344604 -2.04267e+06 -72316 
1.53313e+07 -3.95228e+06 9.82658e+06 -348066 -2.06682e+06 -66188 
1.53531e+07 -3.98749e+06 9.76374e+06 -361040 -2.06364e+06 -68852 
1.52774e+07 -3.91321e+06 9.61594e+06 -356759 -2.04902e+06 -71849 
1.54163e+07 -4.02424e+06 9.82259e+06 -341787 -2.06782e+06 -64708 
1.53614e+07 -3.91693e+06 9.81671e+06 -332332 -2.07243e+06 -63304 
1.53547e+07 -3.90119e+06 9.77e+06 -333297 -2.0672e+06 -65388 
1.53192e+07 -3.95188e+06 9.66666e+06 -348782 -2.03411e+06 -74223 
1.53449e+07 -3.98638e+06 9.78674e+06 -338791 -2.04763e+06 -68519 
1.53696e+07 -3.8881e+06 9.59432e+06 -347256 -2.06381e+06 -69016 
1.53211e+07 -3.87942e+06 9.74032e+06 -350910 -2.04495e+06 -72230 
1.52926e+07 -3.97329e+06 9.61768e+06 -356591 -2.04619e+06 -73289 
1.53256e+07 -3.94624e+06 9.75196e+06 -353981 -2.03331e+06 -75301 
1.53488e+07 -3.95452e+06 9.77848e+06 -341773 -2.07e+06 -63471 
1.53429e+07 -3.95172e+06 9.6905e+06 -342749 -2.06672e+06 -65304 
1.53014e+07 -3.94442e+06 9.73126e+06 -354407 -2.05808e+06 -66422 
1.53713e+07 -4.0055e+06 9.81335e+06 -340074 -2.04916e+06 -69548 
1.53076e+07 -4.01136e+06 9.74678e+06 -341670 -2.04653e+06 -69333 
1.52901e+07 -4.04559e+06 9.81505e+06 -345373 -2.05107e+06 -65959 
1.53323e+07 -3.97633e+06 9.73533e+06 -359838 -2.05693e+06 -72420 
1.53087e+07 -3.9836e+06 9.82192e+06 -361972 -2.0433e+06 -73248 
1.53355e+07 -3.94145e+06 9.6721e+06 -357069 -2.04985e+06 -71079 
1.541e+07 -3.97185e+06 9.77611e+06 -331199 -2.0689e+06 -63536 
1.53484e+07 -3.97024e+06 9.79752e+06 -342178 -2.06436e+06 -63902 
1.53314e+07 -3.91071e+06 9.74399e+06 -349032 -2.04417e+06 -73061 
1.53337e+07 -3.94152e+06 9.78452e+06 -347836 -2.04272e+06 -75431 
1.53443e+07 -3.95173e+06 9.636e+06 -353508 -2.04461e+06 -72558 
1.53618e+07 -3.97335e+06 9.70586e+06 -344415 -2.07499e+06 -63854 
1.53456e+07 -4.00196e+06 9.77081e+06 -355019 -2.06927e+06 -66364 
1.53357e+07 -3.92714e+06 9.85672e+06 -344187 -2.06868e+06 -64104 
1.53247e+07 -3.87925e+06 9.69184e+06 -343976 -2.06576e+06 -66544 
1.53546e+07 -3.95894e+06 9.8275e+06 -341150 -2.04138e+06 -73115 
1.5316e+07 -4.00881e+06 9.73856e+06 -343808 -2.04755e+06 -70350 
1.5381e+07 -4.06962e+06 9.81327e+06 -345083 -2.04521e+06 -71223 
1.53802e+07 -3.90755e+06 9.70235e+06 -352108 -2.06382e+06 -68308 
1.53163e+07 -3.89967e+06 9.77719e+06 -345293 -2.05904e+06 -68792 
1.53287e+07 -3.91791e+06 9.73499e+06 -354503 -2.0521e+06 -71477 
1.52986e+07 -3.9007e+06 9.70128e+06 -347673 -2.05237e+06 -69276 
1.53316e+07 -3.92828e+06 9.64198e+06 -357008 -2.04549e+06 -72359 
1.54358e+07 -3.96496e+06 9.8089e+06 -335836 -2.06488e+06 -65593 
1.53453e+07 -4.00177e+06 9.77992e+06 -335421 -2.06662e+06 -65136 
1.5276e+07 -3.8877e+06 9.577e+06 -351632 -2.03702e+06 -74961 
1.5318e+07 -3.95222e+06 9.84673e+06 -353324 -2.04198e+06 -73108 
1.52749e+07 -3.89784e+06 9.68344e+06 -345612 -2.03526e+06 -74233 
1.53329e+07 -3.94268e+06 9.70473e+06 -351443 -2.0414e+06 -72696 
1.53302e+07 -3.96058e+06 9.78388e+06 -343493 -2.06938e+06 -62132 
1.52956e+07 -3.93153e+06 9.69093e+06 -344091 -2.06214e+06 -65270 
1.53467e+07 -3.95346e+06 9.68516e+06 -351394 -2.07006e+06 -64906 
1.53174e+07 -4.06478e+06 9.6909e+06 -346363 -2.04718e+06 -71053 
1.53385e+07 -4.00572e+06 9.70352e+06 -346002 -2.04488e+06 -69994 
1.53563e+07 -4.04659e+06 9.73835e+06 -344457 -2.05321e+06 -67996 
1.5271e+07 -3.92252e+06 9.66399e+06 -353212 -2.0527e+06 -70140 
1.52951e+07 -3.90444e+06 9.73745e+06 -356668 -2.04532e+06 -69520 
1.53155e+07 -4.00745e+06 9.78915e+06 -337218 -2.05802e+06 -65659 
1.54046e+07 -4.01755e+06 9.8287e+06 -338531 -2.06335e+06 -64968 
1.52939e+07 -3.98169e+06 9.78266e+06 -338125 -2.06248e+06 -62613 
1.52735e+07 -3.89001e+06 9.7264e+06 -345520 -2.04163e+06 -73808 
1.5281e+07 -3.93442e+06 9.70135e+06 -355708 -2.03853e+06 -76428 
1.53956e+07 -3.96182e+06 9.82068e+06 -341076 -2.07338e+06 -62407 
1.53182e+07 -4.01124e+06 9.73085e+06 -346195 -2.07236e+06 -64626 
1.53869e+07 -3.91549e+06 9.88181e+06 -342742 -2.06972e+06 -63697 
1.53805e+07 -3.96526e+06 9.76043e+06 -351032 -2.0509e+06 -72336 
1.53508e+07 -3.95577e+06 9.67679e+06 -344305 -2.04272e+06 -73576 
1.53376e+07 -3.99897e+06 9.75246e+06 -348260 -2.04718e+06 -70474 
1.53807e+07 -4.03417e+06 9.81043e+06 -345204 -2.05342e+06 -69947 
1.52805e+07 -3.88528e+06 9.62912e+06 -352193 -2.05725e+06 -69187 
1.5388e+07 -3.94318e+06 9.80194e+06 -356803 -2.06456e+06 -68147 
1.53028e+07 -3.9123e+06 9.68839e+06 -354995 -2.04972e+06 -72633 
1.52848e+07 -3.89117e+06 9.71165e+06 -358401 -2.04603e+06 -71002 
1.53738e+07 -3.97921e+06 9.80452e+06 -334446 -2.07211e+06 -63825 
1.53479e+07 -3.91544e+06 9.65908e+06 -336732 -2.06775e+06 -65115 
1.53688e+07 -3.9545e+06 9.79008e+06 -344054 -2.07284e+06 -62335 
1.53506e+07 -3.91184e+06 9.69114e+06 -345374 -2.04868e+06 -72584 
1.53223e+07 -3.89842e+06 9.71788e+06 -338550 -2.03777e+06 -74141 
1.53468e+07 -3.8934e+06 9.71566e+06 -348369 -2.06814e+06 -64611 
1.53241e+07 -3.94254e+06 9.62394e+06 -351897 -2.06595e+06 -68801 
1.53164e+07 -3.90686e+06 9.77122e+06 -357401 -2.05536e+06 -68811 
1.53351e+07 -3.92371e+06 9.60322e+06 -355049 -2.05586e+06 -70636 
1.53848e+07 -3.97182e+06 9.67674e+06 -336837 -2.06221e+06 -67096 
1.54544e+07 -3.98916e+06 9.76199e+06 -338759 -2.07347e+06 -65116 
1.53331e+07 -4.00785e+06 9.73051e+06 -339634 -2.0675e+06 -63389 
1.53094e+07 -3.90195e+06 9.58501e+06 -351675 -2.03596e+06 -75105 
1.5294e+07 -3.98094e+06 9.76465e+06 -357976 -2.04236e+06 -71942 
1.53332e+07 -4.01135e+06 9.74803e+06 -353839 -2.03651e+06 -74292 
1.53884e+07 -3.97103e+06 9.83638e+06 -350496 -2.06963e+06 -65229 
1.53516e+07 -3.95974e+06 9.71868e+06 -348871 -2.06946e+06 -64193 
1.53464e+07 -3.9975e+06 9.78527e+06 -339096 -2.04976e+06 -71296 
1.53676e+07 -3.92389e+06 9.6234e+06 -335489 -2.04733e+06 -68715 
1.53079e+07 -3.90719e+06 9.68701e+06 -349463 -2.05475e+06 -67962 
1.53056e+07 -3.96455e+06 9.68982e+06 -361881 -2.04896e+06 -72325 
1.53115e+07 -3.8075e+06 9.60918e+06 -345077 -2.05061e+06 -71067 
1.53691e+07 -4.11976e+06 9.95301e+06 -343853 -2.06707e+06 -65014 
1.53271e+07 -3.95539e+06 9.77051e+06 -338986 -2.06123e+06 -64554 
1.53745e+07 -4.03679e+06 9.8841e+06 -342687 -2.07122e+06 -63078 
1.53417e+07 -3.92733e+06 9.71118e+06 -338296 -2.0689e+06 -65545 
1.53442e+07 -3.89541e+06 9.70271e+06 -348522 -2.0411e+06 -73187 
1.53168e+07 -3.95964e+06 9.61514e+06 -348825 -2.04392e+06 -73476 
1.53537e+07 -3.95898e+06 9.6657e+06 -346695 -2.04257e+06 -72508 
1.53703e+07 -3.97062e+06 9.69202e+06 -340253 -2.04925e+06 -70495 
1.53388e+07 -3.90735e+06 9.76937e+06 -347693 -2.06252e+06 -66921 
1.53197e+07 -3.87317e+06 9.85508e+06 -346992 -2.06497e+06 -67485 
1.53405e+07 -3.95634e+06 9.70776e+06 -358956 -2.05936e+06 -70725 
1.53683e+07 -3.99927e+06 9.84732e+06 -343132 -2.05845e+06 -67237 
1.53639e+07 -3.99046e+06 9.78895e+06 -332371 -2.06649e+06 -65358 
1.53993e+07 -4.00856e+06 9.73624e+06 -340444 -2.06313e+06 -66782 
1.53076e+07 -3.87236e+06 9.64429e+06 -354248 -2.04266e+06 -72905 
1.5315e+07 -3.95521e+06 9.66665e+06 -356213 -2.04912e+06 -72950 
1.53848e+07 -4.00283e+06 9.79442e+06 -337940 -2.07012e+06 -64999 
1.53606e+07 -3.94403e+06 9.78672e+06 -337843 -2.07145e+06 -63001 
1.53401e+07 -3.90892e+06 9.72874e+06 -335986 -2.07314e+06 -63196 
1.53268e+07 -3.97295e+06 9.68853e+06 -353591 -2.03947e+06 -74319 
1.53697e+07 -3.98441e+06 9.77991e+06 -349072 -2.04731e+06 -70437 
1.53469e+07 -3.97728e+06 9.64212e+06 -343952 -2.04642e+06 -73256 
1.53702e+07 -3.92269e+06 9.78835e+06 -355536 -2.06323e+06 -68192 
1.53035e+07 -3.92667e+06 9.57139e+06 -352783 -2.05669e+06 -69110 
1.53326e+07 -4.01643e+06 9.69009e+06 -336692 -2.05417e+06 -66975 
1.53917e+07 -3.97621e+06 9.77014e+06 -338665 -2.0596e+06 -65992 
1.53923e+07 -4.05177e+06 9.76615e+06 -341368 -2.07154e+06 -62103 
1.52905e+07 -3.87401e+06 9.58159e+06 -350059 -2.03823e+06 -74330 
1.53229e+07 -3.93495e+06 9.72249e+06 -353281 -2.03823e+06 -72294 
1.53212e+07 -4.02197e+06 9.68927e+06 -353699 -2.0396e+06 -74641 
1.53505e+07 -3.87474e+06 9.67386e+06 -342281 -2.06382e+06 -64223 
1.53941e+07 -3.94077e+06 9.70084e+06 -350121 -2.07348e+06 -65272 
1.53447e+07 -3.9173e+06 9.60123e+06 -354592 -2.05867e+06 -69146 
1.53422e+07 -3.96262e+06 9.67661e+06 -337057 -2.05064e+06 -68695 
1.53323e+07 -4.10796e+06 9.84157e+06 -349341 -2.0566e+06 -64826 
1.5263e+07 -3.88595e+06 9.58228e+06 -354020 -2.0447e+06 -72989 
1.53216e+07 -3.8679e+06 9.73374e+06 -349922 -2.04658e+06 -71402 
1.52855e+07 -3.94935e+06 9.62005e+06 -351653 -2.03598e+06 -75649 
1.53867e+07 -3.90098e+06 9.79721e+06 -338679 -2.0683e+06 -63843 
1.53517e+07 -3.96081e+06 9.73799e+06 -344069 -2.07725e+06 -62868 
1.53687e+07 -3.97818e+06 9.62613e+06 -343435 -2.04632e+06 -72162 
1.53871e+07 -3.98952e+06 9.65656e+06 -345034 -2.05412e+06 -72038 
1.53304e+07 -3.9275e+06 9.77021e+06 -351717 -2.0614e+06 -68323 
1.5337e+07 -3.92651e+06 9.71538e+06 -356682 -2.05597e+06 -72877 
1.53332e+07 -3.95218e+06 9.77493e+06 -356864 -2.04449e+06 -71764 
1.53677e+07 -3.96651e+06 9.69262e+06 -335047 -2.0751e+06 -63870 
1.54228e+07 -3.95988e+06 9.77648e+06 -340735 -2.07088e+06 -63039 
1.5386e+07 -3.97013e+06 9.71564e+06 -344323 -2.07983e+06 -63057 
1.53263e+07 -4.00963e+06 9.82018e+06 -346408 -2.04033e+06 -72085 
1.53479e+07 -3.98186e+06 9.69443e+06 -347037 -2.0459e+06 -69976 
1.53474e+07 -3.94648e+06 9.71279e+06 -354606 -2.06058e+06 -66435 
1.52441e+07 -3.9405e+06 9.64131e+06 -358404 -2.0448e+06 -71123 
1.5328e+07 -3.91772e+06 9.73019e+06 -352949 -2.04968e+06 -73754 
1.53854e+07 -3.99386e+06 9.67546e+06 -338513 -2.07315e+06 -63370 
1.53778e+07 -3.9536e+06 9.75926e+06 -339523 -2.06476e+06 -63426 
1.53569e+07 -3.89001e+06 9.65504e+06 -334879 -2.07549e+06 -61349 
1.53222e+07 -4.06751e+06 9.64571e+06 -356956 -2.03758e+06 -72086 
1.5355e+07 -3.99277e+06 9.73798e+06 -348299 -2.04506e+06 -72232 
1.53532e+07 -3.91766e+06 9.79079e+06 -347147 -2.06565e+06 -65490 
1.52962e+07 -3.89989e+06 9.60726e+06 -354278 -2.05689e+06 -70810 
1.5338e+07 -3.95497e+06 9.7788e+06 -335578 -2.04969e+06 -67660 
1.53369e+07 -3.98054e+06 9.72441e+06 -335746 -2.06587e+06 -65460 
1.5387e+07 -4.01552e+06 9.83154e+06 -343857 -2.06498e+06 -63833 
1.52886e+07 -3.92412e+06 9.67204e+06 -354530 -2.04155e+06 -74310 
1.53101e+07 -3.96269e+06 9.69232e+06 -348506 -2.03882e+06 -74374 
1.53789e+07 -3.98175e+06 9.7046e+06 -354062 -2.04685e+06 -72918 
1.53895e+07 -3.96913e+06 9.75589e+06 -346451 -2.0742e+06 -62501 
1.53275e+07 -3.96394e+06 9.6687e+06 -355578 -2.06647e+06 -67667 
1.53509e+07 -4.01191e+06 9.86443e+06 -345076 -2.04124e+06 -70645 
1.54005e+07 -4.00961e+06 9.70182e+06 -340128 -2.06064e+06 -68714 
1.53647e+07 -4.00667e+06 9.82536e+06 -343589 -2.05355e+06 -67326 
1.53568e+07 -3.99724e+06 9.81425e+06 -332524 -2.0604e+06 -65728 
1.53392e+07 -3.92004e+06 9.62731e+06 -352642 -2.05081e+06 -72625 
1.52809e+07 -3.8541e+06 9.56312e+06 -348242 -2.03832e+06 -73155 
1.52777e+07 -3.95242e+06 9.65389e+06 -349862 -2.03289e+06 -73936 
1.53729e+07 -3.98214e+06 9.78099e+06 -348558 -2.0708e+06 -65183 
1.53897e+07 -3.97472e+06 9.89196e+06 -349687 -2.076e+06 -63230 
1.53609e+07 -3.95785e+06 9.73034e+06 -350023 -2.07044e+06 -67741 
1.53772e+07 -3.98796e+06 9.76467e+06 -343464 -2.04738e+06 -70710 
1.53568e+07 -4.05084e+06 9.77854e+06 -340865 -2.05942e+06 -67368 
1.5334e+07 -3.8439e+06 9.63748e+06 -346486 -2.05888e+06 -70300 
1.53396e+07 -3.90551e+06 9.68996e+06 -357857 -2.05152e+06 -70623 
1.53051e+07 -3.92136e+06 9.64159e+06 -351768 -2.04456e+06 -72798 
1.53583e+07 -3.9934e+06 9.76429e+06 -340607 -2.06706e+06 -65648 
1.53677e+07 -3.92363e+06 9.84575e+06 -333544 -2.0678e+06 -61697 
1.53584e+07 -3.96676e+06 9.76528e+06 -343827 -2.07107e+06 -65277 
1.53256e+07 -3.90039e+06 9.77334e+06 -344966 -2.06295e+06 -64766 
1.53566e+07 -4.02949e+06 9.74188e+06 -344189 -2.0482e+06 -69173 
1.53736e+07 -4.03969e+06 9.79248e+06 -340858 -2.051e+06 -67935 
1.52928e+07 -3.87941e+06 9.71712e+06 -351376 -2.04819e+06 -71596 
1.53091e+07 -3.90778e+06 9.66807e+06 -349878 -2.04533e+06 -69673 
1.53037e+07 -3.97134e+06 9.72213e+06 -361005 -2.03521e+06 -74888 
1.54203e+07 -3.97104e+06 9.8411e+06 -341017 -2.07214e+06 -62386 
1.53606e+07 -4.00854e+06 9.7574e+06 -343433 -2.07134e+06 -63650 
1.53691e+07 -4.04186e+06 9.73854e+06 -354521 -2.03887e+06 -72387 
1.53988e+07 -4.00647e+06 9.7461e+06 -344529 -2.04987e+06 -68787 
1.53679e+07 -4.06818e+06 9.86658e+06 -345046 -2.04816e+06 -71453 
1.52961e+07 -3.90288e+06 9.73366e+06 -354844 -2.05147e+06 -69526 
1.53064e+07 -3.92368e+06 9.70629e+06 -349527 -2.04998e+06 -71241 
1.53342e+07 -3.9429e+06 9.76028e+06 -355910 -2.04142e+06 -73872 
1.53146e+07 -3.95234e+06 9.65644e+06 -354448 -2.04633e+06 -71545 
1.53904e+07 -4.00049e+06 9.76738e+06 -338807 -2.07483e+06 -63622 
1.53396e+07 -3.89705e+06 9.7926e+06 -339313 -2.06649e+06 -63316 
1.5346e+07 -3.89178e+06 9.6831e+06 -339989 -2.06787e+06 -63867 
1.53091e+07 -4.04719e+06 9.89416e+06 -348362 -2.038e+06 -70348 
1.5347e+07 -3.96423e+06 9.76388e+06 -335977 -2.0465e+06 -66600 
1.53881e+07 -4.03269e+06 9.82611e+06 -340782 -2.06333e+06 -66404 
1.53405e+07 -3.96e+06 9.77358e+06 -334373 -2.05891e+06 -62915 
1.52972e+07 -3.93999e+06 9.61861e+06 -352336 -2.04258e+06 -72960 
1.53274e+07 -3.95435e+06 9.6579e+06 -350381 -2.03361e+06 -74883 
1.53323e+07 -3.96168e+06 9.66459e+06 -344743 -2.04111e+06 -70975 
1.52798e+07 -3.99913e+06 9.82878e+06 -339189 -2.03156e+06 -70249 
1.53589e+07 -3.93154e+06 9.75246e+06 -353265 -2.06028e+06 -69072 
1.53391e+07 -3.9167e+06 9.70139e+06 -347723 -2.05021e+06 -71078 
1.53493e+07 -3.99699e+06 9.70762e+06 -362887 -2.04262e+06 -74389 
1.54293e+07 -4.00039e+06 9.77003e+06 -335195 -2.06544e+06 -63416 
1.5325e+07 -3.97484e+06 9.78246e+06 -334127 -2.0645e+06 -64839 
1.53807e+07 -3.98547e+06 9.76127e+06 -346783 -2.06641e+06 -64423 
1.53432e+07 -3.95774e+06 9.75586e+06 -344140 -2.04079e+06 -70977 
1.53241e+07 -4.00684e+06 9.88819e+06 -342390 -2.03734e+06 -72342 
1.53978e+07 -3.95129e+06 9.75316e+06 -356263 -2.06415e+06 -68370 
1.52836e+07 -3.93706e+06 9.69754e+06 -350929 -2.05238e+06 -68933 
1.53211e+07 -3.93183e+06 9.66754e+06 -355110 -2.04826e+06 -71598 
1.53188e+07 -3.93828e+06 9.69964e+06 -355894 -2.04724e+06 -70802 
1.53801e+07 -4.04849e+06 9.78217e+06 -338088 -2.06915e+06 -63477 
1.54047e+07 -3.95463e+06 9.77145e+06 -338451 -2.06708e+06 -62960 
1.53748e+07 -3.95982e+06 9.78954e+06 -337015 -2.07062e+06 -62803 
1.53453e+07 -4.00853e+06 9.67146e+06 -350368 -2.03895e+06 -72876 
1.53688e+07 -3.96362e+06 9.74047e+06 -342067 -2.03918e+06 -73059 
1.53631e+07 -3.93539e+06 9.64958e+06 -344345 -2.06775e+06 -64546 
1.53175e+07 -3.92331e+06 9.73886e+06 -345397 -2.05783e+06 -67868 
1.53399e+07 -3.96978e+06 9.82167e+06 -357188 -2.0572e+06 -68421 
1.53732e+07 -4.01977e+06 9.76868e+06 -331555 -2.05605e+06 -66725 
1.53517e+07 -4.01449e+06 9.90592e+06 -336053 -2.05435e+06 -65526 
1.53505e+07 -4.06402e+06 9.85639e+06 -338642 -2.06271e+06 -62958 
1.53242e+07 -3.90896e+06 9.64665e+06 -345116 -2.04017e+06 -72746 
1.53212e+07 -4.0476e+06 9.76185e+06 -360600 -2.03381e+06 -73546 
1.53339e+07 -3.96852e+06 9.82562e+06 -337561 -2.06611e+06 -61706 
1.53217e+07 -3.92777e+06 9.72703e+06 -337157 -2.06228e+06 -65465 
1.53136e+07 -3.95165e+06 9.82167e+06 -349703 -2.06279e+06 -66371 
1.53496e+07 -3.96537e+06 9.59832e+06 -333185 -2.0488e+06 -69973 
1.53158e+07 -3.97102e+06 9.7921e+06 -336524 -2.04387e+06 -68731 
1.53568e+07 -4.02422e+06 9.83012e+06 -334162 -2.05886e+06 -64364 
1.52704e+07 -3.9609e+06 9.58536e+06 -356161 -2.0405e+06 -72108 
1.52907e+07 -3.94278e+06 9.69745e+06 -354327 -2.03273e+06 -74901 
1.537e+07 -3.91585e+06 9.84674e+06 -331682 -2.06808e+06 -63045 
1.5339e+07 -3.99179e+06 9.64466e+06 -345730 -2.06778e+06 -65158 
1.53827e+07 -3.92051e+06 9.74885e+06 -347714 -2.06718e+06 -65127 
1.5287e+07 -3.94566e+06 9.77695e+06 -347247 -2.0564e+06 -67709 
1.53002e+07 -4.058e+06 9.85569e+06 -343790 -2.03722e+06 -69863 
1.54332e+07 -3.95805e+06 9.72439e+06 -330410 -2.06171e+06 -66975 
1.53916e+07 -3.94521e+06 9.70041e+06 -328613 -2.06365e+06 -67311 
1.52964e+07 -3.87378e+06 9.68536e+06 -348700 -2.03489e+06 -74634 
1.53278e+07 -3.95702e+06 9.59286e+06 -350748 -2.04537e+06 -71991 
1.5293e+07 -3.96795e+06 9.81547e+06 -347317 -2.02632e+06 -74042 
1.5418e+07 -3.94209e+06 9.77507e+06 -342666 -2.07202e+06 -64074 
1.53928e+07 -3.9676e+06 9.87955e+06 -343942 -2.06973e+06 -64918 
1.53418e+07 -3.94182e+06 9.83362e+06 -355478 -2.05389e+06 -69948 
1.54446e+07 -3.97171e+06 9.78166e+06 -331640 -2.05575e+06 -66471 
1.53385e+07 -3.98164e+06 9.73855e+06 -329352 -2.0572e+06 -67380 
1.53122e+07 -3.89726e+06 9.69989e+06 -350232 -2.03265e+06 -74129 
1.53251e+07 -3.95586e+06 9.74188e+06 -352066 -2.0432e+06 -71941 
1.53334e+07 -3.9717e+06 9.69945e+06 -349965 -2.03397e+06 -74560 
1.53666e+07 -3.96337e+06 9.9182e+06 -346980 -2.06645e+06 -63976 
1.53485e+07 -3.96328e+06 9.81546e+06 -344490 -2.06391e+06 -67080 
1.53643e+07 -3.91214e+06 9.75648e+06 -348272 -2.06222e+06 -69579 
1.53152e+07 -3.9451e+06 9.66103e+06 -352534 -2.05414e+06 -69371 
1.53836e+07 -3.99272e+06 9.69067e+06 -334082 -2.05833e+06 -66539 
1.54083e+07 -3.99375e+06 9.78162e+06 -338318 -2.06565e+06 -63070 
1.53719e+07 -3.90615e+06 9.67006e+06 -325785 -2.06526e+06 -62296 
1.53899e+07 -4.0301e+06 9.90622e+06 -347007 -2.06842e+06 -64413 
1.53332e+07 -3.96275e+06 9.69355e+06 -344833 -2.03737e+06 -72913 
1.53548e+07 -3.99716e+06 9.68958e+06 -340746 -2.03927e+06 -70986 
1.53466e+07 -3.91249e+06 9.69937e+06 -347012 -2.05653e+06 -68762 
1.53169e+07 -3.92649e+06 9.82722e+06 -349263 -2.05372e+06 -68164 
1.53187e+07 -3.92566e+06 9.60962e+06 -354044 -2.04408e+06 -72310 
1.53657e+07 -4.0528e+06 9.792e+06 -342822 -2.05246e+06 -64162 
1.52993e+07 -4.02015e+06 9.75778e+06 -334961 -2.06284e+06 -64650 
1.54087e+07 -3.95452e+06 9.82043e+06 -338206 -2.06548e+06 -63062 
1.53872e+07 -3.94033e+06 9.65033e+06 -347325 -2.04078e+06 -72775 
1.53556e+07 -4.02622e+06 9.69445e+06 -343930 -2.03905e+06 -71923 
1.53573e+07 -3.91581e+06 9.71071e+06 -331768 -2.03993e+06 -70778 
1.54388e+07 -3.92351e+06 9.78608e+06 -346914 -2.06641e+06 -65612 
1.52871e+07 -3.87265e+06 9.5744e+06 -344361 -2.04823e+06 -72347 
1.53586e+07 -3.98934e+06 9.8954e+06 -332927 -2.04795e+06 -65536 
1.5372e+07 -4.02845e+06 9.77631e+06 -336127 -2.06736e+06 -63026 
1.53934e+07 -4.01154e+06 9.82823e+06 -342825 -2.06496e+06 -65284 
1.53651e+07 -3.98274e+06 9.77377e+06 -349701 -2.04061e+06 -72857 
1.53573e+07 -4.02295e+06 9.78359e+06 -340511 -2.03853e+06 -71843 
1.53974e+07 -4.04895e+06 9.80032e+06 -343390 -2.049e+06 -68864 
1.54113e+07 -3.96032e+06 9.7051e+06 -353740 -2.06052e+06 -68016 
1.53558e+07 -3.91908e+06 9.65389e+06 -349593 -2.05064e+06 -73088 
1.54197e+07 -4.05246e+06 9.89917e+06 -340290 -2.05771e+06 -64871 
1.53055e+07 -3.96453e+06 9.88186e+06 -329389 -2.06077e+06 -63545 
1.53887e+07 -4.0525e+06 9.86334e+06 -347481 -2.06697e+06 -64360 
1.5447e+07 -3.97025e+06 9.7873e+06 -338001 -2.0776e+06 -63578 
1.53072e+07 -3.93044e+06 9.61349e+06 -337438 -2.03519e+06 -73030 
1.53927e+07 -4.0313e+06 9.75905e+06 -343007 -2.04524e+06 -69486 
1.53919e+07 -4.0701e+06 9.75818e+06 -342099 -2.057e+06 -67370 
1.53499e+07 -3.91514e+06 9.64465e+06 -353712 -2.04707e+06 -71336 
1.53355e+07 -3.92705e+06 9.78604e+06 -351816 -2.04669e+06 -71236 
1.53886e+07 -4.04064e+06 9.78971e+06 -337615 -2.06915e+06 -63892 
1.53894e+07 -4.00006e+06 9.85151e+06 -341957 -2.06569e+06 -64251 
1.54232e+07 -4.02216e+06 9.88263e+06 -341495 -2.07528e+06 -62716 
1.53433e+07 -4.02585e+06 9.75986e+06 -345264 -2.03827e+06 -72846 
1.53906e+07 -4.00738e+06 9.76776e+06 -342042 -2.0433e+06 -70916 
1.53648e+07 -4.08643e+06 9.76184e+06 -348577 -2.05196e+06 -66913 
1.53601e+07 -3.8951e+06 9.6751e+06 -349450 -2.05808e+06 -70551 
1.53578e+07 -3.89263e+06 9.68062e+06 -351612 -2.0583e+06 -69178 
1.52834e+07 -3.92807e+06 9.64282e+06 -353029 -2.03417e+06 -74627 
1.53892e+07 -3.98178e+06 9.88934e+06 -338587 -2.06312e+06 -62955 
1.53769e+07 -3.99265e+06 9.79154e+06 -336830 -2.07124e+06 -61846 
1.53164e+07 -4.02106e+06 9.71192e+06 -354852 -2.03431e+06 -73979 
1.53768e+07 -4.01318e+06 9.76744e+06 -345193 -2.03891e+06 -72697 
1.53733e+07 -3.9413e+06 9.80538e+06 -345205 -2.06821e+06 -63934 
1.53382e+07 -3.92828e+06 9.79282e+06 -348547 -2.05683e+06 -69401 
1.53795e+07 -3.92434e+06 9.69495e+06 -351473 -2.05622e+06 -68170 
1.53592e+07 -4.04478e+06 9.81207e+06 -333673 -2.05902e+06 -66395 
1.54344e+07 -3.97832e+06 9.86016e+06 -335659 -2.0619e+06 -64332 
1.54086e+07 -4.02735e+06 9.80954e+06 -337487 -2.07568e+06 -64428 
1.53585e+07 -3.95841e+06 9.82667e+06 -342297 -2.06243e+06 -63903 
1.52915e+07 -4.02374e+06 9.7003e+06 -348736 -2.03376e+06 -73052 
1.52926e+07 -3.96602e+06 9.65996e+06 -334272 -2.03555e+06 -71164 
1.53342e+07 -4.03524e+06 9.77023e+06 -345725 -2.04191e+06 -68969 
1.53538e+07 -3.96629e+06 9.75412e+06 -357727 -2.05745e+06 -67822 
1.53065e+07 -3.92397e+06 9.57459e+06 -356216 -2.0446e+06 -72432 
1.53217e+07 -3.9659e+06 9.68985e+06 -357988 -2.04612e+06 -71972 
1.53625e+07 -4.03995e+06 9.85673e+06 -339842 -2.06961e+06 -64067 
1.53925e+07 -3.94908e+06 9.7276e+06 -339718 -2.06786e+06 -64329 
1.53443e+07 -3.95658e+06 9.72258e+06 -347969 -2.0411e+06 -73739 
1.5353e+07 -4.04793e+06 9.80686e+06 -347299 -2.0412e+06 -72052 
1.53842e+07 -4.02946e+06 9.77239e+06 -344749 -2.04364e+06 -70228 
1.53531e+07 -3.94322e+06 9.83491e+06 -352047 -2.05968e+06 -67402 
1.53124e+07 -3.95114e+06 9.67894e+06 -354954 -2.04647e+06 -71066 
1.53193e+07 -3.96838e+06 9.71157e+06 -357225 -2.04433e+06 -71167 
1.53171e+07 -3.92317e+06 9.59371e+06 -347203 -2.03919e+06 -73926 
1.54022e+07 -4.02244e+06 9.803e+06 -341116 -2.06749e+06 -64607 
1.53556e+07 -3.92058e+06 9.8557e+06 -333886 -2.06729e+06 -62159 
1.53457e+07 -4.00348e+06 9.7358e+06 -342432 -2.04258e+06 -72781 
1.53327e+07 -3.99367e+06 9.72319e+06 -341375 -2.03864e+06 -72256 
1.53696e+07 -3.99276e+06 9.6539e+06 -335389 -2.05606e+06 -67378 
1.53276e+07 -3.90707e+06 9.6296e+06 -349785 -2.05741e+06 -70766 
1.53184e+07 -3.89869e+06 9.66089e+06 -354216 -2.04412e+06 -71395 
1.52767e+07 -3.92302e+06 9.56834e+06 -352854 -2.0446e+06 -73506 
1.53319e+07 -3.98613e+06 9.7333e+06 -337085 -2.06103e+06 -67330 
1.53595e+07 -4.00432e+06 9.81686e+06 -341211 -2.06618e+06 -63842 
1.52928e+07 -3.97773e+06 9.61198e+06 -340478 -2.06273e+06 -65008 
1.52928e+07 -3.94654e+06 9.60366e+06 -354684 -2.0334e+06 -75204 
1.53638e+07 -3.99329e+06 9.68045e+06 -352111 -2.04473e+06 -71963 
1.53404e+07 -4.03149e+06 9.77803e+06 -345363 -2.07186e+06 -63419 
1.53461e+07 -3.88995e+06 9.80374e+06 -342494 -2.06575e+06 -64618 
1.53955e+07 -4.00023e+06 9.72382e+06 -351812 -2.07575e+06 -65948 
1.53217e+07 -3.99394e+06 9.69333e+06 -342950 -2.03969e+06 -73521 
1.53659e+07 -4.01147e+06 9.76805e+06 -341893 -2.05048e+06 -69869 
1.52832e+07 -3.89147e+06 9.6204e+06 -348382 -2.05641e+06 -68671 
1.52752e+07 -3.92741e+06 9.6285e+06 -357064 -2.04848e+06 -73128 
1.53287e+07 -3.9243e+06 9.79385e+06 -355295 -2.05049e+06 -69119 
1.5269e+07 -3.86748e+06 9.61162e+06 -348817 -2.04132e+06 -74073 
1.53809e+07 -3.97206e+06 9.83342e+06 -337061 -2.06188e+06 -65553 
1.53231e+07 -4.01991e+06 9.81236e+06 -340291 -2.06979e+06 -64656 
1.53838e+07 -3.99262e+06 9.84275e+06 -341189 -2.06886e+06 -64678 
1.53954e+07 -3.9591e+06 9.7602e+06 -345299 -2.07947e+06 -62060 
