0.250735 -0.796157 1.95245 -0.0717952 -0.406261 -0.0147844 
0.512586 -1.5816 3.87938 -0.139675 -0.818667 -0.0276848 
0.786729 -2.38206 5.86093 -0.210531 -1.23233 -0.0407756 
1.06289 -3.17334 7.8061 -0.280772 -1.64481 -0.0545618 
1.32318 -3.95677 9.74432 -0.351992 -2.05382 -0.068955 
1.34962 -3.95958 9.7781 -0.346573 -2.05926 -0.067043 
1.35675 -3.98926 9.81384 -0.347219 -2.05901 -0.0669652 
1.33901 -3.9804 9.7782 -0.346517 -2.05117 -0.068786 
1.32559 -3.98656 9.78779 -0.345314 -2.04656 -0.069675 
1.34492 -4.00532 9.802 -0.343291 -2.05262 -0.0679984 
1.33555 -3.99263 9.76182 -0.347079 -2.05227 -0.0687084 
1.34015 -3.98233 9.74642 -0.346996 -2.04989 -0.0695372 
1.36396 -4.0065 9.76143 -0.344547 -2.05521 -0.068066 
1.37745 -4.00583 9.76801 -0.342334 -2.05871 -0.0665212 
1.36099 -3.98395 9.76745 -0.342193 -2.05172 -0.0682334 
1.34315 -3.98134 9.76984 -0.341062 -2.04617 -0.0697178 
1.3499 -3.97907 9.79553 -0.341641 -2.04929 -0.068889 
1.35714 -3.97076 9.79959 -0.343849 -2.05408 -0.0679708 
1.35081 -3.98005 9.7856 -0.345772 -2.0506 -0.0691636 
1.36551 -4.00322 9.78029 -0.345101 -2.05232 -0.068669 
1.38865 -4.03513 9.81508 -0.343923 -2.05692 -0.0670342 
1.36502 -4.02311 9.78631 -0.345652 -2.05268 -0.068794 
1.3509 -3.99732 9.77401 -0.345901 -2.04551 -0.0707576 
1.35075 -3.99589 9.78778 -0.344937 -2.05101 -0.0689632 
1.35661 -3.97831 9.81528 -0.344086 -2.05478 -0.0679574 
1.36059 -3.96175 9.7778 -0.345528 -2.05259 -0.0690818 
1.38171 -3.96972 9.78673 -0.341899 -2.05305 -0.0683102 
1.39138 -3.98417 9.7838 -0.338232 -2.05538 -0.0675864 
1.37921 -3.97223 9.77126 -0.341832 -2.05 -0.0692794 
1.35737 -3.97706 9.71627 -0.344514 -2.04432 -0.071256 
1.36419 -3.98532 9.75635 -0.343572 -2.04933 -0.0696478 
1.36493 -3.97676 9.76543 -0.344417 -2.05533 -0.0685628 
1.35985 -3.99949 9.78393 -0.347744 -2.05337 -0.0689774 
1.37749 -4.0186 9.79611 -0.345694 -2.05498 -0.0688038 
1.40642 -4.04002 9.83509 -0.343133 -2.0605 -0.0666878 
1.39132 -4.02722 9.77289 -0.345872 -2.05817 -0.0681378 
1.38402 -4.02937 9.7463 -0.349032 -2.05148 -0.070083 
1.38388 -4.0053 9.74179 -0.345993 -2.05664 -0.0684266 
1.38387 -3.99562 9.75443 -0.345373 -2.06 -0.0673624 
1.35427 -3.97023 9.73561 -0.346711 -2.05298 -0.069389 
1.34508 -3.98835 9.76657 -0.344116 -2.04957 -0.0691822 
1.35797 -3.99787 9.78781 -0.340848 -2.05154 -0.0685952 
1.34782 -3.98598 9.76945 -0.344714 -2.04724 -0.0700616 
1.34573 -3.98718 9.7498 -0.348102 -2.04428 -0.0714744 
1.35743 -4.01301 9.77806 -0.347502 -2.04959 -0.0696182 
1.3627 -3.99284 9.7782 -0.346902 -2.05525 -0.0679512 
1.34374 -3.98629 9.75666 -0.348743 -2.0529 -0.0686488 
1.33807 -3.99398 9.7234 -0.348171 -2.05028 -0.0694948 
1.32896 -3.97385 9.71177 -0.346003 -2.05259 -0.0682616 
1.32128 -3.94376 9.65717 -0.348473 -2.05319 -0.0687664 
1.32643 -3.94126 9.63309 -0.347006 -2.05081 -0.070005 
1.32727 -3.93077 9.65158 -0.343721 -2.05507 -0.068012 
1.34549 -3.94139 9.70861 -0.34136 -2.06165 -0.0661298 
1.34587 -3.95287 9.70753 -0.343108 -2.05747 -0.0679828 
1.35329 -3.95834 9.72625 -0.341706 -2.05463 -0.0689618 
1.36261 -3.96612 9.75087 -0.344548 -2.05916 -0.068135 
1.3613 -3.97494 9.76013 -0.349134 -2.05928 -0.0687064 
1.35649 -3.98115 9.74679 -0.350848 -2.0564 -0.0693382 
1.36578 -3.98923 9.75248 -0.346413 -2.05998 -0.0679586 
1.36577 -4.00639 9.80403 -0.345259 -2.06373 -0.066304 
1.33543 -3.98218 9.76707 -0.345146 -2.0562 -0.0680342 
1.33315 -3.98145 9.7544 -0.344856 -2.05127 -0.069666 
1.33428 -3.96584 9.74589 -0.344446 -2.05491 -0.0689728 
1.33327 -3.95132 9.75577 -0.347193 -2.05735 -0.0682272 
1.33015 -3.95033 9.71938 -0.347895 -2.05387 -0.0695124 
1.36348 -3.97067 9.76488 -0.346191 -2.05903 -0.0681144 
1.35124 -3.96721 9.75028 -0.346922 -2.06199 -0.0675714 
1.33543 -3.95343 9.73771 -0.348663 -2.05437 -0.0695984 
1.3248 -3.95717 9.71024 -0.34868 -2.04903 -0.0713426 
1.31165 -3.95142 9.71139 -0.348823 -2.05251 -0.0697386 
1.30015 -3.9455 9.70441 -0.35199 -2.05242 -0.0696408 
1.3237 -3.96891 9.74313 -0.349834 -2.05199 -0.0687218 
1.33008 -3.99436 9.75525 -0.34683 -2.05584 -0.0677524 
1.33334 -3.98151 9.76722 -0.347675 -2.05623 -0.0673418 
1.34656 -3.98955 9.75512 -0.350916 -2.05289 -0.0692892 
1.33633 -3.9825 9.72899 -0.349826 -2.04665 -0.0710382 
1.33343 -3.94931 9.70942 -0.347412 -2.04976 -0.070337 
1.34532 -3.95514 9.73652 -0.350451 -2.05278 -0.0691186 
1.3377 -3.97034 9.73654 -0.346882 -2.0511 -0.069478 
1.3493 -3.96194 9.76837 -0.341685 -2.05132 -0.0685134 
1.37001 -3.98777 9.77622 -0.339147 -2.05781 -0.0671698 
1.3649 -3.99622 9.78103 -0.342754 -2.05242 -0.0691816 
1.34656 -3.97588 9.73864 -0.341777 -2.04614 -0.0710948 
1.36752 -3.99184 9.77382 -0.343042 -2.05299 -0.0690948 
1.36006 -3.9871 9.75809 -0.345895 -2.05607 -0.0687634 
1.34131 -3.97338 9.76433 -0.346489 -2.05089 -0.0692034 
1.34542 -3.98749 9.74532 -0.343267 -2.05297 -0.0683164 
1.33695 -3.9889 9.75131 -0.345077 -2.05378 -0.0683126 
1.32607 -3.96827 9.70075 -0.347266 -2.04907 -0.0699928 
1.32242 -3.97261 9.69504 -0.344391 -2.04927 -0.0697328 
1.33948 -3.97298 9.71038 -0.345689 -2.05526 -0.0684002 
1.32805 -3.94537 9.71275 -0.345214 -2.05777 -0.0673582 
1.34179 -3.95054 9.73456 -0.341421 -2.05688 -0.0671658 
1.34459 -3.96016 9.77063 -0.337903 -2.05793 -0.0663742 
1.33659 -3.94851 9.77846 -0.341311 -2.05527 -0.0676212 
1.32859 -3.94839 9.76007 -0.344869 -2.05039 -0.0699024 
1.33968 -3.96893 9.73862 -0.349157 -2.04842 -0.0715812 
1.34217 -3.96663 9.7112 -0.351552 -2.04852 -0.0719256 
1.33768 -3.95741 9.71426 -0.354873 -2.05031 -0.0715062 
1.34684 -3.97185 9.73987 -0.355809 -2.05348 -0.0707376 
1.33774 -3.95994 9.72457 -0.354933 -2.05495 -0.0701986 
1.3396 -3.95667 9.73017 -0.354788 -2.05464 -0.0700248 
1.32585 -3.94872 9.7272 -0.355527 -2.05373 -0.0702472 
1.32423 -3.94677 9.69588 -0.354335 -2.05053 -0.0714532 
1.32388 -3.94728 9.65024 -0.352772 -2.04476 -0.072626 
1.3415 -3.95469 9.66574 -0.348872 -2.04568 -0.0719682 
1.33914 -3.96734 9.70821 -0.346037 -2.04627 -0.0711324 
1.35877 -3.98379 9.73845 -0.343267 -2.05265 -0.068893 
1.35452 -3.98936 9.74759 -0.345945 -2.05261 -0.0688664 
1.33583 -3.97138 9.74393 -0.345589 -2.05126 -0.069632 
1.31238 -3.97434 9.73604 -0.348646 -2.0469 -0.0702808 
1.32131 -3.96966 9.73198 -0.34956 -2.05138 -0.0694892 
1.31714 -3.9681 9.75124 -0.352691 -2.05034 -0.0701486 
1.32775 -3.97426 9.7414 -0.351737 -2.05291 -0.0694098 
1.35959 -4.0086 9.76805 -0.350582 -2.05753 -0.0675318 
1.37512 -4.01964 9.79417 -0.347349 -2.06141 -0.0660454 
1.36404 -4.00197 9.77432 -0.348457 -2.05486 -0.067508 
1.36178 -3.99543 9.72928 -0.347101 -2.05066 -0.069094 
1.35415 -3.98921 9.74558 -0.345724 -2.0452 -0.0703042 
1.34249 -3.97623 9.74243 -0.346963 -2.04798 -0.0696938 
1.34148 -3.96441 9.72913 -0.349046 -2.04909 -0.0702566 
1.34458 -3.97817 9.74411 -0.350332 -2.05045 -0.0697658 
1.35378 -3.9919 9.77967 -0.347382 -2.05447 -0.0676732 
1.37321 -4.00795 9.79806 -0.345318 -2.06033 -0.066248 
1.38284 -4.0104 9.81074 -0.343929 -2.06108 -0.0660002 
1.37906 -4.01591 9.81884 -0.343246 -2.06192 -0.0655814 
1.37362 -4.0074 9.79283 -0.340096 -2.05883 -0.0667 
1.36061 -4.01123 9.7822 -0.341513 -2.05521 -0.067432 
1.33422 -4.00205 9.73939 -0.346115 -2.0532 -0.0683302 
1.31717 -3.97919 9.70919 -0.348678 -2.04616 -0.0702288 
1.31715 -3.99054 9.70971 -0.350965 -2.04161 -0.071994 
1.31483 -4.0083 9.72822 -0.354139 -2.04106 -0.0721004 
1.31156 -3.98484 9.71324 -0.35448 -2.04539 -0.0714266 
1.32061 -3.97563 9.73584 -0.351706 -2.04734 -0.0704256 
1.32498 -3.9778 9.75011 -0.351215 -2.04967 -0.0698086 
1.34144 -3.97161 9.74786 -0.346771 -2.05346 -0.0681484 
1.35233 -3.97165 9.75587 -0.342746 -2.05804 -0.0666112 
1.37321 -3.99871 9.77619 -0.34313 -2.06042 -0.0661212 
1.36995 -4.00851 9.77485 -0.344066 -2.0558 -0.0676102 
1.3683 -4.01084 9.75705 -0.342823 -2.05286 -0.0688362 
1.35312 -4.01756 9.7615 -0.344575 -2.04919 -0.0697028 
1.34077 -4.0029 9.74246 -0.346991 -2.04952 -0.0701758 
1.32296 -3.96829 9.72925 -0.348157 -2.0439 -0.0716072 
1.33838 -3.96806 9.73454 -0.344492 -2.04928 -0.069745 
1.34329 -3.97999 9.75857 -0.342944 -2.0538 -0.0678516 
1.35293 -3.96227 9.75188 -0.342413 -2.06045 -0.0665232 
1.35707 -3.95476 9.74253 -0.340501 -2.06178 -0.0655724 
1.36762 -3.9738 9.74233 -0.339347 -2.06077 -0.066129 
1.36466 -3.97364 9.76082 -0.340012 -2.05721 -0.0669814 
1.35824 -3.98579 9.74895 -0.341243 -2.05617 -0.0674668 
1.34541 -3.98364 9.74396 -0.344865 -2.04871 -0.0693928 
1.33753 -3.99563 9.74396 -0.347613 -2.04414 -0.0711716 
1.33431 -3.98927 9.7377 -0.345596 -2.04933 -0.0694426 
1.32925 -3.97106 9.71053 -0.346728 -2.0529 -0.0687194 
1.3366 -3.95923 9.73239 -0.348495 -2.05519 -0.0683032 
1.34363 -3.95274 9.72347 -0.348049 -2.05796 -0.0682026 
1.37067 -3.96248 9.76414 -0.344828 -2.06199 -0.066629 
1.37564 -3.97143 9.77139 -0.344736 -2.06207 -0.0665656 
1.38806 -3.98481 9.79758 -0.344246 -2.06254 -0.0664266 
1.38531 -3.97987 9.77813 -0.343474 -2.05818 -0.0679134 
1.38174 -4.00165 9.76717 -0.340944 -2.05571 -0.067922 
1.3614 -4.00445 9.76002 -0.341959 -2.05247 -0.0681994 
1.35178 -3.98319 9.73002 -0.345038 -2.04936 -0.069495 
1.32371 -3.96765 9.68609 -0.347737 -2.04351 -0.0714258 
1.31341 -3.96116 9.67399 -0.348422 -2.04232 -0.0712268 
1.30158 -3.9423 9.67815 -0.348145 -2.04078 -0.0718442 
1.2958 -3.92598 9.68369 -0.348306 -2.04335 -0.071428 
1.30557 -3.936 9.70527 -0.347986 -2.04668 -0.0706892 
1.31106 -3.93525 9.71966 -0.347438 -2.04833 -0.069585 
1.32763 -3.94213 9.7462 -0.34422 -2.05174 -0.0684606 
1.3562 -3.9518 9.76258 -0.342092 -2.05868 -0.0663626 
1.3732 -3.9518 9.73835 -0.340416 -2.05982 -0.066337 
1.37258 -3.9476 9.74144 -0.337111 -2.06008 -0.0656208 
1.37821 -3.97367 9.73312 -0.336617 -2.05877 -0.0668448 
1.38749 -3.97213 9.71605 -0.338326 -2.05673 -0.0677736 
1.37416 -3.97636 9.71426 -0.338728 -2.05349 -0.068439 
1.36931 -3.98585 9.72034 -0.344135 -2.0511 -0.0695514 
1.36142 -3.99513 9.71138 -0.349803 -2.04704 -0.0714252 
1.35696 -3.98051 9.718 -0.350777 -2.04641 -0.0711078 
1.33709 -3.97634 9.72069 -0.349148 -2.04953 -0.069829 
1.34188 -3.97392 9.73723 -0.350713 -2.05361 -0.0681406 
1.34209 -3.98375 9.71116 -0.348049 -2.05242 -0.0684678 
1.33416 -3.97102 9.71707 -0.34298 -2.04797 -0.0681694 
1.34794 -3.98063 9.7255 -0.338649 -2.05212 -0.0669344 
1.34728 -3.98218 9.71515 -0.34196 -2.0488 -0.06845 
1.3348 -3.98111 9.68488 -0.345052 -2.04268 -0.0711576 
1.33406 -3.96524 9.69529 -0.345006 -2.0418 -0.0712078 
1.34056 -3.97784 9.71845 -0.346723 -2.04895 -0.0702758 
1.35304 -3.96966 9.75203 -0.350208 -2.05181 -0.0699362 
1.35719 -3.98684 9.76505 -0.347671 -2.0527 -0.0693432 
1.3693 -4.00284 9.81709 -0.344774 -2.05437 -0.068334 
1.37647 -4.01592 9.84154 -0.342174 -2.05951 -0.066955 
1.39083 -4.01758 9.8241 -0.340948 -2.05968 -0.0665208 
1.36436 -4.01351 9.77775 -0.341403 -2.05198 -0.0682246 
1.35115 -4.00579 9.77803 -0.341753 -2.04909 -0.0688356 
1.33834 -3.98062 9.72662 -0.342245 -2.05166 -0.0684454 
1.32963 -3.95274 9.71367 -0.344677 -2.04977 -0.0689678 
1.31795 -3.95227 9.71674 -0.347698 -2.04631 -0.0705388 
1.32288 -3.95922 9.73985 -0.348993 -2.04794 -0.0706846 
1.32785 -3.95173 9.72897 -0.350029 -2.0484 -0.0707894 
1.33874 -3.95902 9.75052 -0.349286 -2.04986 -0.0706764 
1.35422 -3.97859 9.77277 -0.349653 -2.05253 -0.0698476 
1.34857 -3.9581 9.75295 -0.347899 -2.05416 -0.0695776 
1.35448 -3.94368 9.7356 -0.346348 -2.05641 -0.068842 
1.36614 -3.947 9.75204 -0.343216 -2.0615 -0.0669832 
1.36487 -3.95669 9.76069 -0.342404 -2.06025 -0.0665822 
1.36146 -3.94482 9.75427 -0.339358 -2.06074 -0.0663526 
1.36319 -3.96869 9.78256 -0.340786 -2.06256 -0.0656308 
1.3569 -3.98149 9.77836 -0.338822 -2.05931 -0.066329 
1.36304 -3.96996 9.75933 -0.337792 -2.05861 -0.0668368 
1.34369 -3.95554 9.72828 -0.34173 -2.055 -0.06854 
1.33471 -3.95939 9.71193 -0.34639 -2.04918 -0.070351 
1.33064 -3.94891 9.68871 -0.344922 -2.04323 -0.0718752 
1.34634 -3.94384 9.71028 -0.344148 -2.04936 -0.07014 
1.34525 -3.95652 9.74761 -0.348182 -2.05118 -0.0695186 
1.35536 -3.95059 9.7646 -0.346384 -2.05365 -0.0688616 
1.3484 -3.95322 9.76218 -0.341392 -2.05366 -0.0681688 
1.36795 -3.96884 9.77883 -0.340584 -2.06044 -0.0660586 
1.36899 -3.98385 9.77151 -0.342291 -2.06108 -0.0658024 
1.35735 -3.97641 9.73106 -0.34432 -2.05511 -0.0677706 
1.3541 -3.98601 9.72092 -0.343804 -2.05227 -0.0683456 
1.35626 -3.98259 9.73956 -0.34697 -2.05703 -0.0678786 
1.3463 -3.97482 9.73868 -0.351143 -2.05597 -0.0689168 
1.32028 -3.95385 9.71285 -0.353501 -2.05181 -0.0705138 
1.33676 -3.96776 9.74357 -0.350451 -2.058 -0.0687826 
1.3479 -3.95883 9.76911 -0.347997 -2.06395 -0.0669802 
1.35258 -3.94861 9.7578 -0.345043 -2.06402 -0.0668202 
1.3458 -3.94149 9.73838 -0.342591 -2.05812 -0.0678944 
1.3593 -3.95612 9.77254 -0.338998 -2.05784 -0.0672284 
1.34997 -3.92889 9.72689 -0.340092 -2.05703 -0.06809 
1.34191 -3.92139 9.71161 -0.343807 -2.05154 -0.0698752 
1.3295 -3.93581 9.68115 -0.348466 -2.04734 -0.0714554 
1.33077 -3.93469 9.69821 -0.349506 -2.04718 -0.071671 
1.33154 -3.92831 9.69655 -0.350102 -2.05165 -0.0706614 
1.32619 -3.94104 9.71579 -0.349201 -2.05224 -0.069919 
1.32225 -3.95404 9.71398 -0.3499 -2.05486 -0.0687574 
1.33798 -3.96048 9.75311 -0.346597 -2.05546 -0.0680092 
1.3344 -3.97351 9.75208 -0.344135 -2.0581 -0.0668156 
1.32266 -3.99172 9.75939 -0.344855 -2.05431 -0.0673132 
1.32054 -3.99664 9.76836 -0.348272 -2.05235 -0.0687364 
1.32201 -4.00448 9.78649 -0.349785 -2.0494 -0.0701016 
1.31486 -3.99167 9.75824 -0.353184 -2.04954 -0.0704078 
1.33533 -3.98376 9.7641 -0.35109 -2.05401 -0.0692484 
1.347 -3.96869 9.7606 -0.350451 -2.05667 -0.068837 
1.34682 -3.95557 9.76233 -0.34829 -2.05412 -0.0689652 
1.35181 -3.94715 9.75485 -0.345463 -2.054 -0.0694018 
1.35356 -3.94921 9.74763 -0.344751 -2.05295 -0.0696976 
1.34391 -3.94951 9.73358 -0.347394 -2.05417 -0.0697612 
1.34336 -3.95585 9.72824 -0.349962 -2.05515 -0.0702536 
1.34421 -3.95914 9.75078 -0.348993 -2.06005 -0.0684622 
1.34242 -3.94668 9.73225 -0.348221 -2.06466 -0.0666848 
1.34448 -3.94813 9.77055 -0.345749 -2.06402 -0.0667962 
1.33532 -3.95522 9.77709 -0.345628 -2.05853 -0.0680954 
1.3424 -3.96875 9.78558 -0.343641 -2.05372 -0.0690672 
1.35131 -3.96483 9.7547 -0.345225 -2.05274 -0.069908 
1.34963 -3.96892 9.77177 -0.345488 -2.0514 -0.0703576 
1.34445 -3.96071 9.75327 -0.348159 -2.05355 -0.07003 
1.34098 -3.93909 9.74582 -0.348932 -2.05451 -0.0698152 
1.3311 -3.91082 9.71156 -0.351317 -2.05457 -0.0700424 
1.34221 -3.9223 9.73287 -0.348063 -2.05478 -0.0694994 
1.348 -3.94273 9.73341 -0.346088 -2.05629 -0.0687682 
1.33746 -3.93668 9.70181 -0.345514 -2.05327 -0.069465 
1.34134 -3.94699 9.7309 -0.346644 -2.0512 -0.0702314 
1.32999 -3.9409 9.7392 -0.344365 -2.04915 -0.0706062 
1.30941 -3.93644 9.71836 -0.347486 -2.04446 -0.0720268 
1.30641 -3.92821 9.71916 -0.349101 -2.04501 -0.071426 
1.31032 -3.93697 9.74194 -0.347593 -2.05003 -0.0694878 
1.31606 -3.93722 9.70963 -0.347207 -2.05565 -0.0678474 
1.32456 -3.97061 9.71112 -0.347357 -2.05803 -0.0672114 
1.32568 -3.98322 9.71088 -0.346269 -2.05873 -0.066671 
1.3309 -4.00042 9.70177 -0.346461 -2.05549 -0.0678438 
1.32597 -3.99861 9.69639 -0.348286 -2.0536 -0.0688178 
1.31564 -3.98881 9.70684 -0.34934 -2.04866 -0.0697406 
1.31527 -3.97734 9.72649 -0.347511 -2.05083 -0.0686618 
1.32849 -3.97971 9.75153 -0.346017 -2.05452 -0.0676566 
1.316 -3.96673 9.76039 -0.344751 -2.05638 -0.06658 
1.31652 -3.96023 9.77287 -0.343212 -2.05416 -0.0673136 
1.3137 -3.96622 9.76565 -0.34302 -2.0528 -0.0686952 
1.32972 -3.9571 9.77196 -0.343792 -2.05587 -0.0680448 
1.31243 -3.95583 9.75239 -0.345325 -2.05767 -0.0679764 
1.33103 -3.9426 9.77222 -0.346248 -2.05912 -0.0681932 
1.35243 -3.95765 9.77902 -0.347351 -2.06098 -0.0678988 
1.36639 -3.96192 9.77411 -0.34507 -2.06182 -0.0673284 
1.3548 -3.96935 9.76047 -0.346507 -2.05658 -0.0689418 
1.36731 -3.97393 9.77638 -0.346309 -2.05279 -0.070006 
1.34603 -3.96789 9.72584 -0.348199 -2.0503 -0.071104 
1.34753 -3.96347 9.73415 -0.349353 -2.05303 -0.0702662 
1.33793 -3.95478 9.73647 -0.351491 -2.05443 -0.0700776 
1.32736 -3.93322 9.7283 -0.353519 -2.0542 -0.0701832 
1.32598 -3.92223 9.72712 -0.351368 -2.05793 -0.0689588 
1.33945 -3.92826 9.73312 -0.348275 -2.06003 -0.0681444 
1.33561 -3.93052 9.73074 -0.345726 -2.06169 -0.066982 
1.34517 -3.93043 9.73129 -0.343801 -2.06148 -0.0669722 
1.35268 -3.93188 9.73254 -0.339831 -2.05983 -0.0676 
1.34727 -3.91472 9.71477 -0.342616 -2.05904 -0.0677572 
1.34252 -3.92014 9.70774 -0.345649 -2.05868 -0.0684944 
1.33204 -3.91061 9.70397 -0.348318 -2.05518 -0.0697896 
1.32894 -3.91299 9.68639 -0.350253 -2.05662 -0.0694 
1.34144 -3.92767 9.67816 -0.349911 -2.0615 -0.067991 
1.36296 -3.94682 9.68742 -0.347989 -2.06257 -0.068092 
1.36477 -3.95988 9.70873 -0.345536 -2.06288 -0.0670096 
1.36337 -3.9589 9.67149 -0.344391 -2.059 -0.0682684 
1.35516 -3.97034 9.70378 -0.344976 -2.0563 -0.0685296 
1.34484 -3.97825 9.71804 -0.348377 -2.05116 -0.0699688 
1.33164 -3.97462 9.73292 -0.350724 -2.05039 -0.0699914 
1.33533 -3.965 9.73055 -0.352571 -2.05078 -0.0701522 
1.34272 -3.98411 9.7706 -0.350056 -2.05354 -0.0693904 
1.35744 -3.9727 9.74235 -0.345558 -2.05454 -0.068745 
1.35237 -3.95187 9.73015 -0.344683 -2.05818 -0.067479 
1.33582 -3.95058 9.70083 -0.34696 -2.05405 -0.0688982 
1.32781 -3.92013 9.67894 -0.346201 -2.05028 -0.070273 
1.33235 -3.94458 9.71248 -0.347153 -2.05374 -0.0690166 
1.32425 -3.95088 9.74191 -0.347852 -2.05652 -0.0681844 
1.33757 -3.9768 9.78132 -0.346497 -2.05982 -0.0672076 
1.3448 -3.96935 9.7856 -0.34178 -2.06381 -0.0658516 
1.35134 -3.98694 9.8043 -0.342469 -2.0619 -0.0662756 
1.34088 -3.95491 9.73673 -0.343463 -2.05727 -0.067968 
1.3462 -3.95563 9.71577 -0.345005 -2.05354 -0.0695588 
1.34536 -3.9424 9.67735 -0.344518 -2.04915 -0.0710422 
1.34478 -3.9384 9.68899 -0.346398 -2.04787 -0.0713174 
1.33988 -3.93395 9.71946 -0.346092 -2.05265 -0.070177 
1.34462 -3.93329 9.73799 -0.348118 -2.05574 -0.0696268 
1.34754 -3.94135 9.77431 -0.347405 -2.05891 -0.0685726 
1.34626 -3.94532 9.7937 -0.345829 -2.06236 -0.0675452 
1.35836 -3.96556 9.78707 -0.344379 -2.06248 -0.0675174 
1.35592 -3.9654 9.74491 -0.34583 -2.05802 -0.0686014 
1.35081 -3.96517 9.73669 -0.345282 -2.05597 -0.0690464 
1.3541 -3.96588 9.72611 -0.344243 -2.05831 -0.0685988 
1.35344 -3.9566 9.72566 -0.345338 -2.0593 -0.0681274 
1.3416 -3.93667 9.72416 -0.344446 -2.0613 -0.0674102 
1.34545 -3.95679 9.73301 -0.344315 -2.06066 -0.067693 
1.3564 -3.96263 9.75566 -0.342886 -2.0603 -0.0671904 
1.34882 -3.95752 9.7252 -0.344089 -2.05556 -0.0688418 
1.35074 -3.95325 9.72553 -0.347627 -2.05391 -0.06988 
1.34343 -3.9568 9.69406 -0.350987 -2.05062 -0.0710628 
1.34458 -3.96549 9.69437 -0.347607 -2.05356 -0.069594 
1.34899 -3.96385 9.69242 -0.345526 -2.05602 -0.068705 
1.35806 -3.97875 9.71722 -0.345009 -2.06104 -0.0664744 
1.34213 -3.96902 9.67587 -0.343913 -2.05604 -0.067702 
1.34601 -3.97067 9.70609 -0.344013 -2.05235 -0.0683388 
1.34373 -3.97178 9.70593 -0.347414 -2.04944 -0.069872 
1.3355 -3.95149 9.68667 -0.348138 -2.05028 -0.0695182 
1.33586 -3.92929 9.67361 -0.349888 -2.05067 -0.070152 
1.3467 -3.93795 9.67754 -0.350795 -2.05476 -0.0691152 
1.35055 -3.94348 9.66836 -0.34755 -2.05724 -0.0683954 
1.35275 -3.96068 9.69882 -0.346678 -2.06064 -0.0664324 
1.33524 -3.96292 9.6805 -0.349026 -2.05682 -0.0681856 
1.32074 -3.94834 9.68709 -0.348986 -2.05144 -0.0694116 
1.3089 -3.95475 9.69085 -0.348399 -2.0469 -0.0707122 
1.31781 -3.94243 9.71497 -0.348723 -2.05043 -0.0697418 
1.32169 -3.913 9.69425 -0.347669 -2.05456 -0.0693502 
1.34283 -3.93144 9.70302 -0.345552 -2.05489 -0.0691848 
1.35594 -3.95577 9.68759 -0.344574 -2.05639 -0.069312 
1.36493 -3.9514 9.71762 -0.344587 -2.06148 -0.0678468 
1.35498 -3.9565 9.70125 -0.348187 -2.05901 -0.0696536 
1.35129 -3.95478 9.70864 -0.350746 -2.05246 -0.0714328 
1.35109 -3.95244 9.72194 -0.349069 -2.05821 -0.0697744 
1.35822 -3.94651 9.74592 -0.348209 -2.06157 -0.0679746 
1.36932 -3.95504 9.73501 -0.34673 -2.06525 -0.0669214 
1.3672 -3.97166 9.75597 -0.344675 -2.06212 -0.066763 
1.37013 -3.9776 9.73987 -0.34271 -2.06241 -0.0664054 
1.36608 -3.9736 9.74391 -0.346622 -2.0595 -0.0669184 
1.33035 -3.96972 9.71687 -0.350156 -2.05429 -0.0685352 
1.31876 -3.95924 9.71978 -0.351881 -2.04826 -0.0706746 
1.33056 -3.95608 9.69084 -0.350302 -2.05482 -0.0689316 
1.33655 -3.95043 9.7038 -0.348799 -2.05859 -0.0676216 
1.33845 -3.93914 9.69225 -0.344854 -2.06158 -0.0666044 
1.35407 -3.96454 9.69313 -0.344564 -2.06013 -0.066797 
1.35946 -3.97955 9.69469 -0.343634 -2.05921 -0.0664926 
1.35303 -3.96431 9.71776 -0.345361 -2.05771 -0.0669166 
1.33671 -3.95357 9.68736 -0.348312 -2.05613 -0.0683934 
1.33293 -3.96656 9.71211 -0.348452 -2.05098 -0.0696556 
1.33586 -3.94916 9.72785 -0.34421 -2.05663 -0.0683304 
1.34227 -3.95371 9.74656 -0.343321 -2.06062 -0.0666506 
1.32934 -3.95501 9.72281 -0.344798 -2.0558 -0.0684146 
1.33211 -3.96757 9.73982 -0.343643 -2.05218 -0.0691274 
1.3403 -3.97292 9.72499 -0.34734 -2.05161 -0.070179 
1.35082 -3.97064 9.73128 -0.349481 -2.05328 -0.0695872 
1.33891 -3.96033 9.69871 -0.351825 -2.05358 -0.070354 
1.35138 -3.97788 9.73719 -0.349935 -2.05352 -0.069621 
1.36946 -3.98727 9.73909 -0.348259 -2.05788 -0.068489 
1.36662 -3.99225 9.76324 -0.346164 -2.05922 -0.0673706 
1.36009 -3.99787 9.77491 -0.343379 -2.05646 -0.068016 
1.36243 -3.98909 9.76663 -0.342792 -2.05333 -0.0690076 
1.34843 -3.95753 9.70637 -0.343425 -2.05274 -0.0695096 
1.32386 -3.94609 9.69679 -0.345372 -2.04719 -0.070554 
1.3255 -3.94119 9.68791 -0.346366 -2.05064 -0.0701254 
1.33208 -3.93669 9.70345 -0.349798 -2.05376 -0.0696258 
1.33643 -3.94425 9.72406 -0.349274 -2.05769 -0.068649 
1.35568 -3.97102 9.76437 -0.348319 -2.0595 -0.06816 
1.37152 -3.9907 9.7893 -0.346519 -2.06481 -0.0668464 
1.36372 -3.96305 9.7606 -0.346105 -2.06242 -0.0678698 
1.35371 -3.94921 9.7202 -0.347739 -2.05753 -0.0693484 
1.34255 -3.94192 9.70245 -0.348088 -2.05235 -0.0703598 
1.33877 -3.943 9.70237 -0.347517 -2.05629 -0.0693474 
1.34095 -3.91756 9.71581 -0.346052 -2.05797 -0.0682132 
1.34584 -3.94213 9.74137 -0.345521 -2.0604 -0.0672086 
1.34302 -3.94111 9.75805 -0.342942 -2.06269 -0.0660372 
1.35332 -3.96273 9.77811 -0.341427 -2.06342 -0.0653122 
1.35638 -3.97199 9.78375 -0.341477 -2.0602 -0.0657696 
1.3414 -3.96315 9.75802 -0.345043 -2.05628 -0.0677494 
1.33154 -3.95135 9.73858 -0.346253 -2.05113 -0.0686286 
1.32718 -3.96554 9.72834 -0.349461 -2.04559 -0.070653 
1.33991 -3.95385 9.74818 -0.348827 -2.05038 -0.0692956 
1.33732 -3.94762 9.74117 -0.349342 -2.05444 -0.0684386 
1.35258 -3.98011 9.74545 -0.349971 -2.05258 -0.0685968 
1.37051 -3.99985 9.76105 -0.348901 -2.05349 -0.0684196 
1.38334 -4.01922 9.78994 -0.345709 -2.05608 -0.0677326 
1.3585 -4.00559 9.76845 -0.348475 -2.05194 -0.0691606 
1.34766 -3.98861 9.75823 -0.349693 -2.04767 -0.0706788 
1.34067 -3.96882 9.76258 -0.349971 -2.04818 -0.0709758 
1.32383 -3.958 9.74465 -0.351955 -2.04747 -0.0715274 
1.32833 -3.94446 9.72481 -0.350707 -2.05281 -0.0699612 
1.33704 -3.94329 9.7366 -0.347601 -2.05581 -0.0687192 
1.34496 -3.93691 9.73196 -0.345693 -2.05939 -0.0672444 
1.33994 -3.95777 9.75873 -0.344184 -2.0587 -0.0665396 
1.34643 -3.96015 9.78022 -0.34049 -2.05874 -0.0655506 
1.34598 -3.96659 9.79197 -0.340885 -2.05644 -0.066107 
1.34616 -3.97918 9.78817 -0.339897 -2.05492 -0.0660268 
1.33639 -3.98882 9.77527 -0.342366 -2.04987 -0.0678454 
1.34005 -3.97025 9.72802 -0.34277 -2.04899 -0.0687524 
1.3371 -3.96974 9.70816 -0.344523 -2.04791 -0.0696274 
1.31544 -3.96303 9.70869 -0.344204 -2.04156 -0.0703964 
1.31911 -3.95734 9.70447 -0.347983 -2.04183 -0.0716278 
1.32749 -3.95268 9.72102 -0.34706 -2.04336 -0.0712514 
1.33186 -3.96121 9.73097 -0.349561 -2.04516 -0.0711526 
1.35127 -3.96895 9.75206 -0.347652 -2.05002 -0.0696408 
1.36031 -3.96409 9.74279 -0.346639 -2.05661 -0.0685588 
1.36468 -3.97488 9.74455 -0.345343 -2.05784 -0.067629 
1.36551 -3.98309 9.75545 -0.344626 -2.05595 -0.0676088 
1.36047 -3.98506 9.79156 -0.340527 -2.0549 -0.0671994 
1.35415 -3.97523 9.78819 -0.344741 -2.05464 -0.0681902 
1.34588 -3.96768 9.7712 -0.348101 -2.05222 -0.069009 
1.33396 -3.95695 9.75246 -0.349766 -2.04858 -0.070444 
1.32908 -3.95306 9.74122 -0.352117 -2.04987 -0.070409 
1.34028 -3.96139 9.72001 -0.351257 -2.05624 -0.068636 
1.34167 -3.96206 9.72367 -0.347694 -2.05682 -0.067554 
1.35992 -3.96661 9.74207 -0.344912 -2.06047 -0.066328 
1.36476 -3.98195 9.74285 -0.343963 -2.05861 -0.0665836 
1.37476 -3.98702 9.75102 -0.341198 -2.05699 -0.067035 
1.37137 -3.9644 9.7245 -0.342449 -2.05671 -0.0672488 
1.35392 -3.95813 9.71798 -0.343838 -2.05486 -0.0682304 
1.34693 -3.96013 9.72441 -0.347873 -2.05218 -0.069354 
1.3525 -3.96237 9.74385 -0.34411 -2.0556 -0.0681238 
1.34908 -3.97255 9.77694 -0.342908 -2.05863 -0.0666172 
1.34656 -3.99827 9.8183 -0.341767 -2.05763 -0.0662996 
1.34792 -3.9954 9.79986 -0.341711 -2.05409 -0.0672752 
1.34419 -4.01097 9.7879 -0.342393 -2.04942 -0.0683002 
1.33632 -4.00072 9.79928 -0.343594 -2.05143 -0.0672964 
1.33031 -3.98337 9.76351 -0.343815 -2.05301 -0.0672842 
1.32293 -3.9609 9.75656 -0.346027 -2.05303 -0.0679668 
1.328 -3.97218 9.7469 -0.343641 -2.05476 -0.0674122 
1.32692 -3.95687 9.75295 -0.338826 -2.05677 -0.0664492 
1.33151 -3.96801 9.75385 -0.338146 -2.05532 -0.0669808 
1.32125 -3.97463 9.72551 -0.341947 -2.05096 -0.0683094 
1.31666 -3.97286 9.70067 -0.342872 -2.04495 -0.0700154 
1.32074 -3.96295 9.75035 -0.342571 -2.04881 -0.0686298 
1.32537 -3.96711 9.72087 -0.344412 -2.05359 -0.0679152 
1.33056 -3.94637 9.70461 -0.347123 -2.05525 -0.0680678 
1.33388 -3.94332 9.74293 -0.34534 -2.05844 -0.067188 
1.33578 -3.96636 9.77458 -0.343233 -2.05933 -0.0661804 
1.34841 -3.9748 9.75011 -0.342978 -2.05806 -0.0669664 
1.35894 -3.96548 9.76126 -0.339555 -2.05723 -0.067397 
1.34168 -3.95614 9.74856 -0.339752 -2.05077 -0.0692984 
1.34984 -3.95841 9.71174 -0.340452 -2.04857 -0.0701548 
1.34841 -3.9404 9.7037 -0.341158 -2.04639 -0.0709906 
1.34537 -3.93721 9.71383 -0.343609 -2.04845 -0.0704104 
1.34562 -3.94169 9.74966 -0.346675 -2.04967 -0.0699318 
1.35469 -3.95529 9.77931 -0.34803 -2.05347 -0.0689946 
1.37805 -3.95823 9.81708 -0.344209 -2.05554 -0.0678906 
1.38715 -3.96097 9.80169 -0.340616 -2.06172 -0.0665582 
1.366 -3.95201 9.78666 -0.342129 -2.05384 -0.0685692 
1.35244 -3.94966 9.75912 -0.343754 -2.04854 -0.0699738 
1.35076 -3.95564 9.73229 -0.342651 -2.04455 -0.0708962 
1.33517 -3.95397 9.75959 -0.345719 -2.04669 -0.0703972 
1.33716 -3.9503 9.77498 -0.348747 -2.04803 -0.0703372 
1.34757 -3.95327 9.7863 -0.348355 -2.05395 -0.0694272 
1.34559 -3.95112 9.77012 -0.348448 -2.05614 -0.0689132 
1.35563 -3.95532 9.76837 -0.345272 -2.06101 -0.067309 
1.36396 -3.9614 9.74105 -0.343539 -2.06085 -0.0671278 
1.36865 -3.94997 9.71197 -0.339798 -2.06112 -0.066171 
1.37379 -3.97356 9.74192 -0.339545 -2.06236 -0.0651378 
1.37739 -3.97709 9.74843 -0.338005 -2.05901 -0.0658462 
1.37162 -3.97798 9.74821 -0.339338 -2.05519 -0.0667356 
1.35929 -3.96173 9.73176 -0.341077 -2.05337 -0.067874 
1.34828 -3.9658 9.76319 -0.345772 -2.05106 -0.0690476 
1.33403 -3.94491 9.70387 -0.34718 -2.04619 -0.070627 
1.34054 -3.96292 9.72356 -0.346777 -2.04921 -0.0688768 
1.32944 -3.96752 9.7372 -0.34562 -2.05393 -0.0676096 
1.34185 -3.97592 9.76141 -0.343859 -2.05572 -0.0664696 
1.35592 -3.97869 9.72603 -0.343472 -2.05313 -0.0673918 
1.36331 -3.9988 9.743 -0.341449 -2.05212 -0.0673144 
1.36162 -3.97141 9.72674 -0.339238 -2.04962 -0.0686376 
1.38954 -3.95208 9.7324 -0.341629 -2.05033 -0.06883 
1.36522 -3.9357 9.68319 -0.34286 -2.04688 -0.070687 
1.35948 -3.94551 9.73221 -0.33998 -2.04831 -0.0692392 
1.36276 -3.94595 9.74858 -0.338419 -2.05398 -0.0674598 
1.36998 -3.9651 9.77209 -0.340631 -2.05898 -0.066361 
1.35524 -3.97694 9.76962 -0.341188 -2.05382 -0.06781 
1.36927 -4.007 9.81146 -0.340418 -2.05188 -0.0677092 
1.37705 -4.01893 9.79245 -0.342511 -2.05209 -0.0683748 
1.3849 -4.0053 9.7782 -0.346033 -2.05072 -0.0693728 
1.37739 -3.98681 9.74333 -0.347387 -2.04786 -0.0709336 
1.3883 -4.00075 9.76841 -0.345505 -2.05128 -0.0693364 
1.37794 -3.98907 9.78807 -0.34328 -2.05573 -0.0676768 
1.37619 -3.98978 9.80067 -0.344099 -2.05932 -0.066776 
1.38332 -3.99176 9.81711 -0.340951 -2.06274 -0.0658884 
1.37359 -3.99404 9.80903 -0.33852 -2.05965 -0.0658768 
1.3682 -3.9898 9.78101 -0.339063 -2.05715 -0.0667998 
1.38547 -4.01092 9.75627 -0.341605 -2.0564 -0.0675648 
1.37771 -3.98345 9.71253 -0.342851 -2.05242 -0.06896 
1.35541 -3.97481 9.71228 -0.345614 -2.04624 -0.0704916 
1.3717 -3.99685 9.74752 -0.34565 -2.05303 -0.068664 
1.37104 -3.9906 9.76602 -0.34544 -2.05712 -0.067617 
1.37731 -3.98101 9.79091 -0.345319 -2.06078 -0.0666862 
1.37599 -4.00315 9.81395 -0.343629 -2.05902 -0.0669882 
1.38702 -4.01922 9.81029 -0.341675 -2.05834 -0.0669242 
1.38225 -4.02837 9.80472 -0.343867 -2.0549 -0.0675284 
1.37639 -4.00738 9.76944 -0.345366 -2.05338 -0.0687884 
1.36331 -3.98148 9.72904 -0.347389 -2.04998 -0.0700808 
1.35133 -3.96192 9.70563 -0.348942 -2.04916 -0.070437 
1.35104 -3.9568 9.72995 -0.348251 -2.05313 -0.0688448 
1.35346 -3.93805 9.73589 -0.345902 -2.05698 -0.0678314 
1.34471 -3.96324 9.74325 -0.346982 -2.05223 -0.068517 
1.34851 -3.98735 9.76061 -0.345698 -2.04835 -0.0692208 
1.36649 -3.98999 9.79312 -0.344133 -2.05516 -0.0670822 
1.35631 -3.97929 9.77382 -0.346125 -2.0539 -0.0683714 
1.35684 -3.96563 9.7545 -0.349054 -2.0509 -0.0696362 
1.36539 -3.97038 9.77453 -0.344818 -2.05584 -0.0681194 
1.37691 -3.96341 9.79307 -0.342911 -2.06044 -0.0664464 
1.38397 -3.98061 9.79391 -0.341368 -2.06193 -0.0665452 
1.38802 -3.98664 9.80068 -0.340118 -2.06305 -0.0654456 
1.37043 -4.00652 9.80175 -0.33957 -2.05856 -0.066422 
1.35712 -3.99077 9.77133 -0.33969 -2.05386 -0.0673758 
1.33708 -4.00215 9.75334 -0.341703 -2.04987 -0.0683032 
1.32612 -3.98994 9.74226 -0.345751 -2.04622 -0.068982 
1.31572 -3.98305 9.69184 -0.348535 -2.04265 -0.0706878 
1.32175 -3.97148 9.68975 -0.350386 -2.04513 -0.0704718 
1.33574 -3.98627 9.7291 -0.3515 -2.05194 -0.0690524 
1.3474 -3.96904 9.72058 -0.350298 -2.05713 -0.0681244 
1.34551 -3.96709 9.71427 -0.348347 -2.05386 -0.0693078 
1.35482 -3.99189 9.76073 -0.346563 -2.05318 -0.0692318 
1.36733 -4.0046 9.77723 -0.343915 -2.05268 -0.068883 
1.36544 -3.98525 9.77287 -0.346356 -2.0507 -0.06955 
1.34943 -3.98566 9.76314 -0.349404 -2.04642 -0.0708974 
1.34443 -3.98802 9.76094 -0.351255 -2.04706 -0.070383 
1.33725 -3.96307 9.7183 -0.351236 -2.04666 -0.0707578 
1.34084 -3.96167 9.72443 -0.350509 -2.05143 -0.0696336 
1.34134 -3.95714 9.72858 -0.346877 -2.05295 -0.068585 
1.34799 -3.96761 9.73996 -0.344372 -2.05218 -0.068928 
1.35066 -3.97267 9.74228 -0.341202 -2.05104 -0.0691458 
1.36115 -3.98659 9.75432 -0.33884 -2.05441 -0.0678362 
1.34622 -3.96351 9.71964 -0.340573 -2.0524 -0.069068 
1.33878 -3.95913 9.68068 -0.344639 -2.04776 -0.0709152 
1.32498 -3.94304 9.64718 -0.346724 -2.04817 -0.0710602 
1.32482 -3.94153 9.6492 -0.345866 -2.05264 -0.070075 
1.32281 -3.94385 9.6818 -0.34703 -2.05467 -0.0693678 
1.31586 -3.95798 9.67827 -0.345169 -2.05573 -0.0682162 
1.31074 -3.96755 9.66683 -0.345262 -2.05359 -0.068978 
1.32817 -3.9816 9.68925 -0.345114 -2.05361 -0.0686694 
1.32987 -3.99068 9.6982 -0.346769 -2.05578 -0.0678872 
1.3272 -3.9678 9.69557 -0.347026 -2.05569 -0.0680424 
1.34774 -3.9723 9.71794 -0.349293 -2.0583 -0.0682304 
1.35353 -3.98178 9.73588 -0.346946 -2.05956 -0.0678938 
1.35395 -3.98542 9.75339 -0.344902 -2.06071 -0.067475 
1.34251 -3.95741 9.72187 -0.345506 -2.05762 -0.0685254 
1.32831 -3.9649 9.68682 -0.34842 -2.05416 -0.0702274 
1.31494 -3.94972 9.70083 -0.349117 -2.04911 -0.0708616 
1.30438 -3.92443 9.68448 -0.35029 -2.04944 -0.070972 
1.30737 -3.91655 9.69756 -0.349324 -2.05172 -0.0701088 
1.31535 -3.94223 9.73595 -0.347706 -2.05439 -0.0693058 
1.33708 -3.95528 9.7788 -0.344531 -2.05847 -0.0676158 
1.35043 -3.96223 9.77207 -0.342531 -2.06426 -0.066204 
