0 0 0 0 0 0 
0 0 0 0 0 0 
0 0 0 0 0 0 
0 0 0 0 0 0 
0 0 0 0 0 0 
0 0 0 0 0 0 
0 0 0 0 0 0 
0 0 0 0 0 0 
0 0 0 0 0 0 
0 0 0 0 0 0 
0 0 0 0 0 0 
0 0 0 0 0 0 
0 0 0 0 0 0 
0 0 0 0 0 0 
0 0 0 0 0 0 
0 0 0 0 0 0 
0 0 0 0 0 0 
0 0 0 0 0 0 
0 0 0 0 0 0 
0 0 0 0 0 0 
0 0 0 0 0 0 
0 0 0 0 0 0 
0 0 0 0 0 0 
0 0 0 0 0 0 
0 0 0 0 0 0 
0 0 0 0 0 0 
0 0 0 0 0 0 
0 0 0 0 0 0 
0 0 0 0 0 0 
0 0 0 0 0 0 
0 0 0 0 0 0 
0 0 0 0 0 0 
0 0 0 0 0 0 
0 0 0 0 0 0 
0 0 0 0 0 0 
0 0 0 0 0 0 
0 0 0 0 0 0 
0 0 0 0 0 0 
0 0 0 0 0 0 
0 0 0 0 0 0 
0 0 0 0 0 0 
0 0 0 0 0 0 
0 0 0 0 0 0 
0 0 0 0 0 0 
0 0 0 0 0 0 
0 0 0 0 0 0 
0 0 0 0 0 0 
0 0 0 0 0 0 
0 0 0 0 0 0 
0 0 0 0 0 0 
0 0 0 0 0 0 
0 0 0 0 0 0 
0 0 0 0 0 0 
0 0 0 0 0 0 
0 0 0 0 0 0 
0 0 0 0 0 0 
0 0 0 0 0 0 
0 0 0 0 0 0 
0 0 0 0 0 0 
0 0 0 0 0 0 
0 0 0 0 0 0 
0 0 0 0 0 0 
0 0 0 0 0 0 
0 0 0 0 0 0 
0 0 0 0 0 0 
0 0 0 0 0 0 
0 0 0 0 0 0 
0 0 0 0 0 0 
0 0 0 0 0 0 
0 0 0 0 0 0 
0 0 0 0 0 0 
0 0 0 0 0 0 
0 0 0 0 0 0 
0 0 0 0 0 0 
0 0 0 0 0 0 
0 0 0 0 0 0 
0 0 0 0 0 0 
0 0 0 0 0 0 
0 0 0 0 0 0 
0 0 0 0 0 0 
0 0 0 0 0 0 
0 0 0 0 0 0 
0 0 0 0 0 0 
0 0 0 0 0 0 
0 0 0 0 0 0 
0 0 0 0 0 0 
0 0 0 0 0 0 
0 0 0 0 0 0 
0 0 0 0 0 0 
0 0 0 0 0 0 
0 0 0 0 0 0 
0 0 0 0 0 0 
0 0 0 0 0 0 
0 0 0 0 0 0 
0 0 0 0 0 0 
0 0 0 0 0 0 
0 0 0 0 0 0 
0 0 0 0 0 0 
0 0 0 0 0 0 
0 0 0 0 0 0 
0 0 0 0 0 0 
0 0 0 0 0 0 
0 0 0 0 0 0 
0 0 0 0 0 0 
0 0 0 0 0 0 
0 0 0 0 0 0 
0 0 0 0 0 0 
0 0 0 0 0 0 
0 0 0 0 0 0 
0 0 0 0 0 0 
0 0 0 0 0 0 
0 0 0 0 0 0 
0 0 0 0 0 0 
0 0 0 0 0 0 
0 0 0 0 0 0 
0 0 0 0 31.575 19.1 
0 0 0 0 31.575 19.1 
0 0 0 0 31.575 19.1 
0 0 0.025 0 31.575 19.1 
0 0 0 0 31.575 19.1 
0 0 -0.025 0 31.575 19.1 
0 0 -0.025 0 31.575 19.1 
0 0 0 0 31.575 19.1 
0 0 0 0 31.575 19.1 
0 0 0 0 31.575 19.1 
0 0 0 0 31.575 19.1 
0 0 -0.025 0 31.575 19.1 
0 0 -0.025 0 31.575 19.1 
0 0 -0.025 0 31.575 19.1 
0 0 -0.025 0 31.575 19.1 
0 0 -0.025 0 31.575 19.1 
0 0 0 0 31.575 19.1 
0 0 0 0 31.575 19.1 
0 0 -0.025 0 31.575 19.1 
0 0 -0.025 0 31.575 19.1 
0 0 0 0 0 0 
0 0 -0.025 0 0 0 
0 0 0 0 0 0 
0 0 -0.025 0 0 0 
0 0 -0.025 0 0 0 
0 0 0.025 0 0 0 
0 0 0.025 0 0 0 
0 0 -0.025 0 0 0 
0 0 0 0 0 0 
0 0 0 0 0 0 
0 0 0 0 0 0 
0 0 0.025 0 0 0 
0 0 0 0 0 0 
0 0 0.025 0 0 0 
0 0 0 0 0 0 
0 0 0 0 0 0 
0 0 0 0 0 0 
0 0 -0.025 0 0 0 
0 0 0 0 0 0 
0 0 0.025 0 0 0 
0 0 -0.025 0 0 0 
0 0 0.025 0 0 0 
0 0 0 0 0 0 
0 0 -0.025 0 0 0 
0 0 0 0 0 0 
0 0 0 0 0 0 
0 0 -0.025 0 0 0 
0 0 0.025 0 0 0 
0 0 0 0 0 0 
0 0 0 0 0 0 
0 0 -0.025 0 0 0 
0 0 0 0 0 0 
0 0 0.025 0 0 0 
0 0 0 0 0 0 
0 0 0 0 0 0 
0 0 0 0 0 0 
0 0 -0.025 0 0 0 
0 0 0.025 0 0 0 
0 0 0.025 0 0 0 
0 0 -0.025 0 0 0 
0 0 0.025 0 0 0 
0 0 0 0 0 0 
0 0 0 0 0 0 
0 0 0.025 0 0 0 
0 0 0.025 0 0 0 
0 0 -0.025 0 0 0 
0 0 0.025 0 0 0 
0 0 0 0 0 0 
0 0 0 0 0 0 
0 0 -0.025 0 0 0 
0 0 0.025 0 0 0 
0 0 -0.025 0 0 0 
0 0 -0.025 0 0 0 
0 0 0 0 0 0 
0 0 0.025 0 0 0 
0 0 0 0 0 0 
0 0 0.025 0 0 0 
0 0 0 0 0 0 
0 0 -0.025 0 0 0 
0 0 0 0 0 0 
0 0 0 0 0 0 
0 0 -0.025 0 0 0 
0 0 -0.025 0 0 0 
0.025 0 0 0 0 0 
0 0 0 0 0 0 
0 0 0 0 0 0 
0 0 0 0 0 0 
0 0 -0.025 0 0 0 
0 0 0 0 0 0 
0 0 0 0 0 0 
0 0 -0.025 0 0 0 
0 0 0.025 0 0 0 
0 0 0 0 0 0 
0 0 0 0 0 0 
0 0 0 0 0 0 
0 0 0.025 0 0 0 
0 0 0 0 0 0 
0 0 -0.025 0 0 0 
0 0 0.025 0 0 0 
0 0 0.025 0 0 0 
0 0 -0.025 0 0 0 
0 0 0.025 0 0 0 
0 0 0 0 0 0 
-0.025 0 0 0 0 0 
0 0 0 0 0 0 
0 0 0 0 0 0 
0 0 0 0 0 0 
0 0 0.025 0 0 0 
0 0 0 0 0 0 
0 0 0.025 0 0 0 
0 0 0 0 0 0 
0 0 -0.025 0 0 0 
0 0 0.025 0 0 0 
0 0 -0.025 0 0 0 
0 0 0 0 0 0 
0 0 0 0 0 0 
0 0 -0.025 0 0 0 
0 0 0 0 0 0 
0 0 -0.025 0 0 0 
0 0 0 0 0 0 
0.025 0 0.025 0 0 0 
0 0 0 0 0 0 
0 0 0 0 0 0 
0 0 -0.025 0 0 0 
0 0 0 0 0 0 
0 0 0.025 0 0 0 
0 0 0 0 0 0 
0 0 0 0 0 0 
0 0 0 0 0 0 
0 0 0 0 0 0 
0 0 0.025 0 0 0 
0 0 0.025 0 0 0 
0 0 -0.025 0 0 0 
0 0 0.025 0 0 0 
0 0 0 0 0 0 
0 0 -0.025 0 0 0 
0 0 0.025 0 0 0 
0 0 0 0 0 0 
0 0 0.025 0 0 0 
0 0 -0.025 0 0 0 
-0.025 0 0 0 0 0 
0 0 -0.025 0 0 0 
0 0 0.025 0 0 0 
0 0 0.025 0 0 0 
0 0 0 0 0 0 
0 0 0 0 0 0 
0.025 0 -0.025 0 0 0 
0 0 0 0 0 0 
0 0 -0.025 0 0 0 
0 0 0 0 0 0 
0 0 -0.025 0 0 0.025 
0 0 0 0 0 0 
0 0 0.025 0 0 0 
0 0 -0.025 0 0 0 
0 0 0 0 0 0 
0 0 0 0 0 0 
0 0 -0.025 0 0 0 
0 0 0.025 0 0 0 
0 0 0 0 0 0 
0 0 0 0 0 0 
0 0 -0.025 0 0 0 
0 0 0.025 0 0 0 
0 0 -0.025 0 0 0 
0 0 0 0 0 0 
0 0 0 0 0 0 
0 0 -0.025 0 0 0 
-0.025 0 0.025 0 0 0 
0 0 0 0 0 0 
0 0 0 0 0 0 
0 0 0 0 0 0 
0 0 0.025 0 0 -0.025 
0 0 0 0 0 0 
0 0 0 0 0 0 
0 0 0 0 0 0 
0 0 0 0 0 0 
0 0 0.025 0 0 0 
0 0 0.025 0 0 0 
0 0 -0.025 0 0 0 
0 0 0 0 0 0 
0 0 0.025 0 0 0 
0 0 0.025 0 0 0 
0 0 -0.025 0 0 0 
0 0 0 0 0 0 
0 0 -0.025 0 0 0 
0 0 0 0 0 0 
0 0 0.025 0 0 0 
0 0 0 0 0 0 
0 0 0 0 0 0 
0 0 0 0 0 0 
0 0 0 0 0 0 
0 0 0 0 0 0 
0 0 0 0 0 0 
0 0 0 0 0 0 
0 0 0.025 0 0 0 
0 0 0 0 0 0 
0 0 0 0 0 0 
0 0 0 0 0 0 
0 0 0.025 0 0 0 
0 0 0 0 0 0 
0 0 0 0 0 0 
0 0 0 0 0 0 
0 0 0.025 0 0 0 
0 0 0.025 0 0 0 
0 0 0.025 0 0 0 
0 0 0 0 0 0 
0 0 0 0 0 0 
0 0 0 0 0 0 
0 0 0 0 0 0 
0 0 0.025 0 0 0 
0 0 0 0 0 0 
0 0 -0.025 0 0 0 
0 0 0 0 0 0 
0 0 -0.025 0 0 0 
0 0 0 0 0 0 
0 0 0 0 0 0 
0 0 0 0 0 0 
0 0 0 0 0 0 
0 0 -0.025 0 0 0 
0 0 -0.025 0 0 0 
0 0 0 0 0 0 
0 0 0 0 0 0 
0 0 0 0 0 0 
0 0 0 0 0 0 
0.025 0 -0.025 0 0 0 
0 0 0 0 0 0 
0 0 0 0 0 0 
0 0 0 0 0 0 
0 0 0 0 0 0 
0 0 -0.025 0 0 0 
0 0 0 0 0 0 
0 0 0.025 0 0 0 
0 0 0 0 0 0 
0 0 0.025 0 0 0 
0 0 0 0 0 0 
0 0 0 0 0 0 
0 0 0 0 0 0 
0 0 -0.025 0 0 0 
0 0 0.025 0 0 0 
0 0 0.025 0 0 0 
0 0 0 0 0 0 
0 0 0 0 0 0 
0 0 0 0 0 0 
0 0 0 0 0 0 
-0.025 0 0 0 0 0 
0 0 0 0 0 0 
0 0 0 0 0 0 
0 0 0 0 0 0 
0 0 0 0 0 0 
0 0 0.025 0 0 0 
0 0 -0.025 0 0 0 
0 0 0 0 0 0 
0 0 -0.025 0 0 0 
0 0 0 0 0 0 
0 0 0 0 0 0 
0 0 -0.025 0 0 0 
0 0 0 0 0 0 
0 0 0 0 0 0 
0 0 0 0 0 0 
0 0 0 0 0 0 
0 0 -0.025 0 0 0 
0 0 -0.025 0 0 0 
0 0 0 0 0 0 
0 0 0 0 0 0 
0 0 0 0 0 0 
0 0 0 0 0 0 
0 0 0 0 0 0 
0 0 -0.025 0 0 0 
0 0 0 0 0 0 
0 0 0 0 0 0 
0 0 0 0 0 0 
0 0 0 0 0 0 
0 0 0 0 0 0 
0 0 0 0 0 0 
0 0 -0.025 0 0 0 
0 0 0.025 0 0 0 
0 0 0 0 0 0 
0 0 0 0 0 0 
0 0 0 0 0 0 
0 0 0 0 0 0 
0 0 0.025 0 0 0 
0 0 0.025 0 0 0 
0 0 -0.025 0 0 0 
0 0 0 0 0 0 
0 0 0.025 0 0 0 
0 0 0 0 0 0 
0 0 0 0 0 0 
0 0 0.025 0 0 0 
0 0 0 0 0 0 
0 0 -0.025 0 0 0 
0 0 0.025 0 0 0 
0 0 0 0 0 0 
0 0 0 0 0 0 
0 0 -0.025 0 0 0 
0 0 0.025 0 0 0 
0 0 0 0 0 0 
0 0 0 0 0 0 
0 0 0.025 0 0 0 
0 0 0 0 0 0 
0 0 0 0 0 0 
0 0 0 0 0 0 
0 0 0 0 0 0 
0 0 0.025 0 0 0 
0 0 0 0 0 0 
0 0 0 0 0 0 
0 0 0 0 0 0 
0 0 0 0 0 0 
0 0 -0.025 0 0 0 
0 0 0 0 0 0 
0 0 0 0 0 0 
0 0 -0.025 0 0 0 
0 0 0 0 0 0 
0 0 0.025 0 0 0 
0 0 0.025 0 0 0 
0 0 0 0 0 0 
0 0 0 0 0 0 
0 0 0 0 0 0 
0 0 0 0 0 0 
0 0 0 0 0 0 
0 0 0 0 0 0 
0 0 0 0 0 0 
0 0 -0.025 0 0 0 
0 0 0 0 0 0 
0 0 0 0 0 0 
0 0 0 0 0 0 
0 0 -0.025 0 0 0 
0 0 -0.025 0 0 0 
0 0 0 0 0 0 
0 0 -0.025 0 0 0 
0 0 0.025 0 0 0 
0 0 0.025 0 0 0 
0 0 0 0 0 0 
0 0 0 0 0 0 
0 0 0 0 0 0 
0 0 0 0 0 0 
0 0 -0.025 0 0 0 
0 0 0 0 0 0 
0 0 0 0 0 0 
0 0 0 0 0 0 
0 0 0 0 0 0 
0 0 -0.025 0 0 0 
0 0 0.025 0 0 0 
0 0 0 0 0 0 
0 0 -0.025 0 0 0 
0 0 0 0 0 0 
0 0 0.025 0 0 0 
0 0 0 0 0 0 
0 0 0.025 0 0 0 
0 0 0 0 0 0 
0 0 0 0 0 0 
0.025 0 -0.025 0 0 0 
0 0 -0.025 0 0 0 
0 0 0 0 0 0 
0 0 0 0 0 0 
0 0 0 0 0 0 
0 0 0.025 0 0 0 
0 0 0 0 0 0 
0 0 0 0 0 0 
0 0 0 0 0 0 
0 0 0 0 0 0 
0 0 0.025 0 0 0 
0 0 0 0 0 0 
0 0 0 0 0 0 
0 0 0.025 0 0 0 
0 0 0 0 0 0 
0 0 -0.025 0 0 0 
0.025 0 0 0 0 0 
0 0 0 0 0 0 
0 0 0 0 0 0 
0 0 0 0 0 0 
-0.025 0 0.025 0 0 0 
0 0 0.025 0 0 0 
0 0 0 0 0 0 
0 0 0 0 0 0 
0 0 0 0 0 0 
0 0 -0.025 0 0 0 
0 0 0 0 0 0 
0 0 0 0 0 0 
0 0 0 0 0 0 
0 0 -0.025 0 0 0 
0 0 0 0 0 0 
0 0 0 0 0 0 
0 0 0 0 0 0 
0 0 0 0 0 0 
0 0 0 0 0 0 
0 0 0.025 0 0 0 
-0.025 0 0 0 0 0 
0 0 0 0 0 0 
0 0 0.025 0 0 0 
0 0 0 0 0 0 
0 0 0 0 0 0 
0 0 0 0 0 0 
0 0 0 0 0 0 
0 0 0 0 0 0 
0 0 0 0 0 0 
0 0 0.025 0 0 0 
0 0 0 0 0 0 
0 0 0 0 0 0 
0 0 0 0 0 0 
0 0 0.025 0 0 0 
0 0 0 0 0 0 
0 0 0 0 0 0 
0 0 -0.025 0 0 0 
0 0 0 0 0 0 
0 0 0 0 0 0 
0 0 0 0 0 0 
0 0 0.025 0 0 0 
0 0 0 0 0 0 
0 0 0 0 0 0 
0 0 0 0 0 0 
0 0 0 0 0 0 
0 0 -0.025 0 0 0 
0 0 0 0 0 0 
0 0 0 0 0 0 
0 0 0 0 0 0 
0 0 0 0 0 0 
0 0 0 0 0 0 
0 0 0 0 0 0 
0 0 -0.025 0 0 0 
0 0 0 0 0 0 
0 0 -0.025 0 0 0 
0 0 0 0 0 0 
0 0 0 0 0 0 
0 0 -0.025 0 0 0 
0 0 0 0 0 0 
0 0 0 0 0 0 
0 0 -0.025 0 0 0 
0 0 0 0 0 0 
0 0 0 0 0 0 
0 0 -0.025 0 0 0 
0 0 0 0 0 0 
0 0 0.025 0 0 0 
0 0 0 0 0 0 
0 0 -0.025 0 0 0 
0 0 0 0 0 0 
0 0 -0.025 0 0 0 
0 0 0 0 0 0 
0 0 0 0 0 0 
0.025 0 0.025 0 0 0 
0 0 0 0 0 0 
0 0 0.025 0 0 0 
0 0 -0.025 0 0 0 
0 0 0.025 0 0 0 
0 0 0.025 0 0 0 
0 0 0 0 0 0 
0 0 -0.025 0 0 0 
0 0 0.025 0 0 0 
0 0 0 0 0 0 
0 0 0 0 0 0 
0 0 0.025 0 0 0 
0 0 0 0 0 0 
0 0 0 0 0 0 
0 0 0 0 0 0 
0 0 0.025 0 0 0 
0 0 0 0 0 0 
0 0 0 0 0 0 
0 0 -0.025 0 0 0 
0 0 0 0 0 0 
-0.025 0 0 0 0 0 
