1.25368 -3.98078 9.76226 -0.358976 -2.03131 -0.073922 
1.30925 -3.92722 9.63463 -0.3394 -2.06203 -0.064502 
1.37072 -4.00231 9.90777 -0.354277 -2.06832 -0.065454 
1.38083 -3.95636 9.72584 -0.351207 -2.06237 -0.068931 
1.3014 -3.91715 9.69109 -0.356102 -2.04507 -0.071966 
1.38589 -3.99486 9.93117 -0.331879 -2.05849 -0.064362 
1.34492 -4.07563 9.81335 -0.342632 -2.06079 -0.064113 
1.28199 -3.95802 9.72955 -0.350764 -2.02911 -0.074558 
1.31373 -3.98713 9.77381 -0.345195 -2.03935 -0.073376 
1.39809 -4.01094 9.76211 -0.345987 -2.07534 -0.063583 
1.339 -3.93145 9.73028 -0.350815 -2.05677 -0.067912 
1.36796 -4.02414 9.73634 -0.342219 -2.04888 -0.068257 
1.40103 -4.07883 9.80463 -0.338517 -2.05572 -0.067202 
1.38115 -3.98378 9.80669 -0.334132 -2.05682 -0.065652 
1.31581 -3.90154 9.75933 -0.34528 -2.04039 -0.072144 
1.24978 -3.91843 9.74221 -0.345161 -2.02906 -0.075334 
1.40171 -4.01278 9.86479 -0.345114 -2.06444 -0.064113 
1.43724 -4.03726 9.82491 -0.349556 -2.07967 -0.062611 
1.3495 -4.03025 9.73677 -0.343751 -2.03945 -0.071616 
1.38931 -4.0174 9.73279 -0.341923 -2.04897 -0.069671 
1.36551 -4.07798 9.91616 -0.339269 -2.0521 -0.06716 
1.28352 -3.95266 9.72091 -0.353759 -2.04323 -0.072912 
1.36668 -3.9083 9.76343 -0.350805 -2.04383 -0.072429 
1.34873 -4.0231 9.80561 -0.33893 -2.06692 -0.062644 
1.41863 -3.92952 9.87032 -0.337666 -2.06785 -0.064642 
1.38541 -3.99518 9.72875 -0.34648 -2.04113 -0.072782 
1.38912 -3.99252 9.76555 -0.335612 -2.04553 -0.069054 
1.41501 -3.98051 9.74877 -0.332472 -2.05545 -0.06881 
1.2879 -3.96341 9.74291 -0.356932 -2.04004 -0.071109 
1.30944 -3.95369 9.59536 -0.351072 -2.03943 -0.074525 
1.41949 -4.03645 9.92918 -0.34177 -2.06618 -0.064741 
1.39282 -3.94976 9.81092 -0.339838 -2.07558 -0.063629 
1.38962 -4.09415 9.84126 -0.349108 -2.04564 -0.070883 
1.37608 -4.05898 9.80381 -0.346682 -2.04805 -0.070241 
1.4541 -4.06078 9.79029 -0.338268 -2.06704 -0.063945 
1.344 -3.97245 9.61815 -0.355465 -2.05451 -0.071991 
1.35628 -3.96052 9.67798 -0.355637 -2.04212 -0.073355 
1.38894 -3.97377 9.8187 -0.333911 -2.07147 -0.062601 
1.37605 -4.01058 9.86702 -0.343582 -2.06484 -0.06492 
1.30607 -3.93381 9.69617 -0.34496 -2.03194 -0.074078 
1.29809 -4.06305 9.773 -0.342492 -2.03749 -0.070957 
1.42072 -4.00814 9.78415 -0.339293 -2.05196 -0.07042 
1.33816 -3.91432 9.72691 -0.353243 -2.04996 -0.069933 
1.36559 -4.01658 9.7688 -0.360521 -2.05005 -0.071984 
1.3646 -4.06296 9.83746 -0.34196 -2.05849 -0.064797 
1.32445 -3.9622 9.77371 -0.339493 -2.06579 -0.062622 
1.32587 -3.97541 9.67643 -0.3485 -2.04022 -0.073908 
1.30984 -3.95277 9.5606 -0.350382 -2.03683 -0.074163 
1.32004 -3.9159 9.71065 -0.349682 -2.0616 -0.065818 
1.3262 -3.91254 9.56448 -0.354308 -2.06149 -0.067321 
1.35017 -3.94968 9.65328 -0.332158 -2.0539 -0.068815 
1.3301 -3.92295 9.76886 -0.332073 -2.06153 -0.063943 
1.40092 -4.00587 9.84578 -0.338581 -2.06973 -0.064752 
1.32197 -3.9733 9.70523 -0.358421 -2.0407 -0.075083 
1.3633 -3.93988 9.65808 -0.347297 -2.04728 -0.072216 
1.39677 -3.98857 9.77641 -0.346368 -2.07654 -0.064681 
1.32351 -3.96707 9.81513 -0.355005 -2.06213 -0.0668 
1.37689 -4.03693 9.77909 -0.347151 -2.05532 -0.067911 
1.36843 -4.01372 9.7337 -0.336242 -2.05862 -0.068185 
1.36323 -4.02565 9.91581 -0.341527 -2.06605 -0.063943 
1.24508 -3.86752 9.5916 -0.345803 -2.03888 -0.073332 
1.31211 -3.96346 9.7518 -0.353555 -2.03749 -0.074959 
1.38256 -3.95885 9.73655 -0.345103 -2.07351 -0.064445 
1.3634 -3.94113 9.78308 -0.349978 -2.07079 -0.064457 
1.34762 -4.02068 9.73385 -0.345038 -2.04865 -0.070369 
1.41172 -3.96924 9.81912 -0.33728 -2.06472 -0.066342 
1.25088 -3.94614 9.67882 -0.357213 -2.05228 -0.072244 
1.30352 -3.88995 9.6737 -0.353806 -2.0354 -0.07458 
1.31028 -3.95983 9.64571 -0.350062 -2.04408 -0.073178 
1.28183 -3.99197 9.73959 -0.345752 -2.06606 -0.062349 
1.35426 -3.93962 9.78423 -0.353117 -2.06429 -0.065853 
1.36863 -4.06316 9.87241 -0.346432 -2.0501 -0.067649 
1.33538 -4.01724 9.73431 -0.338787 -2.05464 -0.069733 
1.32659 -3.89556 9.70556 -0.354288 -2.04608 -0.071125 
1.34795 -4.03216 9.67907 -0.361957 -2.04934 -0.072086 
1.30308 -3.90437 9.65362 -0.347668 -2.03311 -0.074598 
1.35416 -3.89724 9.77454 -0.334362 -2.06563 -0.064143 
1.39483 -4.04638 9.86982 -0.353979 -2.06976 -0.063641 
1.2885 -3.97155 9.70566 -0.336445 -2.03763 -0.072922 
1.40594 -3.99015 9.83819 -0.335973 -2.05048 -0.067263 
1.40663 -4.03351 9.69289 -0.334976 -2.06556 -0.06788 
1.32859 -3.93951 9.79861 -0.352398 -2.03865 -0.074202 
1.30313 -3.94469 9.65787 -0.349094 -2.03837 -0.073207 
1.39332 -4.05136 9.88152 -0.34277 -2.07189 -0.062922 
1.36866 -3.96642 9.75955 -0.350237 -2.06586 -0.065606 
1.31286 -3.96493 9.72409 -0.337944 -2.03968 -0.07008 
1.34911 -4.01006 9.70356 -0.336289 -2.04907 -0.069767 
1.2608 -3.95175 9.68785 -0.358144 -2.04242 -0.073188 
1.33893 -3.9482 9.62869 -0.353714 -2.04831 -0.071323 
1.35042 -3.98813 9.73103 -0.335865 -2.06689 -0.064306 
1.39814 -3.96674 9.80076 -0.344432 -2.06961 -0.063417 
1.29198 -3.87203 9.71542 -0.333917 -2.06164 -0.064557 
1.32951 -3.9776 9.79692 -0.339176 -2.03793 -0.072226 
1.35288 -3.99629 9.80901 -0.336127 -2.0536 -0.067365 
1.31042 -3.92986 9.77021 -0.352904 -2.05356 -0.070541 
1.35816 -3.96615 9.70877 -0.362219 -2.04524 -0.074823 
1.34744 -3.97477 9.60821 -0.355359 -2.05178 -0.072951 
1.34195 -3.96609 9.65982 -0.351151 -2.03842 -0.073948 
1.33042 -3.95018 9.82429 -0.352731 -2.06256 -0.065268 
1.35623 -4.00208 9.89825 -0.357587 -2.06942 -0.066698 
1.31267 -3.90657 9.63229 -0.357835 -2.05258 -0.072128 
1.3567 -3.95843 9.63617 -0.354636 -2.05024 -0.072082 
1.27321 -3.92633 9.645 -0.354847 -2.03387 -0.07506 
1.32231 -3.94042 9.66767 -0.346769 -2.04657 -0.071298 
1.35451 -4.00462 9.67006 -0.349771 -2.04054 -0.072562 
1.40077 -3.94366 9.70979 -0.338338 -2.0572 -0.068839 
1.34491 -4.02168 9.84853 -0.340462 -2.05316 -0.067903 
1.37134 -4.00859 9.79623 -0.340997 -2.06579 -0.063863 
1.30107 -3.96825 9.71337 -0.360158 -2.04636 -0.071165 
1.26107 -3.91473 9.65171 -0.347988 -2.03378 -0.07639 
1.28352 -3.95843 9.67038 -0.353625 -2.03539 -0.072083 
1.38954 -3.99828 9.82821 -0.345032 -2.07558 -0.063945 
1.3505 -4.00084 9.89251 -0.356654 -2.0606 -0.06716 
1.3541 -3.99903 9.66417 -0.355387 -2.05921 -0.067471 
1.42027 -4.08644 9.78499 -0.342211 -2.05687 -0.067 
1.3612 -4.01362 9.80096 -0.337462 -2.05476 -0.064651 
1.33415 -3.90993 9.72898 -0.350572 -2.04285 -0.071258 
1.33919 -3.96813 9.6673 -0.349872 -2.03961 -0.07509 
1.31593 -3.96795 9.7457 -0.348503 -2.03188 -0.073522 
1.36196 -4.02153 9.76924 -0.348407 -2.07081 -0.063948 
1.35615 -3.95453 9.73444 -0.347878 -2.06031 -0.067465 
1.34967 -3.9787 9.80385 -0.356999 -2.04963 -0.068804 
1.38517 -4.03679 9.84512 -0.335121 -2.05973 -0.064627 
1.41309 -4.04818 9.83765 -0.338187 -2.06118 -0.066396 
1.41013 -4.03381 9.83261 -0.341458 -2.07456 -0.062709 
1.33725 -3.98207 9.77495 -0.344465 -2.06451 -0.065371 
1.32245 -3.93616 9.67379 -0.341249 -2.03418 -0.074397 
1.32011 -4.05593 9.79199 -0.342208 -2.04164 -0.068287 
1.28115 -4.00227 9.62363 -0.361197 -2.05109 -0.070887 
1.32489 -3.91953 9.6816 -0.354273 -2.03937 -0.072202 
1.33714 -4.03882 9.77755 -0.355899 -2.04176 -0.074197 
1.31087 -4.02496 9.76632 -0.357119 -2.03145 -0.074929 
1.30374 -3.9386 9.71709 -0.343914 -2.06328 -0.064918 
1.32642 -3.95626 9.73664 -0.347325 -2.06083 -0.065882 
1.34674 -3.93034 9.75297 -0.351818 -2.05104 -0.069117 
1.41941 -4.00789 9.76627 -0.333679 -2.06072 -0.065896 
1.36536 -4.02514 9.80638 -0.336996 -2.05434 -0.067243 
1.40812 -4.07391 9.81871 -0.345831 -2.07517 -0.062468 
1.31015 -4.00525 9.72993 -0.352004 -2.03775 -0.073327 
1.33848 -3.94201 9.66399 -0.345607 -2.03633 -0.075247 
1.34352 -4.04151 9.78851 -0.342438 -2.04237 -0.070229 
1.30358 -3.95181 9.71117 -0.349074 -2.05601 -0.069608 
1.31909 -3.90085 9.75265 -0.351664 -2.04707 -0.069625 
1.38723 -4.00411 9.75636 -0.333679 -2.06462 -0.064016 
1.36303 -4.00168 9.78415 -0.337865 -2.05895 -0.06578 
1.39171 -3.95291 9.75508 -0.339783 -2.07561 -0.063587 
1.3243 -3.91422 9.6644 -0.339513 -2.06265 -0.064854 
1.37186 -3.9961 9.75165 -0.345894 -2.04205 -0.072408 
1.37243 -4.00331 9.84883 -0.337004 -2.0468 -0.068278 
1.33088 -4.06243 9.7248 -0.344022 -2.05376 -0.068207 
1.32756 -3.94214 9.73012 -0.357891 -2.03831 -0.073217 
1.28494 -3.97418 9.66442 -0.353254 -2.03978 -0.073748 
1.35577 -3.9643 9.72035 -0.335808 -2.06802 -0.063763 
1.34708 -3.91226 9.71295 -0.342667 -2.06464 -0.064662 
1.36768 -4.00327 9.83412 -0.352856 -2.06519 -0.066126 
1.36269 -3.90967 9.68554 -0.355659 -2.05217 -0.072714 
1.42012 -4.02288 9.86772 -0.337152 -2.05992 -0.06588 
1.38065 -4.00904 9.7566 -0.335345 -2.06841 -0.063446 
1.40916 -3.97919 9.84393 -0.340216 -2.067 -0.063967 
1.35392 -3.97854 9.73684 -0.348998 -2.04338 -0.07356 
1.34486 -4.01861 9.63077 -0.343007 -2.03985 -0.072757 
1.31841 -4.03684 9.83198 -0.342229 -2.0437 -0.067267 
1.33252 -3.90278 9.60656 -0.350738 -2.05286 -0.069924 
1.26883 -3.9015 9.6243 -0.353711 -2.03777 -0.073621 
1.30241 -3.94605 9.67636 -0.352425 -2.03742 -0.072565 
1.28572 -3.92433 9.65154 -0.341621 -2.03217 -0.075844 
1.28953 -3.95523 9.85969 -0.343036 -2.05653 -0.065186 
1.38138 -3.9529 9.71447 -0.349139 -2.06951 -0.06623 
1.29626 -3.89777 9.69624 -0.350968 -2.04603 -0.0681 
1.38526 -3.98042 9.80907 -0.336336 -2.05448 -0.066943 
1.42858 -3.97267 9.73344 -0.330982 -2.06684 -0.065354 
1.37451 -3.95523 9.73852 -0.334653 -2.06226 -0.065058 
1.3783 -3.93188 9.72991 -0.332617 -2.07081 -0.062649 
1.32438 -4.02813 9.65464 -0.348498 -2.03945 -0.07422 
1.43168 -3.97276 9.72376 -0.344881 -2.04428 -0.071587 
1.36191 -3.9938 9.72447 -0.332992 -2.05065 -0.068681 
1.35026 -4.00269 9.76891 -0.361688 -2.05031 -0.07062 
1.33887 -3.97829 9.68513 -0.360957 -2.05053 -0.072018 
1.30209 -3.95503 9.68773 -0.353368 -2.03629 -0.072633 
1.33234 -3.95189 9.73721 -0.336734 -2.05988 -0.065193 
1.38585 -3.98168 9.80714 -0.340819 -2.07104 -0.060239 
1.35131 -4.05185 9.63857 -0.348368 -2.04434 -0.072256 
1.29923 -3.91465 9.71468 -0.335612 -2.02827 -0.070526 
1.37095 -4.00308 9.72991 -0.331712 -2.05704 -0.066458 
1.32904 -3.95965 9.68544 -0.353287 -2.04331 -0.072771 
1.32347 -3.97632 9.6558 -0.356282 -2.04043 -0.073777 
1.3476 -3.97248 9.69062 -0.348135 -2.03993 -0.072507 
1.33172 -3.97769 9.83048 -0.344201 -2.06403 -0.065866 
1.43338 -3.96215 9.89782 -0.349134 -2.07136 -0.06476 
1.34978 -4.04556 9.75052 -0.340605 -2.04775 -0.069806 
1.38401 -4.05633 9.91601 -0.341794 -2.04879 -0.068731 
1.38347 -4.03786 9.81286 -0.335137 -2.06561 -0.065612 
1.40348 -3.98599 9.74329 -0.338071 -2.06488 -0.063695 
1.30107 -3.94183 9.66607 -0.351408 -2.03287 -0.073279 
1.28371 -4.00695 9.75191 -0.342354 -2.03332 -0.072861 
1.31996 -3.93047 9.65897 -0.344253 -2.0616 -0.06678 
1.33992 -3.89848 9.74811 -0.347297 -2.0562 -0.068224 
1.34508 -3.98362 9.75865 -0.35318 -2.04757 -0.07155 
1.32574 -3.97656 9.78163 -0.35788 -2.041 -0.074008 
1.30852 -3.96952 9.69751 -0.347534 -2.03566 -0.073385 
1.37443 -3.96691 9.76673 -0.340541 -2.06885 -0.066215 
1.4173 -3.99631 9.85936 -0.349132 -2.06958 -0.06408 
1.31688 -3.88122 9.65952 -0.344406 -2.05571 -0.0702 
1.35528 -3.90444 9.69489 -0.350126 -2.05224 -0.07033 
1.36681 -3.98611 9.77972 -0.331875 -2.06114 -0.064091 
1.36807 -4.01536 9.80995 -0.336482 -2.06257 -0.06421 
1.40028 -3.93698 9.82724 -0.3339 -2.07203 -0.062932 
1.32553 -4.00057 9.80099 -0.351547 -2.06483 -0.066591 
1.3238 -3.96842 9.67392 -0.340308 -2.03597 -0.073821 
1.39751 -3.92849 9.68454 -0.326725 -2.05764 -0.06663 
1.27131 -3.94327 9.65473 -0.35617 -2.04453 -0.072726 
1.35539 -3.95621 9.74546 -0.357198 -2.04294 -0.071987 
1.30518 -3.94818 9.68491 -0.34421 -2.03509 -0.074212 
1.4023 -3.94303 9.78173 -0.336439 -2.0666 -0.065145 
1.39205 -3.99191 9.87121 -0.346891 -2.06673 -0.063523 
1.3219 -3.9136 9.73969 -0.347183 -2.05689 -0.069441 
1.32054 -3.96938 9.73338 -0.332235 -2.04302 -0.068523 
1.40293 -4.0263 9.76813 -0.340174 -2.06895 -0.063661 
1.40751 -4.01806 9.74512 -0.344971 -2.0698 -0.063864 
1.33387 -3.9547 9.669 -0.357035 -2.03691 -0.073364 
1.30566 -3.9616 9.689 -0.344604 -2.04267 -0.072316 
1.33134 -3.95228 9.82658 -0.348066 -2.06682 -0.066188 
1.35313 -3.98749 9.76374 -0.36104 -2.06365 -0.068852 
1.2774 -3.91321 9.61594 -0.356759 -2.04902 -0.071849 
1.41629 -4.02424 9.82259 -0.341787 -2.06782 -0.064708 
1.36137 -3.91693 9.81671 -0.332332 -2.07243 -0.063304 
1.3547 -3.90119 9.77 -0.333297 -2.0672 -0.065388 
1.31923 -3.95188 9.66666 -0.348782 -2.03411 -0.074223 
1.3449 -3.98638 9.78674 -0.338791 -2.04763 -0.068519 
1.36962 -3.88809 9.59432 -0.347256 -2.06381 -0.069016 
1.32109 -3.87942 9.74033 -0.35091 -2.04495 -0.07223 
1.29264 -3.97329 9.61768 -0.356591 -2.04619 -0.073289 
1.32557 -3.94624 9.75196 -0.353981 -2.03331 -0.075301 
1.34879 -3.95452 9.77848 -0.341773 -2.07 -0.063471 
1.34288 -3.95172 9.6905 -0.342749 -2.06672 -0.065304 
1.30139 -3.94442 9.73126 -0.354407 -2.05808 -0.066422 
1.3713 -4.0055 9.81335 -0.340074 -2.04916 -0.069548 
1.30764 -4.01136 9.74678 -0.34167 -2.04653 -0.069333 
1.29007 -4.04559 9.81505 -0.345373 -2.05107 -0.065959 
1.33231 -3.97633 9.73533 -0.359838 -2.05693 -0.07242 
1.30872 -3.9836 9.82192 -0.361972 -2.04331 -0.073248 
1.33554 -3.94145 9.6721 -0.357069 -2.04985 -0.071079 
1.41002 -3.97185 9.77611 -0.331199 -2.06889 -0.063536 
1.34842 -3.97024 9.79752 -0.342178 -2.06436 -0.063902 
1.33139 -3.91071 9.74399 -0.349032 -2.04417 -0.073061 
1.33368 -3.94152 9.78452 -0.347836 -2.04272 -0.075431 
1.34428 -3.95173 9.636 -0.353508 -2.04461 -0.072558 
1.3618 -3.97335 9.70586 -0.344415 -2.07499 -0.063854 
1.34563 -4.00196 9.77081 -0.355019 -2.06927 -0.066364 
1.33567 -3.92714 9.85672 -0.344187 -2.06868 -0.064104 
1.3247 -3.87925 9.69184 -0.343976 -2.06576 -0.066544 
1.3546 -3.95894 9.8275 -0.34115 -2.04138 -0.073115 
1.316 -4.00881 9.73856 -0.343808 -2.04755 -0.07035 
1.38102 -4.06962 9.81327 -0.345083 -2.04521 -0.071223 
1.38023 -3.90755 9.70235 -0.352108 -2.06383 -0.068308 
1.31629 -3.89967 9.77719 -0.345293 -2.05904 -0.068792 
1.32873 -3.91791 9.73499 -0.354503 -2.05211 -0.071477 
1.29861 -3.9007 9.70128 -0.347673 -2.05237 -0.069276 
1.33165 -3.92828 9.64198 -0.357008 -2.04549 -0.072359 
1.43577 -3.96496 9.8089 -0.335836 -2.06488 -0.065593 
1.34526 -4.00177 9.77992 -0.335421 -2.06662 -0.065136 
1.27602 -3.8877 9.577 -0.351632 -2.03701 -0.074961 
1.31799 -3.95222 9.84673 -0.353324 -2.04198 -0.073108 
1.27491 -3.89784 9.68345 -0.345612 -2.03526 -0.074233 
1.33287 -3.94268 9.70473 -0.351443 -2.04141 -0.072696 
1.33024 -3.96059 9.78388 -0.343493 -2.06938 -0.062132 
1.29559 -3.93153 9.69093 -0.344091 -2.06214 -0.06527 
1.34671 -3.95347 9.68516 -0.351394 -2.07006 -0.064906 
1.31737 -4.06478 9.6909 -0.346363 -2.04718 -0.071053 
1.3385 -4.00572 9.70353 -0.346002 -2.04488 -0.069994 
1.35632 -4.04659 9.73835 -0.344457 -2.05321 -0.067996 
1.27095 -3.92252 9.66399 -0.353212 -2.0527 -0.07014 
1.29507 -3.90444 9.73745 -0.356668 -2.04532 -0.06952 
1.3155 -4.00745 9.78915 -0.337218 -2.05802 -0.065659 
1.40462 -4.01755 9.8287 -0.338531 -2.06335 -0.064968 
1.29387 -3.98169 9.78266 -0.338125 -2.06248 -0.062613 
1.27354 -3.89001 9.7264 -0.34552 -2.04163 -0.073808 
1.28098 -3.93442 9.70135 -0.355708 -2.03853 -0.076428 
1.39559 -3.96182 9.82068 -0.341076 -2.07338 -0.062407 
1.31818 -4.01124 9.73085 -0.346195 -2.07236 -0.064626 
1.38686 -3.91549 9.88181 -0.342742 -2.06972 -0.063697 
1.38055 -3.96526 9.76043 -0.351032 -2.0509 -0.072336 
1.35078 -3.95577 9.67679 -0.344305 -2.04272 -0.073576 
1.33761 -3.99897 9.75246 -0.34826 -2.04718 -0.070474 
1.38075 -4.03417 9.81043 -0.345204 -2.05342 -0.069947 
1.28047 -3.88528 9.62912 -0.352193 -2.05725 -0.069187 
1.38804 -3.94318 9.80194 -0.356803 -2.06456 -0.068147 
1.30278 -3.9123 9.68839 -0.354995 -2.04972 -0.072633 
1.28477 -3.89117 9.71165 -0.358401 -2.04603 -0.071002 
1.37383 -3.97921 9.80452 -0.334446 -2.07211 -0.063825 
1.34786 -3.91544 9.65908 -0.336732 -2.06775 -0.065115 
1.36881 -3.9545 9.79008 -0.344054 -2.07284 -0.062335 
1.3506 -3.91185 9.69114 -0.345374 -2.04868 -0.072584 
1.32232 -3.89843 9.71788 -0.33855 -2.03777 -0.074141 
1.34676 -3.8934 9.71566 -0.348369 -2.06814 -0.064611 
1.32409 -3.94254 9.62395 -0.351897 -2.06595 -0.068801 
1.31643 -3.90686 9.77122 -0.357401 -2.05537 -0.068811 
1.33508 -3.92371 9.60322 -0.355049 -2.05586 -0.070636 
1.38482 -3.97182 9.67674 -0.336837 -2.06221 -0.067096 
1.45437 -3.98915 9.76199 -0.338759 -2.07347 -0.065116 
1.33314 -4.00785 9.73051 -0.339634 -2.0675 -0.063389 
1.30943 -3.90195 9.58501 -0.351675 -2.03596 -0.075105 
1.29405 -3.98095 9.76465 -0.357976 -2.04236 -0.071942 
1.33324 -4.01135 9.74803 -0.353839 -2.03651 -0.074292 
1.38835 -3.97103 9.83638 -0.350496 -2.06963 -0.065229 
1.35158 -3.95974 9.71868 -0.348871 -2.06946 -0.064193 
1.34639 -3.9975 9.78527 -0.339096 -2.04976 -0.071296 
1.36765 -3.92389 9.6234 -0.335489 -2.04733 -0.068715 
1.30788 -3.90719 9.68701 -0.349463 -2.05475 -0.067962 
1.30558 -3.96455 9.68982 -0.361881 -2.04896 -0.072325 
1.31155 -3.8075 9.60918 -0.345077 -2.05061 -0.071067 
1.3691 -4.11975 9.95301 -0.343853 -2.06707 -0.065014 
1.32715 -3.95539 9.77051 -0.338986 -2.06123 -0.064554 
1.3745 -4.03679 9.8841 -0.342687 -2.07122 -0.063078 
1.34171 -3.92733 9.71118 -0.338296 -2.0689 -0.065545 
1.34424 -3.89541 9.70271 -0.348522 -2.0411 -0.073187 
1.31682 -3.95964 9.61514 -0.348825 -2.04392 -0.073476 
1.35373 -3.95898 9.6657 -0.346695 -2.04257 -0.072508 
1.37029 -3.97062 9.69202 -0.340253 -2.04925 -0.070495 
1.33883 -3.90735 9.76937 -0.347693 -2.06252 -0.066921 
1.31971 -3.87317 9.85508 -0.346992 -2.06497 -0.067485 
1.34053 -3.95634 9.70776 -0.358956 -2.05937 -0.070725 
1.36832 -3.99927 9.84732 -0.343132 -2.05845 -0.067237 
1.3639 -3.99046 9.78895 -0.332371 -2.06649 -0.065358 
1.39932 -4.00856 9.73624 -0.340444 -2.06313 -0.066782 
1.30755 -3.87236 9.64429 -0.354248 -2.04266 -0.072905 
1.31497 -3.95521 9.66665 -0.356213 -2.04912 -0.07295 
1.38477 -4.00283 9.79442 -0.33794 -2.07012 -0.064999 
1.36058 -3.94403 9.78672 -0.337843 -2.07145 -0.063001 
1.34011 -3.90892 9.72874 -0.335986 -2.07314 -0.063196 
1.32684 -3.97295 9.68853 -0.353591 -2.03947 -0.074319 
1.36968 -3.98441 9.77991 -0.349072 -2.04731 -0.070437 
1.34689 -3.97728 9.64212 -0.343952 -2.04642 -0.073256 
1.3702 -3.92269 9.78835 -0.355536 -2.06323 -0.068192 
1.30352 -3.92667 9.57139 -0.352783 -2.05669 -0.06911 
1.33262 -4.01643 9.69009 -0.336692 -2.05417 -0.066975 
1.3917 -3.97621 9.77014 -0.338665 -2.0596 -0.065992 
1.39227 -4.05177 9.76615 -0.341368 -2.07153 -0.062103 
1.29053 -3.87401 9.58159 -0.350059 -2.03823 -0.07433 
1.32292 -3.93495 9.72249 -0.353281 -2.03823 -0.072294 
1.32124 -4.02197 9.68927 -0.353699 -2.0396 -0.074641 
1.35052 -3.87474 9.67386 -0.342281 -2.06382 -0.064223 
1.39411 -3.94077 9.70083 -0.350121 -2.07348 -0.065272 
1.34469 -3.9173 9.60123 -0.354592 -2.05867 -0.069146 
1.34217 -3.96262 9.67661 -0.337057 -2.05064 -0.068695 
1.33227 -4.10796 9.84157 -0.349341 -2.0566 -0.064826 
1.26296 -3.88595 9.58228 -0.35402 -2.0447 -0.072989 
1.32162 -3.8679 9.73374 -0.349922 -2.04658 -0.071402 
1.28548 -3.94935 9.62005 -0.351653 -2.03598 -0.075649 
1.38671 -3.90098 9.79721 -0.338679 -2.0683 -0.063843 
1.35169 -3.96081 9.73799 -0.344069 -2.07725 -0.062868 
1.36867 -3.97818 9.62613 -0.343435 -2.04632 -0.072162 
1.38714 -3.98952 9.65656 -0.345034 -2.05412 -0.072038 
1.33043 -3.9275 9.77021 -0.351717 -2.0614 -0.068323 
1.33697 -3.92651 9.71538 -0.356682 -2.05597 -0.072877 
1.33324 -3.95217 9.77493 -0.356864 -2.04449 -0.071764 
1.36766 -3.96651 9.69262 -0.335047 -2.0751 -0.06387 
1.42279 -3.95988 9.77648 -0.340735 -2.07088 -0.063039 
1.38597 -3.97013 9.71564 -0.344323 -2.07983 -0.063057 
1.32634 -4.00963 9.82018 -0.346408 -2.04033 -0.072085 
1.34788 -3.98186 9.69443 -0.347037 -2.0459 -0.069976 
1.34743 -3.94648 9.71279 -0.354606 -2.06058 -0.066435 
1.24414 -3.9405 9.64131 -0.358404 -2.0448 -0.071123 
1.328 -3.91772 9.73019 -0.352949 -2.04969 -0.073754 
1.38536 -3.99386 9.67546 -0.338513 -2.07315 -0.06337 
1.37783 -3.9536 9.75926 -0.339523 -2.06476 -0.063426 
1.35693 -3.89001 9.65504 -0.334879 -2.07549 -0.061349 
1.32223 -4.06751 9.64571 -0.356956 -2.03758 -0.072086 
1.35497 -3.99277 9.73798 -0.348299 -2.04507 -0.072232 
1.35321 -3.91766 9.79079 -0.347147 -2.06565 -0.06549 
1.2962 -3.89989 9.60726 -0.354278 -2.05689 -0.07081 
1.33803 -3.95497 9.77881 -0.335578 -2.04969 -0.06766 
1.33689 -3.98054 9.72441 -0.335746 -2.06587 -0.06546 
1.387 -4.01552 9.83154 -0.343857 -2.06498 -0.063833 
1.28857 -3.92412 9.67204 -0.35453 -2.04155 -0.07431 
1.31009 -3.96269 9.69232 -0.348506 -2.03882 -0.074374 
1.37895 -3.98175 9.70461 -0.354062 -2.04685 -0.072918 
1.38948 -3.96913 9.75589 -0.346451 -2.0742 -0.062501 
1.32746 -3.96394 9.66869 -0.355578 -2.06647 -0.067667 
1.35091 -4.01191 9.86443 -0.345076 -2.04124 -0.070645 
1.40051 -4.00961 9.70182 -0.340128 -2.06064 -0.068714 
1.36473 -4.00667 9.82536 -0.343589 -2.05355 -0.067326 
1.35682 -3.99724 9.81425 -0.332524 -2.0604 -0.065728 
1.33916 -3.92004 9.62731 -0.352642 -2.05081 -0.072625 
1.28091 -3.8541 9.56312 -0.348242 -2.03832 -0.073155 
1.27768 -3.95242 9.65389 -0.349862 -2.03289 -0.073936 
1.37294 -3.98214 9.78099 -0.348558 -2.07081 -0.065183 
1.38971 -3.97472 9.89196 -0.349687 -2.07599 -0.06323 
1.36091 -3.95785 9.73034 -0.350023 -2.07043 -0.067741 
1.37717 -3.98796 9.76467 -0.343464 -2.04738 -0.07071 
1.35685 -4.05084 9.77854 -0.340865 -2.05942 -0.067368 
1.33397 -3.8439 9.63748 -0.346486 -2.05888 -0.0703 
1.33964 -3.90551 9.68996 -0.357857 -2.05152 -0.070623 
1.30513 -3.92137 9.64159 -0.351768 -2.04456 -0.072798 
1.35826 -3.9934 9.76429 -0.340607 -2.06706 -0.065648 
1.36775 -3.92363 9.84575 -0.333544 -2.0678 -0.061697 
1.35842 -3.96676 9.76528 -0.343827 -2.07107 -0.065277 
1.32556 -3.90039 9.77334 -0.344966 -2.06295 -0.064766 
1.35661 -4.02949 9.74188 -0.344189 -2.0482 -0.069173 
1.37357 -4.03969 9.79248 -0.340858 -2.051 -0.067935 
1.29284 -3.87941 9.71712 -0.351376 -2.04819 -0.071596 
1.30913 -3.90778 9.66807 -0.349878 -2.04533 -0.069673 
1.30374 -3.97134 9.72213 -0.361005 -2.03521 -0.074888 
1.42028 -3.97104 9.8411 -0.341017 -2.07214 -0.062386 
1.36061 -4.00854 9.7574 -0.343433 -2.07134 -0.06365 
1.36914 -4.04186 9.73854 -0.354521 -2.03887 -0.072387 
1.39877 -4.00647 9.7461 -0.344529 -2.04987 -0.068787 
1.36791 -4.06818 9.86658 -0.345046 -2.04816 -0.071453 
1.29607 -3.90288 9.73366 -0.354844 -2.05147 -0.069526 
1.3064 -3.92368 9.70629 -0.349527 -2.04998 -0.071241 
1.33421 -3.9429 9.76028 -0.35591 -2.04142 -0.073872 
1.31457 -3.95234 9.65644 -0.354448 -2.04633 -0.071545 
1.39039 -4.00049 9.76738 -0.338807 -2.07483 -0.063622 
1.33963 -3.89705 9.7926 -0.339313 -2.06649 -0.063316 
1.34601 -3.89178 9.6831 -0.339989 -2.06787 -0.063867 
1.30911 -4.04719 9.89416 -0.348362 -2.038 -0.070348 
1.34702 -3.96423 9.76388 -0.335977 -2.0465 -0.0666 
1.38812 -4.03269 9.82611 -0.340782 -2.06333 -0.066404 
1.34054 -3.96 9.77358 -0.334373 -2.05891 -0.062915 
1.29717 -3.93999 9.61861 -0.352336 -2.04258 -0.07296 
1.32738 -3.95435 9.6579 -0.350381 -2.03361 -0.074883 
1.3323 -3.96168 9.66459 -0.344743 -2.04111 -0.070975 
1.27978 -3.99913 9.82878 -0.339189 -2.03156 -0.070249 
1.35892 -3.93154 9.75246 -0.353265 -2.06028 -0.069072 
1.33906 -3.9167 9.70139 -0.347723 -2.05021 -0.071078 
1.34926 -3.99699 9.70762 -0.362887 -2.04262 -0.074389 
1.42934 -4.00039 9.77003 -0.335195 -2.06544 -0.063416 
1.32499 -3.97484 9.78246 -0.334127 -2.0645 -0.064839 
1.38073 -3.98547 9.76127 -0.346783 -2.06641 -0.064423 
1.34322 -3.95774 9.75586 -0.34414 -2.04079 -0.070977 
1.32408 -4.00684 9.88819 -0.34239 -2.03734 -0.072342 
1.39776 -3.95129 9.75316 -0.356263 -2.06415 -0.06837 
1.28363 -3.93706 9.69754 -0.350929 -2.05238 -0.068933 
1.32113 -3.93183 9.66755 -0.35511 -2.04826 -0.071598 
1.31882 -3.93828 9.69964 -0.355894 -2.04724 -0.070802 
1.38007 -4.04849 9.78217 -0.338088 -2.06915 -0.063477 
1.40471 -3.95463 9.77145 -0.338451 -2.06709 -0.06296 
1.37484 -3.95982 9.78954 -0.337015 -2.07062 -0.062803 
1.34534 -4.00853 9.67146 -0.350368 -2.03895 -0.072876 
1.36883 -3.96362 9.74047 -0.342067 -2.03918 -0.073059 
1.36312 -3.93539 9.64958 -0.344345 -2.06775 -0.064546 
1.31747 -3.92331 9.73886 -0.345397 -2.05783 -0.067868 
1.3399 -3.96978 9.82167 -0.357188 -2.0572 -0.068421 
1.3732 -4.01977 9.76868 -0.331555 -2.05605 -0.066725 
1.35172 -4.01449 9.90592 -0.336053 -2.05435 -0.065526 
1.35052 -4.06402 9.85639 -0.338642 -2.06271 -0.062958 
1.32425 -3.90896 9.64665 -0.345116 -2.04017 -0.072746 
1.32125 -4.0476 9.76185 -0.3606 -2.03381 -0.073546 
1.33386 -3.96852 9.82562 -0.337561 -2.06611 -0.061706 
1.32167 -3.92777 9.72703 -0.337157 -2.06228 -0.065465 
1.31363 -3.95165 9.82167 -0.349703 -2.06279 -0.066371 
1.3496 -3.96537 9.59832 -0.333185 -2.0488 -0.069973 
1.31584 -3.97102 9.79209 -0.336524 -2.04387 -0.068731 
1.35679 -4.02422 9.83012 -0.334162 -2.05886 -0.064364 
1.27041 -3.9609 9.58536 -0.356161 -2.0405 -0.072108 
1.29067 -3.94278 9.69745 -0.354327 -2.03273 -0.074901 
1.37 -3.91585 9.84674 -0.331682 -2.06808 -0.063045 
1.339 -3.99179 9.64466 -0.34573 -2.06778 -0.065158 
1.38272 -3.92051 9.74885 -0.347714 -2.06718 -0.065127 
1.287 -3.94565 9.77695 -0.347247 -2.0564 -0.067709 
1.30015 -4.058 9.85569 -0.34379 -2.03722 -0.069863 
1.43317 -3.95805 9.72439 -0.33041 -2.06171 -0.066975 
1.39163 -3.94521 9.70041 -0.328613 -2.06365 -0.067311 
1.29643 -3.87378 9.68536 -0.3487 -2.03489 -0.074634 
1.3278 -3.95702 9.59286 -0.350748 -2.04537 -0.071991 
1.293 -3.96795 9.81547 -0.347317 -2.02631 -0.074042 
1.418 -3.94209 9.77507 -0.342666 -2.07202 -0.064074 
1.39284 -3.9676 9.87955 -0.343942 -2.06973 -0.064918 
1.34179 -3.94182 9.83362 -0.355478 -2.05389 -0.069948 
1.4446 -3.97171 9.78166 -0.33164 -2.05575 -0.066471 
1.33853 -3.98164 9.73855 -0.329352 -2.05721 -0.06738 
1.31223 -3.89726 9.69989 -0.350232 -2.03265 -0.074129 
1.32506 -3.95587 9.74188 -0.352066 -2.0432 -0.071941 
1.3334 -3.9717 9.69945 -0.349965 -2.03397 -0.07456 
1.36664 -3.96337 9.9182 -0.34698 -2.06645 -0.063976 
1.34846 -3.96328 9.81546 -0.34449 -2.06391 -0.06708 
1.36428 -3.91214 9.75648 -0.348272 -2.06223 -0.069579 
1.31518 -3.9451 9.66103 -0.352534 -2.05414 -0.069371 
1.38358 -3.99272 9.69067 -0.334082 -2.05833 -0.066539 
1.40828 -3.99375 9.78162 -0.338318 -2.06565 -0.06307 
1.37195 -3.90615 9.67006 -0.325785 -2.06526 -0.062296 
1.38995 -4.0301 9.90622 -0.347007 -2.06842 -0.064413 
1.33318 -3.96275 9.69355 -0.344833 -2.03737 -0.072913 
1.35476 -3.99716 9.68958 -0.340746 -2.03927 -0.070986 
1.34664 -3.91249 9.69937 -0.347012 -2.05653 -0.068762 
1.31686 -3.92649 9.82722 -0.349263 -2.05372 -0.068164 
1.3187 -3.92565 9.60962 -0.354044 -2.04408 -0.07231 
1.36574 -4.0528 9.792 -0.342822 -2.05246 -0.064162 
1.29925 -4.02015 9.75778 -0.334961 -2.06284 -0.06465 
1.40869 -3.95452 9.82043 -0.338206 -2.06548 -0.063062 
1.38723 -3.94033 9.65033 -0.347325 -2.04078 -0.072775 
1.35563 -4.02622 9.69445 -0.34393 -2.03905 -0.071923 
1.35727 -3.91581 9.71071 -0.331768 -2.03993 -0.070778 
1.43885 -3.92351 9.78608 -0.346914 -2.06641 -0.065612 
1.28711 -3.87265 9.5744 -0.344361 -2.04823 -0.072347 
1.35856 -3.98934 9.8954 -0.332927 -2.04795 -0.065536 
1.37202 -4.02845 9.77631 -0.336127 -2.06736 -0.063026 
1.39339 -4.01154 9.82823 -0.342825 -2.06496 -0.065284 
1.3651 -3.98274 9.77377 -0.349701 -2.04061 -0.072857 
1.3573 -4.02295 9.78359 -0.340511 -2.03853 -0.071843 
1.39744 -4.04895 9.80032 -0.34339 -2.049 -0.068864 
1.4113 -3.96032 9.7051 -0.35374 -2.06052 -0.068016 
1.35582 -3.91908 9.65389 -0.349593 -2.05064 -0.073088 
1.41965 -4.05246 9.89917 -0.34029 -2.05771 -0.064871 
1.30548 -3.96453 9.88186 -0.329389 -2.06077 -0.063545 
1.38869 -4.0525 9.86334 -0.347481 -2.06697 -0.06436 
1.44697 -3.97025 9.7873 -0.338001 -2.0776 -0.063578 
1.30717 -3.93044 9.61349 -0.337438 -2.03519 -0.07303 
1.39268 -4.0313 9.75905 -0.343007 -2.04524 -0.069486 
1.39186 -4.0701 9.75817 -0.342099 -2.057 -0.06737 
1.34986 -3.91514 9.64465 -0.353712 -2.04707 -0.071336 
1.33549 -3.92705 9.78604 -0.351816 -2.04669 -0.071236 
1.38861 -4.04064 9.78971 -0.337615 -2.06915 -0.063892 
1.3894 -4.00006 9.85151 -0.341957 -2.06569 -0.064251 
1.42318 -4.02216 9.88263 -0.341495 -2.07528 -0.062716 
1.3433 -4.02585 9.75986 -0.345264 -2.03827 -0.072846 
1.39061 -4.00738 9.76776 -0.342042 -2.0433 -0.070916 
1.36478 -4.08643 9.76184 -0.348577 -2.05196 -0.066913 
1.3601 -3.8951 9.67511 -0.34945 -2.05808 -0.070551 
1.35776 -3.89263 9.68062 -0.351612 -2.0583 -0.069178 
1.28342 -3.92807 9.64282 -0.353029 -2.03417 -0.074627 
1.38915 -3.98178 9.88934 -0.338587 -2.06312 -0.062955 
1.37687 -3.99265 9.79154 -0.33683 -2.07124 -0.061846 
1.31637 -4.02107 9.71192 -0.354852 -2.03431 -0.073979 
1.37677 -4.01318 9.76744 -0.345193 -2.03891 -0.072697 
1.37332 -3.9413 9.80538 -0.345205 -2.06821 -0.063934 
1.33821 -3.92828 9.79282 -0.348547 -2.05683 -0.069401 
1.37951 -3.92434 9.69495 -0.351473 -2.05622 -0.06817 
1.35916 -4.04478 9.81207 -0.333673 -2.05902 -0.066395 
1.43436 -3.97832 9.86016 -0.335659 -2.0619 -0.064332 
1.40862 -4.02735 9.80954 -0.337487 -2.07568 -0.064428 
1.35847 -3.95841 9.82667 -0.342297 -2.06243 -0.063903 
1.29153 -4.02374 9.7003 -0.348736 -2.03376 -0.073052 
1.29263 -3.96602 9.65996 -0.334272 -2.03555 -0.071164 
1.33418 -4.03524 9.77023 -0.345725 -2.04191 -0.068969 
1.35379 -3.96629 9.75413 -0.357727 -2.05745 -0.067822 
1.30648 -3.92397 9.57459 -0.356216 -2.0446 -0.072432 
1.3217 -3.9659 9.68985 -0.357988 -2.04612 -0.071972 
1.36254 -4.03995 9.85673 -0.339842 -2.06961 -0.064067 
1.39248 -3.94908 9.7276 -0.339718 -2.06786 -0.064329 
1.34435 -3.95658 9.72258 -0.347969 -2.0411 -0.073739 
1.35303 -4.04793 9.80687 -0.347299 -2.0412 -0.072052 
1.38425 -4.02946 9.77239 -0.344749 -2.04364 -0.070228 
1.35307 -3.94322 9.83491 -0.352047 -2.05968 -0.067402 
1.31245 -3.95114 9.67895 -0.354954 -2.04647 -0.071066 
1.31935 -3.96837 9.71157 -0.357225 -2.04433 -0.071167 
1.31712 -3.92317 9.59371 -0.347203 -2.03919 -0.073926 
1.40222 -4.02244 9.803 -0.341116 -2.06749 -0.064607 
1.35557 -3.92058 9.8557 -0.333886 -2.06729 -0.062159 
1.34569 -4.00348 9.7358 -0.342432 -2.04258 -0.072781 
1.33271 -3.99367 9.72319 -0.341375 -2.03864 -0.072256 
1.36955 -3.99276 9.6539 -0.335389 -2.05606 -0.067378 
1.32756 -3.90707 9.6296 -0.349785 -2.05741 -0.070766 
1.31841 -3.89869 9.66089 -0.354216 -2.04412 -0.071395 
1.27668 -3.92302 9.56833 -0.352854 -2.0446 -0.073506 
1.33188 -3.98613 9.7333 -0.337085 -2.06103 -0.06733 
1.35951 -4.00432 9.81686 -0.341211 -2.06618 -0.063842 
1.29281 -3.97773 9.61198 -0.340478 -2.06273 -0.065008 
1.2928 -3.94654 9.60365 -0.354684 -2.0334 -0.075204 
1.36384 -3.99329 9.68045 -0.352111 -2.04473 -0.071963 
1.3404 -4.03149 9.77803 -0.345363 -2.07186 -0.063419 
1.34614 -3.88995 9.80373 -0.342494 -2.06575 -0.064618 
1.39552 -4.00023 9.72382 -0.351812 -2.07575 -0.065948 
1.32173 -3.99394 9.69333 -0.34295 -2.03969 -0.073521 
1.36594 -4.01147 9.76805 -0.341893 -2.05048 -0.069869 
1.28322 -3.89147 9.6204 -0.348382 -2.05641 -0.068671 
1.27515 -3.92741 9.6285 -0.357064 -2.04848 -0.073128 
1.32866 -3.9243 9.79385 -0.355295 -2.05049 -0.069119 
1.26895 -3.86748 9.61162 -0.348817 -2.04132 -0.074073 
1.38088 -3.97206 9.83342 -0.337061 -2.06188 -0.065553 
1.32311 -4.01991 9.81236 -0.340291 -2.06979 -0.064656 
1.38378 -3.99262 9.84275 -0.341189 -2.06886 -0.064678 
1.39542 -3.9591 9.7602 -0.345299 -2.07947 -0.06206 
