1.4802e+07 126545 8.65921e+06 -187489 -2.03574e+06 -21040 
1.47319e+07 84092 8.52372e+06 -205904 -2.00515e+06 -31204 
1.47809e+07 203589 8.63308e+06 -190436 -2.02492e+06 -19661 
1.48456e+07 -1259 8.75098e+06 -207701 -2.01106e+06 -29540 
1.48875e+07 225132 8.64896e+06 -185030 -2.04424e+06 -19842 
1.47793e+07 125147 8.70675e+06 -200603 -2.00671e+06 -30987 
1.48816e+07 136144 8.73394e+06 -193964 -2.03925e+06 -22443 
1.4669e+07 136575 8.63527e+06 -200024 -1.99661e+06 -32964 
1.4799e+07 126682 8.76506e+06 -193583 -2.03794e+06 -17829 
1.48022e+07 86576 8.7299e+06 -201703 -2.00964e+06 -31488 
1.481e+07 148303 8.6139e+06 -192580 -2.03789e+06 -20106 
1.47524e+07 114693 8.66179e+06 -201219 -2.00384e+06 -31855 
1.47941e+07 110567 8.76632e+06 -197890 -2.03487e+06 -20374 
1.47384e+07 154334 8.67075e+06 -204070 -2.00353e+06 -30167 
1.49118e+07 104236 8.75755e+06 -185760 -2.0453e+06 -19426 
1.47044e+07 147030 8.62093e+06 -201721 -2.00125e+06 -32415 
1.48403e+07 117422 8.61212e+06 -187426 -2.03708e+06 -21427 
1.46606e+07 66902 8.7979e+06 -208503 -1.9996e+06 -29840 
1.48169e+07 199114 8.73626e+06 -180839 -2.03407e+06 -19027 
1.48161e+07 141290 8.68973e+06 -201259 -2.02248e+06 -29178 
1.47496e+07 43645 8.75955e+06 -189497 -2.02918e+06 -21823 
1.47831e+07 158648 8.63916e+06 -202063 -2.00792e+06 -29933 
1.48864e+07 220697 8.65554e+06 -183434 -2.04344e+06 -20906 
1.47712e+07 125466 8.72753e+06 -204155 -2.01678e+06 -28158 
1.48326e+07 78871 8.7803e+06 -183263 -2.03361e+06 -19518 
1.47535e+07 216420 8.6106e+06 -200313 -2.00545e+06 -29757 
1.48126e+07 92460 8.72851e+06 -189948 -2.02643e+06 -20906 
1.48587e+07 192791 8.66662e+06 -200415 -2.01489e+06 -26450 
1.48897e+07 169760 8.69001e+06 -183746 -2.03605e+06 -19679 
1.47835e+07 124492 8.64649e+06 -199769 -2.00943e+06 -29973 
1.4821e+07 36950 8.71264e+06 -185573 -2.0236e+06 -21563 
1.47138e+07 167851 8.6636e+06 -202682 -2.00804e+06 -30054 
1.47772e+07 115868 8.7461e+06 -184931 -2.0263e+06 -22754 
1.48367e+07 97418 8.68831e+06 -201849 -2.0195e+06 -27156 
1.48389e+07 86055 8.72474e+06 -186244 -2.03274e+06 -21959 
1.48502e+07 118641 8.66641e+06 -206185 -2.01185e+06 -29386 
1.48193e+07 64546 8.80663e+06 -185607 -2.02252e+06 -21657 
1.47936e+07 145273 8.65529e+06 -206441 -2.01497e+06 -27950 
1.48456e+07 46879 8.68932e+06 -185738 -2.03415e+06 -20296 
1.46522e+07 139965 8.72677e+06 -194326 -2.01026e+06 -26808 
1.4886e+07 20278 8.77672e+06 -190625 -2.02321e+06 -23946 
1.47446e+07 149331 8.6778e+06 -202245 -2.01221e+06 -29896 
1.48164e+07 119024 8.65795e+06 -186746 -2.01842e+06 -23235 
1.48057e+07 163371 8.65576e+06 -203471 -2.01811e+06 -25827 
1.47681e+07 70277 8.74786e+06 -182567 -2.02397e+06 -22886 
1.4811e+07 141500 8.67965e+06 -201397 -2.00974e+06 -30849 
1.48695e+07 88142 8.75345e+06 -186925 -2.02721e+06 -22178 
1.4807e+07 165593 8.72256e+06 -197602 -2.01539e+06 -27357 
1.48979e+07 91843 8.6248e+06 -183649 -2.03051e+06 -20925 
1.47504e+07 32238 8.6295e+06 -198607 -2.01519e+06 -29769 
1.47263e+07 58982 8.66553e+06 -175060 -2.0166e+06 -22416 
1.48211e+07 96804 8.62572e+06 -193504 -2.003e+06 -29255 
1.4643e+07 -51514 8.7184e+06 -170665 -2.01587e+06 -19528 
1.47806e+07 135125 8.64166e+06 -182139 -2.02144e+06 -26613 
1.47908e+07 -54162 8.74906e+06 -166518 -2.02114e+06 -22178 
1.47852e+07 -12337 8.6576e+06 -177076 -2.00732e+06 -28958 
1.4758e+07 -12514 8.83741e+06 -159093 -2.00996e+06 -22230 
1.4911e+07 -82980 8.81698e+06 -181864 -2.01693e+06 -27245 
1.49218e+07 -68329 8.79327e+06 -146623 -2.02985e+06 -19127 
1.47816e+07 -73009 8.75748e+06 -165598 -2.01228e+06 -27249 
1.48211e+07 -137892 8.78329e+06 -144616 -2.01875e+06 -25630 
1.47958e+07 -102681 8.7752e+06 -155531 -2.01152e+06 -26298 
1.49339e+07 -203862 8.84292e+06 -132662 -2.02487e+06 -19646 
1.48978e+07 -253998 8.9241e+06 -144911 -2.02595e+06 -25898 
1.48368e+07 -311599 8.93162e+06 -122230 -2.01974e+06 -22212 
1.48122e+07 -237771 8.85012e+06 -136134 -2.00318e+06 -27402 
1.48265e+07 -364374 9.02848e+06 -109291 -2.01288e+06 -21237 
1.48245e+07 -342937 8.96319e+06 -120742 -2.00537e+06 -24935 
1.50152e+07 -410655 9.04889e+06 -95396 -2.02976e+06 -19922 
1.48499e+07 -434687 8.98938e+06 -110516 -2.00088e+06 -29486 
1.495e+07 -508944 9.14578e+06 -83224 -2.01759e+06 -19705 
1.48544e+07 -577103 8.99305e+06 -100069 -2.00018e+06 -27774 
1.48495e+07 -637877 9.07707e+06 -74467 -2.02276e+06 -19224 
1.48237e+07 -571931 9.01069e+06 -81127 -2.00176e+06 -26999 
1.49017e+07 -748394 9.1752e+06 -54666 -2.01972e+06 -20685 
1.48296e+07 -625372 9.00179e+06 -64910 -1.99213e+06 -31463 
1.49425e+07 -810178 9.24373e+06 -52575 -2.02762e+06 -19598 
1.47973e+07 -812064 9.237e+06 -55785 -1.98645e+06 -27021 
1.49376e+07 -880034 9.25764e+06 -26266 -2.01629e+06 -19902 
1.48149e+07 -911720 9.2054e+06 -38440 -1.98727e+06 -30393 
1.493e+07 -958714 9.29144e+06 -16347 -2.01204e+06 -18857 
1.49304e+07 -1.00861e+06 9.27142e+06 -19775 -1.98747e+06 -29059 
1.49243e+07 -1.09396e+06 9.35598e+06 2179 -2.02763e+06 -18270 
1.48945e+07 -1.21972e+06 9.38466e+06 -4942 -1.99303e+06 -29415 
1.4903e+07 -1.26839e+06 9.4946e+06 14831 -2.01718e+06 -19932 
1.49472e+07 -1.25491e+06 9.4276e+06 22389 -1.98533e+06 -31415 
1.49738e+07 -1.25204e+06 9.54412e+06 50803 -2.02597e+06 -15802 
1.50217e+07 -1.27935e+06 9.49629e+06 54548 -1.99593e+06 -28432 
1.49808e+07 -1.51158e+06 9.59234e+06 60056 -2.02269e+06 -21384 
1.50365e+07 -1.55924e+06 9.62674e+06 67787 -1.99168e+06 -31029 
1.50867e+07 -1.6035e+06 9.59123e+06 80192 -2.01628e+06 -21345 
1.48888e+07 -1.67547e+06 9.71282e+06 93264 -1.96822e+06 -29006 
1.50131e+07 -1.69144e+06 9.69539e+06 111176 -2.01895e+06 -19127 
1.49318e+07 -1.89051e+06 9.83493e+06 109054 -1.98162e+06 -31344 
1.49326e+07 -1.8908e+06 9.82092e+06 128515 -2.01344e+06 -23120 
1.49533e+07 -1.94785e+06 9.92475e+06 138638 -1.98897e+06 -32096 
1.51042e+07 -1.98462e+06 1.00322e+07 152910 -2.02682e+06 -20453 
1.48557e+07 -2.18555e+06 9.92772e+06 173542 -1.97926e+06 -28382 
1.49568e+07 -2.13225e+06 9.97661e+06 185731 -2.0153e+06 -22553 
1.50641e+07 -2.28803e+06 1.00563e+07 192855 -1.97625e+06 -30805 
1.50218e+07 -2.2863e+06 1.01363e+07 209415 -2.00334e+06 -24878 
1.50759e+07 -2.50184e+06 1.02793e+07 216854 -1.98657e+06 -29715 
1.50041e+07 -2.4508e+06 1.03188e+07 231913 -1.99406e+06 -22746 
1.51031e+07 -2.67243e+06 1.04066e+07 247171 -1.98611e+06 -27874 
1.49954e+07 -2.67046e+06 1.03572e+07 257443 -1.99561e+06 -27065 
1.49968e+07 -2.78497e+06 1.04254e+07 281645 -1.98645e+06 -29237 
1.49795e+07 -2.80912e+06 1.05058e+07 285011 -1.99643e+06 -27581 
1.50413e+07 -3.01441e+06 1.06202e+07 312140 -1.99224e+06 -25532 
1.50371e+07 -2.98826e+06 1.04848e+07 313799 -1.98849e+06 -29441 
1.50888e+07 -3.07592e+06 1.06738e+07 347497 -1.98584e+06 -27756 
1.50941e+07 -3.20266e+06 1.06761e+07 333651 -1.97966e+06 -30100 
1.51385e+07 -3.28232e+06 1.08073e+07 363936 -1.98991e+06 -22985 
1.50942e+07 -3.2564e+06 1.0752e+07 367233 -1.97088e+06 -30557 
1.52099e+07 -3.4231e+06 1.08992e+07 401027 -1.98932e+06 -26407 
1.51922e+07 -3.49025e+06 1.08857e+07 389595 -1.9649e+06 -34849 
1.51238e+07 -3.62206e+06 1.10118e+07 417814 -1.98755e+06 -23088 
1.51254e+07 -3.61099e+06 1.09996e+07 435055 -1.96576e+06 -33286 
1.51712e+07 -3.80499e+06 1.11329e+07 452835 -2.00265e+06 -24991 
1.50903e+07 -3.92423e+06 1.11063e+07 449310 -1.95066e+06 -35993 
1.51703e+07 -3.93803e+06 1.12014e+07 477884 -1.98316e+06 -25976 
1.50754e+07 -3.96554e+06 1.11892e+07 482317 -1.95361e+06 -34417 
1.51811e+07 -4.16295e+06 1.14338e+07 495622 -1.98467e+06 -21559 
1.51594e+07 -4.25358e+06 1.13862e+07 511458 -1.94897e+06 -34906 
1.52559e+07 -4.20643e+06 1.1495e+07 537157 -1.97722e+06 -24888 
1.52667e+07 -4.39746e+06 1.16078e+07 536835 -1.94711e+06 -35222 
1.52749e+07 -4.44727e+06 1.16342e+07 565209 -1.98339e+06 -24915 
1.52485e+07 -4.60894e+06 1.15903e+07 573086 -1.95604e+06 -34053 
1.51838e+07 -4.65203e+06 1.17316e+07 593330 -1.98501e+06 -25914 
1.52578e+07 -4.84448e+06 1.1889e+07 611091 -1.95948e+06 -34285 
1.52219e+07 -4.80405e+06 1.19152e+07 613051 -1.97252e+06 -29911 
1.52812e+07 -4.96195e+06 1.19101e+07 643452 -1.95638e+06 -33351 
1.53556e+07 -5.03662e+06 1.20359e+07 643232 -1.98788e+06 -25131 
1.52482e+07 -5.17695e+06 1.22e+07 670702 -1.94779e+06 -32642 
1.52511e+07 -5.18215e+06 1.21413e+07 687372 -1.96618e+06 -32203 
1.52779e+07 -5.39066e+06 1.23543e+07 704466 -1.94822e+06 -32877 
1.53347e+07 -5.45316e+06 1.24245e+07 715963 -1.96451e+06 -31576 
1.53197e+07 -5.61842e+06 1.24616e+07 748827 -1.96414e+06 -32031 
1.52278e+07 -5.7245e+06 1.25194e+07 747091 -1.95894e+06 -35285 
1.53043e+07 -5.78355e+06 1.25476e+07 789899 -1.96459e+06 -32550 
1.51965e+07 -5.86833e+06 1.26335e+07 786295 -1.94491e+06 -37713 
1.52823e+07 -6.00119e+06 1.28232e+07 821272 -1.96121e+06 -31127 
1.53061e+07 -6.08384e+06 1.28195e+07 814607 -1.94816e+06 -37352 
1.52435e+07 -6.26224e+06 1.29811e+07 855269 -1.96116e+06 -32933 
1.53539e+07 -6.29695e+06 1.29315e+07 845842 -1.93496e+06 -38732 
1.53926e+07 -6.38299e+06 1.31582e+07 889043 -1.94678e+06 -32946 
1.53185e+07 -6.48045e+06 1.32707e+07 901310 -1.93717e+06 -40486 
1.53882e+07 -6.64862e+06 1.33273e+07 939762 -1.97116e+06 -30742 
1.53919e+07 -6.68952e+06 1.33353e+07 940162 -1.94849e+06 -41280 
1.54272e+07 -6.82516e+06 1.34658e+07 971992 -1.96651e+06 -31925 
1.53962e+07 -6.91777e+06 1.35608e+07 973743 -1.93857e+06 -42822 
1.53879e+07 -7.12535e+06 1.38023e+07 998539 -1.97574e+06 -31883 
1.53826e+07 -7.16266e+06 1.3803e+07 1.01296e+06 -1.94381e+06 -42498 
1.54485e+07 -7.28708e+06 1.39336e+07 1.03345e+06 -1.95921e+06 -32912 
1.53584e+07 -7.36845e+06 1.38765e+07 1.04667e+06 -1.93175e+06 -45645 
1.53943e+07 -7.4091e+06 1.40786e+07 1.07257e+06 -1.96736e+06 -34247 
1.5362e+07 -7.55832e+06 1.41478e+07 1.08206e+06 -1.92584e+06 -42319 
1.54046e+07 -7.68514e+06 1.42031e+07 1.10641e+06 -1.97166e+06 -35087 
1.53896e+07 -7.81376e+06 1.43355e+07 1.12889e+06 -1.93812e+06 -43046 
1.54233e+07 -7.96201e+06 1.45586e+07 1.13756e+06 -1.9571e+06 -37162 
1.54347e+07 -8.05668e+06 1.44498e+07 1.16349e+06 -1.93742e+06 -43798 
1.54248e+07 -8.09869e+06 1.46853e+07 1.17235e+06 -1.96459e+06 -36497 
1.55028e+07 -8.33558e+06 1.46766e+07 1.20447e+06 -1.94138e+06 -42385 
1.54819e+07 -8.31079e+06 1.45704e+07 1.21867e+06 -1.9587e+06 -40664 
1.54953e+07 -8.47632e+06 1.48332e+07 1.23174e+06 -1.94535e+06 -44260 
1.54483e+07 -8.5089e+06 1.49989e+07 1.24078e+06 -1.93386e+06 -42328 
1.54919e+07 -8.71742e+06 1.50705e+07 1.27364e+06 -1.93823e+06 -40412 
1.54341e+07 -8.7501e+06 1.50146e+07 1.28186e+06 -1.94584e+06 -44386 
1.53948e+07 -8.93701e+06 1.52515e+07 1.32708e+06 -1.93954e+06 -41790 
1.54241e+07 -8.93486e+06 1.52881e+07 1.32937e+06 -1.9415e+06 -48438 
1.54625e+07 -9.14202e+06 1.54179e+07 1.35907e+06 -1.94219e+06 -41991 
1.54198e+07 -9.25839e+06 1.54808e+07 1.36464e+06 -1.94118e+06 -44939 
1.55252e+07 -9.39196e+06 1.56793e+07 1.39888e+06 -1.95245e+06 -41841 
1.55034e+07 -9.39975e+06 1.56184e+07 1.40014e+06 -1.9319e+06 -49039 
1.55304e+07 -9.57098e+06 1.57723e+07 1.44603e+06 -1.93827e+06 -44144 
1.54166e+07 -9.68983e+06 1.59421e+07 1.42264e+06 -1.91513e+06 -50061 
1.55485e+07 -9.83139e+06 1.59521e+07 1.47942e+06 -1.94043e+06 -44887 
1.55394e+07 -9.90325e+06 1.60918e+07 1.48782e+06 -1.92677e+06 -50058 
1.56019e+07 -1.01335e+07 1.62081e+07 1.524e+06 -1.94291e+06 -45531 
1.55043e+07 -1.01585e+07 1.62756e+07 1.53082e+06 -1.93089e+06 -52558 
1.5709e+07 -1.03814e+07 1.65082e+07 1.56306e+06 -1.95094e+06 -46852 
1.55341e+07 -1.038e+07 1.65253e+07 1.57549e+06 -1.92683e+06 -51196 
1.55816e+07 -1.06724e+07 1.66702e+07 1.61496e+06 -1.94484e+06 -47462 
1.56029e+07 -1.07807e+07 1.67862e+07 1.60257e+06 -1.92503e+06 -55610 
1.56168e+07 -1.08923e+07 1.68025e+07 1.65322e+06 -1.93595e+06 -49583 
1.57006e+07 -1.08787e+07 1.68734e+07 1.65866e+06 -1.92625e+06 -54912 
1.55855e+07 -1.11515e+07 1.7133e+07 1.69253e+06 -1.93788e+06 -49816 
1.56023e+07 -1.12883e+07 1.71855e+07 1.7124e+06 -1.91812e+06 -56024 
1.56463e+07 -1.14397e+07 1.73079e+07 1.74803e+06 -1.94238e+06 -51441 
1.5549e+07 -1.14177e+07 1.73572e+07 1.75548e+06 -1.90533e+06 -60266 
1.57044e+07 -1.17296e+07 1.76133e+07 1.78858e+06 -1.94434e+06 -50727 
1.57175e+07 -1.17913e+07 1.77072e+07 1.7843e+06 -1.91361e+06 -59074 
1.56222e+07 -1.18623e+07 1.77318e+07 1.83762e+06 -1.93931e+06 -52707 
1.56923e+07 -1.19697e+07 1.78117e+07 1.843e+06 -1.90678e+06 -62530 
1.55918e+07 -1.20645e+07 1.79912e+07 1.87606e+06 -1.91985e+06 -53471 
1.5634e+07 -1.21415e+07 1.80249e+07 1.88998e+06 -1.9026e+06 -61718 
1.57333e+07 -1.24513e+07 1.78606e+07 1.90947e+06 -1.9386e+06 -52411 
1.56464e+07 -1.26002e+07 1.7563e+07 1.91352e+06 -1.9026e+06 -63994 
1.57484e+07 -1.26375e+07 1.67968e+07 1.92212e+06 -1.91744e+06 -57190 
1.56182e+07 -1.28104e+07 1.67847e+07 1.92253e+06 -1.86867e+06 -68627 
1.57478e+07 -1.28965e+07 1.59305e+07 1.92336e+06 -1.8936e+06 -57880 
1.56239e+07 -1.30814e+07 1.53826e+07 1.93121e+06 -1.84826e+06 -65536 
1.56208e+07 -1.31841e+07 1.47659e+07 1.92282e+06 -1.86314e+06 -58726 
1.56632e+07 -1.32831e+07 1.44931e+07 1.94347e+06 -1.82162e+06 -67416 
1.56878e+07 -1.32703e+07 1.40566e+07 1.94177e+06 -1.84453e+06 -60141 
1.57466e+07 -1.34551e+07 1.38043e+07 1.95294e+06 -1.80387e+06 -69175 
1.56442e+07 -1.3655e+07 1.2489e+07 1.94069e+06 -1.81886e+06 -59707 
1.56138e+07 -1.38246e+07 1.2315e+07 1.94586e+06 -1.77907e+06 -65860 
1.56373e+07 -1.38615e+07 1.15347e+07 1.94982e+06 -1.7937e+06 -66209 
1.56456e+07 -1.41156e+07 1.10213e+07 1.95155e+06 -1.75908e+06 -71765 
1.56307e+07 -1.39768e+07 1.0974e+07 1.95901e+06 -1.77323e+06 -66395 
1.56251e+07 -1.43165e+07 9.90039e+06 1.95669e+06 -1.74616e+06 -68800 
1.55417e+07 -1.42894e+07 9.59156e+06 1.95686e+06 -1.7522e+06 -68152 
1.56451e+07 -1.44263e+07 9.57262e+06 1.96988e+06 -1.71489e+06 -72872 
1.56187e+07 -1.44194e+07 9.01278e+06 1.97394e+06 -1.72502e+06 -70162 
1.55356e+07 -1.47187e+07 8.01453e+06 1.97341e+06 -1.69159e+06 -71436 
1.55173e+07 -1.48186e+07 7.3382e+06 1.9725e+06 -1.69425e+06 -70806 
1.54276e+07 -1.5007e+07 6.42134e+06 1.97894e+06 -1.66691e+06 -73317 
1.54228e+07 -1.5061e+07 6.37423e+06 1.97116e+06 -1.6709e+06 -74240 
1.55296e+07 -1.52709e+07 5.72047e+06 1.97977e+06 -1.64874e+06 -72626 
1.54617e+07 -1.5307e+07 5.1975e+06 1.98265e+06 -1.64655e+06 -76073 
1.55275e+07 -1.54875e+07 4.46027e+06 1.98654e+06 -1.63657e+06 -73508 
1.55302e+07 -1.55278e+07 4.33485e+06 1.98936e+06 -1.62826e+06 -74820 
1.55435e+07 -1.57728e+07 3.57092e+06 1.98912e+06 -1.60788e+06 -73942 
1.54447e+07 -1.57659e+07 3.07371e+06 2.00072e+06 -1.59458e+06 -81003 
1.55248e+07 -1.60415e+07 2.67232e+06 1.97788e+06 -1.60289e+06 -74649 
1.53556e+07 -1.60697e+07 2.77562e+06 1.97493e+06 -1.58012e+06 -80739 
1.54719e+07 -1.63051e+07 2.37923e+06 1.94843e+06 -1.60652e+06 -75151 
1.53954e+07 -1.63522e+07 2.98087e+06 1.94334e+06 -1.57736e+06 -84593 
1.5437e+07 -1.65597e+07 2.4793e+06 1.92e+06 -1.59896e+06 -76662 
1.54965e+07 -1.66155e+07 3.22411e+06 1.91383e+06 -1.58035e+06 -86278 
1.54124e+07 -1.67167e+07 2.57533e+06 1.90246e+06 -1.59281e+06 -77195 
1.54534e+07 -1.68509e+07 3.23588e+06 1.88755e+06 -1.57484e+06 -87580 
1.54143e+07 -1.70558e+07 2.64903e+06 1.86455e+06 -1.5902e+06 -79184 
1.52997e+07 -1.71337e+07 3.08511e+06 1.85606e+06 -1.56222e+06 -90578 
1.53756e+07 -1.73746e+07 2.51458e+06 1.82892e+06 -1.59004e+06 -80173 
1.53259e+07 -1.75219e+07 2.95024e+06 1.8126e+06 -1.5694e+06 -89572 
1.52628e+07 -1.75901e+07 2.2882e+06 1.80493e+06 -1.58462e+06 -83295 
1.52894e+07 -1.77285e+07 3.23254e+06 1.78956e+06 -1.55553e+06 -92786 
1.5338e+07 -1.77379e+07 2.56863e+06 1.78838e+06 -1.58348e+06 -86478 
1.54218e+07 -1.78891e+07 3.35732e+06 1.77151e+06 -1.56611e+06 -94354 
1.53429e+07 -1.80568e+07 2.72058e+06 1.75271e+06 -1.57865e+06 -86765 
1.53019e+07 -1.8343e+07 3.0276e+06 1.72082e+06 -1.56322e+06 -95295 
1.52361e+07 -1.82903e+07 2.53401e+06 1.72672e+06 -1.5725e+06 -91797 
1.51899e+07 -1.84827e+07 2.90075e+06 1.70528e+06 -1.55472e+06 -95293 
1.51652e+07 -1.85557e+07 2.42436e+06 1.69708e+06 -1.56796e+06 -91370 
1.52986e+07 -1.88071e+07 2.78681e+06 1.6689e+06 -1.57054e+06 -94922 
1.52052e+07 -1.883e+07 2.45452e+06 1.6664e+06 -1.57112e+06 -95290 
1.5218e+07 -1.90006e+07 2.90144e+06 1.64733e+06 -1.55742e+06 -95437 
1.52248e+07 -1.89749e+07 2.7872e+06 1.65024e+06 -1.56186e+06 -101439 
1.52964e+07 -1.91428e+07 2.93032e+06 1.63138e+06 -1.56509e+06 -98302 
1.52176e+07 -1.93114e+07 2.91701e+06 1.61262e+06 -1.55638e+06 -101938 
1.52326e+07 -1.94706e+07 2.47605e+06 1.59474e+06 -1.57288e+06 -97452 
1.51445e+07 -1.95542e+07 2.84695e+06 1.58556e+06 -1.55012e+06 -106859 
1.51694e+07 -1.96965e+07 2.36838e+06 1.56951e+06 -1.56916e+06 -97716 
1.50635e+07 -1.98203e+07 2.72904e+06 1.55586e+06 -1.54471e+06 -106782 
1.51159e+07 -1.99592e+07 2.30193e+06 1.54017e+06 -1.56512e+06 -97771 
1.50452e+07 -2.01151e+07 2.66862e+06 1.52292e+06 -1.54434e+06 -109502 
1.51205e+07 -2.01498e+07 2.33285e+06 1.51889e+06 -1.56433e+06 -101248 
1.50617e+07 -2.02373e+07 3.05757e+06 1.50927e+06 -1.53298e+06 -111625 
1.50822e+07 -2.03412e+07 2.32438e+06 1.4975e+06 -1.56013e+06 -101332 
1.50112e+07 -2.05417e+07 2.61333e+06 1.47524e+06 -1.54195e+06 -111083 
1.49338e+07 -2.0696e+07 1.92922e+06 1.45795e+06 -1.55624e+06 -103910 
1.49201e+07 -2.07397e+07 2.33853e+06 1.45319e+06 -1.54063e+06 -113782 
1.49852e+07 -2.08272e+07 2.12556e+06 1.44326e+06 -1.55528e+06 -106194 
1.4806e+07 -2.10879e+07 2.319e+06 1.41431e+06 -1.52817e+06 -111982 
1.49221e+07 -2.11005e+07 1.8436e+06 1.41273e+06 -1.55735e+06 -107325 
1.49234e+07 -2.13016e+07 2.36238e+06 1.39032e+06 -1.53974e+06 -113484 
1.48926e+07 -2.12587e+07 2.1859e+06 1.39513e+06 -1.54224e+06 -112724 
1.48763e+07 -2.15061e+07 2.31311e+06 1.3675e+06 -1.53585e+06 -115202 
1.48628e+07 -2.15821e+07 1.96447e+06 1.35896e+06 -1.54606e+06 -111661 
1.48019e+07 -2.18802e+07 2.03834e+06 1.3257e+06 -1.53634e+06 -115610 
1.47552e+07 -2.18717e+07 1.76489e+06 1.32667e+06 -1.54026e+06 -114819 
1.4862e+07 -2.20341e+07 2.14437e+06 1.30846e+06 -1.53937e+06 -117439 
1.47465e+07 -2.21042e+07 1.92019e+06 1.3007e+06 -1.53381e+06 -116913 
1.48536e+07 -2.22973e+07 1.88206e+06 1.279e+06 -1.54702e+06 -116993 
1.48071e+07 -2.24282e+07 1.78635e+06 1.26441e+06 -1.54481e+06 -118708 
1.4751e+07 -2.25862e+07 1.79658e+06 1.24678e+06 -1.53804e+06 -117617 
1.47649e+07 -2.24624e+07 2.10189e+06 1.26066e+06 -1.52934e+06 -121920 
1.46859e+07 -2.27533e+07 1.77899e+06 1.22816e+06 -1.53108e+06 -119305 
1.47324e+07 -2.27801e+07 1.82684e+06 1.22512e+06 -1.53472e+06 -118877 
1.46356e+07 -2.29729e+07 1.47321e+06 1.20362e+06 -1.53548e+06 -119007 
1.46543e+07 -2.31555e+07 1.65705e+06 1.18323e+06 -1.53114e+06 -123627 
1.46524e+07 -2.33113e+07 1.51256e+06 1.16576e+06 -1.53575e+06 -119810 
1.46026e+07 -2.33662e+07 1.87372e+06 1.15975e+06 -1.51773e+06 -127470 
1.47251e+07 -2.34967e+07 1.61069e+06 1.14495e+06 -1.54054e+06 -118755 
1.46331e+07 -2.35615e+07 2.04241e+06 1.13789e+06 -1.51531e+06 -128615 
1.4609e+07 -2.37814e+07 1.3436e+06 1.11323e+06 -1.53604e+06 -122679 
1.45658e+07 -2.38316e+07 1.82751e+06 1.10776e+06 -1.51458e+06 -132179 
1.45082e+07 -2.3914e+07 1.09751e+06 1.09846e+06 -1.53282e+06 -121872 
1.44573e+07 -2.41458e+07 1.56113e+06 1.07266e+06 -1.51108e+06 -129469 
1.46105e+07 -2.41929e+07 1.2317e+06 1.06718e+06 -1.53963e+06 -121784 
1.44566e+07 -2.43369e+07 1.76668e+06 1.05136e+06 -1.50374e+06 -136213 
1.44576e+07 -2.43273e+07 1.00181e+06 1.0523e+06 -1.52988e+06 -124811 
1.44556e+07 -2.44965e+07 1.7465e+06 1.0335e+06 -1.50422e+06 -134586 
1.46408e+07 -2.45214e+07 1.36221e+06 1.03044e+06 -1.5383e+06 -124773 
1.45198e+07 -2.46839e+07 1.8821e+06 1.01249e+06 -1.50672e+06 -135929 
1.44504e+07 -2.4877e+07 1.02247e+06 990842 -1.52778e+06 -128856 
1.45082e+07 -2.49023e+07 1.88754e+06 988073 -1.50505e+06 -135904 
1.45565e+07 -2.50266e+07 1.24638e+06 974032 -1.53211e+06 -129112 
1.45705e+07 -2.51732e+07 1.85581e+06 957713 -1.5129e+06 -136101 
1.44439e+07 -2.52542e+07 1.12611e+06 948689 -1.52315e+06 -132271 
1.44183e+07 -2.55167e+07 1.77531e+06 919447 -1.49804e+06 -139032 
1.44215e+07 -2.54828e+07 1.35318e+06 923157 -1.51278e+06 -132912 
1.45222e+07 -2.55983e+07 2.13674e+06 910257 -1.49753e+06 -140540 
1.45046e+07 -2.57258e+07 1.35858e+06 895916 -1.52173e+06 -134216 
1.43896e+07 -2.60372e+07 1.46115e+06 861244 -1.50484e+06 -140854 
1.43415e+07 -2.60487e+07 1.23212e+06 859963 -1.50717e+06 -138224 
1.44878e+07 -2.61229e+07 1.70508e+06 851594 -1.50766e+06 -141423 
1.44047e+07 -2.62402e+07 1.21394e+06 838504 -1.5147e+06 -139878 
1.42825e+07 -2.64032e+07 1.1881e+06 820410 -1.5015e+06 -143839 
1.43074e+07 -2.63689e+07 1.05928e+06 824190 -1.50877e+06 -140635 
1.43582e+07 -2.64579e+07 1.50481e+06 814224 -1.49945e+06 -141811 
1.42552e+07 -2.6456e+07 1.48929e+06 814550 -1.48824e+06 -145138 
1.42828e+07 -2.68038e+07 1.08854e+06 775582 -1.50458e+06 -142355 
1.42708e+07 -2.68084e+07 1.0242e+06 775079 -1.50534e+06 -143954 
1.42418e+07 -2.7022e+07 764497 751167 -1.5107e+06 -140317 
1.41677e+07 -2.71201e+07 818754 740325 -1.50024e+06 -146834 
1.43392e+07 -2.70645e+07 970821 746358 -1.5147e+06 -141788 
1.41256e+07 -2.72276e+07 797393 728313 -1.4962e+06 -144174 
1.42819e+07 -2.73513e+07 680322 714301 -1.51776e+06 -141043 
1.41522e+07 -2.73339e+07 911336 716420 -1.49522e+06 -146047 
1.41093e+07 -2.74942e+07 342991 698435 -1.50951e+06 -139838 
1.40319e+07 -2.74834e+07 787883 699820 -1.48557e+06 -149171 
1.40659e+07 -2.76536e+07 157747 680634 -1.51068e+06 -139850 
1.39849e+07 -2.77469e+07 407946 670320 -1.49292e+06 -144775 
1.40456e+07 -2.78056e+07 51046 663624 -1.5119e+06 -137914 
1.40005e+07 -2.78495e+07 500066 658860 -1.49143e+06 -146754 
1.41254e+07 -2.79405e+07 303938 648508 -1.51221e+06 -141337 
1.40874e+07 -2.81136e+07 662319 629285 -1.49544e+06 -151288 
1.39866e+07 -2.81308e+07 178094 627335 -1.50059e+06 -141447 
1.40521e+07 -2.82586e+07 620794 613079 -1.49279e+06 -148870 
1.39781e+07 -2.82932e+07 -29176 609153 -1.5065e+06 -139853 
1.38978e+07 -2.83317e+07 224638 605011 -1.48861e+06 -148699 
1.39368e+07 -2.83244e+07 -580532 605663 -1.52033e+06 -139196 
1.39058e+07 -2.83627e+07 98339 601501 -1.4938e+06 -146196 
1.39819e+07 -2.84397e+07 -511815 592729 -1.52304e+06 -138528 
1.38734e+07 -2.85299e+07 -115921 582842 -1.49713e+06 -148289 
1.38169e+07 -2.8335e+07 -747612 604549 -1.51246e+06 -136726 
1.39852e+07 -2.84701e+07 62981 589415 -1.50387e+06 -145933 
1.39467e+07 -2.83714e+07 -521723 600375 -1.51952e+06 -136314 
1.38325e+07 -2.85668e+07 -75477 578696 -1.49129e+06 -142885 
1.39076e+07 -2.86587e+07 -728551 568269 -1.52177e+06 -137162 
1.38593e+07 -2.8674e+07 -141246 566707 -1.49634e+06 -145622 
1.38526e+07 -2.87969e+07 -1.00651e+06 552842 -1.52476e+06 -137592 
1.38492e+07 -2.88543e+07 -159995 546535 -1.49572e+06 -144275 
1.37048e+07 -2.89937e+07 -1.09342e+06 530937 -1.51089e+06 -135344 
1.38172e+07 -2.90632e+07 -216157 523175 -1.49388e+06 -142171 
1.38961e+07 -2.89118e+07 -519071 540005 -1.51314e+06 -140161 
1.38391e+07 -2.89126e+07 -306587 540011 -1.49944e+06 -144590 
1.38468e+07 -2.8838e+07 -761419 548224 -1.51599e+06 -132738 
1.38712e+07 -2.90031e+07 -620178 529798 -1.51367e+06 -139439 
1.37921e+07 -2.89298e+07 -1.09906e+06 538001 -1.52101e+06 -134729 
1.38333e+07 -2.89754e+07 -435738 532925 -1.50328e+06 -137230 
1.37942e+07 -2.91045e+07 -723931 518492 -1.50848e+06 -135920 
1.37473e+07 -2.92388e+07 -449570 503508 -1.4939e+06 -134725 
1.3795e+07 -2.92175e+07 -689262 505849 -1.50732e+06 -135333 
1.38409e+07 -2.93921e+07 -521406 486311 -1.50664e+06 -138175 
1.37454e+07 -2.94114e+07 -472716 484248 -1.49416e+06 -139626 
1.37634e+07 -2.93945e+07 -617591 486036 -1.50133e+06 -131111 
1.37364e+07 -2.94046e+07 -771013 484944 -1.50336e+06 -133095 
1.37568e+07 -2.92736e+07 -1.12478e+06 499521 -1.51775e+06 -129365 
1.37848e+07 -2.92469e+07 -965576 502555 -1.5154e+06 -135852 
1.37669e+07 -2.95478e+07 -1.37561e+06 468861 -1.52699e+06 -132212 
1.3626e+07 -2.95736e+07 -1.04374e+06 466166 -1.49974e+06 -138403 
1.37417e+07 -2.95814e+07 -1.28503e+06 465115 -1.5211e+06 -131215 
1.37554e+07 -2.9645e+07 -1.00749e+06 458042 -1.51315e+06 -135800 
1.35404e+07 -2.97807e+07 -1.58989e+06 442992 -1.5084e+06 -132728 
1.35986e+07 -2.97817e+07 -994383 442904 -1.49484e+06 -137409 
1.36848e+07 -2.95981e+07 -1.51383e+06 463253 -1.52244e+06 -128032 
1.35839e+07 -2.96405e+07 -1.17637e+06 458682 -1.49948e+06 -135115 
1.3605e+07 -2.96175e+07 -1.69242e+06 461121 -1.51948e+06 -125725 
1.36257e+07 -2.98642e+07 -1.00486e+06 433631 -1.49826e+06 -134869 
1.36546e+07 -2.98225e+07 -1.55356e+06 438174 -1.5202e+06 -127490 
1.36863e+07 -3.00186e+07 -829524 416320 -1.49905e+06 -136110 
1.36583e+07 -2.99412e+07 -1.44527e+06 424884 -1.51692e+06 -125758 
1.36837e+07 -3.00892e+07 -1.07875e+06 408347 -1.50728e+06 -128747 
1.35132e+07 -3.01239e+07 -1.66528e+06 404580 -1.5077e+06 -128160 
1.35738e+07 -3.0333e+07 -1.14674e+06 381213 -1.49682e+06 -132880 
1.35506e+07 -3.02313e+07 -1.46829e+06 392533 -1.50526e+06 -126975 
1.36254e+07 -3.02356e+07 -1.08107e+06 392025 -1.50065e+06 -128802 
1.35246e+07 -3.04461e+07 -1.6105e+06 368522 -1.50692e+06 -126847 
1.36339e+07 -3.03228e+07 -1.16149e+06 382244 -1.50428e+06 -127342 
1.36433e+07 -3.02691e+07 -1.10302e+06 388263 -1.50337e+06 -129041 
1.35885e+07 -3.01223e+07 -1.178e+06 404723 -1.49987e+06 -127800 
1.36388e+07 -3.00743e+07 -1.30887e+06 410042 -1.50996e+06 -128026 
1.36057e+07 -3.00826e+07 -1.76736e+06 409035 -1.52187e+06 -119278 
1.35515e+07 -3.00071e+07 -1.41978e+06 417626 -1.50388e+06 -128463 
1.35953e+07 -3.01273e+07 -1.79402e+06 404071 -1.52146e+06 -122615 
1.36224e+07 -3.00976e+07 -1.23281e+06 407459 -1.50554e+06 -128345 
1.35998e+07 -3.01189e+07 -1.85975e+06 404968 -1.5243e+06 -118515 
1.36241e+07 -3.0047e+07 -1.13734e+06 413106 -1.50258e+06 -127720 
1.36409e+07 -2.99584e+07 -1.743e+06 422938 -1.52501e+06 -123328 
1.35919e+07 -3.00873e+07 -1.08095e+06 408659 -1.49695e+06 -130196 
1.36012e+07 -3.01904e+07 -1.66917e+06 396996 -1.51794e+06 -120603 
1.3467e+07 -3.02136e+07 -1.34336e+06 394591 -1.49164e+06 -127173 
1.35704e+07 -3.00647e+07 -1.77364e+06 411043 -1.51819e+06 -116753 
1.35643e+07 -3.00663e+07 -1.2832e+06 410967 -1.50083e+06 -124054 
1.35192e+07 -2.9932e+07 -1.76119e+06 425939 -1.5121e+06 -116902 
1.35694e+07 -3.00658e+07 -1.46087e+06 410994 -1.50741e+06 -122244 
1.35908e+07 -3.00264e+07 -1.66265e+06 415321 -1.51681e+06 -116574 
1.35386e+07 -3.03404e+07 -1.42599e+06 380287 -1.50257e+06 -121184 
1.35509e+07 -3.02152e+07 -1.55911e+06 394289 -1.5085e+06 -122251 
1.35821e+07 -3.02827e+07 -1.41138e+06 386718 -1.50702e+06 -121622 
1.3422e+07 -3.03474e+07 -1.77351e+06 379590 -1.50108e+06 -120689 
1.35256e+07 -3.0364e+07 -1.67083e+06 377610 -1.50944e+06 -116392 
1.34642e+07 -3.036e+07 -1.7375e+06 378143 -1.50462e+06 -120436 
1.35083e+07 -3.04003e+07 -1.74218e+06 373553 -1.50985e+06 -116258 
1.35633e+07 -3.02982e+07 -1.31188e+06 385008 -1.50153e+06 -122254 
1.34599e+07 -3.00992e+07 -1.89646e+06 407271 -1.50985e+06 -115462 
1.3605e+07 -2.98079e+07 -1.6638e+06 439719 -1.51873e+06 -113475 
1.34654e+07 -2.98882e+07 -2.2583e+06 430776 -1.52303e+06 -107533 
1.33984e+07 -3.0042e+07 -1.85655e+06 413710 -1.50164e+06 -114471 
1.3535e+07 -2.99671e+07 -2.19974e+06 421894 -1.52883e+06 -108246 
1.35045e+07 -3.00094e+07 -1.5919e+06 417288 -1.50474e+06 -115453 
1.34731e+07 -2.98945e+07 -2.76678e+06 430026 -1.541e+06 -105960 
1.3361e+07 -2.9693e+07 -1.98743e+06 452786 -1.50209e+06 -114852 
1.34603e+07 -2.95886e+07 -2.34989e+06 464270 -1.52585e+06 -105164 
1.34631e+07 -2.96578e+07 -1.77325e+06 456638 -1.50647e+06 -114862 
1.34201e+07 -2.97923e+07 -2.27673e+06 441537 -1.51865e+06 -106431 
1.34863e+07 -2.99355e+07 -1.86322e+06 425517 -1.512e+06 -110521 
1.34226e+07 -2.99873e+07 -2.31694e+06 419697 -1.52016e+06 -104838 
1.35073e+07 -3.01647e+07 -1.88516e+06 399860 -1.5149e+06 -110660 
1.34359e+07 -2.96489e+07 -2.35997e+06 457606 -1.52316e+06 -112255 
1.35026e+07 -2.91684e+07 -2.29167e+06 511260 -1.52896e+06 -107677 
1.33615e+07 -2.87668e+07 -2.85478e+06 556219 -1.53247e+06 -100717 
1.34611e+07 -2.9052e+07 -2.6426e+06 524217 -1.53642e+06 -98791 
1.34674e+07 -2.91123e+07 -2.19079e+06 517565 -1.52166e+06 -107166 
1.3468e+07 -2.93863e+07 -2.2783e+06 486893 -1.52451e+06 -104498 
1.34886e+07 -2.95454e+07 -2.00631e+06 469111 -1.51748e+06 -107348 
1.35306e+07 -2.97837e+07 -2.29615e+06 442338 -1.53197e+06 -100047 
1.34607e+07 -2.98137e+07 -2.06235e+06 439116 -1.516e+06 -106980 
1.35412e+07 -2.9856e+07 -2.27441e+06 434260 -1.53233e+06 -101747 
1.34641e+07 -2.98819e+07 -1.75149e+06 431544 -1.50576e+06 -111500 
1.34143e+07 -3.00857e+07 -2.40577e+06 408691 -1.52216e+06 -103661 
1.34963e+07 -3.02038e+07 -1.54517e+06 395531 -1.50214e+06 -113204 
1.35713e+07 -3.01767e+07 -2.11006e+06 398392 -1.52986e+06 -104320 
1.34509e+07 -3.03043e+07 -1.59341e+06 384323 -1.49857e+06 -112350 
1.34567e+07 -3.01639e+07 -2.16498e+06 399921 -1.51876e+06 -104975 
1.3557e+07 -3.01799e+07 -1.29301e+06 398155 -1.50061e+06 -111525 
1.35244e+07 -2.98475e+07 -2.03044e+06 435263 -1.52217e+06 -104325 
1.35736e+07 -2.97882e+07 -1.89315e+06 441852 -1.52319e+06 -103965 
1.34833e+07 -2.94217e+07 -2.3332e+06 482883 -1.52815e+06 -101300 
1.33962e+07 -2.94859e+07 -1.97294e+06 475825 -1.50609e+06 -104039 
1.3514e+07 -2.95117e+07 -2.07689e+06 472836 -1.52282e+06 -105221 
1.35277e+07 -2.97677e+07 -1.73871e+06 444204 -1.51281e+06 -104848 
1.34052e+07 -2.99019e+07 -2.08823e+06 429279 -1.51058e+06 -105157 
1.35291e+07 -3.0041e+07 -1.83005e+06 413623 -1.5158e+06 -104749 
1.34444e+07 -2.99667e+07 -1.88163e+06 422029 -1.50794e+06 -107616 
1.35246e+07 -3.01734e+07 -1.72573e+06 398834 -1.51166e+06 -105415 
1.3408e+07 -3.02081e+07 -2.0113e+06 395068 -1.50796e+06 -108603 
1.33612e+07 -3.00182e+07 -2.50054e+06 416232 -1.51955e+06 -98776 
1.34418e+07 -3.02399e+07 -1.77716e+06 391492 -1.50388e+06 -108772 
1.34386e+07 -3.00494e+07 -1.92203e+06 412735 -1.50874e+06 -102377 
1.34248e+07 -3.02968e+07 -1.69432e+06 385180 -1.49902e+06 -112772 
1.33801e+07 -3.03816e+07 -2.33066e+06 375595 -1.5156e+06 -101040 
1.34352e+07 -3.05046e+07 -1.58157e+06 361904 -1.49634e+06 -109166 
1.33581e+07 -3.04779e+07 -2.26972e+06 364850 -1.51096e+06 -102057 
1.33642e+07 -3.04694e+07 -1.4837e+06 365905 -1.48506e+06 -109151 
1.3509e+07 -2.66133e+07 -3.37126e+06 796818 -1.56878e+06 -84466 
1.3488e+07 -2.78426e+07 -2.58866e+06 659451 -1.53882e+06 -94066 
1.35118e+07 -2.75833e+07 -3.18826e+06 688357 -1.56198e+06 -89355 
1.34212e+07 -2.79994e+07 -2.67721e+06 641974 -1.53405e+06 -96031 
1.33821e+07 -2.786e+07 -3.14248e+06 657558 -1.54545e+06 -93183 
1.34857e+07 -2.77032e+07 -2.79034e+06 675009 -1.5455e+06 -91976 
1.35143e+07 -2.78201e+07 -2.91354e+06 661908 -1.55276e+06 -92420 
1.34632e+07 -2.80446e+07 -2.87659e+06 636863 -1.54549e+06 -94281 
1.34676e+07 -2.82723e+07 -2.5709e+06 611438 -1.53542e+06 -98214 
1.34203e+07 -2.83766e+07 -2.63326e+06 599777 -1.53219e+06 -95069 
1.34191e+07 -2.85068e+07 -2.33607e+06 585278 -1.52178e+06 -101154 
1.34817e+07 -2.86668e+07 -2.53866e+06 567264 -1.53571e+06 -94437 
1.35127e+07 -2.88954e+07 -2.02179e+06 541765 -1.5214e+06 -103332 
1.34227e+07 -2.91276e+07 -2.41387e+06 515790 -1.52441e+06 -96412 
1.35097e+07 -2.90355e+07 -1.87843e+06 526138 -1.51602e+06 -107019 
1.3543e+07 -2.92591e+07 -2.2635e+06 500979 -1.53286e+06 -95482 
1.34875e+07 -2.94056e+07 -1.7861e+06 484733 -1.51019e+06 -104224 
1.34981e+07 -2.94688e+07 -2.36017e+06 477593 -1.53072e+06 -100081 
1.34521e+07 -2.95355e+07 -1.52382e+06 470295 -1.49714e+06 -109033 
1.36516e+07 -2.95155e+07 -1.64622e+06 472293 -1.52398e+06 -102553 
1.34974e+07 -2.96049e+07 -1.40676e+06 462534 -1.49814e+06 -112878 
1.35061e+07 -2.98199e+07 -2.08863e+06 438354 -1.52211e+06 -103252 
1.3517e+07 -2.9953e+07 -1.49982e+06 423540 -1.50331e+06 -108992 
1.3561e+07 -2.96991e+07 -1.78191e+06 451882 -1.51796e+06 -108968 
1.33809e+07 -2.9704e+07 -1.63481e+06 451521 -1.49259e+06 -111832 
1.35967e+07 -2.9607e+07 -1.71156e+06 462129 -1.51979e+06 -106214 
1.3646e+07 -2.98242e+07 -1.44347e+06 437856 -1.51601e+06 -111350 
1.34445e+07 -2.97528e+07 -1.72844e+06 445978 -1.50298e+06 -108412 
1.3559e+07 -2.98659e+07 -1.22399e+06 433295 -1.49874e+06 -113184 
1.35419e+07 -2.97453e+07 -1.3763e+06 446762 -1.5021e+06 -110336 
1.35134e+07 -2.95564e+07 -1.51932e+06 467903 -1.50389e+06 -109017 
1.35828e+07 -2.95386e+07 -1.63046e+06 469805 -1.51555e+06 -106391 
1.33657e+07 -2.95961e+07 -2.1628e+06 463547 -1.50878e+06 -108596 
1.35849e+07 -2.88558e+07 -1.63442e+06 546193 -1.51644e+06 -108213 
1.35367e+07 -2.84845e+07 -2.08956e+06 587680 -1.52684e+06 -100084 
1.35495e+07 -2.84027e+07 -1.77848e+06 596865 -1.51779e+06 -103938 
1.36336e+07 -2.86627e+07 -2.04903e+06 567640 -1.53634e+06 -97598 
1.35492e+07 -2.87509e+07 -1.72713e+06 557949 -1.51566e+06 -106726 
1.35242e+07 -2.88289e+07 -2.13056e+06 549161 -1.52652e+06 -99853 
1.35134e+07 -2.88064e+07 -1.48513e+06 551791 -1.50342e+06 -108060 
1.35526e+07 -2.90961e+07 -2.09525e+06 519245 -1.52832e+06 -99332 
1.34686e+07 -2.91033e+07 -1.63528e+06 518595 -1.50318e+06 -106515 
1.3578e+07 -2.92366e+07 -1.94849e+06 503511 -1.52616e+06 -98880 
1.3673e+07 -2.92469e+07 -1.18395e+06 502409 -1.5109e+06 -109700 
1.35891e+07 -2.90859e+07 -1.81458e+06 520385 -1.52299e+06 -101097 
1.34823e+07 -2.92663e+07 -1.3233e+06 500379 -1.49407e+06 -108327 
1.3505e+07 -2.93565e+07 -1.90661e+06 490153 -1.51645e+06 -97827 
1.34086e+07 -2.9413e+07 -1.57934e+06 483992 -1.49431e+06 -105256 
1.3501e+07 -2.9431e+07 -2.12054e+06 481813 -1.52308e+06 -98590 
1.34226e+07 -2.96113e+07 -1.59894e+06 461824 -1.49629e+06 -107896 
1.34767e+07 -2.96455e+07 -1.96348e+06 457872 -1.51481e+06 -100966 
1.35405e+07 -2.96393e+07 -1.3733e+06 458573 -1.5021e+06 -105056 
1.3412e+07 -2.97002e+07 -2.001e+06 451813 -1.50869e+06 -101922 
1.33839e+07 -2.99461e+07 -1.58122e+06 424403 -1.49105e+06 -107777 
1.34708e+07 -3.00082e+07 -1.64078e+06 417341 -1.50293e+06 -103726 
1.35545e+07 -3.01235e+07 -1.23313e+06 404388 -1.49862e+06 -103088 
1.34913e+07 -3.00466e+07 -1.42273e+06 413043 -1.49788e+06 -104038 
1.33803e+07 -3.02299e+07 -1.77444e+06 392602 -1.49708e+06 -101463 
1.35208e+07 -3.00846e+07 -1.44221e+06 408810 -1.50168e+06 -109099 
1.33729e+07 -3.02983e+07 -1.72307e+06 384963 -1.49442e+06 -102752 
1.34621e+07 -3.01932e+07 -1.13866e+06 396747 -1.48471e+06 -111207 
1.3379e+07 -3.02977e+07 -1.76132e+06 385017 -1.49643e+06 -101361 
1.34911e+07 -3.00601e+07 -1.31497e+06 411567 -1.49414e+06 -107165 
1.3397e+07 -2.99063e+07 -1.95494e+06 428761 -1.50533e+06 -100301 
1.34137e+07 -2.98236e+07 -1.28046e+06 438127 -1.48435e+06 -110479 
1.33465e+07 -2.9906e+07 -1.97132e+06 428857 -1.5001e+06 -102988 
1.35086e+07 -2.99055e+07 -1.15573e+06 428882 -1.49083e+06 -109901 
1.34466e+07 -2.99273e+07 -1.91238e+06 426388 -1.50944e+06 -101851 
1.35223e+07 -3.00748e+07 -1.24668e+06 409941 -1.49525e+06 -110977 
1.34633e+07 -2.98468e+07 -1.58143e+06 435450 -1.50009e+06 -108169 
1.34927e+07 -2.98019e+07 -1.45561e+06 440443 -1.49927e+06 -106808 
1.34552e+07 -2.96348e+07 -2.0023e+06 459130 -1.51356e+06 -105381 
1.34922e+07 -2.95258e+07 -1.83998e+06 471278 -1.51245e+06 -103600 
1.34345e+07 -2.93296e+07 -1.6253e+06 493321 -1.49876e+06 -107850 
1.35225e+07 -2.89272e+07 -2.22234e+06 538164 -1.52931e+06 -100132 
1.34562e+07 -2.83475e+07 -2.07082e+06 603160 -1.51693e+06 -109998 
1.35916e+07 -2.76192e+07 -2.75244e+06 684319 -1.55627e+06 -91633 
1.35518e+07 -2.77166e+07 -2.28853e+06 673563 -1.53585e+06 -100959 
1.35233e+07 -2.78095e+07 -2.68739e+06 663126 -1.54609e+06 -95616 
1.35037e+07 -2.80035e+07 -2.01703e+06 641579 -1.52088e+06 -106818 
1.36174e+07 -2.81044e+07 -2.30603e+06 630109 -1.54357e+06 -98903 
1.35303e+07 -2.81244e+07 -1.73397e+06 628033 -1.51431e+06 -105951 
1.35629e+07 -2.8245e+07 -2.37606e+06 614435 -1.53961e+06 -100205 
1.34236e+07 -2.83734e+07 -1.90578e+06 600298 -1.50772e+06 -109420 
1.35764e+07 -2.82318e+07 -2.151e+06 615933 -1.53353e+06 -102323 
1.3578e+07 -2.83416e+07 -1.52583e+06 603739 -1.51242e+06 -109627 
1.35992e+07 -2.81438e+07 -2.191e+06 625749 -1.53753e+06 -102175 
1.37094e+07 -2.81794e+07 -1.70222e+06 621741 -1.53336e+06 -107883 
1.35499e+07 -2.81433e+07 -2.05508e+06 625864 -1.52735e+06 -103822 
1.35477e+07 -2.83614e+07 -1.6856e+06 601566 -1.51426e+06 -112029 
1.35895e+07 -2.84367e+07 -1.71483e+06 593076 -1.52001e+06 -108582 
1.3655e+07 -2.87643e+07 -1.5935e+06 556381 -1.52305e+06 -108609 
1.36635e+07 -2.87725e+07 -1.45555e+06 555483 -1.51931e+06 -111040 
1.36742e+07 -2.90019e+07 -1.58364e+06 529807 -1.52462e+06 -110867 
1.36523e+07 -2.8753e+07 -1.25851e+06 557724 -1.51129e+06 -116149 
1.36036e+07 -2.91831e+07 -1.45738e+06 509615 -1.51222e+06 -111969 
1.36606e+07 -2.91702e+07 -1.25466e+06 511043 -1.51175e+06 -115776 
1.36975e+07 -2.92458e+07 -1.48405e+06 502512 -1.52368e+06 -111494 
1.36724e+07 -2.89973e+07 -897278 530403 -1.5012e+06 -116816 
1.36686e+07 -2.89211e+07 -1.51218e+06 538833 -1.52173e+06 -108402 
1.3564e+07 -2.88724e+07 -1.16407e+06 544474 -1.49798e+06 -118296 
1.36477e+07 -2.89301e+07 -1.42011e+06 537841 -1.51627e+06 -108479 
1.36774e+07 -2.8694e+07 -1.15052e+06 564306 -1.51058e+06 -115067 
1.36404e+07 -2.88534e+07 -1.4624e+06 546431 -1.51695e+06 -108097 
1.36176e+07 -2.90922e+07 -1.04874e+06 519838 -1.50001e+06 -117109 
1.36281e+07 -2.905e+07 -1.64381e+06 524436 -1.52147e+06 -108241 
1.35647e+07 -2.92231e+07 -1.14239e+06 505224 -1.49711e+06 -115910 
1.36709e+07 -2.92634e+07 -1.55924e+06 500511 -1.52336e+06 -105979 
1.36519e+07 -2.90808e+07 -936537 521045 -1.50028e+06 -112449 
1.35496e+07 -2.9115e+07 -1.58951e+06 517222 -1.51077e+06 -107050 
1.35727e+07 -2.91882e+07 -1.23151e+06 509080 -1.50115e+06 -111947 
1.35522e+07 -2.93363e+07 -1.2957e+06 492499 -1.50098e+06 -108449 
1.37057e+07 -2.94894e+07 -1.09763e+06 475232 -1.51157e+06 -107130 
1.3553e+07 -2.94382e+07 -1.17067e+06 481122 -1.4967e+06 -110919 
1.35858e+07 -2.95084e+07 -1.20664e+06 473218 -1.50163e+06 -108550 
1.3621e+07 -2.96301e+07 -1.05922e+06 459595 -1.5005e+06 -110317 
1.36258e+07 -2.96725e+07 -1.45387e+06 454796 -1.51438e+06 -105900 
1.35391e+07 -2.97838e+07 -1.0875e+06 442497 -1.49199e+06 -113051 
1.37148e+07 -2.9806e+07 -1.18534e+06 439809 -1.51527e+06 -106960 
1.35389e+07 -2.9825e+07 -870620 437942 -1.48453e+06 -117257 
1.35046e+07 -2.98983e+07 -1.67759e+06 429624 -1.50803e+06 -105102 
1.35543e+07 -2.96673e+07 -970182 455503 -1.48994e+06 -110650 
1.35761e+07 -2.9737e+07 -1.77048e+06 447580 -1.5194e+06 -103827 
1.35656e+07 -2.94787e+07 -985748 476618 -1.49181e+06 -113315 
1.35645e+07 -2.94469e+07 -1.53032e+06 480075 -1.51024e+06 -105007 
1.36466e+07 -2.94614e+07 -1.06705e+06 478470 -1.50371e+06 -113117 
1.35584e+07 -2.91977e+07 -1.5926e+06 507975 -1.51177e+06 -107536 
1.36782e+07 -2.94301e+07 -1.04041e+06 481915 -1.5065e+06 -109984 
1.35144e+07 -2.94139e+07 -1.7744e+06 483836 -1.51265e+06 -110085 
1.35945e+07 -2.91154e+07 -1.53836e+06 517178 -1.51401e+06 -110510 
1.35306e+07 -2.89164e+07 -1.72946e+06 539477 -1.5134e+06 -109895 
1.36681e+07 -2.88316e+07 -1.82492e+06 548811 -1.5323e+06 -106798 
1.3905e+07 -2.29351e+07 -3.1912e+06 1.20791e+06 -1.61069e+06 -81071 
1.3888e+07 -2.41077e+07 -2.61885e+06 1.07686e+06 -1.58826e+06 -91151 
1.3799e+07 -2.35833e+07 -2.70824e+06 1.13562e+06 -1.5816e+06 -92931 
1.38038e+07 -2.39163e+07 -3.13833e+06 1.09829e+06 -1.59647e+06 -87063 
1.37175e+07 -2.40716e+07 -2.80455e+06 1.08106e+06 -1.57524e+06 -92408 
1.3735e+07 -2.41854e+07 -3.18666e+06 1.06821e+06 -1.59021e+06 -83511 
1.38574e+07 -2.45159e+07 -2.32037e+06 1.03129e+06 -1.57428e+06 -96348 
1.37685e+07 -2.45836e+07 -2.93198e+06 1.0237e+06 -1.58497e+06 -87961 
1.38289e+07 -2.47988e+07 -2.17455e+06 999679 -1.56591e+06 -96887 
1.38424e+07 -2.50382e+07 -2.68185e+06 972806 -1.58445e+06 -90457 
1.38146e+07 -2.53046e+07 -2.06504e+06 943134 -1.56016e+06 -98364 
1.3781e+07 -2.55399e+07 -2.6793e+06 916757 -1.57695e+06 -92119 
1.38262e+07 -2.54419e+07 -1.82623e+06 927823 -1.55317e+06 -103680 
1.37368e+07 -2.55095e+07 -2.37731e+06 920240 -1.56174e+06 -95920 
1.38371e+07 -2.58534e+07 -1.95161e+06 881743 -1.55837e+06 -99867 
1.3856e+07 -2.60394e+07 -2.08365e+06 860893 -1.56484e+06 -97781 
1.38144e+07 -2.63361e+07 -1.92394e+06 827800 -1.55437e+06 -103115 
1.3829e+07 -2.64147e+07 -1.81263e+06 819004 -1.5522e+06 -103393 
1.3867e+07 -2.64761e+07 -1.52821e+06 812099 -1.54695e+06 -101722 
1.38202e+07 -2.66285e+07 -1.75236e+06 795102 -1.549e+06 -103853 
1.38327e+07 -2.68797e+07 -1.80098e+06 766973 -1.55187e+06 -102362 
1.38285e+07 -2.69355e+07 -1.29785e+06 760834 -1.53422e+06 -110394 
1.38358e+07 -2.72463e+07 -1.50062e+06 726011 -1.54171e+06 -106161 
1.38937e+07 -2.73204e+07 -1.04452e+06 717744 -1.5327e+06 -112057 
1.39472e+07 -2.73159e+07 -1.37273e+06 718149 -1.54992e+06 -107107 
1.38662e+07 -2.72857e+07 -976472 721670 -1.52732e+06 -113211 
1.38582e+07 -2.75724e+07 -1.51033e+06 689544 -1.54419e+06 -109739 
1.38601e+07 -2.7527e+07 -665409 694753 -1.51577e+06 -120168 
1.38985e+07 -2.76655e+07 -1.15814e+06 679137 -1.53677e+06 -111855 
1.39569e+07 -2.78368e+07 -409148 660022 -1.51786e+06 -119460 
1.39079e+07 -2.7965e+07 -1.016e+06 645638 -1.53279e+06 -112453 
1.38699e+07 -2.82476e+07 -396502 614171 -1.50719e+06 -121647 
1.39218e+07 -2.78492e+07 -963254 658597 -1.53262e+06 -114877 
1.39284e+07 -2.76885e+07 -464371 676650 -1.51656e+06 -121268 
1.39938e+07 -2.7228e+07 -1.00993e+06 728007 -1.54288e+06 -113556 
1.40304e+07 -2.71286e+07 -566319 739201 -1.53194e+06 -122509 
1.40254e+07 -2.71179e+07 -842591 740351 -1.54079e+06 -118269 
1.39208e+07 -2.71389e+07 -445696 738172 -1.51544e+06 -125041 
1.40212e+07 -2.72801e+07 -823086 722242 -1.53942e+06 -121469 
1.39775e+07 -2.74412e+07 -845561 704258 -1.53508e+06 -122214 
1.39386e+07 -2.75471e+07 -499692 692482 -1.51896e+06 -123344 
1.3985e+07 -2.776e+07 -510286 668640 -1.52433e+06 -124795 
1.40085e+07 -2.77189e+07 -273434 673250 -1.51899e+06 -127500 
1.40534e+07 -2.79597e+07 -440551 646241 -1.52954e+06 -124609 
1.41059e+07 -2.79409e+07 -108643 648350 -1.5242e+06 -129357 
1.39899e+07 -2.81198e+07 -549511 628406 -1.52581e+06 -127580 
1.39907e+07 -2.82169e+07 -109515 617629 -1.51082e+06 -135333 
1.3946e+07 -2.82892e+07 -429063 609514 -1.51662e+06 -129196 
1.40174e+07 -2.83872e+07 -85525 598535 -1.51295e+06 -132830 
1.40146e+07 -2.84298e+07 -629289 593707 -1.531e+06 -127684 
1.39656e+07 -2.85529e+07 -80245 580048 -1.50679e+06 -133092 
1.39442e+07 -2.81273e+07 -753104 627545 -1.52763e+06 -122555 
1.38946e+07 -2.80041e+07 -417553 641488 -1.51056e+06 -132814 
1.39137e+07 -2.8162e+07 -963626 623676 -1.53124e+06 -121484 
1.38878e+07 -2.83294e+07 -190156 605104 -1.50192e+06 -131890 
1.39527e+07 -2.84677e+07 -711035 589509 -1.52673e+06 -127527 
1.39424e+07 -2.8827e+07 -61453 549434 -1.50323e+06 -135328 
1.38066e+07 -2.89165e+07 -844272 539441 -1.5143e+06 -128514 
1.38155e+07 -2.89147e+07 -381922 539706 -1.49962e+06 -134179 
1.3925e+07 -2.89847e+07 -735679 531716 -1.52394e+06 -129075 
1.39125e+07 -2.91664e+07 -168051 511489 -1.50312e+06 -135760 
1.38406e+07 -2.90777e+07 -753114 521429 -1.51477e+06 -133961 
1.39046e+07 -2.92454e+07 -294136 502645 -1.50643e+06 -134685 
1.38997e+07 -2.92281e+07 -382719 504583 -1.50886e+06 -134893 
1.38938e+07 -2.96368e+07 -185496 458890 -1.50119e+06 -136367 
1.37883e+07 -2.95976e+07 -387328 463352 -1.49608e+06 -136634 
1.39153e+07 -2.97801e+07 -163597 442875 -1.50265e+06 -139698 
1.39013e+07 -2.96806e+07 -58102 454019 -1.49763e+06 -139250 
1.38892e+07 -2.9697e+07 -289109 452139 -1.50415e+06 -134493 
1.38234e+07 -2.98396e+07 -312572 436303 -1.49716e+06 -141840 
1.38232e+07 -2.99295e+07 -389740 426221 -1.49976e+06 -138439 
1.38059e+07 -2.98471e+07 129173 435542 -1.48025e+06 -145498 
1.3885e+07 -3.00207e+07 -310767 415961 -1.50403e+06 -137835 
1.37488e+07 -3.004e+07 7793 413982 -1.47777e+06 -143573 
1.38703e+07 -3.00454e+07 -408817 413192 -1.50567e+06 -136762 
1.3844e+07 -3.00972e+07 329371 407539 -1.47761e+06 -145949 
1.38409e+07 -3.01727e+07 -275881 398996 -1.49773e+06 -138303 
1.37788e+07 -3.02566e+07 325783 389784 -1.47018e+06 -147430 
1.3784e+07 -2.9979e+07 -568140 420727 -1.50118e+06 -141503 
1.38754e+07 -3.00612e+07 34425 411536 -1.49105e+06 -146699 
1.3759e+07 -3.00774e+07 -550483 409758 -1.49765e+06 -142415 
1.37513e+07 -3.01735e+07 -373361 399052 -1.49064e+06 -146242 
1.37764e+07 -2.98913e+07 -663614 430517 -1.50368e+06 -138654 
1.43625e+07 -2.69718e+07 335711 756518 -1.53926e+06 -124061 
1.4005e+07 -2.50002e+07 -1.15026e+06 977160 -1.55089e+06 -109048 
1.40474e+07 -2.49247e+07 -1.47418e+06 985518 -1.56675e+06 -104446 
1.39315e+07 -2.48788e+07 -1.28358e+06 990803 -1.54718e+06 -108854 
1.40806e+07 -2.49208e+07 -1.67094e+06 985897 -1.57716e+06 -102350 
1.39348e+07 -2.48499e+07 -1.50588e+06 993998 -1.5551e+06 -106557 
1.39883e+07 -2.51262e+07 -1.75653e+06 962987 -1.56946e+06 -101824 
1.40959e+07 -2.53438e+07 -1.03177e+06 938666 -1.55684e+06 -110458 
1.39941e+07 -2.54026e+07 -1.7147e+06 932073 -1.56845e+06 -102629 
1.39262e+07 -2.55271e+07 -1.08962e+06 918310 -1.53944e+06 -111341 
1.39939e+07 -2.55582e+07 -1.60323e+06 914689 -1.56451e+06 -104023 
1.40551e+07 -2.57317e+07 -1.06508e+06 895324 -1.55297e+06 -112041 
1.40912e+07 -2.5843e+07 -1.56423e+06 882750 -1.57392e+06 -104769 
1.39421e+07 -2.59513e+07 -893215 870910 -1.53412e+06 -116768 
1.40339e+07 -2.59581e+07 -1.25844e+06 870002 -1.55689e+06 -111806 
1.40876e+07 -2.62382e+07 -686209 838682 -1.54342e+06 -114621 
1.39839e+07 -2.6421e+07 -1.29961e+06 818289 -1.55214e+06 -114817 
1.40144e+07 -2.67802e+07 -911262 778123 -1.54217e+06 -117290 
1.398e+07 -2.67473e+07 -684772 781869 -1.53064e+06 -119594 
1.40438e+07 -2.71956e+07 -531545 731671 -1.53231e+06 -119973 
1.3963e+07 -2.72949e+07 -413994 720672 -1.51905e+06 -123228 
1.41442e+07 -2.72706e+07 -631083 723162 -1.54702e+06 -116821 
1.40429e+07 -2.72296e+07 -160336 727970 -1.51946e+06 -128487 
1.40754e+07 -2.74143e+07 -469793 707176 -1.53365e+06 -119033 
1.40928e+07 -2.7457e+07 117813 702499 -1.51559e+06 -127824 
1.40369e+07 -2.76634e+07 -599263 679344 -1.53341e+06 -119604 
1.41128e+07 -2.77651e+07 -35177 667988 -1.52278e+06 -125741 
1.40784e+07 -2.75932e+07 -451226 687156 -1.53324e+06 -118031 
1.40343e+07 -2.75364e+07 -107391 693646 -1.51651e+06 -126866 
1.4122e+07 -2.74714e+07 -372165 700783 -1.53547e+06 -122739 
1.40347e+07 -2.76276e+07 -300658 683419 -1.52298e+06 -126136 
1.40022e+07 -2.73438e+07 -525492 715129 -1.5273e+06 -119606 
1.40468e+07 -2.75831e+07 -447735 688339 -1.52947e+06 -120921 
1.40095e+07 -2.74553e+07 -306652 702710 -1.5205e+06 -125617 
1.40241e+07 -2.75639e+07 -472371 690535 -1.52764e+06 -124884 
1.39596e+07 -2.75862e+07 -309786 688153 -1.51473e+06 -129836 
1.40962e+07 -2.76196e+07 -408071 684239 -1.53362e+06 -123513 
1.40605e+07 -2.76328e+07 178900 682876 -1.50968e+06 -129991 
1.40659e+07 -2.78244e+07 -200214 661396 -1.52296e+06 -126412 
1.40759e+07 -2.78496e+07 356759 658658 -1.50514e+06 -134162 
1.40631e+07 -2.79077e+07 -221994 652043 -1.52341e+06 -122665 
1.41414e+07 -2.79001e+07 439934 652932 -1.5098e+06 -131161 
1.40903e+07 -2.81123e+07 -217513 629151 -1.5261e+06 -124815 
1.40522e+07 -2.8214e+07 413972 617935 -1.50017e+06 -136366 
1.41231e+07 -2.83733e+07 162936 599978 -1.51669e+06 -128778 
1.41228e+07 -2.85008e+07 590970 585801 -1.50196e+06 -136288 
1.41448e+07 -2.85515e+07 163742 580048 -1.5189e+06 -130860 
1.40966e+07 -2.86929e+07 589275 564358 -1.49884e+06 -138071 
1.40493e+07 -2.87484e+07 255059 558150 -1.50472e+06 -136031 
1.40428e+07 -2.88362e+07 426943 548376 -1.49806e+06 -139094 
1.40553e+07 -2.88297e+07 313159 549056 -1.50338e+06 -136241 
1.41066e+07 -2.88229e+07 331853 549772 -1.50856e+06 -135880 
1.40372e+07 -2.86335e+07 320300 571052 -1.50116e+06 -139748 
1.40983e+07 -2.85713e+07 41737 577898 -1.51759e+06 -135142 
1.40803e+07 -2.82144e+07 559503 617929 -1.49828e+06 -142333 
1.41074e+07 -2.83257e+07 113313 605346 -1.51651e+06 -132460 
1.40814e+07 -2.83772e+07 493355 599663 -1.50067e+06 -136295 
1.41109e+07 -2.85738e+07 -26150 577546 -1.52149e+06 -128610 
1.40336e+07 -2.87481e+07 723543 558269 -1.48709e+06 -140939 
1.39584e+07 -2.87054e+07 -50514 563002 -1.50484e+06 -133168 
1.40273e+07 -2.89065e+07 546546 540518 -1.49226e+06 -138407 
1.40119e+07 -2.89569e+07 -50804 534797 -1.51074e+06 -130868 
1.39082e+07 -2.88739e+07 384565 544259 -1.4843e+06 -137672 
1.39888e+07 -2.87219e+07 31075 561146 -1.50546e+06 -134897 
1.39596e+07 -2.89943e+07 479891 530761 -1.48678e+06 -138323 
1.40033e+07 -2.906e+07 347780 523343 -1.49617e+06 -135810 
1.39549e+07 -2.91611e+07 284725 512051 -1.49279e+06 -133638 
1.38174e+07 -2.90648e+07 -24134 522960 -1.48759e+06 -137903 
1.38868e+07 -2.9143e+07 53651 514097 -1.49295e+06 -131187 
1.38245e+07 -2.89335e+07 99321 537648 -1.48435e+06 -137935 
1.39875e+07 -2.90408e+07 182139 525448 -1.50011e+06 -130916 
1.39661e+07 -2.89916e+07 534074 531049 -1.48573e+06 -137037 
1.39838e+07 -2.92593e+07 56450 500997 -1.50374e+06 -130052 
1.38417e+07 -2.93006e+07 461606 496615 -1.47375e+06 -140724 
1.39453e+07 -2.92091e+07 118692 506657 -1.49732e+06 -131104 
1.39903e+07 -2.924e+07 616562 503259 -1.48541e+06 -139469 
1.39923e+07 -2.92122e+07 -26253 506263 -1.50748e+06 -130950 
1.39693e+07 -2.90181e+07 484190 528102 -1.48765e+06 -140335 
1.39487e+07 -2.85478e+07 17021 580675 -1.50149e+06 -137091 
1.40139e+07 -2.86128e+07 466727 573384 -1.49367e+06 -138541 
1.39665e+07 -2.85186e+07 -25850 583877 -1.50513e+06 -131877 
1.39948e+07 -2.88034e+07 493977 552055 -1.49051e+06 -135878 
1.40452e+07 -2.87097e+07 240895 562471 -1.50482e+06 -134365 
1.39839e+07 -2.8786e+07 542893 554040 -1.48757e+06 -139006 
1.40128e+07 -2.87505e+07 431195 557993 -1.49459e+06 -139377 
1.40194e+07 -2.90521e+07 323480 524193 -1.49884e+06 -134451 
1.40905e+07 -2.89734e+07 432009 532980 -1.50316e+06 -139084 
1.40407e+07 -2.90391e+07 371515 525680 -1.4995e+06 -139272 
1.39421e+07 -2.91752e+07 588044 510589 -1.48086e+06 -143577 
1.40989e+07 -2.92588e+07 488358 501028 -1.50206e+06 -136104 
1.39318e+07 -2.92888e+07 711989 497902 -1.47542e+06 -144488 
1.39714e+07 -2.9517e+07 207328 472232 -1.49691e+06 -135065 
1.38854e+07 -2.96368e+07 587888 459011 -1.47405e+06 -144229 
1.39846e+07 -2.95842e+07 173496 464728 -1.4994e+06 -137527 
1.39994e+07 -2.91915e+07 677182 508718 -1.48432e+06 -143528 
1.40672e+07 -2.89743e+07 259767 532828 -1.50652e+06 -132039 
1.39541e+07 -2.91285e+07 596978 515747 -1.48213e+06 -137635 
1.39483e+07 -2.92222e+07 -18993 505207 -1.50219e+06 -133567 
1.39908e+07 -2.9391e+07 771252 486389 -1.4801e+06 -141038 
1.4011e+07 -2.95146e+07 385631 472487 -1.49535e+06 -136828 
1.39498e+07 -2.95351e+07 354935 470253 -1.48944e+06 -137087 
1.39868e+07 -2.94592e+07 401335 478691 -1.4922e+06 -134576 
1.40899e+07 -2.92027e+07 417859 507285 -1.50354e+06 -133604 
1.38899e+07 -2.88071e+07 159765 551747 -1.48979e+06 -138956 
1.39516e+07 -2.8999e+07 287498 530197 -1.49243e+06 -134815 
1.41571e+07 -2.88545e+07 701908 546218 -1.50181e+06 -136151 
1.40442e+07 -2.90734e+07 169035 521769 -1.50684e+06 -133193 
1.39446e+07 -2.90188e+07 594172 528071 -1.48109e+06 -142878 
1.39957e+07 -2.90358e+07 -29351 525999 -1.50809e+06 -132403 
1.40162e+07 -2.86953e+07 643816 564197 -1.48779e+06 -142781 
1.40744e+07 -2.86476e+07 69712 569324 -1.51412e+06 -127686 
1.40997e+07 -2.82919e+07 444837 609195 -1.50442e+06 -136912 
1.389e+07 -2.84036e+07 -77415 596820 -1.49829e+06 -132762 
1.3965e+07 -2.86105e+07 465174 573669 -1.48825e+06 -137165 
1.3993e+07 -2.85973e+07 -37835 575073 -1.50838e+06 -134128 
1.38791e+07 -2.88589e+07 116348 545955 -1.49e+06 -138196 
1.3988e+07 -2.87821e+07 -22624 554416 -1.50713e+06 -134794 
1.40264e+07 -2.88052e+07 537409 551864 -1.49253e+06 -138891 
1.38329e+07 -2.87042e+07 45632 563300 -1.48725e+06 -139453 
1.39397e+07 -2.88789e+07 328620 543679 -1.48968e+06 -139295 
1.39291e+07 -2.89812e+07 232824 532249 -1.4916e+06 -139472 
1.3915e+07 -2.92044e+07 -98547 507247 -1.50101e+06 -137081 
1.3953e+07 -2.92917e+07 317366 497535 -1.49107e+06 -143572 
1.39333e+07 -2.93162e+07 366492 494756 -1.48736e+06 -137607 
1.39657e+07 -2.92377e+07 586915 503565 -1.48355e+06 -141940 
1.40203e+07 -2.91065e+07 180779 518104 -1.50367e+06 -135075 
1.40265e+07 -2.90213e+07 805087 527741 -1.48323e+06 -143762 
1.40683e+07 -2.90027e+07 331380 529691 -1.5041e+06 -135965 
1.38922e+07 -2.91755e+07 626434 510627 -1.47384e+06 -146716 
1.39256e+07 -2.93012e+07 -43876 496412 -1.50031e+06 -136456 
1.40508e+07 -2.91472e+07 696757 513620 -1.48954e+06 -142507 
1.40762e+07 -2.86504e+07 -162902 568998 -1.52211e+06 -128237 
1.40484e+07 -2.78725e+07 305257 656122 -1.50376e+06 -133822 
1.39251e+07 -2.71753e+07 -685230 734075 -1.52396e+06 -123856 
1.40707e+07 -2.66085e+07 4791 797424 -1.51762e+06 -127390 
1.4066e+07 -2.6587e+07 -446904 799776 -1.53238e+06 -123702 
1.41019e+07 -2.664e+07 -110274 793850 -1.52502e+06 -126060 
1.39989e+07 -2.67487e+07 -244864 781777 -1.51781e+06 -126471 
1.40164e+07 -2.67937e+07 -178982 776716 -1.51758e+06 -124837 
1.39569e+07 -2.67749e+07 -329727 778893 -1.51583e+06 -128391 
1.40604e+07 -2.68949e+07 -231420 765344 -1.52427e+06 -123195 
1.40837e+07 -2.68616e+07 -34408 769104 -1.52014e+06 -129128 
1.41413e+07 -2.70984e+07 -102548 742541 -1.52883e+06 -125715 
1.39614e+07 -2.70632e+07 173719 746733 -1.49898e+06 -135489 
1.40276e+07 -2.72266e+07 -312792 728295 -1.5229e+06 -126856 
1.4044e+07 -2.71814e+07 228410 733398 -1.50653e+06 -130401 
1.40997e+07 -2.7434e+07 -160671 705045 -1.52576e+06 -126984 
1.40052e+07 -2.7559e+07 140428 691239 -1.50458e+06 -136948 
1.40178e+07 -2.76272e+07 -314179 683507 -1.52146e+06 -128189 
1.40478e+07 -2.75675e+07 384227 690270 -1.50117e+06 -137843 
1.40629e+07 -2.75228e+07 -238817 695158 -1.52407e+06 -129668 
1.40442e+07 -2.74666e+07 596794 701569 -1.49376e+06 -136491 
1.41414e+07 -2.7533e+07 86622 693996 -1.52192e+06 -132534 
1.4107e+07 -2.77511e+07 584357 669717 -1.50093e+06 -139710 
1.40771e+07 -2.768e+07 89927 677626 -1.51433e+06 -135542 
1.41979e+07 -2.78008e+07 641911 664080 -1.50922e+06 -139896 
1.40729e+07 -2.78079e+07 231238 663374 -1.50889e+06 -139507 
1.41311e+07 -2.79176e+07 569650 651084 -1.50394e+06 -141687 
1.39831e+07 -2.77876e+07 469623 665788 -1.49057e+06 -145923 
1.40843e+07 -2.80763e+07 408848 633352 -1.50395e+06 -140520 
1.41367e+07 -2.8025e+07 372376 639069 -1.51104e+06 -143594 
1.41541e+07 -2.79642e+07 267653 645794 -1.51677e+06 -137302 
1.40662e+07 -2.77962e+07 411819 664752 -1.50189e+06 -145553 
1.42088e+07 -2.70195e+07 284164 751448 -1.52311e+06 -140040 
1.42058e+07 -2.64311e+07 294900 817310 -1.52277e+06 -144539 
1.41963e+07 -2.61505e+07 -85982 848597 -1.53505e+06 -133800 
1.41894e+07 -2.58636e+07 161905 880773 -1.52599e+06 -140569 
1.4297e+07 -2.56204e+07 -310751 907808 -1.55436e+06 -135699 
1.42566e+07 -2.54799e+07 353350 923648 -1.52746e+06 -141099 
1.42523e+07 -2.51681e+07 -510730 958387 -1.55658e+06 -129689 
1.43286e+07 -2.50219e+07 -200658 974721 -1.55478e+06 -134253 
1.43232e+07 -2.48977e+07 -647628 988546 -1.56946e+06 -128272 
1.42685e+07 -2.47807e+07 -134333 1.00175e+06 -1.54604e+06 -132112 
1.42177e+07 -2.45624e+07 -507822 1.02616e+06 -1.55314e+06 -128468 
1.42349e+07 -2.45575e+07 -307880 1.02671e+06 -1.54833e+06 -129890 
1.42982e+07 -2.43145e+07 -567685 1.0538e+06 -1.5645e+06 -126494 
1.43441e+07 -2.43411e+07 -420540 1.05077e+06 -1.56477e+06 -124818 
1.42466e+07 -2.40184e+07 -645077 1.08697e+06 -1.56148e+06 -128061 
1.43459e+07 -2.39943e+07 -446982 1.08957e+06 -1.56613e+06 -125641 
1.42979e+07 -2.38139e+07 -580621 1.1098e+06 -1.56531e+06 -127175 
1.43648e+07 -2.37278e+07 -841256 1.1193e+06 -1.5819e+06 -120033 
1.43208e+07 -2.3573e+07 -722764 1.13672e+06 -1.5729e+06 -126292 
1.43628e+07 -2.33042e+07 -1.0143e+06 1.16666e+06 -1.5879e+06 -117866 
1.42028e+07 -2.31429e+07 -777523 1.18491e+06 -1.56183e+06 -124611 
1.42345e+07 -2.30003e+07 -1.26795e+06 1.20069e+06 -1.58237e+06 -111709 
1.43785e+07 -2.27348e+07 -778261 1.23036e+06 -1.58223e+06 -118407 
1.43269e+07 -2.2582e+07 -1.44206e+06 1.2474e+06 -1.59898e+06 -112538 
1.43023e+07 -2.25551e+07 -799504 1.25051e+06 -1.57454e+06 -116444 
1.43341e+07 -2.24603e+07 -1.21298e+06 1.26103e+06 -1.59218e+06 -113301 
1.43638e+07 -2.23705e+07 -781177 1.2711e+06 -1.58102e+06 -116631 
1.43576e+07 -2.23072e+07 -1.40532e+06 1.27809e+06 -1.60153e+06 -109850 
1.43931e+07 -2.23672e+07 -912845 1.27141e+06 -1.58883e+06 -114259 
1.43246e+07 -2.22184e+07 -1.48542e+06 1.28808e+06 -1.60048e+06 -112459 
1.44031e+07 -2.22524e+07 -1.05878e+06 1.28427e+06 -1.59488e+06 -116508 
1.43617e+07 -2.21243e+07 -1.23834e+06 1.29859e+06 -1.59645e+06 -112937 
1.43386e+07 -2.2101e+07 -1.10964e+06 1.30121e+06 -1.58957e+06 -111799 
1.43156e+07 -2.20169e+07 -1.45662e+06 1.31063e+06 -1.59864e+06 -113498 
1.44166e+07 -2.21059e+07 -1.36417e+06 1.30057e+06 -1.60693e+06 -111322 
1.43627e+07 -2.20376e+07 -1.10341e+06 1.30832e+06 -1.59203e+06 -115367 
1.43291e+07 -2.1956e+07 -1.3984e+06 1.31741e+06 -1.59836e+06 -110334 
1.43367e+07 -2.1806e+07 -1.2738e+06 1.33422e+06 -1.59504e+06 -114462 
1.42752e+07 -2.18609e+07 -1.55265e+06 1.32806e+06 -1.59765e+06 -106455 
1.43205e+07 -2.17849e+07 -1.33252e+06 1.3366e+06 -1.59521e+06 -114049 
1.43616e+07 -2.17448e+07 -1.61045e+06 1.34098e+06 -1.6094e+06 -107921 
1.43448e+07 -2.16431e+07 -1.17126e+06 1.35247e+06 -1.59258e+06 -116645 
1.43775e+07 -2.16491e+07 -1.60663e+06 1.35166e+06 -1.61117e+06 -107046 
1.43402e+07 -2.16291e+07 -1.36086e+06 1.35399e+06 -1.59858e+06 -112337 
1.44267e+07 -2.15875e+07 -1.74304e+06 1.3585e+06 -1.62136e+06 -106959 
1.4304e+07 -2.15949e+07 -1.17269e+06 1.35786e+06 -1.58818e+06 -113218 
1.43602e+07 -2.15988e+07 -1.6306e+06 1.35728e+06 -1.61012e+06 -105278 
1.43686e+07 -2.16042e+07 -1.2655e+06 1.35675e+06 -1.59861e+06 -111949 
1.44227e+07 -2.15906e+07 -1.61132e+06 1.35814e+06 -1.61656e+06 -104324 
1.44065e+07 -2.14994e+07 -1.26293e+06 1.36846e+06 -1.60285e+06 -113290 
1.43154e+07 -2.145e+07 -1.71581e+06 1.37396e+06 -1.60807e+06 -104764 
1.43584e+07 -2.14362e+07 -1.09738e+06 1.37557e+06 -1.59193e+06 -113026 
1.43904e+07 -2.13235e+07 -1.69102e+06 1.38804e+06 -1.61584e+06 -103595 
1.43558e+07 -2.12428e+07 -1.5045e+06 1.39716e+06 -1.60554e+06 -110098 
1.44257e+07 -2.12284e+07 -1.79554e+06 1.39866e+06 -1.62335e+06 -105873 
1.44044e+07 -2.11242e+07 -1.34394e+06 1.41043e+06 -1.60564e+06 -113730 
1.43674e+07 -2.10382e+07 -1.81172e+06 1.41995e+06 -1.61756e+06 -102828 
1.43672e+07 -2.10283e+07 -1.49023e+06 1.42115e+06 -1.60654e+06 -110021 
1.44938e+07 -2.09959e+07 -1.66491e+06 1.42457e+06 -1.62699e+06 -101302 
1.44185e+07 -2.0922e+07 -1.49151e+06 1.433e+06 -1.61243e+06 -111497 
1.43959e+07 -2.08941e+07 -1.89436e+06 1.43607e+06 -1.6236e+06 -105384 
1.4392e+07 -2.09013e+07 -1.25826e+06 1.43536e+06 -1.60159e+06 -112584 
1.44518e+07 -2.08162e+07 -1.8433e+06 1.44472e+06 -1.62836e+06 -102243 
1.44417e+07 -2.07566e+07 -1.54173e+06 1.45148e+06 -1.61691e+06 -110305 
1.44031e+07 -2.07382e+07 -1.75113e+06 1.45349e+06 -1.61982e+06 -102951 
1.43922e+07 -2.07341e+07 -1.3659e+06 1.45405e+06 -1.6054e+06 -111501 
1.43147e+07 -2.06653e+07 -1.8891e+06 1.46173e+06 -1.61445e+06 -105470 
1.44298e+07 -2.07105e+07 -1.299e+06 1.45665e+06 -1.60748e+06 -109825 
1.44558e+07 -2.06592e+07 -1.88504e+06 1.46227e+06 -1.63034e+06 -102446 
1.44081e+07 -2.06728e+07 -1.49516e+06 1.46087e+06 -1.61166e+06 -109132 
1.4434e+07 -2.06489e+07 -1.70159e+06 1.46347e+06 -1.62167e+06 -104295 
1.44402e+07 -2.05647e+07 -1.46556e+06 1.47296e+06 -1.61432e+06 -111135 
1.43356e+07 -2.04883e+07 -1.94158e+06 1.48151e+06 -1.61874e+06 -104799 
1.45243e+07 -2.05732e+07 -1.56722e+06 1.47188e+06 -1.62737e+06 -106180 
1.44671e+07 -2.05133e+07 -1.92702e+06 1.47861e+06 -1.63305e+06 -105632 
1.44201e+07 -2.05706e+07 -1.51739e+06 1.47226e+06 -1.61393e+06 -106244 
1.43905e+07 -2.0431e+07 -1.83081e+06 1.48789e+06 -1.62124e+06 -105792 
1.44114e+07 -2.05346e+07 -1.56113e+06 1.47631e+06 -1.61442e+06 -107217 
1.44079e+07 -2.03909e+07 -1.99161e+06 1.49232e+06 -1.62871e+06 -103214 
1.43375e+07 -2.04435e+07 -1.74234e+06 1.48653e+06 -1.6123e+06 -104801 
1.43857e+07 -2.0356e+07 -1.78145e+06 1.49629e+06 -1.61908e+06 -106556 
1.45232e+07 -2.04117e+07 -1.61384e+06 1.4899e+06 -1.62907e+06 -102287 
1.44137e+07 -2.02125e+07 -1.87091e+06 1.5123e+06 -1.62541e+06 -104980 
1.44866e+07 -2.03561e+07 -1.8967e+06 1.49614e+06 -1.63449e+06 -101769 
1.43652e+07 -2.02406e+07 -1.82879e+06 1.50921e+06 -1.6185e+06 -105342 
1.45233e+07 -2.02867e+07 -1.84761e+06 1.50387e+06 -1.63707e+06 -100856 
1.43905e+07 -2.01545e+07 -1.79175e+06 1.51884e+06 -1.62011e+06 -107486 
1.43194e+07 -2.01899e+07 -1.95304e+06 1.51484e+06 -1.61777e+06 -97609 
1.44243e+07 -2.00689e+07 -1.76239e+06 1.52835e+06 -1.62312e+06 -104142 
1.44209e+07 -2.01416e+07 -2.08136e+06 1.52015e+06 -1.63357e+06 -97925 
1.43916e+07 -2.00923e+07 -1.63138e+06 1.5258e+06 -1.61492e+06 -107071 
1.44468e+07 -2.00625e+07 -1.967e+06 1.529e+06 -1.63268e+06 -99202 
1.4369e+07 -2.00544e+07 -1.6966e+06 1.53004e+06 -1.61466e+06 -104922 
1.44727e+07 -1.99875e+07 -2.08017e+06 1.53734e+06 -1.63954e+06 -96726 
1.44926e+07 -2.00767e+07 -1.53836e+06 1.52745e+06 -1.62326e+06 -105621 
1.45052e+07 -2.00182e+07 -2.0216e+06 1.5339e+06 -1.64111e+06 -100156 
1.44424e+07 -2.00505e+07 -1.50628e+06 1.53041e+06 -1.61657e+06 -104315 
1.44425e+07 -1.99411e+07 -1.99631e+06 1.54258e+06 -1.63324e+06 -100589 
1.44468e+07 -1.99764e+07 -1.83492e+06 1.53863e+06 -1.6283e+06 -100105 
1.44138e+07 -2.00026e+07 -1.93178e+06 1.53575e+06 -1.62772e+06 -102439 
1.44553e+07 -1.99588e+07 -1.69342e+06 1.54063e+06 -1.62442e+06 -103438 
1.4445e+07 -1.98053e+07 -1.77076e+06 1.55782e+06 -1.62598e+06 -103609 
1.44469e+07 -1.9775e+07 -2.00487e+06 1.56112e+06 -1.6343e+06 -95930 
1.45454e+07 -1.98085e+07 -1.76588e+06 1.55738e+06 -1.63713e+06 -103998 
1.459e+07 -1.99168e+07 -1.96054e+06 1.54515e+06 -1.64881e+06 -97632 
1.44584e+07 -1.98089e+07 -1.55692e+06 1.55745e+06 -1.6202e+06 -107359 
1.44494e+07 -1.98195e+07 -1.93553e+06 1.55616e+06 -1.63218e+06 -97390 
1.45001e+07 -1.97589e+07 -1.591e+06 1.563e+06 -1.6261e+06 -106964 
1.45018e+07 -1.97955e+07 -2.17154e+06 1.55877e+06 -1.64608e+06 -95774 
1.44758e+07 -1.97926e+07 -1.60205e+06 1.55923e+06 -1.62377e+06 -105027 
1.45525e+07 -1.97479e+07 -2.00592e+06 1.56409e+06 -1.64617e+06 -99581 
1.45638e+07 -1.97694e+07 -1.56521e+06 1.56175e+06 -1.63248e+06 -104933 
1.45798e+07 -1.96728e+07 -2.03931e+06 1.57246e+06 -1.65048e+06 -98356 
1.45936e+07 -1.97943e+07 -1.49453e+06 1.55892e+06 -1.63353e+06 -102635 
1.44896e+07 -1.96462e+07 -1.93454e+06 1.57553e+06 -1.63678e+06 -99215 
1.45505e+07 -1.96842e+07 -1.54388e+06 1.57128e+06 -1.63038e+06 -103685 
1.4454e+07 -1.95398e+07 -1.87055e+06 1.5875e+06 -1.63055e+06 -104119 
1.45477e+07 -1.96615e+07 -1.54118e+06 1.57379e+06 -1.63009e+06 -100283 
1.45221e+07 -1.96428e+07 -1.95833e+06 1.57589e+06 -1.64122e+06 -100074 
1.44944e+07 -1.96446e+07 -1.71508e+06 1.57572e+06 -1.62991e+06 -100606 
1.44677e+07 -1.95933e+07 -1.78237e+06 1.58152e+06 -1.6291e+06 -104083 
1.45554e+07 -1.95505e+07 -1.64191e+06 1.5862e+06 -1.63446e+06 -99825 
1.44513e+07 -1.94466e+07 -1.72518e+06 1.5979e+06 -1.62556e+06 -100370 
1.45907e+07 -1.95375e+07 -1.81661e+06 1.58759e+06 -1.64438e+06 -97346 
1.45668e+07 -1.94903e+07 -1.58484e+06 1.59295e+06 -1.63376e+06 -103571 
1.45119e+07 -1.94858e+07 -1.89754e+06 1.59346e+06 -1.63817e+06 -99761 
1.44441e+07 -1.94245e+07 -1.49141e+06 1.60045e+06 -1.61674e+06 -106486 
1.45124e+07 -1.95012e+07 -1.88662e+06 1.59169e+06 -1.63798e+06 -95387 
1.44717e+07 -1.9389e+07 -1.65139e+06 1.60436e+06 -1.62536e+06 -102898 
1.4531e+07 -1.93573e+07 -2.08343e+06 1.60776e+06 -1.64681e+06 -95131 
1.46009e+07 -1.93956e+07 -1.38764e+06 1.60354e+06 -1.63104e+06 -104951 
1.4588e+07 -1.936e+07 -1.87845e+06 1.60745e+06 -1.64628e+06 -98314 
1.44152e+07 -1.9295e+07 -1.58145e+06 1.61495e+06 -1.61667e+06 -104510 
1.45111e+07 -1.92908e+07 -1.99609e+06 1.61524e+06 -1.64163e+06 -97393 
1.45838e+07 -1.93177e+07 -1.5379e+06 1.61223e+06 -1.63432e+06 -101375 
1.45216e+07 -1.92275e+07 -1.96241e+06 1.62235e+06 -1.64163e+06 -100861 
1.44988e+07 -1.93054e+07 -1.55207e+06 1.6137e+06 -1.62515e+06 -103307 
1.44872e+07 -1.921e+07 -1.71692e+06 1.62435e+06 -1.62952e+06 -101187 
1.45712e+07 -1.93031e+07 -1.72092e+06 1.61384e+06 -1.63913e+06 -98701 
1.45742e+07 -1.92347e+07 -1.84382e+06 1.6215e+06 -1.64358e+06 -100953 
1.45808e+07 -1.92803e+07 -1.66769e+06 1.61638e+06 -1.63843e+06 -99046 
1.45161e+07 -1.91962e+07 -1.62304e+06 1.62591e+06 -1.62951e+06 -105347 
1.45862e+07 -1.92218e+07 -1.89266e+06 1.62291e+06 -1.64667e+06 -98171 
1.44639e+07 -1.92527e+07 -1.62209e+06 1.61961e+06 -1.62363e+06 -102342 
1.45623e+07 -1.92529e+07 -1.9324e+06 1.61942e+06 -1.64537e+06 -95157 
1.45165e+07 -1.90985e+07 -1.52775e+06 1.63684e+06 -1.62644e+06 -105624 
1.45301e+07 -1.9182e+07 -1.84734e+06 1.62741e+06 -1.63887e+06 -97700 
1.45829e+07 -1.9222e+07 -1.46038e+06 1.62296e+06 -1.63161e+06 -104360 
1.4597e+07 -1.91249e+07 -2.06252e+06 1.6337e+06 -1.65377e+06 -95247 
1.46387e+07 -1.91411e+07 -1.57691e+06 1.63197e+06 -1.64188e+06 -104375 
1.4635e+07 -1.91046e+07 -1.9738e+06 1.63598e+06 -1.65498e+06 -98640 
1.45585e+07 -1.90982e+07 -1.44955e+06 1.63684e+06 -1.62859e+06 -104364 
1.45509e+07 -1.90334e+07 -1.90495e+06 1.64402e+06 -1.64325e+06 -98245 
1.4656e+07 -1.91144e+07 -1.5652e+06 1.6349e+06 -1.64361e+06 -99822 
1.44837e+07 -1.90087e+07 -1.98508e+06 1.64682e+06 -1.63842e+06 -96699 
1.45789e+07 -1.9091e+07 -1.56486e+06 1.63759e+06 -1.63487e+06 -101057 
1.44985e+07 -1.8942e+07 -1.86978e+06 1.65434e+06 -1.63606e+06 -104369 
1.46116e+07 -1.90553e+07 -1.58114e+06 1.64155e+06 -1.63916e+06 -100179 
1.45586e+07 -1.89914e+07 -1.9195e+06 1.64872e+06 -1.6446e+06 -100047 
1.45829e+07 -1.90821e+07 -1.73372e+06 1.63855e+06 -1.64109e+06 -98067 
1.4556e+07 -1.8979e+07 -1.78786e+06 1.65014e+06 -1.6398e+06 -103140 
1.45721e+07 -1.89099e+07 -1.89212e+06 1.65782e+06 -1.6453e+06 -99000 
1.45538e+07 -1.87813e+07 -1.72979e+06 1.67225e+06 -1.63782e+06 -101887 
1.4643e+07 -1.88971e+07 -1.89837e+06 1.65916e+06 -1.65363e+06 -95509 
1.45174e+07 -1.88224e+07 -1.82674e+06 1.66771e+06 -1.63686e+06 -104083 
1.4564e+07 -1.88513e+07 -2.06435e+06 1.66434e+06 -1.65031e+06 -95734 
1.45698e+07 -1.88185e+07 -1.54277e+06 1.66811e+06 -1.63324e+06 -104213 
1.46272e+07 -1.87592e+07 -2.10476e+06 1.67458e+06 -1.65893e+06 -94221 
1.45179e+07 -1.8797e+07 -1.71922e+06 1.67053e+06 -1.63336e+06 -102730 
1.45946e+07 -1.87652e+07 -2.07156e+06 1.67394e+06 -1.65414e+06 -93918 
1.45907e+07 -1.87422e+07 -1.59956e+06 1.67661e+06 -1.63762e+06 -102607 
1.45455e+07 -1.86636e+07 -2.13528e+06 1.68538e+06 -1.6507e+06 -98233 
1.45846e+07 -1.86505e+07 -1.6149e+06 1.68685e+06 -1.63758e+06 -100592 
1.45641e+07 -1.85613e+07 -2.14736e+06 1.69677e+06 -1.65338e+06 -95031 
1.45654e+07 -1.86522e+07 -1.92686e+06 1.68663e+06 -1.64601e+06 -96287 
1.4569e+07 -1.85414e+07 -2.15134e+06 1.69905e+06 -1.6539e+06 -100827 
1.45806e+07 -1.85583e+07 -1.75174e+06 1.69714e+06 -1.64189e+06 -97915 
1.45642e+07 -1.83798e+07 -2.0543e+06 1.71712e+06 -1.65028e+06 -99542 
1.45831e+07 -1.85502e+07 -2.13264e+06 1.69799e+06 -1.65507e+06 -94227 
1.46236e+07 -1.84917e+07 -1.98653e+06 1.70456e+06 -1.65459e+06 -100467 
1.46243e+07 -1.85377e+07 -2.11818e+06 1.69936e+06 -1.65925e+06 -94181 
1.45636e+07 -1.8379e+07 -1.89081e+06 1.71724e+06 -1.64466e+06 -102010 
1.46162e+07 -1.84313e+07 -2.29023e+06 1.71123e+06 -1.66428e+06 -91365 
1.45254e+07 -1.83192e+07 -1.94833e+06 1.72394e+06 -1.64238e+06 -100143 
1.46166e+07 -1.83339e+07 -2.45689e+06 1.72212e+06 -1.66998e+06 -91950 
