0 0.0121313 0 0 0 0 
0 0.0122909 0 0 0 0 
1.19209e-05 0.0123952 0 -1.82817e-06 1.98469e-05 -8.67048e-07 
-7.15256e-05 0.0124259 0 -4.39155e-05 -1.41274e-05 7.03246e-05 
-6.12438e-05 0.0124962 0 -3.5098e-05 -2.04985e-05 4.92676e-05 
-8.28505e-06 0.0125093 0 -1.11167e-05 2.93032e-05 4.06566e-05 
-6.74725e-05 0.0125167 0 -3.49612e-05 -2.78316e-06 8.43407e-05 
-6.91414e-05 0.0125522 0 -3.24873e-05 -3.12177e-05 4.32474e-05 
-6.26147e-05 0.0125697 0 -2.47124e-05 -2.37838e-06 7.84441e-05 
-0.000135094 0.0125811 0 -5.00373e-05 -5.33484e-05 0.000111802 
-8.74996e-05 0.0126006 0 -3.51725e-05 -2.74953e-05 7.72731e-05 
-7.4178e-05 0.0126108 0 -2.48915e-05 1.84907e-05 0.00013162 
-4.89056e-05 0.0126009 0 -2.58049e-05 5.8378e-06 6.35467e-05 
-4.60744e-05 0.0126147 0 -1.88698e-05 -3.78762e-06 4.44078e-05 
-5.13792e-05 0.0126279 0 -2.08039e-05 5.52046e-06 6.84028e-05 
-4.1008e-05 0.0126364 0 -2.14881e-05 -1.04154e-06 3.53786e-05 
-8.55923e-05 0.0126594 0 -2.65899e-05 -2.03467e-05 7.70848e-05 
-3.61502e-05 0.0126526 0 -1.62765e-05 1.74942e-05 5.20512e-05 
-6.89328e-05 0.0126721 0 -2.80122e-05 -1.76734e-05 4.93006e-05 
-0.000141323 0.012704 0 -4.10345e-05 -4.65138e-05 0.000123404 
-8.40425e-05 0.0127052 0 -2.90148e-05 -2.22313e-06 9.68924e-05 
-7.30455e-05 0.0127103 0 -2.72434e-05 -1.89241e-05 5.55759e-05 
-0.000128001 0.0127254 0 -3.84304e-05 -6.66023e-05 6.65248e-05 
-7.21812e-05 0.0127261 0 -2.7281e-05 -2.18369e-05 4.33125e-05 
-3.8147e-05 0.0127131 0 -8.36455e-06 -1.50902e-06 2.0036e-05 
-5.55813e-05 0.0127401 0 -1.54399e-05 6.04151e-07 5.23476e-05 
-3.93987e-05 0.0127474 0 -1.39676e-05 6.80028e-06 3.41131e-05 
-3.86536e-05 0.012738 0 -5.87688e-06 -2.16624e-06 1.75763e-05 
-4.72069e-05 0.0127613 0 -1.31665e-05 3.07287e-05 8.35084e-05 
-6.6191e-05 0.0127774 0 -2.12772e-05 -5.36054e-06 5.86831e-05 
-6.47306e-05 0.0127787 0 -1.21783e-05 -2.47681e-05 2.52636e-05 
-7.53701e-05 0.0127975 0 -2.28844e-05 -3.19336e-05 2.81809e-05 
-0.000147313 0.0128216 0 -4.46801e-05 -9.57815e-05 4.32789e-05 
-0.000103861 0.0128124 0 -2.46815e-05 -6.38299e-05 2.18651e-05 
-6.52075e-05 0.0128199 0 -2.36353e-05 -2.24925e-05 2.52222e-05 
-6.58333e-05 0.0128272 0 -1.50222e-05 -3.10321e-05 1.62448e-05 
-3.54052e-05 0.0128249 0 -6.29546e-06 -8.02449e-06 3.83245e-06 
-2.79546e-05 0.0128366 0 -1.19514e-05 2.47417e-05 4.27173e-05 
-4.54783e-05 0.0128346 0 -3.07132e-06 -3.68677e-06 2.21043e-05 
-2.8193e-05 0.0128378 0 -4.27635e-06 -7.13199e-06 -1.33393e-05 
-5.67734e-05 0.0128734 0 -1.89773e-05 -2.30819e-05 1.00114e-05 
-4.59552e-05 0.0128591 0 -1.19133e-06 -2.03901e-05 -5.4538e-06 
-6.24359e-05 0.0128738 0 -1.89886e-05 -3.31101e-05 9.70996e-07 
-7.62939e-05 0.0128978 0 -2.38691e-05 -3.45931e-05 2.65662e-05 
-7.88569e-05 0.012892 0 -1.19656e-05 -3.74883e-05 2.39731e-05 
-0.000129044 0.0129329 0 -4.15007e-05 -7.13769e-05 5.23609e-05 
-7.39098e-05 0.0129175 0 -1.63969e-05 -1.25217e-05 5.74111e-05 
-4.33922e-05 0.0129059 0 -3.39448e-06 -1.31179e-05 7.17727e-06 
-4.3869e-05 0.0129257 0 -1.89045e-05 -2.51235e-05 -8.55567e-06 
-3.90112e-05 0.0129201 0 -2.65205e-06 -1.22781e-05 3.2534e-06 
-3.18587e-05 0.0129344 0 -2.15917e-06 -9.80623e-06 -4.94604e-06 
-7.85887e-05 0.0129554 0 -2.93729e-05 -4.94557e-05 1.44807e-05 
-3.72827e-05 0.0129348 0 1.95581e-06 -1.74288e-05 1.14567e-06 
-5.5939e-05 0.0129555 0 -1.22559e-05 -1.96022e-05 1.8841e-05 
-8.64267e-05 0.0129817 0 -2.68134e-05 -2.20451e-05 6.41641e-05 
-7.12574e-05 0.0129743 0 -5.21972e-07 -2.00694e-05 4.08899e-05 
-9.06587e-05 0.0129927 0 -1.34306e-05 -4.67483e-05 2.88949e-05 
-0.000104576 0.0130124 0 -2.47485e-05 -5.69339e-05 3.84531e-05 
-5.8502e-05 0.0130052 0 -1.11393e-05 -2.76366e-05 6.6534e-06 
-4.42564e-05 0.013006 0 2.15873e-06 -8.57114e-06 1.80029e-05 
-4.75347e-05 0.013028 0 -3.1988e-06 -7.7961e-06 2.67777e-05 
-3.53754e-05 0.0130308 0 -4.13821e-06 -8.36164e-06 4.83864e-06 
-4.21405e-05 0.013035 0 2.44333e-06 -4.90968e-07 3.22504e-05 
-6.99461e-05 0.0130513 0 -7.69405e-06 -1.48474e-06 7.44341e-05 
-3.93391e-05 0.0130662 0 -6.45631e-06 -7.39095e-06 1.95391e-05 
-7.25985e-05 0.0130872 0 -1.54958e-05 -3.89981e-05 2.38313e-05 
-7.91848e-05 0.0130895 0 -1.61268e-05 -3.59008e-05 4.08769e-05 
-8.44896e-05 0.0131007 0 -2.21263e-05 -5.49201e-05 2.16333e-05 
-0.000112653 0.0131169 0 -3.49136e-05 -5.99881e-05 6.03704e-05 
-8.20756e-05 0.0131254 0 -2.16385e-05 -3.87829e-05 4.92916e-05 
-6.50883e-05 0.0131303 0 -1.90034e-05 -3.37109e-05 3.0554e-05 
-5.57005e-05 0.0131341 0 -1.9668e-05 6.42383e-08 6.88955e-05 
-4.78625e-05 0.0131451 0 -1.48622e-05 1.15726e-05 7.64227e-05 
-5.427e-05 0.013155 0 -1.98581e-05 -2.43577e-05 3.06051e-05 
-7.63535e-05 0.013179 0 -2.963e-05 -4.69496e-05 3.38279e-05 
-2.83122e-05 0.0131776 0 -1.45926e-05 -6.48037e-06 1.81366e-05 
-9.0003e-05 0.0131969 0 -3.46519e-05 -6.3284e-05 3.05519e-05 
-9.7394e-05 0.0132133 0 -4.19367e-05 -6.3235e-05 4.24382e-05 
-5.73397e-05 0.0132145 0 -3.46225e-05 -2.28626e-05 4.19605e-05 
-9.97782e-05 0.0132381 0 -4.45273e-05 -6.51177e-05 5.48117e-05 
-0.000111878 0.0132623 0 -5.33153e-05 -4.57201e-05 0.000105223 
-6.07073e-05 0.0132517 0 -3.66179e-05 -1.02962e-05 7.62627e-05 
-4.83692e-05 0.0132575 0 -3.23066e-05 -2.34222e-05 5.01024e-05 
-6.02901e-05 0.0132778 0 -4.31328e-05 -3.5807e-05 4.46334e-05 
-5.00381e-05 0.0132844 0 -3.32833e-05 -2.16769e-05 5.47484e-05 
-3.54648e-05 0.0132961 0 -3.50863e-05 -1.54254e-05 4.838e-05 
-6.80685e-05 0.0133094 0 -4.71863e-05 -3.0075e-05 7.78714e-05 
-6.63698e-05 0.0133248 0 -4.60169e-05 -2.51578e-05 8.39067e-05 
-4.28557e-05 0.013328 0 -4.11035e-05 -1.055e-05 7.52589e-05 
-0.00012356 0.0133691 0 -7.49669e-05 -6.41367e-05 0.000148831 
-0.000134706 0.0133868 0 -7.68106e-05 -8.93088e-05 0.000124635 
-6.46114e-05 0.0133711 0 -5.22415e-05 -3.74403e-05 8.31658e-05 
-5.40614e-05 0.0133796 0 -4.69495e-05 -9.0192e-06 0.00011069 
-3.15905e-05 0.0133872 0 -4.64585e-05 5.18232e-06 9.18629e-05 
-2.59578e-05 0.0133977 0 -4.05628e-05 1.83886e-05 0.000103078 
-5.01573e-05 0.0134169 0 -4.79165e-05 8.63206e-06 0.000131127 
-6.39856e-05 0.0134308 0 -5.72193e-05 9.19723e-07 0.000141369 
-2.91169e-05 0.0134406 0 -4.80243e-05 4.97503e-05 0.00016511 
-7.41184e-05 0.0134616 0 -6.12549e-05 2.98009e-06 0.000169061 
-6.79493e-05 0.0134764 0 -6.25676e-05 -4.77829e-06 0.000150282 
-6.53267e-05 0.0134971 0 -6.61284e-05 1.84812e-06 0.000160774 
-0.000132561 0.0135139 0 -8.41848e-05 -5.55726e-05 0.000187304 
-9.56655e-05 0.0135246 0 -8.27978e-05 -2.12022e-05 0.000182427 
-5.68926e-05 0.0135197 0 -6.65107e-05 1.29578e-05 0.000177745 
-5.73099e-05 0.0135257 0 -6.53582e-05 2.89538e-06 0.000172251 
-5.18858e-05 0.0135516 0 -7.73936e-05 2.31335e-05 0.000197153 
-4.18425e-05 0.0135468 0 -6.46107e-05 4.83482e-05 0.000226624 
-7.28369e-05 0.0135666 0 -7.74982e-05 -3.41621e-06 0.000198289 
-5.42104e-05 0.0135822 0 -8.39031e-05 3.54788e-06 0.000172924 
-5.44786e-05 0.0135836 0 -7.00781e-05 1.84688e-05 0.000203527 
-9.31323e-05 0.0136137 0 -9.08734e-05 -2.29577e-05 0.000206308 
-0.000115067 0.0136333 0 -0.000110517 -2.59121e-05 0.000235301 
-0.000121355 0.0136341 0 -0.000100841 -2.74396e-05 0.000249839 
-0.000136048 0.0136482 0 -0.000112444 -5.08344e-05 0.000241506 
-0.00011 0.0136618 0 -0.000115317 1.0963e-05 0.000300498 
-8.62181e-05 0.0136605 0 -9.52563e-05 1.17989e-05 0.000270052 
-0.000100344 0.0136733 0 -0.000106401 -2.38129e-05 0.000243202 
-9.95994e-05 0.0136963 0 -0.000121091 -2.22593e-05 0.000248167 
-0.000117987 0.0136983 0 -0.000114041 -4.08526e-05 0.000252477 
-0.000109315 0.0137109 0 -0.000116499 -3.77571e-05 0.000253304 
-0.000130564 0.0137437 0 -0.000139871 -3.76767e-05 0.000296578 
-0.000161618 0.0137421 0 -0.00013415 -7.02347e-05 0.000297936 
-0.000201523 0.0137716 0 -0.000162863 -0.0001032 0.000327092 
-0.000180155 0.0137836 0 -0.000166228 -5.59878e-05 0.000366343 
-0.00016287 0.0137724 0 -0.000141345 -6.25058e-05 0.000332088 
-0.000130981 0.0137924 0 -0.000147429 -5.35202e-05 0.000304657 
-0.000133216 0.0138045 0 -0.000153327 -4.3039e-05 0.000324717 
-0.000135273 0.0138063 0 -0.000143724 -5.45733e-05 0.000317256 
-0.000157475 0.0138348 0 -0.000164448 -5.89507e-05 0.000352228 
-0.000131488 0.0138317 0 -0.000150254 -2.60236e-05 0.000366357 
-0.000157744 0.013854 0 -0.000158785 -6.00531e-05 0.000363682 
-0.000215709 0.0138807 0 -0.000188922 -8.4845e-05 0.000425859 
-0.000172049 0.0138767 0 -0.000176033 -5.58349e-05 0.000405204 
-0.00020352 0.0138979 0 -0.000186822 -9.80464e-05 0.000401301 
-0.000213385 0.0139089 0 -0.000192 -0.000100876 0.000420929 
-0.000156283 0.0139179 0 -0.000182652 -5.71009e-05 0.000405337 
-0.000167012 0.0139225 0 -0.000180193 -5.50633e-05 0.000436153 
-0.000170201 0.0139352 0 -0.000187718 -6.77765e-05 0.000427246 
-0.000148654 0.0139448 0 -0.000185927 -3.90408e-05 0.00044162 
-0.000177652 0.0139556 0 -0.000188966 -4.29835e-05 0.000489596 
-0.000207484 0.0139874 0 -0.000208407 -6.70811e-05 0.000513128 
-0.000178099 0.0139877 0 -0.000204382 -6.60767e-05 0.000471651 
-0.000274956 0.0140181 0 -0.00023205 -0.000141811 0.000519092 
-0.000252157 0.0140333 0 -0.000234566 -0.000122245 0.000522672 
-0.000198901 0.0140293 0 -0.000219943 -8.85199e-05 0.000495612 
-0.000211924 0.0140412 0 -0.000216478 -7.95031e-05 0.000544978 
-0.000179619 0.0140447 0 -0.000214473 -6.67872e-05 0.00051649 
-0.000180572 0.0140538 0 -0.000220358 -6.51908e-05 0.000525787 
-0.000207663 0.0140702 0 -0.000225475 -5.16277e-05 0.000604383 
-0.000211716 0.0140811 0 -0.000232921 -9.0333e-05 0.000556554 
-0.000174999 0.0140909 0 -0.000228629 -7.1561e-05 0.000535049 
-0.00025171 0.0141159 0 -0.000251004 -0.000118111 0.000595382 
-0.000224471 0.0141179 0 -0.000249406 -0.000112092 0.000563823 
-0.000232637 0.0141352 0 -0.000255988 -9.9514e-05 0.000606422 
-0.000278354 0.0141487 0 -0.000266938 -0.000134231 0.000635643 
-0.000219017 0.0141499 0 -0.000253097 -9.58848e-05 0.000607253 
-0.000203729 0.0141571 0 -0.000256229 -5.10596e-05 0.000662357 
-0.000235319 0.0141627 0 -0.000264014 -8.83346e-05 0.000665867 
-0.000206888 0.0141669 0 -0.000258705 -9.43319e-05 0.000617181 
-0.000234395 0.0141831 0 -0.000273383 -0.000120237 0.000631022 
-0.000239253 0.0142006 0 -0.000281587 -0.000129934 0.00063708 
-0.000213355 0.0141948 0 -0.0002698 -0.000115514 0.000623807 
-0.000260621 0.0142197 0 -0.000293055 -0.000142969 0.000668267 
-0.000299603 0.0142399 0 -0.000306989 -0.000167553 0.000703621 
-0.000295162 0.0142494 0 -0.00031316 -0.000168051 0.000702794 
-0.000283271 0.0142578 0 -0.000309266 -0.000124264 0.000765918 
-0.000251353 0.0142551 0 -0.000302095 -0.000122297 0.000727625 
-0.00026089 0.0142635 0 -0.000310784 -0.000150498 0.000708514 
-0.00028038 0.0142787 0 -0.000316932 -0.00015017 0.000752671 
-0.000265807 0.0142779 0 -0.000316079 -0.000153248 0.000730572 
-0.000287116 0.0143121 0 -0.000336439 -0.000158807 0.000773018 
-0.00031966 0.0143202 0 -0.000338775 -0.000172773 0.000814733 
-0.000312299 0.0143248 0 -0.000342352 -0.000183543 0.000793755 
-0.000373274 0.0143677 0 -0.000378572 -0.000206035 0.000875105 
-0.000338972 0.0143537 0 -0.000360737 -0.000191321 0.000850287 
-0.000318378 0.014367 0 -0.000360917 -0.00019314 0.000827069 
-0.000308573 0.0143677 0 -0.000358618 -0.000175542 0.000845642 
-0.000302106 0.0143735 0 -0.000359846 -0.000177547 0.000843462 
-0.000317901 0.0143941 0 -0.000370234 -0.000178335 0.000884571 
-0.000326574 0.0144019 0 -0.000376904 -0.000188909 0.000890596 
-0.000295848 0.0144114 0 -0.000369905 -0.000160813 0.000902486 
-0.000361174 0.0144418 0 -0.000398025 -0.000193745 0.000973287 
-0.000350446 0.0144431 0 -0.00040121 -0.000196121 0.000959695 
-0.000339031 0.0144563 0 -0.000399049 -0.000205674 0.00094373 
-0.000394732 0.0144763 0 -0.000425072 -0.000252006 0.000975371 
-0.000338495 0.0144735 0 -0.000411238 -0.00021415 0.000956394 
-0.000343174 0.0144849 0 -0.000411849 -0.000217605 0.000973996 
-0.000367433 0.0144937 0 -0.000426625 -0.000225092 0.00100753 
-0.000341743 0.0145004 0 -0.00042071 -0.000219585 0.000984954 
-0.000357717 0.0145115 0 -0.000428847 -0.000222726 0.00102056 
-0.000381917 0.014521 0 -0.000434216 -0.000211445 0.00108558 
-0.000350356 0.014536 0 -0.00043875 -0.000226792 0.00102591 
-0.000445276 0.0145632 0 -0.00047231 -0.000311893 0.00106154 
-0.000401855 0.0145542 0 -0.00046081 -0.000271457 0.00106525 
-0.000369132 0.014561 0 -0.000459289 -0.000264467 0.00103971 
-0.000370681 0.0145657 0 -0.000458555 -0.000253886 0.00107913 
-0.000353545 0.0145701 0 -0.000457037 -0.000238436 0.00108314 
-0.000365943 0.0145851 0 -0.000468685 -0.000260875 0.00108215 
-0.00039655 0.0145989 0 -0.000478608 -0.000249138 0.00116305 
-0.000350267 0.0145875 0 -0.00046406 -0.000221005 0.0011367 
-0.000418574 0.0146243 0 -0.000494693 -0.000305351 0.0011382 
-0.000398904 0.0146197 0 -0.000487112 -0.000292297 0.0011379 
-0.000403166 0.0146336 0 -0.000504936 -0.000303287 0.00113679 
-0.000445634 0.0146482 0 -0.000523313 -0.00034795 0.00115453 
-0.000386566 0.0146298 0 -0.000502435 -0.000288902 0.00116081 
-0.0003874 0.014649 0 -0.000512564 -0.000297829 0.00116801 
-0.000418633 0.0146649 0 -0.000530679 -0.000337802 0.00119299 
-0.000367492 0.0146489 0 -0.000515639 -0.000259372 0.00123062 
-0.000424325 0.0146773 0 -0.000532785 -0.000315938 0.00123931 
-0.000383407 0.0146654 0 -0.000523716 -0.000305281 0.00120556 
-0.000380069 0.0146824 0 -0.000532845 -0.000289063 0.00123118 
-0.000469625 0.0147137 0 -0.000560958 -0.000366062 0.0012701 
-0.000461668 0.0147138 0 -0.000569648 -0.000353278 0.00128835 
-0.000445724 0.014718 0 -0.000566421 -0.00033452 0.00130474 
-0.000423223 0.0147079 0 -0.000555373 -0.000329474 0.00129034 
-0.000425369 0.0147245 0 -0.000568495 -0.000314265 0.00133452 
-0.000434816 0.0147418 0 -0.000575332 -0.000326325 0.00134998 
-0.000448018 0.0147453 0 -0.0005824 -0.000354889 0.00133728 
-0.000412583 0.0147424 0 -0.000575929 -0.000322328 0.00134262 
-0.000458032 0.0147654 0 -0.000597697 -0.000362345 0.00137317 
-0.000487149 0.0147794 0 -0.000612432 -0.000378778 0.00141056 
-0.000510871 0.0148012 0 -0.000628642 -0.00040654 0.00141947 
-0.000491202 0.0147969 0 -0.000626947 -0.000387359 0.00143601 
-0.000463247 0.0147947 0 -0.000620013 -0.000356187 0.00145533 
-0.000476271 0.0148101 0 -0.000629853 -0.000361081 0.00148407 
-0.000475973 0.0148156 0 -0.000633992 -0.000387724 0.00145922 
-0.000504494 0.0148406 0 -0.000650312 -0.000412987 0.00148401 
-0.00047037 0.0148333 0 -0.000641662 -0.000383373 0.00148804 
-0.000502855 0.0148497 0 -0.000657564 -0.000417032 0.00150149 
-0.000541568 0.0148666 0 -0.000676163 -0.000433326 0.00155866 
-0.00053519 0.0148727 0 -0.000683117 -0.000441179 0.00154749 
-0.000535786 0.0148852 0 -0.000688412 -0.00044105 0.00156718 
-0.000499547 0.0148712 0 -0.000677821 -0.000384963 0.0016149 
-0.000504553 0.0148808 0 -0.000687982 -0.000423404 0.00157854 
-0.000512868 0.0148843 0 -0.000689804 -0.000442206 0.00157886 
-0.000485599 0.0148859 0 -0.000693802 -0.000421105 0.00158394 
-0.000535399 0.0149075 0 -0.000712577 -0.000473354 0.00160139 
-0.000514895 0.0149019 0 -0.000708777 -0.000444595 0.0016235 
-0.000580609 0.014929 0 -0.000743604 -0.000496452 0.00166407 
-0.000571221 0.0149246 0 -0.000744808 -0.00050441 0.00165649 
-0.00052622 0.0149179 0 -0.000732986 -0.000451412 0.00168099 
-0.000513136 0.0149229 0 -0.000732018 -0.000428386 0.00172022 
-0.000487983 0.0149139 0 -0.000728177 -0.000448237 0.00166106 
-0.000492662 0.0149182 0 -0.00073433 -0.000463223 0.00165725 
-0.000505537 0.0149296 0 -0.000744235 -0.000470545 0.00168678 
-0.000494152 0.0149231 0 -0.000743524 -0.000477306 0.00166943 
-0.000503093 0.0149356 0 -0.000749532 -0.000473618 0.00170225 
-0.000525713 0.0149418 0 -0.000764288 -0.000488162 0.00173168 
-0.000566721 0.0149531 0 -0.000786542 -0.000534964 0.00173926 
-0.000540316 0.0149461 0 -0.000781267 -0.000497728 0.00176869 
-0.000498503 0.0149337 0 -0.000769679 -0.00046275 0.0017732 
-0.000509232 0.0149431 0 -0.000778228 -0.000497767 0.00175694 
-0.000495434 0.0149396 0 -0.000779509 -0.000496714 0.00174744 
-0.000487328 0.01494 0 -0.000781654 -0.000488408 0.00176654 
-0.000528216 0.0149518 0 -0.000800297 -0.000531359 0.0017819 
-0.000477493 0.0149374 0 -0.00078508 -0.000478323 0.00179258 
-0.000501335 0.0149606 0 -0.000802248 -0.000496924 0.00181989 
-0.000573516 0.0149681 0 -0.000828617 -0.000560059 0.00185218 
-0.000548929 0.0149624 0 -0.000829503 -0.000520477 0.00188399 
-0.000509799 0.0149566 0 -0.000819053 -0.000512279 0.00185327 
-0.000496536 0.0149462 0 -0.000815458 -0.00052109 0.00183535 
-0.000495404 0.0149623 0 -0.000823748 -0.000508952 0.00187124 
-0.000495493 0.0149609 0 -0.000826041 -0.000517462 0.001875 
-0.00052157 0.0149715 0 -0.00084419 -0.000541615 0.00189745 
-0.00049293 0.0149712 0 -0.000838555 -0.000513904 0.00190845 
-0.000517696 0.0149789 0 -0.000849028 -0.000529541 0.00193942 
-0.000583887 0.0150122 0 -0.000883935 -0.000569598 0.002007 
-0.000536233 0.0149897 0 -0.000869268 -0.000544733 0.00197572 
-0.000514209 0.0149851 0 -0.000865678 -0.000550466 0.0019497 
-0.000502259 0.0149879 0 -0.000866622 -0.000544283 0.00196255 
-0.00049001 0.0149849 0 -0.00086704 -0.000539671 0.00196201 
-0.000503093 0.0149954 0 -0.000871765 -0.000553789 0.00198648 
-0.000510991 0.0150045 0 -0.000887231 -0.000557805 0.00201427 
-0.000481755 0.0149961 0 -0.000883271 -0.000553678 0.0019828 
-0.000536114 0.0150149 0 -0.000899102 -0.000583391 0.00204428 
-0.000523418 0.0150165 0 -0.000908828 -0.000548909 0.00209072 
-0.000538379 0.0150313 0 -0.000919381 -0.000595057 0.00205946 
-0.00053373 0.0150219 0 -0.0009119 -0.000598885 0.00206023 
-0.000495762 0.0150178 0 -0.000913775 -0.000573122 0.00205 
-0.000521302 0.01503 0 -0.000925029 -0.000608982 0.00205815 
-0.000526398 0.0150289 0 -0.000930662 -0.00060421 0.00209183 
-0.000532508 0.0150444 0 -0.000944924 -0.000614137 0.0021029 
-0.000529915 0.0150422 0 -0.000944313 -0.000617651 0.00211417 
-0.000531167 0.0150423 0 -0.000954174 -0.000611632 0.00214172 
-0.00059697 0.0150623 0 -0.00098516 -0.000638687 0.00221797 
-0.000532895 0.015037 0 -0.000965538 -0.000627617 0.00214838 
-0.000512332 0.0150367 0 -0.000962119 -0.00062865 0.00213204 
-0.000515223 0.0150296 0 -0.000965764 -0.000630504 0.00214865 
-0.000498116 0.0150214 0 -0.00096787 -0.000633823 0.00212863 
-0.000517339 0.0150294 0 -0.000984688 -0.000658851 0.00215292 
-0.000523478 0.0150179 0 -0.000986929 -0.000652394 0.00217314 
-0.000491291 0.0150235 0 -0.000979495 -0.0006319 0.00216741 
-0.000509709 0.015019 0 -0.000988908 -0.00064426 0.00219999 
-0.000513047 0.0150167 0 -0.00100108 -0.00062291 0.00224222 
-0.000521392 0.0150188 0 -0.00100509 -0.000655539 0.00222203 
-0.00048238 0.0149964 0 -0.000994428 -0.000644167 0.00218482 
-0.000485539 0.0150056 0 -0.0009995 -0.000638775 0.00221462 
-0.000500768 0.0150111 0 -0.0010105 -0.000666908 0.00221423 
-0.000492215 0.0150047 0 -0.00101347 -0.000650278 0.00223316 
-0.000498205 0.0150105 0 -0.00101563 -0.00064579 0.00226431 
-0.000490129 0.0150011 0 -0.00101405 -0.000652274 0.00225634 
-0.000509948 0.015026 0 -0.00104042 -0.000661857 0.00229437 
-0.000561357 0.015034 0 -0.00105795 -0.000694239 0.00234075 
-0.000531942 0.0150202 0 -0.00105553 -0.000695574 0.00230324 
-0.000497818 0.0150169 0 -0.00104927 -0.000676627 0.00229789 
-0.000485688 0.0150022 0 -0.00104345 -0.000665332 0.00230735 
-0.000493765 0.0150107 0 -0.00105108 -0.00067248 0.00232744 
-0.000486791 0.015009 0 -0.00105122 -0.00067448 0.00232632 
-0.000508636 0.0150175 0 -0.00106997 -0.000683532 0.00235644 
-0.000489533 0.015006 0 -0.00106217 -0.000665471 0.00237128 
-0.000515074 0.0150088 0 -0.00107725 -0.000679371 0.00240379 
-0.000554621 0.0150236 0 -0.0011001 -0.000718149 0.0024245 
-0.000490695 0.0150043 0 -0.00108418 -0.000692232 0.00237738 
-0.000474811 0.0149884 0 -0.00108016 -0.000681679 0.00237824 
-0.000455022 0.0149898 0 -0.00108543 -0.000672658 0.00237894 
-0.000441402 0.0149921 0 -0.00109219 -0.00066028 0.00238642 
-0.000468701 0.0150097 0 -0.00111188 -0.000685566 0.00240269 
-0.000416756 0.0149999 0 -0.00110702 -0.000657909 0.00237507 
-0.00043866 0.0150144 0 -0.00113475 -0.00066846 0.00240582 
-0.000470102 0.0150206 0 -0.00115849 -0.000674166 0.00245843 
-0.000419408 0.0150104 0 -0.00116078 -0.000656678 0.00241283 
-0.000458151 0.0150433 0 -0.00119723 -0.000703791 0.00241774 
-0.000387549 0.0150206 0 -0.00118576 -0.000656075 0.00238888 
-0.000381112 0.0150364 0 -0.0012118 -0.000664536 0.00237727 
-0.000397444 0.0150579 0 -0.00124095 -0.000672632 0.00240084 
-0.000376761 0.0150626 0 -0.00125521 -0.000657879 0.00239532 
-0.000381738 0.0150911 0 -0.00128732 -0.000672272 0.00239993 
-0.000393987 0.0151118 0 -0.00132065 -0.000686715 0.00240713 
-0.000436693 0.0151391 0 -0.00136832 -0.000688128 0.00248188 
-0.000367075 0.0151301 0 -0.00136843 -0.000673229 0.0024072 
-0.000332624 0.0151277 0 -0.00138364 -0.000670147 0.00236674 
-0.000301898 0.0151293 0 -0.0013977 -0.000651158 0.00235595 
-0.000266761 0.0151214 0 -0.00141077 -0.000639919 0.00232008 
-0.0002639 0.0151233 0 -0.00143799 -0.000639616 0.00231742 
-0.000258625 0.0151318 0 -0.00146078 -0.000625985 0.00233308 
-0.000210524 0.0151256 0 -0.00146714 -0.000606507 0.00229323 
-0.000247121 0.0151492 0 -0.00151116 -0.000629778 0.00232051 
-0.000222534 0.0151306 0 -0.00152504 -0.000586889 0.002339 
-0.000228286 0.0151421 0 -0.00155797 -0.000625072 0.00229694 
-0.000164211 0.0151207 0 -0.00155914 -0.000589211 0.00225201 
-0.000142872 0.015132 0 -0.00157504 -0.000577804 0.00224267 
-0.000142157 0.0151454 0 -0.00160407 -0.00058937 0.0022319 
-0.000109226 0.0151364 0 -0.00161445 -0.000557107 0.00222236 
-0.000138253 0.0151748 0 -0.00165589 -0.000581849 0.00224422 
-9.53972e-05 0.0151639 0 -0.00166505 -0.000551656 0.00222359 
-8.52644e-05 0.0151847 0 -0.00168723 -0.000541679 0.00222744 
-0.000133425 0.0152125 0 -0.00173846 -0.000568901 0.00227548 
-0.000101894 0.0151824 0 -0.00174886 -0.000564478 0.00221517 
-4.47929e-05 0.0151727 0 -0.00175447 -0.000540681 0.00217197 
-2.64645e-05 0.0151688 0 -0.00177435 -0.000524259 0.00217245 
-1.20401e-05 0.0151685 0 -0.00179032 -0.000515056 0.00215493 
-7.45058e-06 0.0151737 0 -0.00181506 -0.000509456 0.00215794 
2.14577e-06 0.0151678 0 -0.00183475 -0.000506035 0.00214074 
7.59959e-06 0.0151806 0 -0.00186084 -0.000495572 0.00214653 
-1.19209e-07 0.0152047 0 -0.00189041 -0.000490029 0.00217807 
-1.7941e-05 0.0152261 0 -0.00192653 -0.000508416 0.00218234 
6.49691e-06 0.0152225 0 -0.00194365 -0.000511545 0.00213334 
3.25143e-05 0.0152297 0 -0.00196002 -0.000501031 0.00212047 
6.68466e-05 0.0152174 0 -0.00197247 -0.000475053 0.00210274 
7.69496e-05 0.015215 0 -0.00199018 -0.000470612 0.00208472 
8.15392e-05 0.0152173 0 -0.00201515 -0.0004558 0.00210189 
0.000117689 0.0152085 0 -0.00202694 -0.00044829 0.00204844 
8.56221e-05 0.0152316 0 -0.00206649 -0.00046625 0.00206881 
9.11653e-05 0.0152354 0 -0.00209114 -0.000434084 0.00211434 
0.000122279 0.0152481 0 -0.00210633 -0.000436769 0.00206264 
6.92606e-05 0.0152766 0 -0.00215927 -0.000490333 0.00206655 
0.000146985 0.0152623 0 -0.00215813 -0.000445806 0.00202595 
0.00015232 0.0152774 0 -0.00218073 -0.000445875 0.00200859 
0.000157744 0.0152726 0 -0.00220561 -0.000435286 0.0020121 
0.000186324 0.0152819 0 -0.00222079 -0.000402308 0.00202046 
0.00015682 0.0152975 0 -0.00226092 -0.000434119 0.00200513 
0.000193983 0.0152977 0 -0.00227388 -0.000404766 0.00199287 
0.000145018 0.0153403 0 -0.00232873 -0.000404386 0.00207649 
0.000147313 0.0153543 0 -0.00235585 -0.000433831 0.00202507 
0.000201643 0.0153661 0 -0.00236395 -0.000407078 0.00199028 
0.00021863 0.0153849 0 -0.00238843 -0.000393808 0.00198634 
0.000237077 0.0154088 0 -0.00241227 -0.000386679 0.00197449 
0.000241011 0.0154388 0 -0.00244499 -0.000382878 0.00198333 
0.000220925 0.0154774 0 -0.00248788 -0.000382437 0.00202417 
0.000263125 0.0154848 0 -0.00250127 -0.000358823 0.00199458 
0.000246316 0.0155168 0 -0.00254447 -0.000367922 0.00201382 
0.000254214 0.0155241 0 -0.00257404 -0.000333133 0.00205156 
0.000251919 0.0155427 0 -0.00260661 -0.000348248 0.00202892 
0.000280172 0.0155504 0 -0.00262425 -0.000339635 0.00200314 
0.000329792 0.0155311 0 -0.00263309 -0.000296713 0.00197667 
0.000333548 0.0155351 0 -0.00266209 -0.000296265 0.00196757 
0.000364572 0.0155343 0 -0.00267795 -0.000265428 0.001963 
0.00033474 0.0155715 0 -0.00272344 -0.000282728 0.00198383 
0.000378817 0.0155642 0 -0.00273285 -0.000244609 0.00196928 
0.000385076 0.0155525 0 -0.00275903 -0.000239848 0.00195302 
0.000325769 0.0155795 0 -0.00281552 -0.000268695 0.00199335 
0.000350833 0.0155882 0 -0.00283491 -0.000262728 0.00196501 
0.000376374 0.0156023 0 -0.00285226 -0.000248093 0.0019448 
0.000411004 0.0155987 0 -0.00286683 -0.000209304 0.00194578 
0.000418991 0.0156074 0 -0.00289414 -0.000198846 0.00194978 
0.000413388 0.015618 0 -0.00292786 -0.000218307 0.00192129 
0.000430822 0.0156101 0 -0.00294649 -0.000186704 0.00193508 
0.000454217 0.0156113 0 -0.00296506 -0.00015734 0.00193561 
0.00042516 0.015637 0 -0.00300849 -0.000173967 0.00194831 
0.000387758 0.0156692 0 -0.00305931 -0.000204585 0.00196105 
0.000431031 0.0156707 0 -0.00306659 -0.000185858 0.00191693 
0.000457019 0.0156993 0 -0.00308659 -0.000154332 0.0019316 
0.000467002 0.0157066 0 -0.00311509 -0.000145572 0.00192918 
0.000478983 0.0157256 0 -0.00314078 -0.000123795 0.00194381 
0.000451833 0.0157647 0 -0.00318934 -0.000154838 0.00194305 
0.000509501 0.0157546 0 -0.00319307 -0.000107558 0.00192127 
0.000460505 0.0158063 0 -0.00325108 -0.000125207 0.00197853 
0.000456214 0.0158057 0 -0.0032841 -0.000115849 0.00198915 
0.000506878 0.0157749 0 -0.00328865 -9.30244e-05 0.00192551 
0.000474662 0.0157899 0 -0.00333225 -0.000127675 0.00191111 
0.000544697 0.0157681 0 -0.00333037 -6.51813e-05 0.00189297 
0.000547439 0.0157739 0 -0.0033606 -6.99773e-05 0.00187465 
0.000520468 0.0157888 0 -0.00340208 -7.15983e-05 0.0019047 
0.00058642 0.0157569 0 -0.00339904 -2.09568e-05 0.00186283 
0.000561237 0.0157645 0 -0.00343916 -4.56877e-05 0.0018561 
0.000526726 0.0157501 0 -0.00348068 -3.50567e-05 0.0019054 
0.000519454 0.0157571 0 -0.00351022 -5.26068e-05 0.00187293 
0.00055483 0.0157516 0 -0.00352138 -4.51978e-05 0.00181963 
0.000577778 0.0157548 0 -0.00353947 -3.22127e-05 0.0018041 
0.000590801 0.015771 0 -0.00356371 -2.53684e-05 0.00179232 
0.000593036 0.0157859 0 -0.00359472 -2.20476e-05 0.00179108 
0.000597864 0.0157808 0 -0.00362093 -1.17454e-05 0.00179566 
0.000640243 0.0157238 0 -0.00362226 2.46802e-05 0.00174826 
0.000671625 0.0156473 0 -0.00362719 3.95412e-05 0.00168896 
0.000650406 0.0156417 0 -0.00366278 5.15897e-05 0.00171761 
0.000638574 0.0156519 0 -0.00369196 4.35037e-05 0.0017032 
0.000646859 0.015648 0 -0.00371389 3.45728e-05 0.00166469 
0.000688314 0.0156592 0 -0.00372231 6.94299e-05 0.00165319 
0.000670522 0.0156835 0 -0.00375685 6.09541e-05 0.00166284 
0.000677884 0.01569 0 -0.00378174 6.81689e-05 0.00165826 
0.00067392 0.0157135 0 -0.00381169 7.44829e-05 0.00167374 
0.000667036 0.015722 0 -0.00384257 7.20854e-05 0.00167291 
0.000687987 0.0157477 0 -0.00386281 9.13945e-05 0.00167292 
0.000629932 0.0157966 0 -0.00392041 7.45248e-05 0.00173833 
0.000633866 0.0158081 0 -0.00394963 6.34852e-05 0.00170932 
0.000665247 0.0158261 0 -0.00396764 7.92598e-05 0.00168542 
0.000682384 0.0158329 0 -0.00398937 0.000107466 0.00169935 
0.000676274 0.015856 0 -0.00402536 0.000102841 0.00170115 
0.000674188 0.0158624 0 -0.00405855 0.000102791 0.00169683 
0.000706464 0.015823 0 -0.00407006 0.000133219 0.0016744 
0.000697285 0.0157941 0 -0.00409807 0.000127461 0.00165036 
0.000734657 0.0157767 0 -0.00410126 0.000186883 0.00165696 
0.000713348 0.0157794 0 -0.0041362 0.000161819 0.00163744 
0.000705212 0.0157732 0 -0.00416423 0.00014061 0.00159553 
0.00073877 0.0157736 0 -0.00417701 0.000177599 0.00158756 
0.00073427 0.0157885 0 -0.00420615 0.000170176 0.00158303 
0.000728399 0.0158237 0 -0.00424152 0.000170611 0.00159657 
0.000713766 0.0158403 0 -0.00427873 0.000178421 0.00162165 
0.000758052 0.0158397 0 -0.00428376 0.000200894 0.00157813 
0.000716388 0.0158669 0 -0.00433753 0.000185688 0.0016177 
0.000724345 0.0158654 0 -0.00435971 0.000226018 0.00164989 
0.000712126 0.015903 0 -0.00439804 0.000189034 0.00161396 
0.000713646 0.0159057 0 -0.00442989 0.000185843 0.0015975 
0.000751525 0.0159182 0 -0.00444446 0.000218151 0.00158524 
0.000737488 0.0159474 0 -0.00448652 0.000201516 0.00158357 
0.000741959 0.0159678 0 -0.00451992 0.000220101 0.00160747 
0.000766695 0.0159688 0 -0.00453726 0.0002528 0.00160175 
0.000801057 0.0158838 0 -0.00452265 0.000276652 0.00155304 
0.000853479 0.015601 0 -0.00446989 0.000318304 0.00139302 
0.000804752 0.0156511 0 -0.00452418 0.000330491 0.00147606 
0.000858635 0.0156237 0 -0.00452223 0.000350895 0.00140764 
0.000888616 0.0155957 0 -0.00453459 0.000367618 0.00135393 
0.000879377 0.0155904 0 -0.00454116 0.000369357 0.00136477 
0.000894725 0.0155657 0 -0.00455351 0.000375821 0.00133494 
0.000854045 0.0155839 0 -0.00459205 0.00036001 0.00134702 
0.000895411 0.015585 0 -0.00459113 0.000410043 0.00135958 
0.000851601 0.0156167 0 -0.00464188 0.000368437 0.00135987 
0.000854403 0.0156248 0 -0.00466035 0.000383314 0.0013622 
0.000824094 0.0156678 0 -0.00470443 0.000396035 0.00143526 
0.000836194 0.0156682 0 -0.00472465 0.000383295 0.00138123 
0.000860691 0.0156837 0 -0.00473909 0.000395347 0.00136062 
0.000833273 0.0157092 0 -0.00478204 0.000382567 0.00137981 
0.000842065 0.0157187 0 -0.00480173 0.000386993 0.00136182 
0.000851601 0.0157415 0 -0.00482419 0.000410124 0.00138214 
0.000814378 0.0157664 0 -0.00487071 0.000384051 0.00139204 
0.000818819 0.0157791 0 -0.00489427 0.000394158 0.00139448 
0.000787348 0.0158045 0 -0.00493804 0.000375863 0.00140908 
0.000782251 0.0158163 0 -0.00496767 0.000389955 0.00143472 
0.000825644 0.0158141 0 -0.00497339 0.000415243 0.00139769 
0.000827849 0.0158226 0 -0.00500171 0.000406955 0.00137439 
0.000809073 0.0158395 0 -0.00503951 0.000406478 0.00139673 
0.000824362 0.0158178 0 -0.00505706 0.00041957 0.00137121 
0.000826359 0.0158367 0 -0.00508451 0.000423295 0.00137192 
0.000818491 0.015841 0 -0.00511372 0.000425553 0.00137098 
0.000791162 0.0158542 0 -0.00515615 0.000415111 0.00138274 
0.000790089 0.0158664 0 -0.00518507 0.000426574 0.00139656 
0.000828534 0.0158447 0 -0.00519023 0.000467752 0.00137906 
0.000846237 0.0158415 0 -0.00521031 0.000466173 0.00133619 
0.000849187 0.015823 0 -0.00523553 0.000466153 0.00131181 
0.000830472 0.0158276 0 -0.00526994 0.000463154 0.0013144 
0.000905365 0.0157365 0 -0.0052501 0.000508262 0.00123005 
0.00088492 0.0156928 0 -0.00527469 0.000509087 0.00122001 
0.000859469 0.0156719 0 -0.00530305 0.000485766 0.00119244 
0.000876129 0.0156446 0 -0.00531776 0.00049584 0.00115569 
0.000870377 0.0156425 0 -0.00534305 0.000525694 0.00118615 
0.000922918 0.015628 0 -0.00534391 0.000572794 0.00117145 
0.00090611 0.0156411 0 -0.00537545 0.00054154 0.00113249 
0.00089696 0.0156527 0 -0.00540629 0.000531901 0.00111784 
0.00090161 0.0156681 0 -0.00543011 0.00054381 0.001123 
0.000886112 0.0156817 0 -0.00546518 0.000523208 0.00110661 
0.000839144 0.0157191 0 -0.00551609 0.000506749 0.0011492 
0.000840902 0.0157241 0 -0.00553892 0.000511461 0.00113924 
0.000877112 0.0157011 0 -0.00554669 0.000538715 0.00110635 
0.000905901 0.0156936 0 -0.00555867 0.000576048 0.001111 
0.00091204 0.015691 0 -0.00557993 0.000614634 0.00114439 
0.000910789 0.015711 0 -0.00561065 0.000582107 0.00109361 
0.000888824 0.01573 0 -0.00564886 0.000557987 0.00107877 
0.000907481 0.0157232 0 -0.00566877 0.000568168 0.00105787 
0.000880748 0.0157505 0 -0.00570735 0.00055151 0.00105592 
0.000886053 0.0157532 0 -0.00573071 0.000569365 0.0010595 
0.000862718 0.015786 0 -0.00577395 0.000566318 0.00109083 
0.000918776 0.0157768 0 -0.00577397 0.000606213 0.00105229 
0.000903755 0.015802 0 -0.00581454 0.000608502 0.00107575 
0.000899434 0.0158277 0 -0.00584979 0.000637282 0.00112477 
0.000893354 0.0158464 0 -0.00588196 0.000621233 0.00109535 
0.000896275 0.0158768 0 -0.00591448 0.000625586 0.00109521 
0.000884891 0.0158999 0 -0.00595494 0.00061141 0.00108733 
0.00086987 0.0159284 0 -0.00599651 0.00060376 0.00109135 
0.000861794 0.0159562 0 -0.0060366 0.000608089 0.00110747 
0.000917375 0.015939 0 -0.00603904 0.000663588 0.00109858 
0.000933111 0.0159347 0 -0.00606333 0.000682476 0.00108562 
0.000919938 0.0159284 0 -0.00609975 0.000677951 0.00107555 
0.000920564 0.0159388 0 -0.00612716 0.000709431 0.00110383 
0.000921786 0.0159544 0 -0.00615889 0.000710024 0.00109459 
0.000921935 0.0159699 0 -0.00619135 0.000702962 0.00107839 
0.000914842 0.015981 0 -0.0062268 0.000703701 0.00107717 
0.000910461 0.0159852 0 -0.00625991 0.000704804 0.00107034 
0.000951529 0.0159709 0 -0.00627039 0.000746623 0.00106175 
0.000977695 0.0159401 0 -0.00628205 0.000768894 0.00102398 
0.000974745 0.0159381 0 -0.00631066 0.000785215 0.00103147 
0.000972092 0.015906 0 -0.00633505 0.000799037 0.00102223 
0.00102168 0.015849 0 -0.00632836 0.000849412 0.000980319 
0.00102362 0.015759 0 -0.00632139 0.000856991 0.000937411 
0.00103161 0.0156526 0 -0.00629854 0.000853865 0.000863495 
0.00104678 0.0155404 0 -0.00627875 0.000876212 0.000799232 
0.00100505 0.0155048 0 -0.00628836 0.000854659 0.000802648 
0.00104329 0.0154542 0 -0.00625834 0.000892543 0.000773195 
0.00102153 0.0154483 0 -0.0062735 0.000903612 0.000800547 
0.000980616 0.0154328 0 -0.00628152 0.00086043 0.000786073 
0.000988036 0.0154122 0 -0.00627409 0.000885661 0.000792172 
0.00096187 0.0154135 0 -0.00629584 0.000899971 0.000842913 
0.00093478 0.0154153 0 -0.00631194 0.000881873 0.000854742 
0.000904381 0.0154214 0 -0.00634007 0.000849975 0.00083623 
0.000931859 0.0153841 0 -0.00633483 0.000865884 0.00079386 
0.000960529 0.0153525 0 -0.00632747 0.000896643 0.000772571 
0.000948071 0.0153354 0 -0.00634142 0.000888917 0.000753932 
0.000937253 0.0153523 0 -0.00636725 0.000901342 0.000786072 
0.000932992 0.0153605 0 -0.00638695 0.000897284 0.000770511 
0.000952899 0.0153576 0 -0.0063989 0.000926326 0.000771967 
0.000911027 0.0154011 0 -0.00644952 0.000898767 0.000801531 
0.000943303 0.0153919 0 -0.00645219 0.000958189 0.000822691 
0.000894964 0.015434 0 -0.00650272 0.000915121 0.000827719 
0.000934392 0.0154234 0 -0.00650701 0.000929299 0.000775623 
0.000936329 0.0154392 0 -0.00653179 0.000931449 0.000763324 
0.000909865 0.0154648 0 -0.00657351 0.000909044 0.000767206 
0.00091663 0.0154555 0 -0.0065938 0.000916417 0.000745571 
0.000928491 0.0154345 0 -0.00660836 0.000943043 0.000749718 
0.00090453 0.0154534 0 -0.00664511 0.000921813 0.00074487 
0.000908673 0.0154393 0 -0.00666471 0.000934769 0.000725786 
0.000893742 0.0154292 0 -0.00669069 0.000934112 0.000724933 
0.000896752 0.0154235 0 -0.00670875 0.000963434 0.000745046 
0.000936538 0.015425 0 -0.0067133 0.00098851 0.000709035 
0.0009197 0.0154357 0 -0.00674994 0.000965285 0.000692011 
0.000896156 0.0154464 0 -0.00678715 0.00094931 0.00068479 
0.000932932 0.0154566 0 -0.00679424 0.000983763 0.000674861 
0.000901937 0.0154692 0 -0.00683398 0.00096634 0.000686051 
0.000929266 0.0154545 0 -0.0068435 0.000990558 0.00066338 
0.000878215 0.0155009 0 -0.00689936 0.00096193 0.00069132 
0.000890791 0.0154848 0 -0.00691538 0.000974265 0.000671647 
0.000933468 0.0154827 0 -0.00692402 0.00100992 0.000656991 
0.000907123 0.0154965 0 -0.00696664 0.00100781 0.000688227 
0.000916511 0.0155123 0 -0.00698469 0.00101756 0.000669193 
0.000950038 0.0155156 0 -0.00699886 0.00103109 0.000638624 
0.000912607 0.0155417 0 -0.00704772 0.00101567 0.000663091 
0.000901639 0.0155554 0 -0.00707875 0.00101154 0.000650588 
0.000892192 0.0155767 0 -0.00711428 0.00102011 0.000673625 
0.000893235 0.015586 0 -0.0071406 0.00101971 0.000657445 
0.0009453 0.0155813 0 -0.00714068 0.00108157 0.000655926 
0.000943154 0.0155853 0 -0.0071741 0.00109347 0.000672711 
0.000950068 0.0155607 0 -0.00719439 0.00110429 0.000643174 
0.000956684 0.0155414 0 -0.00721253 0.00112021 0.000626544 
0.000976861 0.0155193 0 -0.00722664 0.00112491 0.00057821 
0.00095278 0.0155208 0 -0.00726446 0.00111243 0.000566531 
0.000935614 0.0155094 0 -0.00729134 0.00111091 0.000556333 
0.000993937 0.0154769 0 -0.00728588 0.00116336 0.000522905 
0.00102514 0.0154702 0 -0.00729295 0.00120217 0.000521481 
0.00104383 0.0154378 0 -0.00729966 0.0012134 0.00047692 
0.00105923 0.0153919 0 -0.00730977 0.00123635 0.000438648 
0.00106278 0.0153674 0 -0.00732473 0.00125837 0.000431861 
0.00102079 0.0150044 0 -0.00710533 0.00126365 0.000414016 
0.00107774 0.0145626 0 -0.00703244 0.00131269 9.65303e-05 
0.00107935 0.0146175 0 -0.00709149 0.00131477 8.21681e-05 
0.00115469 0.014592 0 -0.00709066 0.00138547 5.05583e-05 
0.00114661 0.0145291 0 -0.00708618 0.00139657 5.79721e-06 
0.00114906 0.0145548 0 -0.00708453 0.00140733 2.77163e-05 
0.00117025 0.014531 0 -0.00708779 0.0014445 1.98325e-05 
0.0011293 0.0145423 0 -0.00709722 0.00141819 1.98709e-05 
0.00112677 0.0145569 0 -0.00709874 0.00143258 5.44286e-05 
0.00108796 0.0145815 0 -0.00712825 0.00140967 6.33112e-05 
0.00108987 0.0145899 0 -0.00711871 0.00144397 0.000109647 
0.00108236 0.0146057 0 -0.00712397 0.00144971 0.000135955 
0.00100982 0.0146416 0 -0.00716306 0.00137649 0.000126766 
0.000992805 0.0146466 0 -0.0071658 0.00136233 0.000122289 
0.00101426 0.0146436 0 -0.00715694 0.0013807 0.000115272 
0.000998944 0.0146654 0 -0.00717714 0.0013685 0.000115819 
0.000964612 0.0146855 0 -0.00718621 0.00136071 0.000159061 
0.000967205 0.0146963 0 -0.00718993 0.0013658 0.000162095 
0.000950009 0.0147106 0 -0.00720011 0.00136246 0.000184879 
0.000917077 0.0147162 0 -0.00720496 0.00134772 0.000207404 
0.000919312 0.0147332 0 -0.00721495 0.00135776 0.000217773 
0.000841022 0.0147731 0 -0.00725901 0.00132738 0.00029217 
0.000852376 0.0147686 0 -0.00724759 0.00133611 0.000281702 
0.000883192 0.0147659 0 -0.00723796 0.00135203 0.000255706 
0.000832558 0.0147715 0 -0.00725478 0.00130862 0.000269427 
0.000822008 0.014778 0 -0.0072645 0.00130763 0.000273814 
0.000834405 0.0147665 0 -0.00725784 0.00131871 0.000263826 
0.000784487 0.014773 0 -0.00728009 0.0012932 0.000296743 
0.000779003 0.0147837 0 -0.0072929 0.00128704 0.000288539 
0.000773877 0.0148001 0 -0.00730686 0.0012978 0.00030656 
0.000721812 0.0148301 0 -0.00733975 0.00126716 0.000345282 
0.000784695 0.0148182 0 -0.00732396 0.00131797 0.000315791 
0.000773072 0.0148135 0 -0.00733086 0.00133829 0.000360078 
0.000747591 0.0147618 0 -0.00732727 0.00131159 0.000323174 
0.000740737 0.0147063 0 -0.00731733 0.00130284 0.000280857 
0.000752985 0.0146503 0 -0.00729497 0.00132028 0.000255013 
0.000759244 0.014619 0 -0.0072934 0.00132803 0.000230913 
0.000685006 0.014617 0 -0.00732181 0.00127713 0.000246991 
0.000720173 0.0145825 0 -0.00729984 0.00132527 0.000254967 
0.00073573 0.0145725 0 -0.00729798 0.00132169 0.000214968 
0.000719935 0.014576 0 -0.00730037 0.00133114 0.000254657 
0.000706911 0.0145763 0 -0.0073067 0.00133247 0.00027233 
0.000690281 0.0145782 0 -0.00731351 0.00132577 0.000268462 
0.000702381 0.0145686 0 -0.00730387 0.00136414 0.000306778 
0.000682056 0.0145784 0 -0.0073185 0.00133622 0.000291045 
0.000673056 0.0145876 0 -0.00732875 0.00132485 0.00028074 
0.000645459 0.0146218 0 -0.0073559 0.00130664 0.000310026 
0.000649303 0.0146165 0 -0.00735733 0.0013088 0.0002945 
0.000680327 0.0146092 0 -0.00734779 0.00134356 0.000285355 
0.000644922 0.0146473 0 -0.00738322 0.00133153 0.000333692 
0.000666827 0.0146414 0 -0.00738552 0.00133025 0.00028745 
0.000652701 0.014618 0 -0.00738567 0.00133339 0.000296992 
0.000659138 0.0145884 0 -0.00738412 0.00134546 0.000287037 
0.00067088 0.014585 0 -0.0073945 0.00135894 0.000266743 
0.000618994 0.0146091 0 -0.00743304 0.00136424 0.000343987 
0.000609577 0.0146272 0 -0.00745605 0.00133767 0.000309377 
0.000646383 0.0146351 0 -0.00746443 0.00135598 0.00027325 
0.000666857 0.0146677 0 -0.00748319 0.0013666 0.000273918 
0.000661641 0.0146909 0 -0.00751132 0.00136079 0.000271972 
0.000654012 0.0147167 0 -0.00754459 0.00135777 0.000269245 
0.000674218 0.0147352 0 -0.00755747 0.00138346 0.000276792 
0.000672519 0.0147543 0 -0.00758625 0.00138294 0.000272998 
0.000656545 0.0147774 0 -0.00762257 0.00137251 0.000271348 
0.000635803 0.0148156 0 -0.00766104 0.00136996 0.000299091 
0.000669897 0.014823 0 -0.00767308 0.00139249 0.000278682 
0.000690848 0.0148345 0 -0.00768864 0.00143514 0.000307452 
0.000684112 0.0148616 0 -0.00771759 0.00144645 0.000328555 
0.000697255 0.0148755 0 -0.00774145 0.00142683 0.000273138 
0.000696242 0.0148898 0 -0.00776741 0.00142124 0.000257291 
0.000699878 0.0149057 0 -0.00779248 0.00142036 0.000244418 
0.000686139 0.014931 0 -0.00783121 0.00140597 0.000238893 
0.000680089 0.014953 0 -0.0078644 0.00140898 0.000248029 
0.000698 0.0149619 0 -0.00788112 0.00143248 0.000249635 
0.000739902 0.014956 0 -0.00788747 0.00145163 0.000208657 
0.000715196 0.0149864 0 -0.007926 0.00145386 0.000240034 
0.000727326 0.0149945 0 -0.00794821 0.0014613 0.000221567 
0.000723124 0.0150167 0 -0.00798376 0.00146165 0.000225586 
0.000738114 0.0150211 0 -0.00800012 0.00150968 0.000263812 
0.000710696 0.015056 0 -0.00805034 0.00147698 0.000251448 
0.000725865 0.015046 0 -0.00806594 0.00148209 0.000217558 
0.000761271 0.0150494 0 -0.00807396 0.00150589 0.000190706 
0.000781476 0.0150365 0 -0.00809059 0.00152098 0.000163682 
0.00079304 0.015025 0 -0.00810962 0.0015331 0.000144308 
0.00084281 0.0149388 0 -0.00808392 0.00158809 9.96102e-05 
0.000881463 0.0143433 0 -0.00781785 0.00163731 -0.000155337 
0.000855476 0.0142633 0 -0.00786384 0.00164203 -0.000245955 
0.000907391 0.0142698 0 -0.00788388 0.00170675 -0.000248925 
0.000934601 0.0142262 0 -0.00787965 0.00173555 -0.000287688 
0.00085175 0.0142469 0 -0.00791974 0.00169781 -0.000244736 
0.000893444 0.0142269 0 -0.00790946 0.00175012 -0.000243636 
0.000922024 0.0142065 0 -0.00789592 0.00176085 -0.000296825 
0.000863343 0.0142327 0 -0.00791242 0.00172184 -0.000267412 
0.000891477 0.014225 0 -0.00790546 0.00174336 -0.000285463 
0.000861198 0.0142315 0 -0.00791904 0.00172337 -0.00028599 
0.00083518 0.0142297 0 -0.0079192 0.00171276 -0.00027058 
0.000872582 0.0142348 0 -0.00792113 0.0017567 -0.000261827 
0.00078091 0.0142683 0 -0.00796241 0.00166537 -0.000260323 
0.000777483 0.0142712 0 -0.00795137 0.00169941 -0.000215401 
0.00081712 0.0142843 0 -0.00795383 0.00173844 -0.000218207 
0.000792116 0.0142866 0 -0.00795343 0.00171437 -0.000219338 
0.000772417 0.014313 0 -0.0079656 0.00172992 -0.000166587 
0.000752747 0.0143511 0 -0.00799208 0.00171852 -0.000143496 
0.000742853 0.0143573 0 -0.00799326 0.00169562 -0.000166646 
0.000737548 0.0143824 0 -0.0079967 0.00169497 -0.000150964 
0.00072363 0.0143936 0 -0.00800512 0.00168152 -0.000141532 
0.000668436 0.0144045 0 -0.00803233 0.00164122 -0.000135298 
0.000688732 0.014392 0 -0.00801664 0.00167084 -0.000129005 
0.000701874 0.0143933 0 -0.00801233 0.00167997 -0.000127639 
0.000671148 0.0144076 0 -0.00803049 0.00165748 -0.000126288 
0.000680804 0.0144135 0 -0.0080263 0.0016811 -0.000103299 
0.000669926 0.0144108 0 -0.0080297 0.00167378 -9.35522e-05 
0.000652462 0.0143921 0 -0.00802979 0.00167175 -9.74315e-05 
0.000620335 0.014392 0 -0.00804952 0.00168233 -5.2869e-05 
0.000604659 0.0143912 0 -0.00805 0.00166766 -4.43019e-05 
0.000595719 0.0143713 0 -0.00805391 0.00165154 -8.39006e-05 
0.000631213 0.01433 0 -0.00801959 0.00167862 -0.000107726 
0.000610083 0.0143527 0 -0.00803781 0.00165368 -0.000101364 
0.000598431 0.0143381 0 -0.00804296 0.00165137 -0.000109608 
0.000567645 0.0143429 0 -0.00804966 0.00163612 -9.311e-05 
0.000570595 0.0143503 0 -0.00805426 0.00164844 -7.40216e-05 
0.00055936 0.0143413 0 -0.00805534 0.00163388 -9.44147e-05 
0.000515789 0.0143778 0 -0.00808819 0.00161502 -4.09003e-05 
0.000543654 0.0143641 0 -0.00807245 0.0016429 -4.57712e-05 
0.000553936 0.0143437 0 -0.00806656 0.00164425 -7.56151e-05 
0.000531614 0.0143533 0 -0.00808117 0.00164855 -3.18399e-05 
0.000524819 0.0143586 0 -0.00808813 0.00167537 6.97654e-06 
0.000511467 0.0143814 0 -0.00811092 0.00163395 -2.88676e-05 
0.00052774 0.0143958 0 -0.00811785 0.00163833 -3.71766e-05 
0.000509232 0.0144219 0 -0.00814301 0.0016193 -4.12749e-05 
0.000510067 0.0144448 0 -0.00816661 0.00161348 -4.53565e-05 
0.000481069 0.0144676 0 -0.00819464 0.00159567 -3.06668e-05 
0.000531673 0.0144509 0 -0.00818146 0.00164212 -4.926e-05 
0.000514328 0.0144826 0 -0.00821887 0.00162485 -4.42194e-05 
0.000534534 0.0144904 0 -0.00822851 0.00163544 -5.67375e-05 
0.000541776 0.0144872 0 -0.00823898 0.00165975 -3.92607e-05 
0.000513792 0.014496 0 -0.00826815 0.00163277 -5.39285e-05 
0.000554025 0.0144729 0 -0.00825668 0.00167331 -7.08796e-05 
0.000501931 0.0144689 0 -0.00828411 0.0016615 -3.06469e-05 
0.000490069 0.0144471 0 -0.00829515 0.00166485 -3.48709e-05 
0.000543743 0.0144254 0 -0.00827681 0.00168454 -9.37027e-05 
0.000551283 0.0144229 0 -0.00828642 0.00168939 -0.000101364 
0.000530571 0.0144352 0 -0.00831582 0.00166793 -0.00012466 
0.000539243 0.0144633 0 -0.00833272 0.00167768 -0.000115659 
0.00053516 0.0144714 0 -0.00835258 0.00167567 -0.000114848 
0.000552297 0.0144942 0 -0.00837011 0.00169111 -0.000111634 
0.000558168 0.0145117 0 -0.00838739 0.00169718 -0.000105149 
0.000513017 0.0145181 0 -0.00842685 0.00165725 -0.000109604 
0.000547945 0.0145232 0 -0.00842634 0.00171012 -9.81183e-05 
0.00058198 0.0145351 0 -0.00843183 0.00173212 -0.000113358 
0.000556529 0.014555 0 -0.00847175 0.00171479 -0.000108886 
0.000556946 0.0145753 0 -0.00849299 0.00174687 -6.26584e-05 
0.00061205 0.0145593 0 -0.00848182 0.00177348 -0.000113408 
0.000556618 0.0145797 0 -0.00852953 0.00173417 -0.000107673 
0.000561953 0.0145703 0 -0.00853943 0.0017378 -0.000135453 
0.000573337 0.0145936 0 -0.00856461 0.00174268 -0.000141596 
0.000579953 0.0145851 0 -0.00857951 0.00174924 -0.000160337 
0.000620872 0.014597 0 -0.00858466 0.00177966 -0.000166985 
0.000611246 0.0146159 0 -0.00861143 0.0017917 -0.000147312 
0.000603229 0.0146201 0 -0.00863617 0.00177772 -0.000176954 
0.000636458 0.0146181 0 -0.00863948 0.00181066 -0.00018308 
0.000628829 0.0146215 0 -0.00866329 0.00182157 -0.000168568 
0.000569671 0.0146085 0 -0.00869229 0.00178112 -0.000171232 
0.00064525 0.0145373 0 -0.00865487 0.00185348 -0.00021193 
0.000656337 0.0145195 0 -0.00865656 0.00189133 -0.000198373 
0.000661433 0.0145017 0 -0.00866075 0.00187708 -0.000249284 
0.000682861 0.0145031 0 -0.00867051 0.0018896 -0.000272166 
0.000665665 0.0145109 0 -0.00869081 0.0018796 -0.000273332 
0.000676811 0.0145122 0 -0.00869784 0.00188606 -0.000279595 
0.000704855 0.0145213 0 -0.00870542 0.00191279 -0.000294004 
0.000672668 0.0145593 0 -0.00874704 0.00189342 -0.000271452 
0.000642747 0.0145841 0 -0.00877993 0.00188569 -0.000245118 
0.000676364 0.0145835 0 -0.00878549 0.00189702 -0.000292248 
0.000705749 0.0145952 0 -0.0087985 0.00192626 -0.000283 
0.000691861 0.014625 0 -0.00883055 0.001922 -0.000271408 
0.000718951 0.0146342 0 -0.00884225 0.00194439 -0.000286294 
0.00068897 0.0146803 0 -0.0088921 0.00195037 -0.000225296 
0.000725716 0.0146703 0 -0.00889035 0.0019861 -0.000244073 
0.000722766 0.0146708 0 -0.00891592 0.00196325 -0.000290017 
0.000702262 0.0146388 0 -0.00892961 0.0019513 -0.000309899 
0.000743151 0.0146251 0 -0.00892418 0.0019833 -0.000348659 
0.000768244 0.0146301 0 -0.00894136 0.0020025 -0.00036274 
0.000745296 0.014648 0 -0.00898012 0.00199189 -0.000359032 
0.000749767 0.0146669 0 -0.00900253 0.00200183 -0.000363491 
0.000768274 0.0146585 0 -0.00902045 0.00201693 -0.000382341 
0.000770748 0.0146642 0 -0.00903927 0.00202139 -0.000390283 
0.000805467 0.0146559 0 -0.00903907 0.00206566 -0.000397403 
0.000762284 0.0146428 0 -0.00907013 0.00204166 -0.000398465 
0.000782281 0.0145955 0 -0.00905947 0.0020598 -0.000446192 
0.000810385 0.014584 0 -0.00906497 0.00211102 -0.000432105 
0.00079307 0.0145841 0 -0.00908344 0.00211823 -0.000404229 
0.000788599 0.0145977 0 -0.00910437 0.00209443 -0.000449471 
0.00083369 0.0145757 0 -0.00909834 0.00212649 -0.000490856 
0.000767082 0.0145783 0 -0.00913821 0.00207232 -0.000494274 
0.000784516 0.0145456 0 -0.00913155 0.00209188 -0.000526442 
0.000792205 0.0145025 0 -0.00912592 0.00209823 -0.00055023 
0.000763774 0.0144938 0 -0.00913793 0.00209314 -0.000547666 
0.000817806 0.0144784 0 -0.00912306 0.00214923 -0.000559962 
0.000796646 0.0144897 0 -0.00914647 0.00212245 -0.000575409 
0.000751823 0.0145228 0 -0.00918462 0.00211056 -0.000535689 
0.000817955 0.0144987 0 -0.00916355 0.00216484 -0.000567317 
0.000780702 0.0145195 0 -0.00919135 0.00214054 -0.000550514 
0.000737876 0.0145438 0 -0.00923046 0.00212382 -0.000520058 
0.000775903 0.01453 0 -0.00922633 0.00217973 -0.000509677 
0.000784576 0.0145345 0 -0.00923583 0.00216761 -0.000548445 
0.000782549 0.0145581 0 -0.00925872 0.00216551 -0.000550809 
0.000802279 0.0145625 0 -0.00926985 0.00218289 -0.000570421 
0.000786394 0.0145996 0 -0.00930648 0.00216946 -0.000554455 
0.000825495 0.0145865 0 -0.00929878 0.00220224 -0.000576517 
0.000804931 0.0146031 0 -0.0093312 0.00218865 -0.000583806 
0.000790894 0.0145813 0 -0.00933888 0.00219151 -0.000584234 
0.000809997 0.014577 0 -0.00934492 0.00221593 -0.000599487 
0.00082761 0.0145636 0 -0.00935378 0.00222826 -0.000623572 
0.000824541 0.0145759 0 -0.00937152 0.00224639 -0.000597486 
0.000838906 0.0145763 0 -0.00938151 0.00225872 -0.000620664 
0.000806838 0.0145658 0 -0.00940673 0.00224377 -0.000621643 
0.000830829 0.0144055 0 -0.00931787 0.00230271 -0.000654542 
0.000846744 0.0142961 0 -0.00928318 0.00232231 -0.000730144 
0.000824958 0.0142282 0 -0.0092777 0.00231351 -0.000772298 
0.000816375 0.014134 0 -0.0092429 0.00232037 -0.000829384 
0.000800312 0.0141127 0 -0.00925404 0.00231587 -0.000849552 
0.000818461 0.0140627 0 -0.00922745 0.00233273 -0.000884289 
0.000809401 0.0140567 0 -0.00922254 0.00233574 -0.000884409 
0.000783771 0.0140702 0 -0.00924862 0.00232767 -0.000863528 
0.000782371 0.0140469 0 -0.00923145 0.00233288 -0.000877993 
0.000753641 0.0140677 0 -0.0092543 0.00231014 -0.000878351 
0.000744522 0.0140775 0 -0.00926264 0.00231953 -0.0008501 
0.000695497 0.0140847 0 -0.00927829 0.00229075 -0.000835584 
0.000712603 0.0140856 0 -0.00927753 0.00231381 -0.000829928 
0.000736356 0.0140773 0 -0.00925601 0.00234318 -0.00081814 
0.000698686 0.0140843 0 -0.00927478 0.00233098 -0.000786063 
0.000663042 0.0141202 0 -0.00931224 0.00229491 -0.000792991 
0.000694782 0.0140994 0 -0.00928193 0.00231357 -0.000817791 
0.000642449 0.0141147 0 -0.00930926 0.00227604 -0.000795124 
0.000638604 0.0141104 0 -0.00931672 0.00227737 -0.000808529 
0.00064525 0.0140952 0 -0.00929776 0.00228238 -0.000818009 
0.000617862 0.0140967 0 -0.00931918 0.00226618 -0.000807806 
0.000639409 0.0140803 0 -0.00930529 0.00229938 -0.000815329 
0.000625849 0.0140799 0 -0.0093026 0.00228092 -0.00082327 
0.000603884 0.0140915 0 -0.00932545 0.00226916 -0.000804687 
0.000628501 0.0140802 0 -0.00931231 0.00229814 -0.000816819 
0.000586808 0.0140908 0 -0.00932061 0.0022625 -0.000796585 
0.000524342 0.0141277 0 -0.00937577 0.00222646 -0.000768547 
0.000574321 0.014093 0 -0.00933655 0.00229006 -0.000771494 
0.00058803 0.0140879 0 -0.00932105 0.00231931 -0.000729853 
0.000594378 0.00197828 0 -0.00931139 0.00230621 -0.00077922 
0.000590682 0.00178931 0 -0.00930243 0.00230706 -0.000811252 
0.000572264 0.0017245 0 -0.00928843 0.0022998 -0.000790468 
0.000565082 0.00166941 0 -0.00926633 0.00229393 -0.000831035 
0.000556529 0.00161858 0 -0.00926383 0.00229531 -0.000867988 
0.000552237 0.00159948 0 -0.00926384 0.00229781 -0.00087811 
0.000546008 0.00157346 0 -0.00926312 0.00230009 -0.000891733 
0.000534832 0.00153625 0 -0.0092558 0.00229812 -0.000908098 
0.000537932 0.00148538 0 -0.00923764 0.00230443 -0.00092972 
0.000541121 0.00143623 0 -0.00922603 0.00231217 -0.000955933 
0.00053969 0.00140317 0 -0.00922261 0.00231655 -0.000976039 
0.000539392 0.00137773 0 -0.00921845 0.00231981 -0.000989396 
0.000543416 0.00134687 0 -0.00920656 0.00232538 -0.000999665 
0.000538737 0.0013145 0 -0.0091935 0.00232364 -0.00101085 
0.000539869 0.0012931 0 -0.0091895 0.00232629 -0.00102308 
0.000541031 0.00127168 0 -0.00918638 0.00232899 -0.00103603 
0.000538677 0.00124405 0 -0.00917975 0.00232974 -0.00104893 
0.000535488 0.00121372 0 -0.00917106 0.00232968 -0.00106188 
0.000534087 0.00118733 0 -0.00916502 0.00232946 -0.0010773 
0.000531107 0.00116091 0 -0.00916043 0.00232868 -0.0010932 
0.000530124 0.001138 0 -0.00915614 0.00233046 -0.00110476 
0.00052315 0.00110479 0 -0.00914489 0.00232821 -0.00111656 
0.000534058 0.00106038 0 -0.00912909 0.00233855 -0.00113584 
0.000545025 0.00102705 0 -0.00911847 0.00234887 -0.00115152 
0.000539333 0.00101163 0 -0.00911916 0.00234685 -0.00116384 
0.000532001 0.000987745 0 -0.00911362 0.00234457 -0.00117737 
0.000525653 0.000967278 0 -0.0091082 0.00234175 -0.00118793 
0.000524402 0.000949062 0 -0.00910379 0.00234188 -0.00119807 
0.000527114 0.000931828 0 -0.00909978 0.00234544 -0.00120733 
0.000525832 0.000921901 0 -0.00909906 0.0023451 -0.00121371 
0.000519842 0.000908251 0 -0.00909467 0.0023416 -0.0012189 
0.000516802 0.000888742 0 -0.00908979 0.00234063 -0.00122985 
0.000517398 0.000871147 0 -0.00908632 0.00234231 -0.00124036 
0.000517249 0.000861238 0 -0.00908473 0.0023431 -0.00124614 
0.000513583 0.000849354 0 -0.0090825 0.00234151 -0.00125252 
0.000507951 0.000828835 0 -0.00907908 0.00233971 -0.00126451 
0.000504196 0.000809631 0 -0.00907709 0.00233863 -0.00127797 
0.000502706 0.000795811 0 -0.00907519 0.00233899 -0.00128727 
0.000500143 0.000783916 0 -0.00907318 0.00233805 -0.00129446 
0.00049594 0.000769506 0 -0.00906813 0.00233618 -0.00130033 
0.000493586 0.000760663 0 -0.00906591 0.00233504 -0.00130461 
0.000492007 0.000747319 0 -0.00906469 0.00233559 -0.00131389 
0.000490487 0.000736601 0 -0.00906384 0.0023355 -0.00132153 
0.000488311 0.000725101 0 -0.00906122 0.00233489 -0.00132816 
0.00048402 0.00071223 0 -0.00905758 0.00233285 -0.00133409 
0.000481516 0.000700678 0 -0.00905549 0.00233221 -0.00134122 
0.000479728 0.000688068 0 -0.00905353 0.00233223 -0.00134941 
0.000477642 0.000675391 0 -0.00905211 0.00233206 -0.00135839 
0.000473142 0.000653922 0 -0.00904964 0.00233098 -0.00137323 
0.000467479 0.000632073 0 -0.00904295 0.00232703 -0.0013867 
0.000465631 0.000623896 0 -0.00904141 0.00232646 -0.00139145 
0.000472784 0.000609051 0 -0.00903542 0.00233309 -0.00139694 
0.00047043 0.000601384 0 -0.00903358 0.00233225 -0.00140064 
0.000466824 0.000594448 0 -0.00903302 0.00233047 -0.00140542 
0.000463009 0.000583268 0 -0.00903126 0.00232889 -0.00141216 
0.000460863 0.000573649 0 -0.00903057 0.00232881 -0.0014189 
0.000457197 0.00055994 0 -0.00902943 0.00232781 -0.0014286 
0.000454336 0.000547934 0 -0.00902795 0.00232728 -0.00143629 
0.000451207 0.000538147 0 -0.0090259 0.00232607 -0.00144176 
0.000448555 0.000529803 0 -0.00902476 0.00232517 -0.00144705 
0.000436217 0.000512081 0 -0.00901262 0.00231705 -0.00144687 
0.000434726 0.000502612 0 -0.00901245 0.0023171 -0.00145439 
0.00043276 0.000493943 0 -0.00901301 0.00231692 -0.00146178 
0.000431508 0.000487606 0 -0.00901249 0.00231676 -0.00146657 
0.000429899 0.000481515 0 -0.00901236 0.00231642 -0.00147129 
0.000427663 0.000473584 0 -0.0090122 0.00231584 -0.00147747 
0.000425577 0.000464807 0 -0.0090119 0.00231546 -0.00148417 
0.000423908 0.000456452 0 -0.00901138 0.00231533 -0.00149053 
0.00042221 0.000449612 0 -0.00901062 0.00231524 -0.00149562 
0.000420421 0.000444013 0 -0.00901047 0.00231462 -0.00150002 
0.000418603 0.000438045 0 -0.0090102 0.00231416 -0.00150466 
0.000416845 0.000431265 0 -0.00900958 0.00231388 -0.00150976 
0.00041461 0.00042406 0 -0.00900913 0.00231337 -0.00151535 
0.000412554 0.000416397 0 -0.00900877 0.00231297 -0.0015214 
0.000408947 0.000406976 0 -0.00900827 0.00231158 -0.00152859 
0.000405818 0.000400513 0 -0.00900857 0.00231033 -0.00153449 
0.000401974 0.000395826 0 -0.00900855 0.0023079 -0.00153851 
0.000399768 0.000391218 0 -0.00900826 0.00230684 -0.00154226 
0.00039649 0.000382058 0 -0.0090077 0.00230535 -0.0015494 
0.000389069 0.000358838 0 -0.00900059 0.00229976 -0.00156466 
0.000387549 0.00035382 0 -0.00900006 0.00229927 -0.00156863 
0.000385851 0.00035119 0 -0.00900056 0.00229863 -0.00157101 
0.000383973 0.000344194 0 -0.00900071 0.00229838 -0.00157678 
0.000381649 0.000336337 0 -0.00900081 0.00229799 -0.00158308 
0.00037986 0.000329654 0 -0.00900087 0.00229788 -0.00158855 
0.000377268 0.000324241 0 -0.00900145 0.00229685 -0.00159319 
0.00037539 0.000319782 0 -0.00900134 0.00229627 -0.00159673 
0.000373304 0.00031631 0 -0.00900187 0.00229549 -0.00160002 
0.000371099 0.000311411 0 -0.00900227 0.00229464 -0.00160427 
0.000368148 0.00030516 0 -0.0090028 0.0022936 -0.00160977 
0.000365645 0.000301621 0 -0.00900357 0.00229241 -0.00161345 
0.000362575 0.000299963 0 -0.00900461 0.00229064 -0.00161574 
0.000360876 0.000296987 0 -0.00900482 0.00228996 -0.00161859 
0.000357956 0.000290553 0 -0.00900489 0.00228892 -0.00162373 
0.000355273 0.00028409 0 -0.00900526 0.0022881 -0.00162925 
0.000352532 0.000282246 0 -0.00900611 0.00228654 -0.00163167 
0.000349164 0.000280424 0 -0.00900723 0.00228458 -0.00163435 
0.000345886 0.000276654 0 -0.00900803 0.00228307 -0.0016383 
0.000342488 0.000271077 0 -0.00900897 0.00228172 -0.00164361 
0.000339448 0.000263947 0 -0.00900876 0.00228074 -0.00164918 
0.000338137 0.000258035 0 -0.00900853 0.00228074 -0.00165384 
0.000334322 0.00025314 0 -0.00900947 0.00227904 -0.0016588 
0.000329196 0.000251039 0 -0.00901127 0.00227605 -0.00166245 
0.000326037 0.000248733 0 -0.00901204 0.00227421 -0.00166545 
0.0003227 0.000245224 0 -0.00901242 0.00227238 -0.00166871 
0.000320256 0.00024164 0 -0.00901296 0.00227129 -0.00167218 
0.000317872 0.000236816 0 -0.00901295 0.0022704 -0.0016763 
0.000315309 0.000231045 0 -0.00901315 0.00226946 -0.00168136 
0.000309527 0.000227737 0 -0.0090147 0.00226596 -0.00168547 
0.000305414 0.000224906 0 -0.0090156 0.00226362 -0.00168914 
0.000301808 0.000222101 0 -0.00901645 0.00226146 -0.00169247 
0.000298023 0.000218517 0 -0.00901669 0.00225921 -0.00169583 
0.000295788 0.000215518 0 -0.00901694 0.00225821 -0.00169872 
0.000293612 0.000212073 0 -0.00901701 0.00225713 -0.00170196 
0.000291437 0.000208522 0 -0.00901669 0.00225602 -0.00170465 
0.000288844 0.000206906 0 -0.00901722 0.0022546 -0.00170676 
0.000283778 0.000207289 0 -0.00901875 0.00225101 -0.00170818 
0.000280231 0.000205971 0 -0.0090196 0.00224865 -0.00171073 
0.000278354 0.000201817 0 -0.00901924 0.00224808 -0.00171348 
0.000276655 0.000198438 0 -0.00901936 0.00224758 -0.00171646 
0.000273377 0.000195782 0 -0.00902 0.00224565 -0.00171965 
0.000269413 0.000193867 0 -0.00902081 0.00224317 -0.00172212 
0.000266463 0.00019206 0 -0.00902131 0.00224142 -0.00172413 
0.000264108 0.000190254 0 -0.00902171 0.00224019 -0.00172626 
0.000261992 0.000188197 0 -0.0090216 0.00223896 -0.00172812 
0.000259757 0.000185459 0 -0.00902156 0.00223758 -0.00173066 
0.00025785 0.000182881 0 -0.00902151 0.00223666 -0.00173271 
0.000255316 0.00017992 0 -0.00902132 0.00223534 -0.00173516 
0.000251174 0.000178672 0 -0.0090227 0.00223267 -0.00173774 
0.00024724 0.000176373 0 -0.00902314 0.00223031 -0.00174053 
0.000244349 0.000173199 0 -0.00902277 0.00222858 -0.00174282 
0.000242144 0.000169269 0 -0.00902218 0.00222755 -0.0017457 
0.000240207 0.000166665 0 -0.00902184 0.00222646 -0.00174765 
0.000237018 0.000164542 0 -0.00902181 0.0022243 -0.00174969 
0.000234336 0.000160839 0 -0.00902108 0.00222273 -0.00175232 
0.00023213 0.000157292 0 -0.00902078 0.00222159 -0.00175502 
0.000230253 0.000153604 0 -0.00902018 0.00222064 -0.00175793 
0.000225633 0.000147804 0 -0.00901894 0.00221732 -0.0017624 
0.000222415 0.000143363 0 -0.00901811 0.00221517 -0.00176575 
0.000220478 0.000140376 0 -0.00901743 0.00221416 -0.001768 
0.000218242 0.000138006 0 -0.00901711 0.00221277 -0.00176986 
0.000216663 0.000135939 0 -0.0090166 0.00221182 -0.00177142 
0.000213265 0.000132105 0 -0.00901682 0.00220992 -0.00177486 
0.000209808 0.000127799 0 -0.00901659 0.002208 -0.00177818 
0.000205815 0.000119484 0 -0.00901661 0.00220636 -0.00178506 
0.000201792 0.000113688 0 -0.00901651 0.00220426 -0.00178964 
0.000198841 0.000112581 0 -0.00901678 0.00220226 -0.00179104 
0.000196874 0.000110808 0 -0.00901663 0.0022011 -0.00179267 
0.00019449 0.000108793 0 -0.00901627 0.00219964 -0.00179401 
0.000192493 0.000107381 0 -0.00901623 0.0021984 -0.00179525 
0.000191033 0.000105634 0 -0.00901585 0.00219758 -0.0017966 
0.000189841 0.000104054 0 -0.00901552 0.00219679 -0.00179759 
0.000186205 0.000102318 0 -0.00901614 0.00219451 -0.00179994 
0.000180572 0.000102255 0 -0.00901753 0.00219063 -0.00180163 
0.000179976 9.98855e-05 0 -0.00901693 0.00219055 -0.00180296 
0.000179678 9.73187e-05 0 -0.00901594 0.00219063 -0.00180437 
0.000177801 9.57318e-05 0 -0.00901556 0.00218952 -0.00180527 
0.000172049 9.6108e-05 0 -0.00901699 0.00218531 -0.00180665 
0.000148833 7.34024e-05 0 -0.00899363 0.00216862 -0.0017974 
0.000141531 6.46852e-05 0 -0.00898568 0.00216343 -0.00179508 
0.000142783 6.57432e-05 0 -0.00898792 0.00216457 -0.00179703 
0.000140905 6.66559e-05 0 -0.00898969 0.0021633 -0.00179868 
0.000139028 6.57655e-05 0 -0.00899037 0.00216199 -0.00180054 
0.000137657 6.53073e-05 0 -0.00899096 0.00216117 -0.00180179 
0.000136375 6.39103e-05 0 -0.00899089 0.00216028 -0.00180326 
0.000135154 6.20626e-05 0 -0.00899089 0.00215968 -0.00180491 
0.000134259 5.97976e-05 0 -0.00899101 0.00215923 -0.00180728 
0.000133246 5.7786e-05 0 -0.00899067 0.00215874 -0.001809 
0.000131875 5.60835e-05 0 -0.00899068 0.00215782 -0.00181057 
0.000130624 5.46604e-05 0 -0.00899075 0.00215704 -0.0018121 
0.000129402 5.28388e-05 0 -0.00899059 0.00215637 -0.00181368 
0.000128537 5.07489e-05 0 -0.00899028 0.00215587 -0.0018154 
0.000127584 4.79735e-05 0 -0.00898979 0.00215532 -0.00181758 
0.000124961 4.63754e-05 0 -0.00899023 0.00215348 -0.00181957 
0.000122786 4.40694e-05 0 -0.00899034 0.00215205 -0.00182196 
0.000120521 4.25979e-05 0 -0.00899078 0.0021505 -0.00182379 
0.000117809 4.18231e-05 0 -0.00899142 0.00214856 -0.00182547 
0.000114411 4.07577e-05 0 -0.00899236 0.00214619 -0.00182765 
0.000113577 3.79264e-05 0 -0.00899193 0.00214593 -0.00182974 
0.000112385 3.37765e-05 0 -0.00899141 0.00214544 -0.00183297 
0.000108778 1.58057e-05 0 -0.00899074 0.00214532 -0.00184666 
0.000105649 8.12039e-06 0 -0.00899102 0.0021441 -0.00185309 
0.000102133 9.81539e-06 0 -0.0089921 0.00214117 -0.00185339 
0.000100166 1.11938e-05 0 -0.00899276 0.00213949 -0.00185334 
9.94802e-05 1.05157e-05 0 -0.0089924 0.002139 -0.00185405 
9.81688e-05 9.46894e-06 0 -0.00899229 0.00213798 -0.00185506 
9.72152e-05 8.22842e-06 0 -0.0089921 0.00213729 -0.00185625 
9.82285e-05 4.19423e-05 0 -0.00900952 0.00213551 -0.00183944 
